Generation 1
========
[0.03956295 0.03591099 0.03773697 0.04443224 0.04869286 0.034085
 0.03043304 0.03773697 0.04199759 0.04564956 0.04625822 0.04382358] ; 0.25903287429434824 ; 56440.38678698595
[0.03986718 0.0377122  0.03124725 0.02855352 0.02693728 0.02639854
 0.02693728 0.02963101 0.02963101 0.03394098 0.03717345 0.0377122 ] ; 0.20363069648062943 ; 87739.4809662208
[0.06011235 0.05442605 0.05280139 0.04792742 0.04792742 0.05280139
 0.05767536 0.06498633 0.06173701 0.04955207 0.04711509 0.05117673] ; 0.34274091932085526 ; 80015.84759144556
[0.04214071 0.04980266 0.05363364 0.05593222 0.06052939 0.04520549
 0.0444393  0.04827027 0.04520549 0.04903647 0.04980266 0.04137452] ; 0.30924537559626786 ; 82907.93924205251
[0.03271133 0.04403449 0.04969606 0.05095419 0.04529261 0.04151823
 0.03396946 0.03082414 0.03396946 0.03774384 0.04969606 0.03522759] ; 0.2604613367680843 ; 266024.5573031634
[0.06170866 0.04772137 0.0460758  0.05677197 0.06170866 0.05265806
 0.04936693 0.05018971 0.04278467 0.04196189 0.04854415 0.05265806] ; 0.32438812055283506 ; 131806.2932821071
[0.05470818 0.04776111 0.04428757 0.04689272 0.04341919 0.04689272
 0.06165525 0.06078686 0.0590501  0.05557656 0.06165525 0.06078686] ; 0.33995816284033176 ; 310875.9925332359
[0.04759617 0.0491567  0.05461856 0.05071723 0.05617909 0.04759617
 0.04525538 0.03901326 0.04057379 0.05071723 0.05851988 0.05851988] ; 0.3169955598923735 ; 104117.69781742874
[0.04943194 0.04156333 0.03978628 0.04160114 0.04476742 0.0339065
 0.03358861 0.04347543 0.0524514  0.06159252 0.06464006 0.05991573] ; 0.30418342738499454 ; 132418.11017957955
[0.028674   0.0305965  0.03875831 0.05358308 0.06476342 0.04609876
 0.03847638 0.04150517 0.03850413 0.03502015 0.03146784 0.02917865] ; 0.25903287429434824 ; 57385.349001516406
[0.04072321 0.0380586  0.03138268 0.02866686 0.0270442  0.02653054
 0.02725675 0.03038647 0.03073237 0.03534538 0.03869184 0.03902133] ; 0.20808282515233698 ; 266926.3805560055
[0.0364789  0.04444698 0.04603892 0.04514726 0.03981551 0.03663811
 0.03071303 0.02895967 0.03281344 0.0387191  0.05247153 0.03947857] ; 0.252096912041612 ; 162669.9858632754
[0.05120537 0.05633081 0.06101782 0.06132524 0.063943   0.05692894
 0.05520194 0.05539199 0.04749016 0.04077226 0.04034688 0.04174821] ; 0.33418420695514417 ; 206839.06613326943
[0.03962147 0.0437389  0.04623902 0.04515977 0.04207111 0.04177762
 0.03942503 0.04035753 0.04089637 0.03854144 0.04417913 0.03775725] ; 0.2620403577614769 ; 69550.15609506382
[0.02963316 0.03297933 0.03919224 0.04773835 0.06363242 0.05801736
 0.06301735 0.06693301 0.05977795 0.05775239 0.0496597  0.03543271] ; 0.3260141184683081 ; 206971.97496531028
[0.04693744 0.03930811 0.03521177 0.03694572 0.03785213 0.04103857
 0.05661372 0.06160583 0.06189119 0.06002396 0.06330235 0.0563796 ] ; 0.3190947992255406 ; 70514.23620664593
========

Generation 2
========
[0.02963316 0.03297933 0.03919224 0.04773835 0.06363242 0.05801736
 0.06301735 0.06693301 0.05977795 0.05775239 0.0496597  0.03543271] ; 0.3260141184683081 ; 56440.38678698595
[0.04693744 0.03930811 0.03521177 0.03694572 0.03785213 0.04103857
 0.05661372 0.06160583 0.06189119 0.06002396 0.06330235 0.0563796 ] ; 0.3190947992255406 ; 57385.349001516406
[0.04072321 0.0380586  0.03138268 0.02866686 0.0270442  0.02653054
 0.02725675 0.03038647 0.03073237 0.03534538 0.03869184 0.03902133] ; 0.20808282515233698 ; 69550.15609506382
[0.028674   0.0305965  0.03875831 0.05358308 0.06476342 0.04609876
 0.03847638 0.04150517 0.03850413 0.03502015 0.03146784 0.02917865] ; 0.25903287429434824 ; 70514.23620664593
[0.03956295 0.03591099 0.03773697 0.04443224 0.04869286 0.034085
 0.03043304 0.03773697 0.04199759 0.04564956 0.04625822 0.04382358] ; 0.25903287429434824 ; 80015.84759144556
[0.03986718 0.0377122  0.03124725 0.02855352 0.02693728 0.02639854
 0.02693728 0.02963101 0.02963101 0.03394098 0.03717345 0.0377122 ] ; 0.20363069648062943 ; 82907.93924205251
[0.06011235 0.05442605 0.05280139 0.04792742 0.04792742 0.05280139
 0.05767536 0.06498633 0.06173701 0.04955207 0.04711509 0.05117673] ; 0.34274091932085526 ; 87739.4809662208
[0.04214071 0.04980266 0.05363364 0.05593222 0.06052939 0.04520549
 0.0444393  0.04827027 0.04520549 0.04903647 0.04980266 0.04137452] ; 0.30924537559626786 ; 104117.69781742874
[0.05525771 0.04651023 0.04161677 0.03744382 0.04001887 0.04074704
 0.04799513 0.06003096 0.06434939 0.06314674 0.06124641 0.05627209] ; 0.32655091041986745 ; 84518.57358040975
[0.02292311 0.02435571 0.03011563 0.04068263 0.06090308 0.06057577
 0.06883176 0.07400545 0.06529253 0.06044306 0.04783882 0.03046727] ; 0.3260141184683081 ; 47842.73118385439
[0.04456797 0.03866803 0.03239055 0.03182942 0.03270592 0.03543113
 0.04304017 0.04808906 0.0483804  0.0510107  0.05345234 0.04886861] ; 0.26976632466662903 ; 45051.541355759044
[0.03547217 0.02819807 0.02553263 0.02879369 0.03325285 0.04130577
 0.06378518 0.07354644 0.07299652 0.06541341 0.06088862 0.04738625] ; 0.3190947992255406 ; 76677.89034101965
[0.05815472 0.05278832 0.04397773 0.03654111 0.03184383 0.03016442
 0.03063533 0.03516155 0.03731041 0.04059061 0.0464394  0.05163935] ; 0.2644661190651261 ; 131257.8268831616
[0.04373255 0.04380118 0.03668465 0.03270011 0.02941815 0.02700856
 0.02538979 0.02558824 0.02406652 0.0277199  0.03289687 0.03744834] ; 0.2059346059592852 ; 77281.30465860397
[0.0254302  0.02555175 0.02831859 0.04121993 0.05388444 0.04774126
 0.04749182 0.05094743 0.04458238 0.03945808 0.03300069 0.02712194] ; 0.2513250073760939 ; 20898.18208399839
[0.04872457 0.04722601 0.05129051 0.05880723 0.06650064 0.05531203
 0.05204651 0.05698838 0.05295383 0.04568191 0.04314941 0.04451056] ; 0.3290381849296407 ; 41983.77193100248
========

