Generation 1
========
[0.04439303 0.04508667 0.04786124 0.05271672 0.04855488 0.04578031
 0.05132944 0.04855488 0.05410401 0.04578031 0.03745662 0.04369939] ; 0.2975531321657251 ; 93.0373439853989
[0.03467414 0.03660048 0.04880064 0.04173739 0.04045316 0.04880064
 0.05008486 0.04045316 0.0327478  0.03595836 0.03403202 0.03146357] ; 0.2528663181329241 ; 126.95530905255146
[0.04109656 0.0329854  0.03082242 0.03677061 0.04325954 0.04596326
 0.04217805 0.04325954 0.03677061 0.03136317 0.03406689 0.03514838] ; 0.24048561811153288 ; 108.00777106384064
[0.04222697 0.03988103 0.03909905 0.04379093 0.05708461 0.06255848
 0.0617765  0.05395669 0.05473867 0.05239272 0.05630263 0.05004678] ; 0.3259090143394613 ; 102.83695510783866
[0.04588651 0.05353426 0.05047516 0.04741606 0.05200471 0.05582859
 0.06118201 0.06424112 0.05735814 0.05200471 0.04282741 0.04894561] ; 0.33307118490106247 ; 49.749274126055134
[0.0622422  0.05927828 0.05335045 0.05927828 0.0760738  0.06817003
 0.05433843 0.06520611 0.069158   0.07706177 0.07113394 0.06421814] ; 0.4127533595101254 ; 108.66769434914826
[0.03661062 0.04505922 0.05561998 0.04576327 0.04435517 0.04294707
 0.03942682 0.04365112 0.05209973 0.05561998 0.05209973 0.03942682] ; 0.29474324701978555 ; 80.74675450412933
[0.05088358 0.05495426 0.07123701 0.07123701 0.0753077  0.0753077
 0.06411331 0.06920167 0.06614865 0.05190125 0.05190125 0.05393659] ; 0.39995065457784007 ; 46.557663780800716
[0.04387361 0.04467058 0.04822028 0.04807782 0.04722647 0.04629454
 0.05153323 0.04568438 0.05270536 0.04526081 0.03740278 0.03927756] ; 0.2894612887109886 ; 93.39130817633448
[0.05001907 0.0559173  0.06448352 0.07106598 0.07334939 0.06772094
 0.06492178 0.06837755 0.0640377  0.04926138 0.04891236 0.05474495] ; 0.38740866090012277 ; 91.9837048161476
[0.04120171 0.04096904 0.04994714 0.04484534 0.05116114 0.05922458
 0.05808796 0.04872597 0.04084705 0.04207003 0.0433503  0.03866342] ; 0.2957595044855786 ; 21.76441298829579
[0.03593101 0.04184957 0.04998112 0.05416994 0.05601277 0.05417735
 0.04892734 0.05167378 0.04795722 0.03764586 0.03576301 0.04101247] ; 0.29396397796807267 ; 84.67653004939167
[0.03709222 0.03563035 0.03279205 0.03919421 0.0504933  0.05514994
 0.04977909 0.04803042 0.04341535 0.0433271  0.04850429 0.041409  ] ; 0.27873828329127687 ; 101.14771605140093
[0.04013968 0.03122449 0.03186434 0.03816626 0.04490148 0.04770783
 0.04377895 0.04490148 0.03816626 0.03115377 0.03200073 0.03648246] ; 0.24485893792537683 ; 53.60261919588055
[0.03832952 0.04412177 0.05648092 0.0500328  0.05093578 0.06039444
 0.06157869 0.05041397 0.04265626 0.04555164 0.04033945 0.03909874] ; 0.3078998727237402 ; 103.61556761359861
[0.04302867 0.04063819 0.0392039  0.04462233 0.05427111 0.0618338
 0.06294936 0.05498108 0.05577791 0.0497037  0.05674048 0.05099695] ; 0.3259090143394613 ; 122.58980570648943
========

Generation 2
========
[0.04439303 0.04508667 0.04786124 0.05271672 0.04855488 0.04578031
 0.05132944 0.04855488 0.05410401 0.04578031 0.03745662 0.04369939] ; 0.2975531321657251 ; 21.76441298829579
[0.04013968 0.03122449 0.03186434 0.03816626 0.04490148 0.04770783
 0.04377895 0.04490148 0.03816626 0.03115377 0.03200073 0.03648246] ; 0.24485893792537683 ; 46.557663780800716
[0.04302867 0.04063819 0.0392039  0.04462233 0.05427111 0.0618338
 0.06294936 0.05498108 0.05577791 0.0497037  0.05674048 0.05099695] ; 0.3259090143394613 ; 49.749274126055134
[0.03467414 0.03660048 0.04880064 0.04173739 0.04045316 0.04880064
 0.05008486 0.04045316 0.0327478  0.03595836 0.03403202 0.03146357] ; 0.2528663181329241 ; 53.60261919588055
[0.04109656 0.0329854  0.03082242 0.03677061 0.04325954 0.04596326
 0.04217805 0.04325954 0.03677061 0.03136317 0.03406689 0.03514838] ; 0.24048561811153288 ; 80.74675450412933
[0.04222697 0.03988103 0.03909905 0.04379093 0.05708461 0.06255848
 0.0617765  0.05395669 0.05473867 0.05239272 0.05630263 0.05004678] ; 0.3259090143394613 ; 84.67653004939167
[0.03709222 0.03563035 0.03279205 0.03919421 0.0504933  0.05514994
 0.04977909 0.04803042 0.04341535 0.0433271  0.04850429 0.041409  ] ; 0.27873828329127687 ; 91.9837048161476
[0.03593101 0.04184957 0.04998112 0.05416994 0.05601277 0.05417735
 0.04892734 0.05167378 0.04795722 0.03764586 0.03576301 0.04101247] ; 0.29396397796807267 ; 93.0373439853989
[0.04629977 0.04350619 0.0454101  0.05178599 0.05088211 0.0492749
 0.047713   0.04716772 0.05382483 0.04454367 0.03533134 0.04363215] ; 0.29498472306287044 ; 81.12462823572827
[0.0427478  0.03774977 0.0396762  0.04442488 0.05762776 0.06134701
 0.05623718 0.0497653  0.05536547 0.05290831 0.05669179 0.05053885] ; 0.32139413661391775 ; 92.54172078582921
[0.03800318 0.03570711 0.03250316 0.03802631 0.04966328 0.05445287
 0.05226751 0.04550465 0.04348444 0.03810818 0.03932147 0.04314077] ; 0.2711946668591255 ; 71.48056438620736
[0.03813148 0.03558303 0.03882239 0.04232323 0.04599935 0.04978309
 0.04782829 0.0464171  0.0374183  0.03482555 0.03486467 0.03631103] ; 0.2576085733401379 ; 67.51943053017328
[0.04375254 0.04132184 0.03986342 0.04387569 0.0551841  0.06262252
 0.06400834 0.05590602 0.05575207 0.04644612 0.05377175 0.05185486] ; 0.3259090143394613 ; 53.967089450504844
[0.04621436 0.0436469  0.04222162 0.04322925 0.0561618  0.06675737
 0.0676099  0.05751634 0.05685222 0.05275214 0.05525513 0.05126713] ; 0.3393013586128141 ; 24.414591605977567
[0.03814192 0.03961803 0.05013847 0.0448713  0.04320488 0.05210435
 0.0517894  0.04414202 0.03755301 0.03910718 0.0396437  0.0360249 ] ; 0.27287758949038726 ; 80.90003738747033
[0.03444224 0.03843097 0.05124129 0.04009968 0.04247633 0.05124129
 0.05164313 0.04111709 0.0343856  0.03775674 0.03573406 0.03303715] ; 0.26162262028938926 ; 45.792810317102884
========

Generation 3
========
[0.04439303 0.04508667 0.04786124 0.05271672 0.04855488 0.04578031
 0.05132944 0.04855488 0.05410401 0.04578031 0.03745662 0.04369939] ; 0.2975531321657251 ; 21.76441298829579
[0.04013968 0.03122449 0.03186434 0.03816626 0.04490148 0.04770783
 0.04377895 0.04490148 0.03816626 0.03115377 0.03200073 0.03648246] ; 0.24485893792537683 ; 24.414591605977567
[0.0427478  0.03774977 0.0396762  0.04442488 0.05762776 0.06134701
 0.05623718 0.0497653  0.05536547 0.05290831 0.05669179 0.05053885] ; 0.32139413661391775 ; 45.792810317102884
[0.04302867 0.04063819 0.0392039  0.04462233 0.05427111 0.0618338
 0.06294936 0.05498108 0.05577791 0.0497037  0.05674048 0.05099695] ; 0.3259090143394613 ; 46.557663780800716
[0.03467414 0.03660048 0.04880064 0.04173739 0.04045316 0.04880064
 0.05008486 0.04045316 0.0327478  0.03595836 0.03403202 0.03146357] ; 0.2528663181329241 ; 49.749274126055134
[0.03800318 0.03570711 0.03250316 0.03802631 0.04966328 0.05445287
 0.05226751 0.04550465 0.04348444 0.03810818 0.03932147 0.04314077] ; 0.2711946668591255 ; 53.60261919588055
[0.03813148 0.03558303 0.03882239 0.04232323 0.04599935 0.04978309
 0.04782829 0.0464171  0.0374183  0.03482555 0.03486467 0.03631103] ; 0.2576085733401379 ; 53.967089450504844
[0.04109656 0.0329854  0.03082242 0.03677061 0.04325954 0.04596326
 0.04217805 0.04325954 0.03677061 0.03136317 0.03406689 0.03514838] ; 0.24048561811153288 ; 67.51943053017328
[0.04377715 0.04287123 0.04604022 0.04917692 0.0500521  0.046551
 0.05140523 0.04759939 0.04570206 0.04004145 0.03577018 0.04162439] ; 0.2842367867285011 ; 83.70737125451754
[0.04174726 0.04133165 0.04300369 0.04516726 0.05567437 0.05710472
 0.05577551 0.05050348 0.0562179  0.05155486 0.05058812 0.04795467] ; 0.3142942794346977 ; 44.80267088277128
[0.04124623 0.03251435 0.02993549 0.03503269 0.04499446 0.04455577
 0.04233416 0.04499446 0.03824529 0.03178751 0.03343301 0.03604619] ; 0.24196254611059623 ; 47.554840595718034
[0.03625913 0.03177318 0.03516184 0.03900068 0.04266718 0.04642333
 0.0441999  0.04336622 0.03463586 0.03104932 0.02985133 0.03418883] ; 0.23739951229156056 ; 48.934545248660875
[0.04089793 0.03810043 0.03965513 0.04530322 0.04639859 0.05356083
 0.05137673 0.04693248 0.04053515 0.03776777 0.03644286 0.03924009] ; 0.272256032432893 ; 70.34435893412197
[0.04526672 0.03707341 0.04101447 0.04769986 0.05678145 0.06266636
 0.05731481 0.05039495 0.05828914 0.0497651  0.05389911 0.05263968] ; 0.3249741479914003 ; 63.760560610747476
[0.03425534 0.03174349 0.03266869 0.03784044 0.04390536 0.05064417
 0.04990094 0.04588977 0.04399973 0.03760857 0.0396     0.04024743] ; 0.2586218141504385 ; 63.01915790488687
[0.04740685 0.04607718 0.04857172 0.05011983 0.05439784 0.05241398
 0.05947653 0.05464866 0.05883797 0.04569427 0.04466895 0.04509481] ; 0.31920352609346914 ; 55.618592088688686
========

Generation 4
========
[0.04439303 0.04508667 0.04786124 0.05271672 0.04855488 0.04578031
 0.05132944 0.04855488 0.05410401 0.04578031 0.03745662 0.04369939] ; 0.2975531321657251 ; 21.76441298829579
[0.04013968 0.03122449 0.03186434 0.03816626 0.04490148 0.04770783
 0.04377895 0.04490148 0.03816626 0.03115377 0.03200073 0.03648246] ; 0.24485893792537683 ; 24.414591605977567
[0.03625913 0.03177318 0.03516184 0.03900068 0.04266718 0.04642333
 0.0441999  0.04336622 0.03463586 0.03104932 0.02985133 0.03418883] ; 0.23739951229156056 ; 44.80267088277128
[0.03425534 0.03174349 0.03266869 0.03784044 0.04390536 0.05064417
 0.04990094 0.04588977 0.04399973 0.03760857 0.0396     0.04024743] ; 0.2586218141504385 ; 45.792810317102884
[0.0427478  0.03774977 0.0396762  0.04442488 0.05762776 0.06134701
 0.05623718 0.0497653  0.05536547 0.05290831 0.05669179 0.05053885] ; 0.32139413661391775 ; 46.557663780800716
[0.04302867 0.04063819 0.0392039  0.04462233 0.05427111 0.0618338
 0.06294936 0.05498108 0.05577791 0.0497037  0.05674048 0.05099695] ; 0.3259090143394613 ; 47.554840595718034
[0.03467414 0.03660048 0.04880064 0.04173739 0.04045316 0.04880064
 0.05008486 0.04045316 0.0327478  0.03595836 0.03403202 0.03146357] ; 0.2528663181329241 ; 48.934545248660875
[0.03800318 0.03570711 0.03250316 0.03802631 0.04966328 0.05445287
 0.05226751 0.04550465 0.04348444 0.03810818 0.03932147 0.04314077] ; 0.2711946668591255 ; 49.749274126055134
[0.03841805 0.03928823 0.04159679 0.04520272 0.04149672 0.04125581
 0.04542927 0.03903029 0.04720524 0.03892927 0.03315568 0.03737359] ; 0.2567970818797059 ; 55.648812021931214
[0.04424351 0.04160673 0.04393418 0.04881627 0.05477754 0.05576627
 0.05245396 0.04664814 0.0558405  0.04842149 0.04944421 0.04852084] ; 0.31054981080064076 ; 74.60931939333415
[0.03744247 0.03122216 0.03326895 0.0374374  0.0426466  0.04786145
 0.04216523 0.04471663 0.03350949 0.03122752 0.03080371 0.03527609] ; 0.23735090037845163 ; 49.55433599116642
[0.04796811 0.03810573 0.03701347 0.04565133 0.05205441 0.05819324
 0.05408651 0.05441496 0.04725163 0.03903088 0.03982411 0.04491074] ; 0.2967500141064977 ; 41.81589308838701
[0.03890856 0.03099366 0.02996614 0.03709262 0.04363164 0.04388222
 0.04348819 0.04454337 0.0377941  0.02805765 0.02920801 0.03615963] ; 0.23702758858175216 ; 56.562198319638284
[0.03564305 0.03190173 0.0341444  0.03810247 0.04545671 0.05003086
 0.04550648 0.04257057 0.04262716 0.03762118 0.03981929 0.03614364] ; 0.2531348281823777 ; 61.77240562415692
[0.03730658 0.03490164 0.03081018 0.03650308 0.04845931 0.05182825
 0.04870743 0.04633397 0.04432722 0.03852205 0.03897907 0.04178711] ; 0.2646053546993048 ; 42.95413470713731
[0.04106117 0.03629364 0.03860853 0.04311242 0.05406012 0.05977136
 0.05677028 0.0501467  0.05254861 0.04809577 0.05113792 0.04394893] ; 0.3049157775349615 ; 92.45617944205577
========

Generation 5
========
[0.04439303 0.04508667 0.04786124 0.05271672 0.04855488 0.04578031
 0.05132944 0.04855488 0.05410401 0.04578031 0.03745662 0.04369939] ; 0.2975531321657251 ; 21.76441298829579
[0.04013968 0.03122449 0.03186434 0.03816626 0.04490148 0.04770783
 0.04377895 0.04490148 0.03816626 0.03115377 0.03200073 0.03648246] ; 0.24485893792537683 ; 24.414591605977567
[0.03625913 0.03177318 0.03516184 0.03900068 0.04266718 0.04642333
 0.0441999  0.04336622 0.03463586 0.03104932 0.02985133 0.03418883] ; 0.23739951229156056 ; 41.81589308838701
[0.03425534 0.03174349 0.03266869 0.03784044 0.04390536 0.05064417
 0.04990094 0.04588977 0.04399973 0.03760857 0.0396     0.04024743] ; 0.2586218141504385 ; 42.95413470713731
[0.03564305 0.03190173 0.0341444  0.03810247 0.04545671 0.05003086
 0.04550648 0.04257057 0.04262716 0.03762118 0.03981929 0.03614364] ; 0.2531348281823777 ; 44.80267088277128
[0.03744247 0.03122216 0.03326895 0.0374374  0.0426466  0.04786145
 0.04216523 0.04471663 0.03350949 0.03122752 0.03080371 0.03527609] ; 0.23735090037845163 ; 45.792810317102884
[0.0427478  0.03774977 0.0396762  0.04442488 0.05762776 0.06134701
 0.05623718 0.0497653  0.05536547 0.05290831 0.05669179 0.05053885] ; 0.32139413661391775 ; 46.557663780800716
[0.03890856 0.03099366 0.02996614 0.03709262 0.04363164 0.04388222
 0.04348819 0.04454337 0.0377941  0.02805765 0.02920801 0.03615963] ; 0.23702758858175216 ; 47.554840595718034
[0.04717669 0.04791383 0.05086237 0.05602232 0.0515995  0.04544
 0.05454805 0.04643955 0.05462176 0.04860231 0.0365811  0.04643955] ; 0.30890860235107326 ; 55.25051629458483
[0.03548321 0.03500272 0.03773079 0.04014104 0.03883479 0.03672872
 0.0410108  0.0352509  0.04211858 0.03648294 0.02992731 0.03490542] ; 0.2331064270339229 ; 75.2930787215661
[0.04125044 0.03212067 0.03277888 0.03926167 0.04166356 0.04907709
 0.04372942 0.04415783 0.03804456 0.03140696 0.03291918 0.03539036] ; 0.24485893792537683 ; 43.75548157777761
[0.03963176 0.032129   0.03328198 0.03681064 0.04607187 0.04464073
 0.0452893  0.04517349 0.03939267 0.03233538 0.03286093 0.03718751] ; 0.24633470649264239 ; 77.52919113385344
[0.03445015 0.02871432 0.03354409 0.035095   0.03910716 0.04527412
 0.04263947 0.04229365 0.03347719 0.03017335 0.02911614 0.03334634] ; 0.22632753861739016 ; 45.31916968025835
[0.03776436 0.03114493 0.03643973 0.04051777 0.04595959 0.04583105
 0.04692535 0.04514103 0.03648491 0.03381758 0.03562446 0.03670564] ; 0.24959447484119263 ; 43.7209478714382
[0.03514216 0.03064383 0.0349457  0.03903026 0.04469906 0.04726992
 0.04697839 0.04611212 0.04078307 0.03557259 0.03352878 0.03854319] ; 0.25024932526167715 ; 48.84405012007728
[0.03527846 0.02952393 0.03199523 0.03578724 0.04500559 0.04655145
 0.04497736 0.04245044 0.04013694 0.03419279 0.03949632 0.03612311] ; 0.24416431774189776 ; 50.54910204950997
========

Generation 6
========
[0.04439303 0.04508667 0.04786124 0.05271672 0.04855488 0.04578031
 0.05132944 0.04855488 0.05410401 0.04578031 0.03745662 0.04369939] ; 0.2975531321657251 ; 21.76441298829579
[0.04013968 0.03122449 0.03186434 0.03816626 0.04490148 0.04770783
 0.04377895 0.04490148 0.03816626 0.03115377 0.03200073 0.03648246] ; 0.24485893792537683 ; 24.414591605977567
[0.03445015 0.02871432 0.03354409 0.035095   0.03910716 0.04527412
 0.04263947 0.04229365 0.03347719 0.03017335 0.02911614 0.03334634] ; 0.22632753861739016 ; 41.81589308838701
[0.03527846 0.02952393 0.03199523 0.03578724 0.04500559 0.04655145
 0.04497736 0.04245044 0.04013694 0.03419279 0.03949632 0.03612311] ; 0.24416431774189776 ; 42.95413470713731
[0.03625913 0.03177318 0.03516184 0.03900068 0.04266718 0.04642333
 0.0441999  0.04336622 0.03463586 0.03104932 0.02985133 0.03418883] ; 0.23739951229156056 ; 43.7209478714382
[0.03514216 0.03064383 0.0349457  0.03903026 0.04469906 0.04726992
 0.04697839 0.04611212 0.04078307 0.03557259 0.03352878 0.03854319] ; 0.25024932526167715 ; 43.75548157777761
[0.03425534 0.03174349 0.03266869 0.03784044 0.04390536 0.05064417
 0.04990094 0.04588977 0.04399973 0.03760857 0.0396     0.04024743] ; 0.2586218141504385 ; 44.80267088277128
[0.03564305 0.03190173 0.0341444  0.03810247 0.04545671 0.05003086
 0.04550648 0.04257057 0.04262716 0.03762118 0.03981929 0.03614364] ; 0.2531348281823777 ; 45.31916968025835
[0.04519641 0.04007137 0.0423361  0.04835015 0.04774326 0.04698592
 0.05047919 0.04609349 0.04905998 0.04030114 0.03653239 0.04180889] ; 0.2814184716052811 ; 100.41471465036459
[0.04066462 0.03782332 0.0369467  0.04043045 0.04489541 0.04754294
 0.0491788  0.04334516 0.04798387 0.04072896 0.0396755  0.04079885] ; 0.26793829502227967 ; 46.88773618631289
[0.03463601 0.02845264 0.03513857 0.03928238 0.04500476 0.04316993
 0.04356551 0.04575758 0.03946326 0.03575066 0.03373417 0.03877496] ; 0.24465743252105285 ; 49.144078875564226
[0.0373236  0.03162781 0.03166648 0.03810532 0.04449782 0.04912444
 0.04482778 0.04229913 0.03797044 0.03441621 0.03684038 0.03530905] ; 0.24549144898726344 ; 47.90016718350799
[0.03339779 0.03006674 0.03368637 0.03643632 0.03721601 0.04759993
 0.04454568 0.04400374 0.03733081 0.03281447 0.0329016  0.03601882] ; 0.23586448631597834 ; 37.11141885671191
[0.03679577 0.03610375 0.03878821 0.03826874 0.03899332 0.03911569
 0.04311183 0.04117705 0.04269534 0.03520571 0.03105629 0.03585389] ; 0.2403097916473797 ; 45.20041505518803
[0.04012524 0.03199422 0.03295004 0.0367717  0.04381853 0.04942503
 0.04620273 0.04600627 0.03656411 0.03369903 0.03339241 0.03799262] ; 0.2490058198411409 ; 42.38378046650341
[0.03573904 0.02875095 0.03235207 0.03548302 0.0435643  0.04440844
 0.04441843 0.04285528 0.03692097 0.02957754 0.03393981 0.03287274] ; 0.23358785815909933 ; 40.370467875799974
========

Generation 7
========
[0.03463601 0.02845264 0.03513857 0.03928238 0.04500476 0.04316993
 0.04356551 0.04575758 0.03946326 0.03575066 0.03373417 0.03877496] ; 0.24465743252105285 ; 21.76441298829579
[0.04439303 0.04508667 0.04786124 0.05271672 0.04855488 0.04578031
 0.05132944 0.04855488 0.05410401 0.04578031 0.03745662 0.04369939] ; 0.2975531321657251 ; 24.414591605977567
[0.04013968 0.03122449 0.03186434 0.03816626 0.04490148 0.04770783
 0.04377895 0.04490148 0.03816626 0.03115377 0.03200073 0.03648246] ; 0.24485893792537683 ; 37.11141885671191
[0.03339779 0.03006674 0.03368637 0.03643632 0.03721601 0.04759993
 0.04454568 0.04400374 0.03733081 0.03281447 0.0329016  0.03601882] ; 0.23586448631597834 ; 40.370467875799974
[0.03445015 0.02871432 0.03354409 0.035095   0.03910716 0.04527412
 0.04263947 0.04229365 0.03347719 0.03017335 0.02911614 0.03334634] ; 0.22632753861739016 ; 41.81589308838701
[0.03573904 0.02875095 0.03235207 0.03548302 0.0435643  0.04440844
 0.04441843 0.04285528 0.03692097 0.02957754 0.03393981 0.03287274] ; 0.23358785815909933 ; 42.38378046650341
[0.03527846 0.02952393 0.03199523 0.03578724 0.04500559 0.04655145
 0.04497736 0.04245044 0.04013694 0.03419279 0.03949632 0.03612311] ; 0.24416431774189776 ; 42.95413470713731
[0.03625913 0.03177318 0.03516184 0.03900068 0.04266718 0.04642333
 0.0441999  0.04336622 0.03463586 0.03104932 0.02985133 0.03418883] ; 0.23739951229156056 ; 43.7209478714382
[0.03723291 0.02896488 0.03509125 0.04020072 0.04837908 0.04598901
 0.04556745 0.04505652 0.04242209 0.03816211 0.03470413 0.04009826] ; 0.25507315122209523 ; 65.71017885318996
[0.03172651 0.0268931  0.03334255 0.03522996 0.04222383 0.041334
 0.04042548 0.04342698 0.03741629 0.03383637 0.03088987 0.03565928] ; 0.22851424468811418 ; 52.819359699798916
[0.04675036 0.04276392 0.04372468 0.04800261 0.05330244 0.05150832
 0.05397699 0.04893164 0.04783062 0.03914837 0.03697904 0.04135608] ; 0.2921561455502834 ; 16.038330451072643
[0.04708429 0.04704302 0.04611716 0.05516025 0.04868147 0.04806551
 0.05495706 0.0475048  0.05703174 0.04828606 0.04092625 0.04242677] ; 0.3069229162915809 ; 44.138942733791986
[0.0406324  0.0328389  0.03122359 0.03996187 0.04507654 0.04617992
 0.04816206 0.04570869 0.04253522 0.03556625 0.03724306 0.03933162] ; 0.25647966398646815 ; 34.61107946984462
[0.03324145 0.02881232 0.03383812 0.03849133 0.0417848  0.04257575
 0.03987935 0.0449518  0.03862279 0.03409787 0.0314403  0.03768393] ; 0.23533620434955083 ; 46.277642664577996
[0.03970237 0.03668127 0.0421017  0.04608405 0.04076986 0.04354686
 0.04879522 0.04574396 0.04292019 0.0367586  0.03463346 0.04071748] ; 0.2625161671914248 ; 48.80129206391326
[0.03028851 0.02764956 0.03292051 0.0355011  0.03473325 0.04651774
 0.04274933 0.0430033  0.03648209 0.0303688  0.03202496 0.03519993] ; 0.22665682779717192 ; 39.00003470816522
========

Generation 8
========
[0.03463601 0.02845264 0.03513857 0.03928238 0.04500476 0.04316993
 0.04356551 0.04575758 0.03946326 0.03575066 0.03373417 0.03877496] ; 0.24465743252105285 ; 16.038330451072643
[0.04439303 0.04508667 0.04786124 0.05271672 0.04855488 0.04578031
 0.05132944 0.04855488 0.05410401 0.04578031 0.03745662 0.04369939] ; 0.2975531321657251 ; 21.76441298829579
[0.04013968 0.03122449 0.03186434 0.03816626 0.04490148 0.04770783
 0.04377895 0.04490148 0.03816626 0.03115377 0.03200073 0.03648246] ; 0.24485893792537683 ; 24.414591605977567
[0.03028851 0.02764956 0.03292051 0.0355011  0.03473325 0.04651774
 0.04274933 0.0430033  0.03648209 0.0303688  0.03202496 0.03519993] ; 0.22665682779717192 ; 34.61107946984462
[0.03339779 0.03006674 0.03368637 0.03643632 0.03721601 0.04759993
 0.04454568 0.04400374 0.03733081 0.03281447 0.0329016  0.03601882] ; 0.23586448631597834 ; 37.11141885671191
[0.03172651 0.0268931  0.03334255 0.03522996 0.04222383 0.041334
 0.04042548 0.04342698 0.03741629 0.03383637 0.03088987 0.03565928] ; 0.22851424468811418 ; 39.00003470816522
[0.03324145 0.02881232 0.03383812 0.03849133 0.0417848  0.04257575
 0.03987935 0.0449518  0.03862279 0.03409787 0.0314403  0.03768393] ; 0.23533620434955083 ; 40.370467875799974
[0.03445015 0.02871432 0.03354409 0.035095   0.03910716 0.04527412
 0.04263947 0.04229365 0.03347719 0.03017335 0.02911614 0.03334634] ; 0.22632753861739016 ; 41.81589308838701
[0.03447562 0.02892881 0.03392725 0.03928759 0.04287944 0.04413718
 0.04331049 0.04284063 0.03850752 0.03241344 0.0335921  0.03847859] ; 0.2394882027388474 ; 42.43126705748387
[0.04028962 0.03152454 0.02998293 0.03544586 0.04582985 0.04548236
 0.04464594 0.04592133 0.03792924 0.03234777 0.0327326  0.03750512] ; 0.24482467744793207 ; 34.81963339731317
[0.04527573 0.04598317 0.0488129  0.05145304 0.04580631 0.04645715
 0.05177422 0.04952033 0.05164829 0.0466906  0.0382014  0.0445683 ] ; 0.2975531321657251 ; 79.2380086477196
[0.03975353 0.03832771 0.03764207 0.04476656 0.03981516 0.04417597
 0.04688065 0.0449857  0.04425765 0.03924926 0.03355797 0.03894787] ; 0.2588484800233759 ; 95.80462429298979
[0.04268532 0.03320473 0.03222478 0.03733981 0.04774911 0.04971876
 0.04655538 0.04421568 0.04058675 0.03028039 0.0340302  0.03879615] ; 0.2547256899737609 ; 51.615933485123826
[0.03631084 0.02941178 0.0308359  0.03719258 0.03974863 0.04506676
 0.04266979 0.0435445  0.03799907 0.03303441 0.02982275 0.03527905] ; 0.23350739269667964 ; 34.94780791613761
[0.03474608 0.03063753 0.03721632 0.04154798 0.03994244 0.04899116
 0.04350755 0.04674812 0.04267982 0.03570169 0.03423934 0.03664316] ; 0.2493799299185753 ; 43.68226658949579
[0.03085824 0.02792562 0.0331917  0.03266303 0.03379559 0.04278756
 0.04065335 0.04322152 0.03645276 0.02780067 0.029449   0.0337133 ] ; 0.21880309858446426 ; 31.625856016786162
========

Generation 9
========
[0.03463601 0.02845264 0.03513857 0.03928238 0.04500476 0.04316993
 0.04356551 0.04575758 0.03946326 0.03575066 0.03373417 0.03877496] ; 0.24465743252105285 ; 16.038330451072643
[0.03085824 0.02792562 0.0331917  0.03266303 0.03379559 0.04278756
 0.04065335 0.04322152 0.03645276 0.02780067 0.029449   0.0337133 ] ; 0.21880309858446426 ; 21.76441298829579
[0.03474608 0.03063753 0.03721632 0.04154798 0.03994244 0.04899116
 0.04350755 0.04674812 0.04267982 0.03570169 0.03423934 0.03664316] ; 0.2493799299185753 ; 24.414591605977567
[0.04439303 0.04508667 0.04786124 0.05271672 0.04855488 0.04578031
 0.05132944 0.04855488 0.05410401 0.04578031 0.03745662 0.04369939] ; 0.2975531321657251 ; 31.625856016786162
[0.04013968 0.03122449 0.03186434 0.03816626 0.04490148 0.04770783
 0.04377895 0.04490148 0.03816626 0.03115377 0.03200073 0.03648246] ; 0.24485893792537683 ; 34.61107946984462
[0.03028851 0.02764956 0.03292051 0.0355011  0.03473325 0.04651774
 0.04274933 0.0430033  0.03648209 0.0303688  0.03202496 0.03519993] ; 0.22665682779717192 ; 34.81963339731317
[0.03339779 0.03006674 0.03368637 0.03643632 0.03721601 0.04759993
 0.04454568 0.04400374 0.03733081 0.03281447 0.0329016  0.03601882] ; 0.23586448631597834 ; 34.94780791613761
[0.03172651 0.0268931  0.03334255 0.03522996 0.04222383 0.041334
 0.04042548 0.04342698 0.03741629 0.03383637 0.03088987 0.03565928] ; 0.22851424468811418 ; 37.11141885671191
[0.0348459  0.02909478 0.03511887 0.04023264 0.04523614 0.04584397
 0.04119134 0.04654923 0.04086569 0.03540076 0.0341486  0.04006107] ; 0.24802720303773737 ; 37.358818227572236
[0.03531131 0.02973039 0.0349174  0.03811694 0.04586523 0.04529191
 0.0444861  0.04489048 0.03988043 0.03517174 0.03391609 0.03586595] ; 0.24473964027013406 ; 48.24523149321056
[0.03172693 0.02871175 0.03255628 0.03183623 0.03137651 0.0438161
 0.04179778 0.04443825 0.03429323 0.02858329 0.02858245 0.03466236] ; 0.21943975221406836 ; 85.40011743819564
[0.03213253 0.03172972 0.03564096 0.03406533 0.03888349 0.04798774
 0.04201676 0.0434692  0.04082205 0.0328615  0.03107218 0.0383485 ] ; 0.23747878201601108 ; 55.11848944209236
[0.03672686 0.03032718 0.0338469  0.03844081 0.04094134 0.04739862
 0.03889564 0.04379853 0.03961709 0.03275865 0.03233448 0.03584632] ; 0.23815693143050318 ; 53.84256577333903
[0.03202542 0.03106553 0.03773623 0.04162287 0.0370174  0.04967557
 0.04411535 0.0474012  0.04327606 0.03620044 0.03471767 0.03715507] ; 0.24937992991857527 ; 40.78193234388219
[0.0354583  0.03297462 0.03669995 0.04094522 0.04002283 0.04233857
 0.04373349 0.04142994 0.04281779 0.03410739 0.03092227 0.03801738] ; 0.24204082013226508 ; 21.502382946200246
[0.03614338 0.03492186 0.03504494 0.04205251 0.03971681 0.04081502
 0.04338696 0.04154401 0.04314183 0.03683489 0.03176716 0.03303718] ; 0.24119499740505396 ; 20.457973422446578
========

Generation 10
========
[0.03463601 0.02845264 0.03513857 0.03928238 0.04500476 0.04316993
 0.04356551 0.04575758 0.03946326 0.03575066 0.03373417 0.03877496] ; 0.24465743252105285 ; 16.038330451072643
[0.03085824 0.02792562 0.0331917  0.03266303 0.03379559 0.04278756
 0.04065335 0.04322152 0.03645276 0.02780067 0.029449   0.0337133 ] ; 0.21880309858446426 ; 20.457973422446578
[0.03474608 0.03063753 0.03721632 0.04154798 0.03994244 0.04899116
 0.04350755 0.04674812 0.04267982 0.03570169 0.03423934 0.03664316] ; 0.2493799299185753 ; 21.502382946200246
[0.04439303 0.04508667 0.04786124 0.05271672 0.04855488 0.04578031
 0.05132944 0.04855488 0.05410401 0.04578031 0.03745662 0.04369939] ; 0.2975531321657251 ; 21.76441298829579
[0.04013968 0.03122449 0.03186434 0.03816626 0.04490148 0.04770783
 0.04377895 0.04490148 0.03816626 0.03115377 0.03200073 0.03648246] ; 0.24485893792537683 ; 24.414591605977567
[0.03531131 0.02973039 0.0349174  0.03811694 0.04586523 0.04529191
 0.0444861  0.04489048 0.03988043 0.03517174 0.03391609 0.03586595] ; 0.24473964027013406 ; 31.625856016786162
[0.03028851 0.02764956 0.03292051 0.0355011  0.03473325 0.04651774
 0.04274933 0.0430033  0.03648209 0.0303688  0.03202496 0.03519993] ; 0.22665682779717192 ; 34.61107946984462
[0.03339779 0.03006674 0.03368637 0.03643632 0.03721601 0.04759993
 0.04454568 0.04400374 0.03733081 0.03281447 0.0329016  0.03601882] ; 0.23586448631597834 ; 34.81963339731317
[0.03295376 0.03034866 0.03516159 0.03660053 0.04139566 0.0465855
 0.04628194 0.04534848 0.04181619 0.03582658 0.03525059 0.04047861] ; 0.2473473286766891 ; 41.4574437108502
[0.03641652 0.02998555 0.03486657 0.03955171 0.0432474  0.04551355
 0.04581197 0.04793883 0.03926043 0.03746447 0.03205698 0.04041206] ; 0.24995057025393858 ; 27.05818440165437
[0.03565599 0.03050489 0.03430852 0.03832785 0.04094385 0.04257756
 0.045363   0.04632296 0.04066861 0.03478389 0.03355003 0.03470845] ; 0.24146664016204056 ; 35.12136504576274
[0.03688746 0.03744261 0.03635079 0.04378028 0.03912881 0.0395463
 0.04334709 0.04163107 0.04524255 0.03795995 0.03176765 0.03699411] ; 0.24730428171824897 ; 38.3096328114258
[0.03451396 0.0315768  0.03702778 0.03909864 0.03896356 0.04442816
 0.04235495 0.04428523 0.03952015 0.0354952  0.03093043 0.03579829] ; 0.23901999033196344 ; 37.55028356335561
[0.03321947 0.02968304 0.03578006 0.03694099 0.03658797 0.04440334
 0.03998127 0.04202531 0.03920836 0.03382034 0.03199166 0.03416717] ; 0.230430288770673 ; 38.3228935955486
[0.04256253 0.04031407 0.04749474 0.05233144 0.04825539 0.04587266
 0.04600079 0.04382633 0.05247453 0.04543317 0.0368535  0.04345283] ; 0.2870979896594958 ; 39.7136254187868
[0.04582857 0.04581951 0.04854177 0.05273295 0.04844385 0.0477405
 0.05278923 0.05020089 0.05008309 0.04648254 0.03582915 0.04488224] ; 0.29949941803689656 ; 44.658118890569206
========

Generation 11
========
[0.03463601 0.02845264 0.03513857 0.03928238 0.04500476 0.04316993
 0.04356551 0.04575758 0.03946326 0.03575066 0.03373417 0.03877496] ; 0.24465743252105285 ; 16.038330451072643
[0.03085824 0.02792562 0.0331917  0.03266303 0.03379559 0.04278756
 0.04065335 0.04322152 0.03645276 0.02780067 0.029449   0.0337133 ] ; 0.21880309858446426 ; 20.457973422446578
[0.03321947 0.02968304 0.03578006 0.03694099 0.03658797 0.04440334
 0.03998127 0.04202531 0.03920836 0.03382034 0.03199166 0.03416717] ; 0.230430288770673 ; 21.502382946200246
[0.03474608 0.03063753 0.03721632 0.04154798 0.03994244 0.04899116
 0.04350755 0.04674812 0.04267982 0.03570169 0.03423934 0.03664316] ; 0.2493799299185753 ; 21.76441298829579
[0.04439303 0.04508667 0.04786124 0.05271672 0.04855488 0.04578031
 0.05132944 0.04855488 0.05410401 0.04578031 0.03745662 0.04369939] ; 0.2975531321657251 ; 24.414591605977567
[0.04013968 0.03122449 0.03186434 0.03816626 0.04490148 0.04770783
 0.04377895 0.04490148 0.03816626 0.03115377 0.03200073 0.03648246] ; 0.24485893792537683 ; 27.05818440165437
[0.03531131 0.02973039 0.0349174  0.03811694 0.04586523 0.04529191
 0.0444861  0.04489048 0.03988043 0.03517174 0.03391609 0.03586595] ; 0.24473964027013406 ; 31.625856016786162
[0.03028851 0.02764956 0.03292051 0.0355011  0.03473325 0.04651774
 0.04274933 0.0430033  0.03648209 0.0303688  0.03202496 0.03519993] ; 0.22665682779717192 ; 34.61107946984462
[0.034821   0.02952013 0.03618564 0.03650643 0.04296978 0.04345317
 0.04196384 0.04637138 0.0375791  0.03343133 0.03125897 0.03799634] ; 0.2389298026996615 ; 40.9518492270085
[0.03508063 0.02757645 0.0355548  0.03971241 0.04480693 0.04377329
 0.04068554 0.04590713 0.0399563  0.03616055 0.03414892 0.03913186] ; 0.24465895067693166 ; 42.02556868180396
[0.03379899 0.02847498 0.03344659 0.03290362 0.04384307 0.04147286
 0.03931721 0.04300464 0.03818716 0.03363839 0.03246178 0.03435169] ; 0.2294877343222983 ; 38.52102634754731
[0.03262107 0.03504073 0.03514221 0.04097518 0.035264   0.04118721
 0.04333533 0.04284448 0.04319194 0.03327786 0.03153878 0.0357411 ] ; 0.23718111963336921 ; 51.62772025030695
[0.03587357 0.03005949 0.03863159 0.03730176 0.03953377 0.04794067
 0.03929542 0.04479928 0.04009245 0.03305426 0.032856   0.03690735] ; 0.24075587106959517 ; 40.96046127860863
[0.03324607 0.0274788  0.03559386 0.03697057 0.03581169 0.04306129
 0.04001328 0.04205896 0.03676765 0.0309027  0.03201727 0.03419453] ; 0.22586098618084577 ; 21.05897306831587
[0.04397233 0.04075519 0.04720262 0.05245805 0.04972216 0.0563917
 0.05364005 0.05543452 0.04934566 0.04103012 0.03979006 0.04202394] ; 0.3013062676103347 ; 61.812740671218506
[0.03733092 0.02985651 0.03789335 0.03800603 0.04503486 0.04578597
 0.04641095 0.04535929 0.04149253 0.03783788 0.03645218 0.03754706] ; 0.2523448612414542 ; 89.30033038754846
========

Generation 12
========
[0.03463601 0.02845264 0.03513857 0.03928238 0.04500476 0.04316993
 0.04356551 0.04575758 0.03946326 0.03575066 0.03373417 0.03877496] ; 0.24465743252105285 ; 16.038330451072643
[0.03085824 0.02792562 0.0331917  0.03266303 0.03379559 0.04278756
 0.04065335 0.04322152 0.03645276 0.02780067 0.029449   0.0337133 ] ; 0.21880309858446426 ; 20.457973422446578
[0.03321947 0.02968304 0.03578006 0.03694099 0.03658797 0.04440334
 0.03998127 0.04202531 0.03920836 0.03382034 0.03199166 0.03416717] ; 0.230430288770673 ; 21.05897306831587
[0.03474608 0.03063753 0.03721632 0.04154798 0.03994244 0.04899116
 0.04350755 0.04674812 0.04267982 0.03570169 0.03423934 0.03664316] ; 0.2493799299185753 ; 21.502382946200246
[0.04439303 0.04508667 0.04786124 0.05271672 0.04855488 0.04578031
 0.05132944 0.04855488 0.05410401 0.04578031 0.03745662 0.04369939] ; 0.2975531321657251 ; 21.76441298829579
[0.04013968 0.03122449 0.03186434 0.03816626 0.04490148 0.04770783
 0.04377895 0.04490148 0.03816626 0.03115377 0.03200073 0.03648246] ; 0.24485893792537683 ; 24.414591605977567
[0.03531131 0.02973039 0.0349174  0.03811694 0.04586523 0.04529191
 0.0444861  0.04489048 0.03988043 0.03517174 0.03391609 0.03586595] ; 0.24473964027013406 ; 27.05818440165437
[0.03028851 0.02764956 0.03292051 0.0355011  0.03473325 0.04651774
 0.04274933 0.0430033  0.03648209 0.0303688  0.03202496 0.03519993] ; 0.22665682779717192 ; 31.625856016786162
[0.03352411 0.02916674 0.03542357 0.03395721 0.03635319 0.04044844
 0.03713402 0.04302361 0.03571683 0.03342758 0.03036306 0.0335956 ] ; 0.22199118448195207 ; 37.044704047963315
[0.03592275 0.03015518 0.03296222 0.03675439 0.04666152 0.04210568
 0.04524753 0.04478551 0.03842163 0.03593961 0.0345626  0.03465277] ; 0.2419595740839595 ; 39.917010593763294
[0.03093581 0.02920412 0.03448019 0.03600052 0.04079011 0.04054386
 0.03920633 0.04458074 0.03557657 0.03130937 0.03221003 0.03432606] ; 0.2264854934774596 ; 36.38402064558605
[0.02993741 0.02970646 0.03191876 0.0315146  0.03490819 0.04151074
 0.03909425 0.0459778  0.03877739 0.02667534 0.02932206 0.03231277] ; 0.21880309858446423 ; 41.953218151328905
[0.03424301 0.03023044 0.03688249 0.03807918 0.03511294 0.04531375
 0.03886399 0.04319021 0.04041642 0.03214312 0.0303062  0.03201489] ; 0.230430288770673 ; 42.868121481518884
[0.03681556 0.02876932 0.03436344 0.0379295  0.04054352 0.04644379
 0.0422011  0.04383954 0.0362692  0.03128162 0.03235824 0.03563142] ; 0.23620318875352883 ; 35.982365533628894
[0.03722276 0.03058331 0.03776822 0.04222198 0.04835165 0.04640955
 0.04681861 0.04701343 0.0404677  0.03826653 0.03625465 0.04166465] ; 0.2605273017631149 ; 72.50318023777162
[0.03683238 0.03204595 0.03829989 0.04182116 0.0399329  0.04856486
 0.04544948 0.04734959 0.04342909 0.03525612 0.03221117 0.03823844] ; 0.2532869052598982 ; 39.98204399218989
========

Generation 13
========
[0.03463601 0.02845264 0.03513857 0.03928238 0.04500476 0.04316993
 0.04356551 0.04575758 0.03946326 0.03575066 0.03373417 0.03877496] ; 0.24465743252105285 ; 16.038330451072643
[0.03085824 0.02792562 0.0331917  0.03266303 0.03379559 0.04278756
 0.04065335 0.04322152 0.03645276 0.02780067 0.029449   0.0337133 ] ; 0.21880309858446426 ; 20.457973422446578
[0.03321947 0.02968304 0.03578006 0.03694099 0.03658797 0.04440334
 0.03998127 0.04202531 0.03920836 0.03382034 0.03199166 0.03416717] ; 0.230430288770673 ; 21.05897306831587
[0.03474608 0.03063753 0.03721632 0.04154798 0.03994244 0.04899116
 0.04350755 0.04674812 0.04267982 0.03570169 0.03423934 0.03664316] ; 0.2493799299185753 ; 21.502382946200246
[0.04439303 0.04508667 0.04786124 0.05271672 0.04855488 0.04578031
 0.05132944 0.04855488 0.05410401 0.04578031 0.03745662 0.04369939] ; 0.2975531321657251 ; 21.76441298829579
[0.04013968 0.03122449 0.03186434 0.03816626 0.04490148 0.04770783
 0.04377895 0.04490148 0.03816626 0.03115377 0.03200073 0.03648246] ; 0.24485893792537683 ; 24.414591605977567
[0.03093581 0.02920412 0.03448019 0.03600052 0.04079011 0.04054386
 0.03920633 0.04458074 0.03557657 0.03130937 0.03221003 0.03432606] ; 0.2264854934774596 ; 27.05818440165437
[0.03531131 0.02973039 0.0349174  0.03811694 0.04586523 0.04529191
 0.0444861  0.04489048 0.03988043 0.03517174 0.03391609 0.03586595] ; 0.24473964027013406 ; 31.625856016786162
[0.0320292  0.02758372 0.03212613 0.03704268 0.04208247 0.03990087
 0.03901863 0.04522221 0.03528107 0.03257252 0.02980509 0.03476163] ; 0.22625758909098698 ; 38.547718018879266
[0.03534294 0.02975064 0.03652906 0.03820497 0.04246331 0.04599762
 0.04438742 0.04641715 0.03979821 0.03642465 0.03455898 0.03879409] ; 0.24724834246249394 ; 41.105056959993966
[0.03207789 0.02883748 0.03380305 0.03485353 0.03417864 0.04364006
 0.03970148 0.04184186 0.03696744 0.02830596 0.03075924 0.03397069] ; 0.22148095451298458 ; 24.759665563415357
[0.03336481 0.0304976  0.03294721 0.03633065 0.03885787 0.04289607
 0.04463531 0.04698053 0.04002149 0.03102011 0.03260161 0.03681318] ; 0.2367557529820612 ; 34.14659854511455
[0.03502164 0.02723402 0.03561114 0.0381661  0.0426025  0.04552045
 0.03958136 0.04445338 0.04011856 0.03323114 0.0311749  0.03571415] ; 0.23728837599084482 ; 40.07077775243318
[0.03316467 0.02990666 0.03568613 0.03417808 0.03637933 0.04511179
 0.03875351 0.04519155 0.0391679  0.03065833 0.03173106 0.03321474] ; 0.22875213383366833 ; 28.678914460298625
[0.03481032 0.03149354 0.03478265 0.03689689 0.03802948 0.04552434
 0.04326902 0.04873661 0.0389172  0.03140786 0.03323206 0.03801704] ; 0.24101016909373857 ; 44.98821560193835
[0.03514244 0.03292765 0.03937265 0.04238792 0.04463603 0.04878316
 0.04533517 0.04718938 0.03847883 0.03665893 0.03652998 0.03623402] ; 0.2548212945687124 ; 35.96531150230563
========

Generation 14
========
[0.03463601 0.02845264 0.03513857 0.03928238 0.04500476 0.04316993
 0.04356551 0.04575758 0.03946326 0.03575066 0.03373417 0.03877496] ; 0.24465743252105285 ; 16.038330451072643
[0.03085824 0.02792562 0.0331917  0.03266303 0.03379559 0.04278756
 0.04065335 0.04322152 0.03645276 0.02780067 0.029449   0.0337133 ] ; 0.21880309858446426 ; 20.457973422446578
[0.03321947 0.02968304 0.03578006 0.03694099 0.03658797 0.04440334
 0.03998127 0.04202531 0.03920836 0.03382034 0.03199166 0.03416717] ; 0.230430288770673 ; 21.05897306831587
[0.03474608 0.03063753 0.03721632 0.04154798 0.03994244 0.04899116
 0.04350755 0.04674812 0.04267982 0.03570169 0.03423934 0.03664316] ; 0.2493799299185753 ; 21.502382946200246
[0.04439303 0.04508667 0.04786124 0.05271672 0.04855488 0.04578031
 0.05132944 0.04855488 0.05410401 0.04578031 0.03745662 0.04369939] ; 0.2975531321657251 ; 21.76441298829579
[0.04013968 0.03122449 0.03186434 0.03816626 0.04490148 0.04770783
 0.04377895 0.04490148 0.03816626 0.03115377 0.03200073 0.03648246] ; 0.24485893792537683 ; 24.414591605977567
[0.03093581 0.02920412 0.03448019 0.03600052 0.04079011 0.04054386
 0.03920633 0.04458074 0.03557657 0.03130937 0.03221003 0.03432606] ; 0.2264854934774596 ; 24.759665563415357
[0.03336481 0.0304976  0.03294721 0.03633065 0.03885787 0.04289607
 0.04463531 0.04698053 0.04002149 0.03102011 0.03260161 0.03681318] ; 0.2367557529820612 ; 27.05818440165437
[0.0329228  0.02848148 0.03281114 0.03689851 0.03797925 0.0428337
 0.04032928 0.04106419 0.03832658 0.03245449 0.03066952 0.03210042] ; 0.2249888181080447 ; 34.28833912746555
[0.03224837 0.03136381 0.03263754 0.03820815 0.03740838 0.04322596
 0.04352502 0.04788811 0.04149177 0.03297007 0.03200553 0.03855409] ; 0.23899967776878023 ; 34.15102991118035
[0.0314955  0.03075015 0.0356104  0.03983225 0.03701148 0.04867326
 0.03998912 0.04611993 0.04022331 0.03412112 0.03156872 0.0366057 ] ; 0.23870702407086392 ; 35.58999926064166
[0.02958181 0.02901276 0.03386146 0.03347302 0.03195293 0.04442205
 0.03803247 0.04328315 0.03785295 0.02889958 0.03060595 0.03501885] ; 0.22031311853391747 ; 26.68401459997166
[0.03082525 0.02976592 0.03613096 0.03738556 0.0343865  0.04437848
 0.03852712 0.04033135 0.03914054 0.03388925 0.03112185 0.03478917] ; 0.2267800409095095 ; 35.012708375647996
[0.03363137 0.03124398 0.03650409 0.03874465 0.03947941 0.04693857
 0.04022257 0.04437438 0.04065308 0.03436503 0.03074202 0.03268156] ; 0.237069884837991 ; 38.959872870206226
[0.03103721 0.03026779 0.03610474 0.03301815 0.03534865 0.04670648
 0.04388668 0.04673845 0.03782634 0.03097092 0.03168226 0.03484357] ; 0.23266562999721474 ; 37.329092224317854
[0.03437463 0.0275189  0.03502486 0.03915085 0.04426411 0.04155076
 0.04322161 0.04547737 0.03940359 0.03546834 0.03351025 0.03712105] ; 0.2411268984163139 ; 43.949458226728076
========

Generation 15
========
[0.03463601 0.02845264 0.03513857 0.03928238 0.04500476 0.04316993
 0.04356551 0.04575758 0.03946326 0.03575066 0.03373417 0.03877496] ; 0.24465743252105285 ; 16.038330451072643
[0.03085824 0.02792562 0.0331917  0.03266303 0.03379559 0.04278756
 0.04065335 0.04322152 0.03645276 0.02780067 0.029449   0.0337133 ] ; 0.21880309858446426 ; 20.457973422446578
[0.03321947 0.02968304 0.03578006 0.03694099 0.03658797 0.04440334
 0.03998127 0.04202531 0.03920836 0.03382034 0.03199166 0.03416717] ; 0.230430288770673 ; 21.05897306831587
[0.03474608 0.03063753 0.03721632 0.04154798 0.03994244 0.04899116
 0.04350755 0.04674812 0.04267982 0.03570169 0.03423934 0.03664316] ; 0.2493799299185753 ; 21.502382946200246
[0.03363137 0.03124398 0.03650409 0.03874465 0.03947941 0.04693857
 0.04022257 0.04437438 0.04065308 0.03436503 0.03074202 0.03268156] ; 0.237069884837991 ; 21.76441298829579
[0.04439303 0.04508667 0.04786124 0.05271672 0.04855488 0.04578031
 0.05132944 0.04855488 0.05410401 0.04578031 0.03745662 0.04369939] ; 0.2975531321657251 ; 24.414591605977567
[0.04013968 0.03122449 0.03186434 0.03816626 0.04490148 0.04770783
 0.04377895 0.04490148 0.03816626 0.03115377 0.03200073 0.03648246] ; 0.24485893792537683 ; 24.759665563415357
[0.03093581 0.02920412 0.03448019 0.03600052 0.04079011 0.04054386
 0.03920633 0.04458074 0.03557657 0.03130937 0.03221003 0.03432606] ; 0.2264854934774596 ; 26.68401459997166
[0.03568622 0.02893002 0.03660668 0.0379362  0.04575985 0.0449736
 0.04538571 0.04295009 0.03975536 0.03515866 0.03285927 0.03728459] ; 0.24465743252105285 ; 29.502619485871385
[0.0332067  0.03165709 0.03474069 0.04148761 0.04477449 0.04276396
 0.04435005 0.04533437 0.04018341 0.0355701  0.03380867 0.03901093] ; 0.24641477078737084 ; 39.87391354579917
[0.03622904 0.03194914 0.03655615 0.03763897 0.03724293 0.04888143
 0.04595815 0.04888678 0.04127948 0.03181751 0.03337219 0.03768093] ; 0.2478649299093004 ; 30.830885877362636
[0.03228443 0.02986202 0.03159298 0.03558995 0.03776481 0.04342169
 0.03582861 0.04273489 0.03897831 0.031374   0.02931282 0.02870389] ; 0.2204935643269165 ; 34.29282130870887
[0.03577869 0.03282014 0.03958721 0.03880673 0.04065056 0.04938016
 0.04014493 0.04676981 0.04146038 0.03450622 0.03445331 0.03547623] ; 0.24749687961136027 ; 36.29664965147894
[0.0318162  0.02701505 0.03197971 0.03325812 0.03811064 0.04215903
 0.03919381 0.03897602 0.03712438 0.03230673 0.03174453 0.03386928] ; 0.2201050993624236 ; 21.547514470861422
[0.03528085 0.03426192 0.04045896 0.04225342 0.04183    0.05236703
 0.04306819 0.04963707 0.04270399 0.03828922 0.03309499 0.03648107] ; 0.258259785159769 ; 33.68074954375378
[0.03615724 0.03246621 0.03943768 0.04129816 0.03834782 0.05175959
 0.04610442 0.04953842 0.04183524 0.03707599 0.03628302 0.03883031] ; 0.25820034301573896 ; 36.93965711137246
========

Generation 16
========
[0.03463601 0.02845264 0.03513857 0.03928238 0.04500476 0.04316993
 0.04356551 0.04575758 0.03946326 0.03575066 0.03373417 0.03877496] ; 0.24465743252105285 ; 16.038330451072643
[0.03085824 0.02792562 0.0331917  0.03266303 0.03379559 0.04278756
 0.04065335 0.04322152 0.03645276 0.02780067 0.029449   0.0337133 ] ; 0.21880309858446426 ; 20.457973422446578
[0.03321947 0.02968304 0.03578006 0.03694099 0.03658797 0.04440334
 0.03998127 0.04202531 0.03920836 0.03382034 0.03199166 0.03416717] ; 0.230430288770673 ; 21.05897306831587
[0.03474608 0.03063753 0.03721632 0.04154798 0.03994244 0.04899116
 0.04350755 0.04674812 0.04267982 0.03570169 0.03423934 0.03664316] ; 0.2493799299185753 ; 21.502382946200246
[0.03363137 0.03124398 0.03650409 0.03874465 0.03947941 0.04693857
 0.04022257 0.04437438 0.04065308 0.03436503 0.03074202 0.03268156] ; 0.237069884837991 ; 21.547514470861422
[0.04439303 0.04508667 0.04786124 0.05271672 0.04855488 0.04578031
 0.05132944 0.04855488 0.05410401 0.04578031 0.03745662 0.04369939] ; 0.2975531321657251 ; 21.76441298829579
[0.03615724 0.03246621 0.03943768 0.04129816 0.03834782 0.05175959
 0.04610442 0.04953842 0.04183524 0.03707599 0.03628302 0.03883031] ; 0.25820034301573896 ; 24.414591605977567
[0.04013968 0.03122449 0.03186434 0.03816626 0.04490148 0.04770783
 0.04377895 0.04490148 0.03816626 0.03115377 0.03200073 0.03648246] ; 0.24485893792537683 ; 24.759665563415357
[0.03490912 0.02794311 0.03368808 0.03962466 0.04439242 0.04001122
 0.0439791  0.04237987 0.03984598 0.03269265 0.03411973 0.03889612] ; 0.23957934030195002 ; 41.23155044480008
[0.032088   0.02853892 0.032367   0.03521143 0.03678054 0.04359758
 0.03949961 0.04143274 0.03473502 0.03067616 0.02867219 0.03580358] ; 0.2216873975481558 ; 27.211427028272883
[0.04081231 0.03909391 0.04394741 0.04553489 0.04466909 0.04965318
 0.05062079 0.0479488  0.04801268 0.03852647 0.03362588 0.04158517] ; 0.27622415350334234 ; 45.13868510519773
[0.03150812 0.02842744 0.03390177 0.03375545 0.03455427 0.04331152
 0.04064915 0.04052106 0.03591035 0.02903728 0.02835703 0.03366829] ; 0.21878272743621116 ; 36.1521944988607
[0.03138931 0.02970109 0.03593433 0.03426676 0.03767801 0.04452593
 0.04083087 0.04291281 0.03869814 0.03436557 0.03249427 0.03513646] ; 0.23070209561518118 ; 44.308137423050184
[0.03908376 0.03910723 0.04054209 0.04447924 0.0457233  0.04804723
 0.04525659 0.0499679  0.04973016 0.04258213 0.03687521 0.0421174 ] ; 0.2752384669311896 ; 34.51529082652506
[0.03611454 0.03587983 0.04287353 0.0474556  0.04085668 0.04437337
 0.04748356 0.04522372 0.04872051 0.04105274 0.03569179 0.03691763] ; 0.26494495796851997 ; 46.18884376820495
[0.0351849  0.03162628 0.03590459 0.03990263 0.03832987 0.04463165
 0.04269152 0.04390439 0.03928136 0.03252092 0.03293787 0.03509222] ; 0.2381094382355176 ; 22.54386402066373
========

Generation 17
========
[0.03463601 0.02845264 0.03513857 0.03928238 0.04500476 0.04316993
 0.04356551 0.04575758 0.03946326 0.03575066 0.03373417 0.03877496] ; 0.24465743252105285 ; 16.038330451072643
[0.03085824 0.02792562 0.0331917  0.03266303 0.03379559 0.04278756
 0.04065335 0.04322152 0.03645276 0.02780067 0.029449   0.0337133 ] ; 0.21880309858446426 ; 20.457973422446578
[0.03321947 0.02968304 0.03578006 0.03694099 0.03658797 0.04440334
 0.03998127 0.04202531 0.03920836 0.03382034 0.03199166 0.03416717] ; 0.230430288770673 ; 21.05897306831587
[0.03150812 0.02842744 0.03390177 0.03375545 0.03455427 0.04331152
 0.04064915 0.04052106 0.03591035 0.02903728 0.02835703 0.03366829] ; 0.21878272743621116 ; 21.502382946200246
[0.03474608 0.03063753 0.03721632 0.04154798 0.03994244 0.04899116
 0.04350755 0.04674812 0.04267982 0.03570169 0.03423934 0.03664316] ; 0.2493799299185753 ; 21.547514470861422
[0.03363137 0.03124398 0.03650409 0.03874465 0.03947941 0.04693857
 0.04022257 0.04437438 0.04065308 0.03436503 0.03074202 0.03268156] ; 0.237069884837991 ; 21.76441298829579
[0.04439303 0.04508667 0.04786124 0.05271672 0.04855488 0.04578031
 0.05132944 0.04855488 0.05410401 0.04578031 0.03745662 0.04369939] ; 0.2975531321657251 ; 22.54386402066373
[0.03615724 0.03246621 0.03943768 0.04129816 0.03834782 0.05175959
 0.04610442 0.04953842 0.04183524 0.03707599 0.03628302 0.03883031] ; 0.25820034301573896 ; 24.414591605977567
[0.03105705 0.03044377 0.0370988  0.0372714  0.03828968 0.0456348
 0.04387871 0.04402188 0.03980169 0.03266889 0.03441881 0.03738172] ; 0.23867760948906225 ; 38.20596690445787
[0.03032277 0.02712296 0.03339891 0.03700326 0.0392145  0.03916585
 0.04137115 0.04349213 0.0357998  0.03353155 0.03188224 0.03663606] ; 0.22666964923464186 ; 36.31050490595209
[0.03321155 0.02689684 0.03338733 0.03593765 0.03525355 0.04652007
 0.04244383 0.04540934 0.0401767  0.0306759  0.03231866 0.03552326] ; 0.23225713747648047 ; 61.47698178265962
[0.03359183 0.02776322 0.03555393 0.03690409 0.03694575 0.0453215
 0.03869828 0.04136902 0.03965639 0.03321252 0.03227691 0.03508914] ; 0.23005377422219148 ; 21.122250125276253
[0.03282826 0.02921698 0.0353611  0.03807013 0.03710221 0.04315734
 0.03909747 0.04305079 0.03898326 0.03119336 0.03209869 0.03352986] ; 0.2285889924126278 ; 38.030389009580674
[0.03266519 0.029682   0.03598665 0.03586015 0.04203391 0.04272167
 0.04259705 0.04502578 0.040238   0.03393542 0.03030595 0.03746941] ; 0.2369210682506251 ; 58.901716952283735
[0.04408461 0.04057503 0.04587076 0.05000802 0.04388342 0.04793281
 0.05039802 0.05209495 0.05187389 0.0424292  0.03453568 0.04419135] ; 0.28922439716953413 ; 52.73725309605707
[0.03537201 0.03160803 0.03782667 0.03649292 0.03955857 0.04539388
 0.04451052 0.04425413 0.03825682 0.03301663 0.03211436 0.03669816] ; 0.24005597248668076 ; 41.10814142103264
========

Generation 18
========
[0.03463601 0.02845264 0.03513857 0.03928238 0.04500476 0.04316993
 0.04356551 0.04575758 0.03946326 0.03575066 0.03373417 0.03877496] ; 0.24465743252105285 ; 16.038330451072643
[0.03085824 0.02792562 0.0331917  0.03266303 0.03379559 0.04278756
 0.04065335 0.04322152 0.03645276 0.02780067 0.029449   0.0337133 ] ; 0.21880309858446426 ; 20.457973422446578
[0.03321947 0.02968304 0.03578006 0.03694099 0.03658797 0.04440334
 0.03998127 0.04202531 0.03920836 0.03382034 0.03199166 0.03416717] ; 0.230430288770673 ; 21.05897306831587
[0.03150812 0.02842744 0.03390177 0.03375545 0.03455427 0.04331152
 0.04064915 0.04052106 0.03591035 0.02903728 0.02835703 0.03366829] ; 0.21878272743621116 ; 21.122250125276253
[0.03474608 0.03063753 0.03721632 0.04154798 0.03994244 0.04899116
 0.04350755 0.04674812 0.04267982 0.03570169 0.03423934 0.03664316] ; 0.2493799299185753 ; 21.502382946200246
[0.03363137 0.03124398 0.03650409 0.03874465 0.03947941 0.04693857
 0.04022257 0.04437438 0.04065308 0.03436503 0.03074202 0.03268156] ; 0.237069884837991 ; 21.547514470861422
[0.04439303 0.04508667 0.04786124 0.05271672 0.04855488 0.04578031
 0.05132944 0.04855488 0.05410401 0.04578031 0.03745662 0.04369939] ; 0.2975531321657251 ; 21.76441298829579
[0.03615724 0.03246621 0.03943768 0.04129816 0.03834782 0.05175959
 0.04610442 0.04953842 0.04183524 0.03707599 0.03628302 0.03883031] ; 0.25820034301573896 ; 22.54386402066373
[0.03247195 0.02825216 0.03599758 0.03665296 0.03675817 0.04607659
 0.04218657 0.04528482 0.04124737 0.03461777 0.0307217  0.03287498] ; 0.23421800977429091 ; 34.492066923124284
[0.03185533 0.03172094 0.03723537 0.03906796 0.03939928 0.04769412
 0.04147332 0.04267348 0.03892499 0.03529865 0.03138898 0.03400784] ; 0.23746028435458427 ; 33.555916224292176
[0.03137131 0.02974225 0.03317461 0.03385818 0.03590878 0.04561313
 0.04327545 0.04408658 0.03887937 0.02817091 0.03140443 0.03589936] ; 0.229063416916636 ; 34.71139329799083
[0.03392669 0.03082193 0.03379426 0.03558158 0.03522252 0.04665856
 0.04452176 0.04530045 0.04011794 0.03070581 0.03003212 0.03672718] ; 0.23532507949493825 ; 34.37934044025669
[0.0323514  0.03088143 0.03714016 0.03596362 0.03700382 0.04447656
 0.04214147 0.04305244 0.03928833 0.03160347 0.03157472 0.03521942] ; 0.232480055645176 ; 34.69922531679724
[0.03402513 0.02819397 0.03472993 0.03851491 0.0428464  0.04271312
 0.04261406 0.04229966 0.03777702 0.03352937 0.03310234 0.03778415] ; 0.23668304252776484 ; 31.417053228245663
[0.03302245 0.03015275 0.03427348 0.03608375 0.03814006 0.04593917
 0.03662825 0.04333395 0.03765251 0.03303125 0.02764842 0.03277703] ; 0.22635143394652452 ; 72.14941408484343
[0.03222163 0.02856646 0.03454928 0.03382912 0.03664042 0.04344797
 0.03961789 0.0429025  0.03676853 0.03072342 0.03091878 0.03105281] ; 0.22221125836744776 ; 43.85125993138467
========

Generation 19
========
[0.03463601 0.02845264 0.03513857 0.03928238 0.04500476 0.04316993
 0.04356551 0.04575758 0.03946326 0.03575066 0.03373417 0.03877496] ; 0.24465743252105285 ; 16.038330451072643
[0.03085824 0.02792562 0.0331917  0.03266303 0.03379559 0.04278756
 0.04065335 0.04322152 0.03645276 0.02780067 0.029449   0.0337133 ] ; 0.21880309858446426 ; 20.457973422446578
[0.03321947 0.02968304 0.03578006 0.03694099 0.03658797 0.04440334
 0.03998127 0.04202531 0.03920836 0.03382034 0.03199166 0.03416717] ; 0.230430288770673 ; 21.05897306831587
[0.03150812 0.02842744 0.03390177 0.03375545 0.03455427 0.04331152
 0.04064915 0.04052106 0.03591035 0.02903728 0.02835703 0.03366829] ; 0.21878272743621116 ; 21.122250125276253
[0.03474608 0.03063753 0.03721632 0.04154798 0.03994244 0.04899116
 0.04350755 0.04674812 0.04267982 0.03570169 0.03423934 0.03664316] ; 0.2493799299185753 ; 21.502382946200246
[0.03363137 0.03124398 0.03650409 0.03874465 0.03947941 0.04693857
 0.04022257 0.04437438 0.04065308 0.03436503 0.03074202 0.03268156] ; 0.237069884837991 ; 21.547514470861422
[0.04439303 0.04508667 0.04786124 0.05271672 0.04855488 0.04578031
 0.05132944 0.04855488 0.05410401 0.04578031 0.03745662 0.04369939] ; 0.2975531321657251 ; 21.76441298829579
[0.03615724 0.03246621 0.03943768 0.04129816 0.03834782 0.05175959
 0.04610442 0.04953842 0.04183524 0.03707599 0.03628302 0.03883031] ; 0.25820034301573896 ; 22.54386402066373
[0.03699464 0.0324337  0.03966728 0.04085821 0.04079389 0.04991074
 0.04460059 0.04872391 0.04431928 0.03748268 0.03255518 0.03525405] ; 0.2552641668695013 ; 36.640117644279734
[0.03499817 0.03064696 0.03728653 0.04084086 0.04076123 0.04501375
 0.0429663  0.04248927 0.04267533 0.03597723 0.03196711 0.0336472 ] ; 0.24197029084660288 ; 36.71725807120373
[0.0341641  0.03063116 0.03661838 0.03785461 0.03454432 0.04465724
 0.04420394 0.04311431 0.04093786 0.0323396  0.03298711 0.03685749] ; 0.237018640207455 ; 33.89542490059153
[0.03126236 0.03007628 0.03731145 0.03831554 0.03793989 0.0435694
 0.04362474 0.04395391 0.04141556 0.03287099 0.02990534 0.03405419] ; 0.23479085293295254 ; 35.841037095995276
[0.03436513 0.03070755 0.03813024 0.04023767 0.04161983 0.04374813
 0.04385352 0.04608533 0.04206124 0.03677674 0.03201767 0.03792388] ; 0.2465155940825076 ; 38.88685035056779
[0.03356601 0.0300843  0.03614157 0.03689685 0.03691981 0.04526696
 0.04131178 0.0400812  0.03730824 0.03315481 0.0316601  0.03302396] ; 0.22920907865795168 ; 37.429319910683105
[0.03260111 0.02838501 0.03549045 0.03690769 0.0347437  0.04640497
 0.04163959 0.04144269 0.03444089 0.0329478  0.02907543 0.03498637] ; 0.2267821759247391 ; 37.037501776525346
[0.02954433 0.02623786 0.03321713 0.03046093 0.03114793 0.04243684
 0.03982824 0.03712205 0.03518514 0.02845087 0.02725645 0.03206469] ; 0.20823395172513945 ; 36.302091500649524
========

Generation 20
========
[0.03463601 0.02845264 0.03513857 0.03928238 0.04500476 0.04316993
 0.04356551 0.04575758 0.03946326 0.03575066 0.03373417 0.03877496] ; 0.24465743252105285 ; 16.038330451072643
[0.03085824 0.02792562 0.0331917  0.03266303 0.03379559 0.04278756
 0.04065335 0.04322152 0.03645276 0.02780067 0.029449   0.0337133 ] ; 0.21880309858446426 ; 20.457973422446578
[0.03321947 0.02968304 0.03578006 0.03694099 0.03658797 0.04440334
 0.03998127 0.04202531 0.03920836 0.03382034 0.03199166 0.03416717] ; 0.230430288770673 ; 21.05897306831587
[0.03150812 0.02842744 0.03390177 0.03375545 0.03455427 0.04331152
 0.04064915 0.04052106 0.03591035 0.02903728 0.02835703 0.03366829] ; 0.21878272743621116 ; 21.122250125276253
[0.03474608 0.03063753 0.03721632 0.04154798 0.03994244 0.04899116
 0.04350755 0.04674812 0.04267982 0.03570169 0.03423934 0.03664316] ; 0.2493799299185753 ; 21.502382946200246
[0.03363137 0.03124398 0.03650409 0.03874465 0.03947941 0.04693857
 0.04022257 0.04437438 0.04065308 0.03436503 0.03074202 0.03268156] ; 0.237069884837991 ; 21.547514470861422
[0.04439303 0.04508667 0.04786124 0.05271672 0.04855488 0.04578031
 0.05132944 0.04855488 0.05410401 0.04578031 0.03745662 0.04369939] ; 0.2975531321657251 ; 21.76441298829579
[0.03615724 0.03246621 0.03943768 0.04129816 0.03834782 0.05175959
 0.04610442 0.04953842 0.04183524 0.03707599 0.03628302 0.03883031] ; 0.25820034301573896 ; 22.54386402066373
[0.03558348 0.02990243 0.03676928 0.04006367 0.0441384  0.04450574
 0.04185537 0.04743956 0.03862235 0.03417563 0.03491624 0.03943536] ; 0.2469935519590088 ; 46.84802929934157
[0.0380492  0.0377169  0.04086062 0.04099811 0.04133515 0.04067762
 0.04480187 0.0427499  0.04614716 0.03944079 0.03301718 0.03842309] ; 0.2543897793931587 ; 41.73230879028447
[0.02857065 0.02835025 0.03369641 0.03315969 0.03430947 0.04274317
 0.04127152 0.04387874 0.03382445 0.02703802 0.02989679 0.03422594] ; 0.21844327808326636 ; 41.40263545916225
[0.04277702 0.04339333 0.04611779 0.04667803 0.04393397 0.04428102
 0.04869465 0.0445852  0.05013642 0.04184984 0.03350655 0.04215952] ; 0.27799000014408803 ; 30.639824968758532
[0.03521901 0.03153046 0.03446341 0.03958331 0.03772652 0.04698987
 0.04338161 0.04481679 0.04124555 0.03592178 0.03206538 0.03685427] ; 0.24241523508080154 ; 42.28031835454673
[0.02926826 0.02755809 0.03367868 0.03143219 0.03443554 0.041835
 0.03772132 0.03966195 0.03417646 0.02971393 0.03010712 0.03221043] ; 0.21192919183200618 ; 38.02559918543577
[0.03288434 0.02812979 0.03476887 0.03695015 0.03594612 0.04291928
 0.04022991 0.04226282 0.03895239 0.03362877 0.0298957  0.03147618] ; 0.22567391793914793 ; 36.37870926470254
[0.03289911 0.02965247 0.0324725  0.0370039  0.03810692 0.04694416
 0.04217029 0.04461727 0.04049595 0.03365459 0.03164313 0.03333935] ; 0.2340453020863325 ; 32.88796710230941
========

