Generation 1
========
[0.03610263 0.03810833 0.03409693 0.03743977 0.0407826  0.03610263
 0.03810833 0.04412544 0.04412544 0.03610263 0.0347655  0.03543407] ; 0.2395766221454323 ; 33978.6592823222
[0.06248481 0.05467421 0.05380637 0.0564099  0.06335266 0.05814559
 0.04426008 0.04773145 0.04599577 0.05554206 0.06769188 0.06769188] ; 0.3598089854299952 ; 192783.47600584017
[0.05515914 0.05508026 0.050644   0.0520118  0.05655622 0.05141453
 0.05217878 0.05807058 0.05624218 0.05322482 0.05211987 0.05037563] ; 0.33698263698194886 ; 136435.88332163537
[0.03653275 0.03871722 0.03464172 0.03799993 0.04143421 0.03667947
 0.03813646 0.04379936 0.04317173 0.0359092  0.0350384  0.03600022] ; 0.24080071054275398 ; 167176.26747015736
========

Generation 2
========
[0.03610263 0.03810833 0.03409693 0.03743977 0.0407826  0.03610263
 0.03810833 0.04412544 0.04412544 0.03610263 0.0347655  0.03543407] ; 0.2395766221454323 ; 33978.6592823222
[0.03653275 0.03871722 0.03464172 0.03799993 0.04143421 0.03667947
 0.03813646 0.04379936 0.04317173 0.0359092  0.0350384  0.03600022] ; 0.24080071054275398 ; 136435.88332163537
[0.0359127  0.03790785 0.03279827 0.0372428  0.03882362 0.0359127
 0.03790785 0.04117191 0.0425765  0.03250099 0.03174683 0.03524765] ; 0.2315484111631324 ; 118409.53078166957
[0.03583896 0.03821099 0.03591258 0.03939704 0.04295426 0.03802509
 0.03681132 0.04325984 0.04161158 0.03378318 0.03369316 0.03732092] ; 0.24030108627527608 ; 54881.38252593254
========

Generation 3
========
[0.03583896 0.03821099 0.03591258 0.03939704 0.04295426 0.03802509
 0.03681132 0.04325984 0.04161158 0.03378318 0.03369316 0.03732092] ; 0.24030108627527608 ; 33978.6592823222
[0.03610263 0.03810833 0.03409693 0.03743977 0.0407826  0.03610263
 0.03810833 0.04412544 0.04412544 0.03610263 0.0347655  0.03543407] ; 0.2395766221454323 ; 54881.38252593254
[0.03711281 0.0384666  0.03837879 0.03932376 0.04590404 0.04055509
 0.03933924 0.04507484 0.04446915 0.03610316 0.03600696 0.0390064 ] ; 0.2522177501159149 ; 52442.67269150212
[0.03425823 0.0394832  0.036927   0.04031845 0.04218004 0.03526745
 0.03537414 0.04546926 0.04224374 0.03268848 0.03554278 0.03837511] ; 0.24173900584821803 ; 17446.659996279654
========

Generation 4
========
[0.03583896 0.03821099 0.03591258 0.03939704 0.04295426 0.03802509
 0.03681132 0.04325984 0.04161158 0.03378318 0.03369316 0.03732092] ; 0.24030108627527608 ; 17446.659996279654
[0.03610263 0.03810833 0.03409693 0.03743977 0.0407826  0.03610263
 0.03810833 0.04412544 0.04412544 0.03610263 0.0347655  0.03543407] ; 0.2395766221454323 ; 33978.6592823222
[0.03695943 0.03940561 0.03496137 0.03786598 0.0407534  0.03890018
 0.03796218 0.04354162 0.0414964  0.03163415 0.03474654 0.03848771] ; 0.24030108627527608 ; 57292.84588542124
[0.0341059  0.03982415 0.03603172 0.0395558  0.04309676 0.03685409
 0.0394997  0.04368154 0.04268078 0.03675909 0.03274295 0.03744473] ; 0.24306410490819647 ; 55851.70150921061
========

Generation 5
========
[0.03583896 0.03821099 0.03591258 0.03939704 0.04295426 0.03802509
 0.03681132 0.04325984 0.04161158 0.03378318 0.03369316 0.03732092] ; 0.24030108627527608 ; 17446.659996279654
[0.03610263 0.03810833 0.03409693 0.03743977 0.0407826  0.03610263
 0.03810833 0.04412544 0.04412544 0.03610263 0.0347655  0.03543407] ; 0.2395766221454323 ; 33978.6592823222
[0.0372647  0.03734659 0.03717677 0.04079606 0.04446633 0.03936364
 0.03741619 0.0445288  0.04470403 0.0346452  0.03345518 0.03824834] ; 0.2474836873555514 ; 56769.070604016524
[0.03624843 0.03911696 0.03676406 0.03956484 0.04063077 0.03659105
 0.0376841  0.04428552 0.04025528 0.0329933  0.03449202 0.03820579] ; 0.240216819763906 ; 55491.85966540902
========

Generation 6
========
[0.03583896 0.03821099 0.03591258 0.03939704 0.04295426 0.03802509
 0.03681132 0.04325984 0.04161158 0.03378318 0.03369316 0.03732092] ; 0.24030108627527608 ; 17446.659996279654
[0.03610263 0.03810833 0.03409693 0.03743977 0.0407826  0.03610263
 0.03810833 0.04412544 0.04412544 0.03610263 0.0347655  0.03543407] ; 0.2395766221454323 ; 33978.6592823222
[0.03703225 0.03910608 0.03166299 0.03850031 0.03871021 0.03712682
 0.03904553 0.04523814 0.04516683 0.03694332 0.03562528 0.03581982] ; 0.2421979921555348 ; 54977.67441067127
[0.03618678 0.03858182 0.03462936 0.03882468 0.03994481 0.03839412
 0.03438092 0.04367968 0.04201541 0.03411104 0.03231915 0.03768311] ; 0.23736825876926476 ; 56792.05312688539
========

Generation 7
========
[0.03583896 0.03821099 0.03591258 0.03939704 0.04295426 0.03802509
 0.03681132 0.04325984 0.04161158 0.03378318 0.03369316 0.03732092] ; 0.24030108627527608 ; 17446.659996279654
[0.03610263 0.03810833 0.03409693 0.03743977 0.0407826  0.03610263
 0.03810833 0.04412544 0.04412544 0.03610263 0.0347655  0.03543407] ; 0.2395766221454323 ; 33978.6592823222
[0.03534739 0.03768687 0.03541999 0.03842923 0.04151779 0.03705348
 0.03278468 0.04002115 0.04104082 0.0333198  0.03323102 0.03581517] ; 0.23239868574272768 ; 54391.8112996551
[0.03822237 0.04083846 0.03508937 0.03925169 0.04249426 0.03610851
 0.03862416 0.04321385 0.04726869 0.0386726  0.03557202 0.03433827] ; 0.24763423698568646 ; 54550.56506996149
========

