-0.12,21806
0,0,-0.00,-12.70,0.01,21900
0,0,-0.00,-7.81,-0.13,21995
0,0,-0.00,-7.81,0.10,22089
0,0,-0.00,-12.70,0.30,22184
0,0,-0.00,-12.70,-0.09,22279
0,0,-0.00,-7.81,-0.18,22373
0,0,-0.00,-7.81,-0.01,22468
0,0,-0.00,-12.70,0.29,22562
0,0,-0.00,-7.81,0.13,22658
0,0,-0.00,-12.70,-0.06,22752
0,0,-0.00,-12.70,-0.06,22846
0,0,-0.00,-7.81,0.10,22941
0,0,-0.00,-7.81,0.32,23035
0,0,-0.00,-7.81,0.17,23131
0,0,-0.00,-12.70,-0.13,23225
0,0,-0.00,-12.70,-0.44,23319
0,0,-0.00,-7.81,-0.21,23414
0,0,-0.00,-7.81,0.07,23508
0,0,-0.00,-7.81,-0.13,23604
0,0,-0.00,-7.81,-0.05,23698
0,0,-0.00,-7.81,0.11,23792
0,0,-0.00,-12.70,-0.10,23887
0,0,-0.00,-12.70,-0.30,23982
0,0,-0.00,-7.81,-0.18,24077
0,0,-0.00,-7.81,-0.06,24171
0,0,-0.00,-7.81,-0.20,24266
0,0,-0.00,-7.81,-0.09,24360
0,0,-0.00,-7.81,-0.08,24455
0,0,-0.00,-7.81,-0.08,24550
0,0,-0.00,-12.70,0.01,24644
0,0,-0.00,-7.81,-0.05,24739
0,0,-0.00,-12.70,-0.13,24834
0,0,-0.00,-12.70,-0.12,24928
0,0,-0.00,-7.81,0.17,25023
0,0,-0.00,-12.70,0.16,25117
937,5,-0.01,-500.98,1.13,25212
2270,5,-0.28,-417.97,0.45,25307
3610,18,-0.08,-417.97,0.54,25402
4969,28,-0.04,-496.09,0.49,25496
6303,35,-0.28,-500.98,-0.04,25590
7653,51,-0.22,-417.97,0.43,25686
9009,61,-0.05,-417.97,-0.01,25780
10347,70,-0.16,-334.96,-0.10,25875
11691,89,-0.04,-417.97,0.10,25969
13041,102,-0.07,-500.98,-0.18,26063
14379,111,-0.11,-417.97,0.07,26159
15726,134,-0.03,-417.97,0.38,26253
17068,147,-0.26,-417.97,-0.12,26348
18412,162,-0.25,-417.97,-0.16,26442
19760,185,-0.05,-417.97,-0.01,26536
21102,201,-0.23,-496.09,-0.26,26632
22446,220,-0.16,-500.98,0.01,26726
23798,243,-0.04,-413.09,-0.21,26821
25143,259,-0.10,-500.98,-0.68,26915
26492,282,-0.12,-505.86,-0.22,27010
27836,305,-0.16,-496.09,-0.45,27105
29182,322,-0.28,-417.97,-0.39,27199
30530,347,-0.36,-413.09,-0.03,27294
31876,369,-0.26,-417.97,-0.51,27388
33224,389,-0.17,-476.56,-0.45,27483
34567,415,-0.08,-496.09,-0.30,27578
35912,439,-0.17,-500.98,-0.32,27672
37260,460,-0.16,-417.97,-0.58,27767
38606,487,-0.10,-496.09,-0.45,27862
39950,511,-0.30,-417.97,-0.75,27957
41296,535,-0.33,-496.09,-0.98,28051
42640,563,-0.15,-417.97,-0.40,28145
43983,587,-0.20,-500.98,-0.51,28240
45331,611,-0.23,-422.85,-0.68,28335
46679,641,-0.09,-417.97,-0.58,28430
48019,667,-0.14,-417.97,-1.01,28524
49367,695,-0.24,-334.96,-1.05,28618
50711,723,-0.24,-417.97,-0.98,28713
52053,750,-0.32,-349.61,-0.70,28808
53402,778,-0.28,-417.97,-0.59,28903
54746,808,-0.28,-496.09,-0.86,28997
56096,837,-0.22,-500.98,-0.64,29091
57438,865,-0.15,-422.85,-0.96,29187
58782,897,-0.20,-417.97,-0.79,29281
60131,927,-0.22,-496.09,-1.54,29376
61480,958,-0.18,-417.97,-1.11,29470
62823,990,-0.37,-496.09,-0.88,29564
64170,1022,-0.39,-496.09,-1.21,29660
65516,1053,-0.22,-500.98,-1.23,29754
66858,1086,-0.23,-500.98,-0.56,29849
68200,1119,-0.25,-496.09,-1.08,29943
69551,1153,-0.18,-417.97,-1.13,30038
70895,1185,-0.18,-496.09,-1.07,30133
72240,1219,-0.32,-500.98,-0.71,30227
73584,1251,-0.40,-500.98,-0.86,30322
74927,1287,-0.42,-500.98,-0.52,30416
76273,1323,-0.35,-417.97,-0.74,30512
77621,1357,-0.35,-496.09,-1.52,30606
78966,1391,-0.26,-500.98,-1.21,30700
80310,1431,-0.18,-417.97,-0.99,30795
81657,1465,-0.29,-413.09,-1.36,30889
83005,1502,-0.31,-496.09,-0.90,30985
84351,1540,-0.29,-500.98,-1.56,31079
85697,1575,-0.45,-417.97,-1.10,31173
87045,1613,-0.43,-413.09,-0.64,31268
88393,1651,-0.30,-500.98,-1.20,31363
89735,1687,-0.27,-500.98,-1.47,31458
91083,1723,-0.32,-339.84,-1.22,31552
92427,1763,-0.29,-413.09,-0.85,31646
93772,1799,-0.29,-496.09,-1.55,31741
95120,1837,-0.43,-413.09,-1.27,31836
96469,1873,-0.28,-334.96,-1.76,31931
97818,1913,-0.50,-417.97,-0.52,32025
99165,1952,-0.44,-413.09,-1.08,32119
100514,1993,-0.45,-500.98,-1.09,32215
101861,2032,-0.35,-417.97,-1.39,32309
103205,2074,-0.30,-500.98,-0.91,32404
104549,2115,-0.41,-500.98,-1.40,32498
105898,2157,-0.43,-417.97,-1.74,32593
104971,2159,-0.18,397.46,-12.87,32688
103626,2128,-0.04,314.45,-11.95,32782
102282,2085,-0.02,480.47,-5.22,32877
100938,2041,-0.04,436.52,-2.63,32971
99592,1995,-0.03,402.34,-1.32,33067
98246,1949,-0.06,397.46,-0.73,33161
96900,1907,-0.14,397.46,-1.20,33255
95558,1865,-0.05,402.34,-1.06,33350
94210,1821,-0.06,397.46,-1.10,33444
92866,1779,-0.10,397.46,-0.96,33540
91526,1739,-0.05,470.70,-0.60,33634
90181,1695,-0.04,397.46,-1.00,33728
88834,1652,-0.07,480.47,-0.35,33823
87492,1614,-0.08,397.46,-0.48,33917
86147,1577,-0.04,407.23,-0.24,34013
84797,1539,-0.10,402.34,-0.76,34107
83457,1501,-0.05,480.47,-0.68,34201
82117,1463,-0.03,480.47,-1.23,34296
80758,1425,-0.04,480.47,-0.66,34391
79422,1388,-0.01,446.29,-0.18,34486
78081,1353,0.01,480.47,-0.55,34580
76725,1317,-0.04,402.34,-0.66,34675
75387,1283,-0.04,397.46,-0.55,34769
74045,1249,-0.03,480.47,-0.59,34864
72692,1216,-0.05,441.41,-0.02,34959
71355,1184,-0.04,397.46,-0.15,35053
70011,1153,-0.03,319.34,-0.61,35148
68657,1118,-0.04,480.47,-0.90,35243
67320,1085,-0.02,397.46,-0.20,35337
65975,1055,-0.02,485.35,-0.20,35432
64621,1025,-0.03,392.58,-0.38,35526
63281,993,-0.03,397.46,-0.38,35621
61939,965,-0.02,480.47,-0.29,35716
60581,931,-0.04,402.34,-1.20,35810
59247,901,-0.02,402.34,0.05,35905
57907,877,-0.00,402.34,0.10,35999
56547,845,-0.01,402.34,-0.84,36094
55211,815,-0.01,397.46,0.23,36189
53869,791,0.01,402.34,0.14,36283
52517,759,-0.03,480.47,-0.59,36378
51176,732,-0.03,397.46,-0.02,36472
49839,708,-0.01,402.34,0.86,36568
48481,679,-0.03,402.34,-0.10,36662
47140,653,-0.03,480.47,-0.10,36756
45797,630,-0.00,480.47,0.33,36851
44446,603,-0.01,314.45,0.23,36945
43104,581,-0.02,480.47,-0.27,37041
41765,557,-0.00,460.94,-0.52,37135
40409,529,-0.01,397.46,-0.30,37230
39065,507,-0.03,475.59,0.62,37324
37731,485,-0.00,397.46,0.30,37419
36380,462,0.01,397.46,0.14,37514
35034,441,-0.00,480.47,0.29,37608
33696,419,0.02,470.70,0.16,37703
32348,397,0.03,402.34,-0.34,37797
31000,378,-0.00,397.46,0.08,37892
29660,355,-0.00,402.34,0.12,37987
28314,337,0.00,397.46,0.29,38081
26959,317,-0.03,397.46,-0.13,38176
25625,295,0.00,402.34,0.54,38270
24275,279,-0.01,314.45,0.24,38365
22929,259,-0.01,402.34,-0.02,38460
21590,238,0.02,397.46,0.29,38554
20240,223,-0.00,485.35,0.43,38649
18899,207,-0.00,397.46,0.45,38744
17559,189,0.02,392.58,0.09,38838
16211,175,0.01,480.47,0.27,38933
14865,158,0.00,475.59,0.48,39027
13533,144,0.04,480.47,-0.03,39122
12183,135,0.03,480.47,0.77,39217
10819,117,0.02,480.47,-0.05,39311
9502,106,0.05,480.47,0.20,39406
8149,95,0.05,397.46,0.15,39500
6773,78,-0.00,314.45,0.41,39596
5463,73,0.02,397.46,0.59,39690
4109,61,0.02,402.34,0.02,39784
2740,46,0.01,402.34,-0.05,39879
1418,46,0.00,480.47,1.16,39973
76,32,0.04,397.46,-0.41,40069
928,29,-0.02,-417.97,3.34,40163
2290,30,-0.01,-500.98,1.20,40258
3611,41,-0.05,-417.97,0.09,40352
4965,46,-0.03,-500.98,0.66,40446
6305,52,-0.26,-417.97,0.98,40542
7530,65,-0.00,-256.84,0.20,40636
8216,70,-0.00,-173.83,-1.35,40731
8183,69,-0.00,70.31,-1.44,40825
7783,67,-0.00,70.31,-0.44,40920
7765,67,-0.00,-12.70,0.68,41015
7980,66,-0.00,-7.81,-0.02,41109
7958,65,-0.00,-7.81,0.36,41203
7881,65,-0.00,-7.81,0.13,41298
7947,65,-0.00,-12.70,0.20,41393
7404,65,-0.00,480.47,-0.80,41488
5843,49,-0.00,475.59,-1.80,41582
4532,38,-0.00,397.46,0.67,41677
3550,45,-0.00,158.20,2.38,41772
2762,33,-0.00,236.33,-1.13,41866
2230,31,-0.00,153.32,1.43,41961
2017,30,-0.00,-173.83,0.77,42055
2218,30,-0.00,-7.81,0.60,42150
2104,30,-0.00,-2.93,0.43,42245
2162,30,-0.00,-12.70,0.44,42339
1802,32,-0.00,236.33,1.35,42434
1159,28,-0.00,231.45,-1.88,42528
566,26,-0.00,70.31,0.34,42624
218,22,-0.00,70.31,0.65,42718
194,20,-0.00,-90.82,0.44,42812
192,20,-0.00,-12.70,0.75,42907
197,20,-0.00,70.31,0.20,43001
6,21,-0.00,70.31,0.68,43097
-98,23,-0.00,-7.81,0.46,43191
-229,25,-0.00,-7.81,0.07,43285
-257,24,-0.00,-12.70,-0.62,43380
-314,24,-0.00,-7.81,-0.11,43474
-276,23,-0.00,-17.58,-0.18,43570
-180,23,-0.00,-90.82,-0.31,43664
68,17,-0.00,-7.81,-0.32,43759
43,17,-0.00,-7.81,1.18,43853
42,17,-0.00,-12.70,0.21,43948
42,17,-0.00,-12.70,0.10,44043
42,17,-0.00,-7.81,0.08,44137
43,17,-0.00,-7.81,0.37,44232
44,17,-0.00,-7.81,0.29,44326
44,17,-0.00,-7.81,0.15,44421
44,17,-0.00,-7.81,0.33,44516
44,17,-0.00,-7.81,0.21,44610
44,17,-0.00,-12.70,0.07,44705
45,17,-0.00,-7.81,0.34,44800
45,17,-0.00,-7.81,0.51,44894
45,17,-0.00,-7.81,0.41,44989
46,17,-0.00,-12.70,0.30,45083
46,17,-0.00,-7.81,0.18,45178
46,17,-0.00,-7.81,-0.02,45273
46,17,-0.00,-12.70,0.15,45367
46,17,-0.00,-12.70,0.26,45462
46,17,-0.00,-7.81,0.31,45556
46,17,-0.00,-12.70,0.08,45651
46,17,-0.00,-7.81,-0.12,45746
46,17,-0.00,-7.81,-0.06,45840
46,17,-0.00,-7.81,0.15,45935
46,17,-0.00,-7.81,0.11,46029
46,17,-0.00,-7.81,0.26,46125
47,17,-0.00,-12.70,0.05,46219
47,17,-0.00,-7.81,0.34,46314
48,17,-0.00,-12.70,0.18,46408
48,17,-0.00,-12.70,0.21,46502
48,16,-0.00,-12.70,0.30,46598
48,16,-0.00,-7.81,0.08,46692
48,16,-0.00,-12.70,0.04,46787
48,16,-0.00,-7.81,0.04,46881
49,16,-0.00,-12.70,0.15,46976
49,16,-0.00,-12.70,