0.77,8274
26,-17,-0.00,-12.70,0.57,8370
26,-17,-0.00,-7.81,0.12,8464
26,-17,-0.00,-12.70,0.68,8559
26,-17,-0.00,-12.70,1.10,8653
26,-18,-0.00,-7.81,1.09,8748
26,-18,-0.00,-12.70,1.18,8843
26,-18,-0.00,-7.81,1.20,8937
26,-18,-0.00,-7.81,1.29,9032
26,-18,-0.00,-7.81,1.20,9126
26,-18,-0.00,-12.70,1.10,9221
27,-19,-0.00,-7.81,0.77,9316
27,-19,-0.00,-7.81,1.26,9410
27,-19,-0.00,-7.81,1.15,9505
27,-19,-0.00,-12.70,0.66,9600
27,-19,-0.00,-12.70,0.56,9695
28,-19,-0.00,-7.81,1.41,9789
28,-19,-0.00,-12.70,0.90,9883
28,-19,-0.00,-7.81,0.93,9978
28,-19,-0.00,-12.70,0.11,10073
28,-19,-0.00,-7.81,1.27,10168
28,-19,-0.00,-12.70,1.05,10262
28,-19,-0.00,-12.70,0.66,10356
28,-19,-0.00,-7.81,0.24,10451
28,-19,-0.00,-7.81,0.62,10546
28,-19,-0.00,-12.70,0.85,10641
28,-19,-0.00,-12.70,0.61,10735
28,-19,-0.00,-12.70,0.82,10829
28,-19,-0.00,-7.81,0.72,10925
29,-19,-0.00,-12.70,0.99,11019
29,-20,-0.00,-12.70,0.80,11114
29,-20,-0.00,-12.70,0.92,11208
29,-20,-0.00,-12.70,1.10,11302
29,-20,-0.00,-12.70,0.94,11398
30,-20,-0.00,-7.81,0.68,11492
30,-20,-0.00,-12.70,0.71,11587
30,-20,-0.00,-12.70,1.01,11681
659,-21,-0.50,-505.86,0.93,11777
2025,-15,-0.50,-334.96,5.98,11871
3344,-15,-0.37,-417.97,4.57,11965
4695,1,-0.50,-417.97,13.91,12060
6049,6,-0.50,-417.97,4.36,12154
7386,69,-0.13,-505.86,67.63,12250
8730,153,-0.50,-417.97,18.92,12344
10072,159,-0.50,-417.97,-61.17,12439
11421,196,-0.14,-500.98,22.05,12533
12764,212,-0.50,-334.96,-5.22,12627
14106,249,-0.50,-500.98,14.84,12723
15461,268,-0.04,-500.98,-2.84,12817
16799,291,-0.50,-500.98,7.40,12911
18147,320,-0.46,-500.98,5.46,13006
19501,341,-0.15,-500.98,1.81,13101
20837,359,-0.50,-417.97,4.93,13196
22181,384,-0.50,-417.97,6.29,13290
23534,408,-0.17,-422.85,4.31,13385
24875,427,-0.48,-500.98,3.79,13479
26221,447,-0.35,-417.97,5.26,13574
27572,470,-0.23,-339.84,5.52,13669
28910,491,-0.41,-422.85,5.37,13763
30261,512,-0.37,-496.09,6.16,13858
31608,533,-0.47,-417.97,6.06,13953
32953,553,-0.50,-417.97,4.85,14047
34299,574,-0.37,-417.97,5.71,14142
35643,595,-0.42,-417.97,5.96,14236
36988,615,-0.40,-339.84,4.60,14331
38335,635,-0.20,-417.97,5.76,14426
39680,657,-0.39,-496.09,6.04,14520
41023,677,-0.43,-417.97,4.79,14615
42374,697,-0.32,-417.97,4.80,14709
43719,717,-0.42,-500.98,5.77,14804
45065,737,-0.50,-500.98,5.17,14899
46416,757,-0.28,-417.97,5.64,14993
47756,778,-0.36,-417.97,5.46,15088
49100,797,-0.36,-496.09,4.54,15182
50448,817,-0.31,-417.97,5.32,15278
51795,837,-0.41,-413.09,4.98,15372
53139,856,-0.46,-500.98,4.23,15467
54487,875,-0.50,-417.97,3.98,15561
55831,897,-0.37,-417.97,4.47,15655
57179,915,-0.39,-496.09,3.83,15751
58525,935,-0.42,-500.98,4.01,15845
59873,955,-0.35,-500.98,4.46,15940
61219,973,-0.29,-417.97,3.13,16034
62561,992,-0.39,-339.84,4.57,16129
63909,1012,-0.45,-417.97,3.90,16224
65254,1030,-0.45,-339.84,2.99,16318
66596,1049,-0.47,-417.97,3.80,16413
67940,1069,-0.47,-496.09,4.21,16507
69290,1089,-0.35,-339.84,3.02,16602
70634,1107,-0.32,-417.97,3.95,16697
71983,1128,-0.38,-417.97,4.47,16791
73329,1147,-0.39,-417.97,3.25,16886
74676,1165,-0.42,-417.97,3.18,16980
76020,1186,-0.50,-422.85,3.96,17075
77366,1205,-0.50,-413.09,3.37,17170
78715,1223,-0.46,-500.98,3.45,17264
80059,1243,-0.41,-500.98,4.41,17359
81403,1262,-0.48,-417.97,3.94,17454
82747,1281,-0.42,-496.09,3.29,17549
84093,1301,-0.34,-417.97,4.14,17643
85440,1321,-0.50,-457.03,3.43,17737
86786,1341,-0.40,-417.97,4.70,17832
88134,1361,-0.50,-500.98,3.62,17927
89478,1380,-0.50,-500.98,3.11,18022
90823,1399,-0.50,-500.98,4.12,18116
92167,1419,-0.40,-417.97,5.03,18210
93515,1439,-0.38,-417.97,5.49,18306
94857,1458,-0.47,-500.98,4.29,18400
96206,1477,-0.50,-500.98,6.20,18495
97551,1497,-0.50,-417.97,6.67,18589
98893,1516,-0.50,-500.98,5.63,18683
100237,1535,-0.50,-417.97,5.60,18779
101581,1555,-0.50,-500.98,5.93,18873
102927,1574,-0.49,-500.98,6.44,18968
104274,1594,-0.50,-442.38,7.12,19062
105620,1613,-0.47,-417.97,4.22,19158
104673,1613,-0.10,480.47,-16.61,19252
103331,1598,-0.05,397.46,-13.66,19346
101985,1578,-0.11,314.45,-2.24,19441
100638,1556,-0.22,402.34,2.18,19535
99293,1536,-0.14,392.58,4.68,19631
97946,1514,-0.14,397.46,3.88,19725
96600,1492,-0.22,402.34,4.24,19819
95257,1473,-0.09,397.46,5.66,19914
93913,1454,-0.05,480.47,4.55,20008
92565,1433,-0.08,402.34,3.86,20104
91220,1414,-0.13,475.59,5.20,20198
89877,1393,-0.07,397.46,4.40,20292
88527,1373,-0.15,480.47,3.93,20387
87180,1352,-0.21,397.46,3.27,20482
85838,1332,-0.10,480.47,5.77,20577
84492,1312,-0.04,485.35,4.95,20671
83146,1294,-0.03,397.46,5.34,20765
81802,1274,-0.03,397.46,-1.40,20860
80456,1255,-0.04,402.34,-5.87,20955
79106,1236,-0.07,480.47,-9.73,21050
77762,1217,-0.20,397.46,-11.78,21144
76418,1198,-0.08,397.46,-14.20,21239
75072,1178,-0.06,485.35,-18.47,21334
73727,1159,-0.18,480.47,-23.47,21428
72383,1140,-0.06,480.47,-27.45,21523
71040,1122,-0.04,397.46,-30.68,21617
69691,1104,-0.08,397.46,-32.63,21712
68347,1084,-0.11,397.46,-33.99,21807
67005,1064,-0.07,402.34,-32.09,21901
65657,1049,-0.21,314.45,-29.25,21996
64315,1032,-0.08,319.34,-34.27,22090
62971,1013,-0.04,402.34,-39.88,22185
61621,994,-0.05,397.46,-33.36,22280
60277,974,-0.03,397.46,-15.36,22375
58933,956,-0.04,402.34,-9.79,22469
57583,939,-0.05,480.47,-32.62,22563
56236,920,-0.06,397.46,-44.49,22659
54890,900,-0.09,397.46,-34.89,22753
53541,884,-0.16,397.46,-20.20,22848
52196,866,-0.05,397.46,-23.06,22942
50858,848,-0.05,475.59,-35.25,23036
49504,829,-0.06,397.46,-49.43,23132
48164,810,-0.03,397.46,-52.91,23226
46820,792,-0.05,407.23,-50.25,23321
45467,774,-0.09,480.47,-47.48,23415
44129,756,-0.04,397.46,-49.30,23510
42783,737,-0.07,475.59,-56.68,23605
41431,717,-0.06,475.59,-59.62,23699
40092,699,-0.03,397.46,-62.80,23794
38746,683,-0.04,402.34,-63.86,23888
37390,664,-0.03,397.46,-64.52,23983
36056,646,-0.01,475.59,-66.50,24078
34703,628,-0.11,460.94,-70.88,24172
33354,607,-0.04,402.34,-73.81,24267
32020,588,-0.03,402.34,-74.91,24361
30664,571,-0.24,480.47,-76.02,24456
29320,554,-0.02,397.46,-77.51,24551
27984,536,-0.03,407.23,-79.20,24645
26631,520,-0.06,480.47,-78.45,24740
25290,501,-0.00,397.46,-84.52,24835
23949,486,-0.04,314.45,-81.93,24930
22590,467,-0.19,475.59,-88.11,25024
21268,450,0.02,397.46,-85.74,25118
19907,430,-0.11,397.46,-89.42,25213
18555,416,-0.11,397.46,-86.71,25308
17250,396,0.18,402.34,-93.27,25403
15885,372,-0.03,480.47,-92.73,25497
14521,362,-0.01,397.46,-87.49,25591
13221,343,0.05,480.47,-95.95,25687
11849,320,-0.03,480.47,-95.93,25781
10488,313,-0.00,314.45,-90.71,25876
9181,296,0.02,558.59,-98.27,25970
7807,269,-0.03,480.47,-101.71,26065
6460,266,0.02,397.46,-89.46,26160
5139,246,-0.00,475.59,-102.70,26254
3789,220,0.28,314.45,-102.30,26349
2433,217,0.37,397.46,-94.27,26443
1082,187,-0.24,563.48,-109.45,26539
-228,172,0.50,397.46,-95.90,26633
690,161,-0.38,-500.98,-95.13,26727
2059,186,-0.30,-334.96,-64.34,26822
3383,174,-0.04,-500.98,-108.55,26916
4730,192,-0.50,-417.97,-82.21,27012
6084,207,-0.50,-334.96,-98.43,27106
7424,210,-0.05,-500.98,-87.77,27200
8165,224,-0.00,70.31,-84.36,27295
7585,215,-0.00,-173.83,-107.24,27389
7868,214,-0.00,153.32,-86.02,27485
7823,217,-0.00,-95.70,-77.69,27579
7748,217,-0.00,-12.70,-80.04,27673
7792,216,-0.00,-7.81,-86.74,27768
7797,217,-0.00,-7.81,-85.34,27863
7791,216,-0.00,-12.70,-79.38,27958
7791,217,-0.00,-7.81,-83.43,28052
7791,217,-0.00,-7.81,-86.50,28146
7791,216,-0.00,-12.70,-82.80,28241
7791,216,-0.00,-7.81,-82.73,28336
7791,216,-0.00,-7.81,-85.43,28431
7791,216,-0.00,-12.70,-85.62,28525
7791,215,-0.00,-12.70,-82.42,28619
7791,215,-0.00,-12.70,-84.26,28715
7791,215,-0.00,-12.70,-85.95,28809
7791,215,-0.00,-7.81,-84.31,28904
7791,215,-0.00,-7.81,-83.24,28998
7791,215,-0.00,-7.81,-84.48,29093
7791,215,-0.00,-7.81,-85.20,29188
7791,215,-0.00,-12.70,