-414.20,119111
4102,22,-0.00,-7.81,-413.57,119205
4102,22,-0.00,-12.70,-413.53,119300
4102,22,-0.00,-12.70,-413.79,119395
4102,22,-0.00,-7.81,-413.37,119489
4102,21,-0.00,-12.70,-413.74,119583
4102,21,-0.00,-12.70,-413.84,119678
4102,21,-0.00,-12.70,-413.44,119773
4102,21,-0.00,-12.70,-413.83,119867
4102,21,-0.00,-7.81,-413.27,119961
4102,20,-0.00,-12.70,-413.42,120056
4102,20,-0.00,-12.70,-413.77,120151
4102,20,-0.00,-12.70,-413.50,120245
4102,20,-0.00,-7.81,-414.13,120340
4102,20,-0.00,-12.70,-413.64,120434
4102,20,-0.00,-7.81,-413.70,120528
4102,20,-0.00,-7.81,-413.61,120623
4102,20,-0.00,-12.70,-413.38,120718
4102,20,-0.00,-12.70,-413.13,120812
4102,20,-0.00,-12.70,-413.30,120906
4102,20,-0.00,-12.70,-413.60,121000
4102,20,-0.00,-12.70,-413.21,121096
4102,20,-0.00,-7.81,-413.68,121190
4102,20,-0.00,-12.70,-413.65,121284
4102,20,-0.00,-7.81,-413.62,121379
4102,20,-0.00,-7.81,-413.77,121474
4102,20,-0.00,-12.70,-413.54,121568
4102,20,-0.00,-7.81,-413.67,121662
4102,20,-0.00,-12.70,-413.72,121757
4102,20,-0.00,-12.70,-413.37,121851
4102,20,-0.00,-12.70,-413.37,121946
4102,20,-0.00,-12.70,-413.34,122041
4102,20,-0.00,-7.81,-413.65,122135
4102,20,-0.00,-12.70,-413.77,122229
4102,20,-0.00,-12.70,-413.75,122323
4102,20,-0.00,-12.70,-413.65,122419
4102,20,-0.00,-12.70,-413.60,122513
4102,20,-0.00,-12.70,-413.69,122607
4102,19,-0.00,-12.70,-413.65,122702
4102,19,-0.00,-7.81,-413.52,122797
4102,19,-0.00,-12.70,-413.62,122891
4102,19,-0.00,-12.70,-413.72,122986
4153,19,-0.50,-339.84,-413.35,123080
5448,24,-0.50,-500.98,-408.06,123174
6806,35,-0.03,-496.09,-410.56,123269
8174,49,-0.04,-413.09,-410.90,123364
9482,62,-0.50,-417.97,-410.01,123458
10841,113,-0.03,-417.97,-386.37,123552
12187,191,-0.50,-339.84,-399.10,123648
13519,193,-0.50,-457.03,-454.51,123742
14871,240,-0.03,-417.97,-398.82,123836
16207,258,-0.50,-500.98,-424.76,123930
17551,283,-0.24,-500.98,-411.30,124025
18897,308,-0.08,-432.62,-416.52,124120
20238,329,-0.33,-417.97,-414.33,124214
21582,353,-0.20,-422.85,-412.95,124309
22929,375,-0.30,-334.96,-414.35,124403
24269,397,-0.46,-417.97,-413.76,124497
25614,420,-0.23,-417.97,-414.52,124592
26959,441,-0.38,-417.97,-414.30,124687
28297,461,-0.37,-417.97,-414.14,124781
29643,485,-0.13,-500.98,-414.26,124875
30988,505,-0.29,-505.86,-414.88,124969
32331,525,-0.26,-339.84,-414.76,125065
33676,547,-0.09,-500.98,-413.69,125159
35019,567,-0.39,-500.98,-414.49,125253
36366,586,-0.35,-500.98,-414.00,125348
37713,609,-0.32,-461.91,-413.66,125443
39054,629,-0.37,-500.98,-414.47,125537
40398,649,-0.33,-500.98,-414.41,125631
41746,669,-0.16,-417.97,-414.25,125726
43088,689,-0.23,-496.09,-414.23,125820
44432,709,-0.25,-339.84,-414.20,125915
45775,729,-0.22,-417.97,-414.10,126010
47114,749,-0.33,-417.97,-414.52,126104
48461,769,-0.39,-500.98,-415.13,126198
49807,789,-0.41,-476.56,-414.38,126292
51151,807,-0.33,-417.97,-414.67,126388
52493,826,-0.29,-417.97,-414.47,126482
53839,845,-0.28,-413.09,-414.13,126576
55181,865,-0.27,-500.98,-414.53,126671
56525,885,-0.15,-413.09,-414.27,126766
57865,903,-0.27,-417.97,-414.63,126860
59212,923,-0.34,-496.09,-414.52,126954
60556,942,-0.31,-417.97,-414.50,127049
61900,961,-0.32,-500.98,-414.47,127143
63244,979,-0.42,-417.97,-414.11,127238
64588,999,-0.25,-417.97,-414.61,127333
65926,1017,-0.23,-413.09,-414.60,127427
67266,1037,-0.29,-417.97,-415.09,127521
68615,1057,-0.23,-334.96,-414.84,127616
69959,1075,-0.26,-432.62,-414.16,127711
71304,1095,-0.36,-417.97,-414.23,127805
72646,1115,-0.45,-422.85,-414.62,127899
73992,1135,-0.48,-500.98,-414.40,127993
75334,1155,-0.39,-417.97,-414.46,128089
76676,1175,-0.40,-500.98,-415.20,128183
78018,1194,-0.27,-417.97,-414.60,128277
79360,1213,-0.22,-334.96,-414.32,128372
80704,1233,-0.32,-500.98,-414.20,128466
82049,1251,-0.31,-417.97,-414.03,128561
83397,1272,-0.28,-417.97,-413.90,128655
84742,1293,-0.44,-496.09,-414.20,128750
86086,1313,-0.49,-500.98,-414.70,128844
87431,1333,-0.32,-500.98,-414.83,128939
88772,1353,-0.32,-500.98,-414.24,129034
90114,1373,-0.35,-417.97,-414.64,129128
91460,1392,-0.25,-339.84,-414.77,129222
92805,1412,-0.26,-413.09,-414.62,129316
94147,1431,-0.35,-417.97,-414.69,129412
95494,1452,-0.39,-417.97,-414.40,129506
96836,1471,-0.45,-500.98,-415.27,129600
98180,1491,-0.50,-417.97,-414.31,129695
99522,1511,-0.47,-500.98,-414.26,129789
100867,1531,-0.38,-500.98,-415.02,129884
102208,1551,-0.36,-437.50,-414.93,129978
103551,1571,-0.36,-500.98,-414.30,130073
104893,1592,-0.34,-500.98,-414.69,130167
106235,1611,-0.33,-496.09,-416.15,130262
105327,1610,-0.17,397.46,-430.40,130356
103985,1593,-0.07,397.46,-428.82,130451
102640,1573,-0.03,397.46,-418.19,130545
101296,1551,-0.04,402.34,-415.21,130639
99953,1529,-0.05,397.46,-415.05,130735
98610,1509,-0.05,402.34,-414.73,130829
97265,1488,-0.11,402.34,-413.88,130923
95921,1468,-0.14,480.47,-414.03,131017
94577,1449,-0.06,397.46,-413.81,131112
93233,1427,-0.06,402.34,-414.90,131207
91888,1408,-0.08,475.59,-413.80,131301
90546,1389,-0.05,397.46,-414.10,131396
89207,1369,-0.05,314.45,-414.38,131490
87859,1348,-0.07,392.58,-414.60,131585
86515,1329,-0.07,402.34,-413.99,131679
85172,1310,-0.06,397.46,-414.52,131774
83825,1291,-0.07,480.47,-413.87,131868
82481,1272,-0.06,480.47,-413.63,131962
81141,1252,-0.04,397.46,-414.01,132058
79795,1233,-0.04,397.46,-414.30,132152
78451,1213,-0.03,470.70,-413.45,132246
77114,1197,-0.02,402.34,-413.46,132340
75763,1176,-0.03,397.46,-415.32,132435
74418,1157,-0.05,397.46,-412.87,132530
73078,1138,-0.05,475.59,-414.06,132624
71732,1119,-0.06,314.45,-414.84,132719
70385,1099,-0.06,402.34,-413.24,132813
69049,1083,-0.05,470.70,-413.31,132908
67701,1064,-0.05,397.46,-415.49,133002
66355,1044,-0.05,475.59,-413.65,133097
65015,1026,-0.04,397.46,-413.06,133191
63673,1008,-0.04,475.59,-414.41,133285
62324,989,-0.05,397.46,-413.96,133381
60982,971,-0.09,397.46,-413.42,133475
59642,953,-0.04,475.59,-414.07,133569
58296,935,-0.04,402.34,-414.04,133663
56948,919,-0.07,397.46,-413.83,133758
55605,899,-0.04,480.47,-413.82,133853
54265,881,-0.02,475.59,-413.74,133947
52918,863,-0.00,397.46,-413.57,134042
51575,845,-0.03,397.46,-413.78,134136
50234,825,-0.02,397.46,-414.01,134231
48886,809,-0.05,475.59,-413.88,134325
47540,791,-0.05,397.46,-413.73,134420
46199,771,-0.04,397.46,-413.80,134514
44853,755,-0.10,314.45,-412.77,134608
43513,735,-0.04,397.46,-414.01,134703
42173,717,-0.03,465.82,-413.66,134798
40819,699,-0.05,475.59,-413.67,134892
39487,679,-0.02,475.59,-413.77,134986
38145,661,-0.03,480.47,-414.26,135081
36793,642,-0.12,397.46,-413.15,135176
35461,623,-0.02,397.46,-413.41,135270
34117,605,-0.04,392.58,-413.46,135364
32760,587,-0.11,397.46,-413.27,135459
31431,569,-0.01,397.46,-414.26,135554
30089,551,-0.02,475.59,-413.66,135648
28733,532,-0.03,397.46,-413.78,135743
27404,513,0.01,397.46,-413.85,135837
26062,497,-0.00,392.58,-413.91,135931
24701,475,-0.03,475.59,-414.71,136026
23377,458,0.01,475.59,-412.74,136121
22030,440,-0.03,475.59,-413.59,136215
20675,422,-0.03,397.46,-412.46,136309
19361,407,0.02,397.46,-413.15,136404
17993,385,-0.05,480.47,-415.44,136499
16649,368,-0.01,397.46,-412.95,136593
15339,353,0.01,475.59,-413.16,136687
13970,326,-0.04,475.59,-417.15,136782
12639,310,0.14,231.45,-410.68,136877
11298,293,-0.04,475.59,-413.90,136971
9929,266,-0.04,397.46,-415.15,137065
8624,254,0.44,475.59,-409.98,137160
7252,233,-0.39,480.47,-415.55,137254
5906,209,0.02,397.46,-414.00,137349
4596,197,0.03,397.46,-411.95,137444
3211,169,-0.41,475.59,-418.80,137538
1906,141,0.50,397.46,-416.26,137632
562,98,0.10,475.59,-428.76,137726
-835,13,-0.09,397.46,-436.12,137822
38,34,0.27,-500.98,-343.81,137916
1338,42,-0.50,-417.97,-411.57,138010
2384,33,-0.00,70.31,-429.44,138104
2057,33,-0.00,-256.84,-405.77,138200
2051,36,-0.00,-7.81,-415.26,138294
2083,25,-0.00,-12.70,-415.02,138388
2097,36,-0.00,-12.70,-408.16,138483
2096,22,-0.00,-12.70,-420.24,138577
2096,32,-0.00,-12.70,-406.25,138672
2096,23,-0.00,-12.70,-418.99,138766
2096,26,-0.00,-12.70,-410.33,138861
2096,26,-0.00,-12.70,-414.16,138955
2096,21,-0.00,-12.70,-415.02,139049
2096,26,-0.00,-12.70,-410.50,139144
2096,20,-0.00,-12.70,-416.84,139239
2096,24,-0.00,-12.70,-410.79,139333
2096,22,-0.00,-7.81,-415.20,139427
2096,21,-0.00,-12.70,-413.44,139523
2096,24,-0.00,-7.81,-412.79,139617
2096,21,-0.00,-12.70,-415.54,139711
2096,25,-0.00,-12.70,-411.69,139805
2096,22,-0.00,-12.70,-415.07,139900
2096,22,-0.00,-12.70,-412.79,139995
2096,23,-0.00,-12.70,-413.41,140089
2096,22,-0.00,-12.70,-414.20,140184
2096,23,-0.00,-12.70,-412.83,140278
2096,22,-0.00,-12.70,-414.29,140372
2096,21,-0.00,-7.81,-413.09,140467
2096,20,-0.00,-7.81,-413.41,140562
2096,19,-0.00,-12.70,