8
-21,-8,826.00,408.00,0,13175
-21,-8,825.00,408.00,0,13184
-21,-8,825.00,408.00,0,13192
-21,-8,825.00,408.00,0,13199
-21,-8,826.00,408.00,0,13207
-21,-8,825.00,409.00,0,13215
-21,-8,826.00,408.00,0,13222
-21,-8,825.00,409.00,0,13231
-21,-8,826.00,408.00,0,13238
-21,-8,825.00,409.00,0,13246
-21,-8,826.00,408.00,0,13254
-21,-8,825.00,409.00,0,13261
-21,-8,825.00,408.00,0,13270
-21,-8,826.00,408.00,0,13277
-21,-8,825.00,408.00,0,13285
-21,-8,825.00,408.00,0,13293
-21,-8,825.00,408.00,0,13300
-21,-8,826.00,409.00,0,13308
-21,-8,825.00,409.00,0,13317
-21,-8,826.00,408.00,0,13324
-21,-8,825.00,408.00,0,13332
-21,-8,825.00,409.00,0,13339
-21,-8,825.00,408.00,0,13347
-21,-8,825.00,408.00,0,13356
-21,-8,825.00,408.00,0,13363
-21,-8,826.00,408.00,0,13371
-21,-8,826.00,408.00,0,13378
-21,-8,825.00,408.00,0,13386
-21,-8,825.00,408.00,0,13394
-21,-8,825.00,408.00,0,13402
-21,-8,825.00,408.00,0,13410
-21,-8,826.00,408.00,0,13418
-21,-8,825.00,408.00,0,13425
-21,-8,825.00,408.00,0,13433
-21,-8,826.00,409.00,0,13441
-21,-8,825.00,408.00,0,13449
-21,-8,826.00,408.00,0,13457
-21,-8,825.00,408.00,0,13464
-21,-8,825.00,408.00,0,13472
-21,-8,825.00,408.00,0,13480
-21,-8,825.00,408.00,0,13488
-21,-8,826.00,408.00,0,13496
-21,-8,825.00,408.00,0,13503
-21,-8,825.00,408.00,0,13511
-21,-8,826.00,409.00,0,13519
-21,-8,825.00,408.00,0,13527
-21,-8,825.00,409.00,0,13535
-21,-8,826.00,408.00,0,13542
-21,-8,825.00,408.00,0,13550
-21,-8,826.00,408.00,0,13558
-21,-8,825.00,408.00,0,13565
-21,-8,825.00,408.00,0,13574
-21,-8,825.00,408.00,0,13582
-21,-8,825.00,408.00,0,13589
-21,-8,826.00,408.00,0,13597
-21,-8,825.00,408.00,0,13604
-21,-8,825.00,408.00,0,13613
-21,-8,825.00,408.00,0,13621
-21,-8,825.00,408.00,0,13628
-21,-8,825.00,409.00,0,13636
-21,-8,826.00,408.00,0,13643
-21,-8,825.00,408.00,0,13651
-21,-8,826.00,408.00,0,13660
-21,-8,825.00,409.00,0,13667
-21,-8,825.00,408.00,0,13675
-21,-8,825.00,408.00,0,13683
-21,-8,825.00,408.00,0,13690
-21,-8,825.00,408.00,0,13699
-21,-8,825.00,408.00,0,13706
-21,-8,826.00,408.00,0,13714
-21,-8,825.00,408.00,0,13722
-21,-8,825.00,408.00,0,13729
-21,-8,826.00,409.00,0,13737
-21,-8,826.00,408.00,0,13745
-21,-8,825.00,408.00,0,13753
-21,-8,825.00,409.00,0,13761
-21,-8,825.00,408.00,0,13768
-21,-8,825.00,409.00,0,13776
-21,-8,825.00,408.00,0,13785
-21,-8,825.00,408.00,0,13792
-21,-8,825.00,408.00,0,13800
-21,-8,826.00,408.00,0,13807
-21,-8,825.00,408.00,0,13815
-21,-8,825.00,408.00,0,13824
-21,-8,825.00,408.00,0,13831
-21,-8,825.00,409.00,0,13839
-21,-8,826.00,408.00,0,13847
-21,-8,825.00,409.00,0,13854
-21,-8,826.00,408.00,0,13862
-21,-8,825.00,409.00,0,13870
-21,-8,826.00,408.00,0,13878
-21,-8,825.00,408.00,0,13886
-22,-8,825.00,408.00,0,13893
-22,-8,825.00,409.00,0,13901
-22,-8,825.00,408.00,0,13908
-22,-8,825.00,408.00,0,13917
-22,-8,826.00,408.00,0,13925
-22,-8,825.00,408.00,0,13932
-22,-8,825.00,408.00,0,13940
-22,-8,826.00,408.00,0,13948
-22,-8,825.00,409.00,0,13956
-22,-8,826.00,408.00,0,13964
-22,-8,825.00,409.00,0,13971
-22,-8,826.00,408.00,0,13979
-22,-8,825.00,408.00,0,13987
-22,-8,825.00,408.00,0,13995
-22,-8,826.00,408.00,0,14003
-22,-8,825.00,408.00,0,14010
-22,-8,825.00,408.00,0,14018
-22,-8,825.00,408.00,0,14026
-22,-8,825.00,409.00,0,14033
-22,-8,826.00,409.00,0,14042
-22,-8,825.00,409.00,0,14050
-22,-8,825.00,408.00,0,14057
-22,-8,826.00,408.00,0,14065
-22,-8,825.00,408.00,0,14072
-22,-8,826.00,408.00,0,14081
-22,-8,825.00,408.00,0,14089
-22,-8,825.00,408.00,0,14096
-22,-8,825.00,408.00,0,14104
-22,-8,825.00,409.00,0,14112
-22,-8,825.00,408.00,0,14119
-22,-8,825.00,408.00,0,14128
-22,-8,826.00,409.00,0,14135
-22,-8,825.00,409.00,0,14143
-22,-8,826.00,408.00,0,14151
-22,-8,825.00,409.00,0,14158
-22,-8,826.00,408.00,0,14167
-22,-8,825.00,408.00,0,14174
-22,-8,825.00,408.00,0,14182
-22,-8,825.00,408.00,0,14190
-22,-8,825.00,409.00,0,14197
-22,-8,825.00,408.00,0,14205
-22,-8,826.00,408.00,0,14214
-22,-8,825.00,408.00,0,14221
-22,-8,825.00,408.00,0,14229
-22,-8,825.00,408.00,0,14236
-22,-8,825.00,408.00,0,14244
-22,-8,825.00,408.00,0,14253
-22,-8,825.00,409.00,0,14260
-22,-8,826.00,408.00,0,14268
-22,-8,825.00,409.00,0,14275
-22,-8,826.00,408.00,0,14283
-22,-8,825.00,408.00,0,14291
-22,-8,826.00,408.00,0,14299
-22,-8,825.00,408.00,0,14307
-22,-8,825.00,408.00,0,14315
-22,-8,825.00,408.00,0,14322
-22,-8,825.00,408.00,0,14330
-22,-8,825.00,408.00,0,14338
-22,-8,825.00,408.00,0,14346
-22,-8,826.00,408.00,0,14354
-22,-8,825.00,409.00,0,14361
-22,-8,826.00,408.00,0,14369
-22,-8,825.00,409.00,0,14376
-22,-8,825.00,408.00,0,14385
-22,-8,825.00,408.00,0,14393
-22,-8,825.00,408.00,0,14400
-22,-8,825.00,408.00,0,14408
-22,-8,825.00,408.00,0,14416
-22,-8,825.00,408.00,0,14424
-22,-8,825.00,408.00,0,14432
-22,-8,826.00,408.00,0,14439
-22,-8,825.00,408.00,0,14447
-22,-8,826.00,408.00,0,14455
-22,-8,825.00,409.00,0,14462
-22,-8,826.00,408.00,0,14471
-22,-8,825.00,408.00,0,14479
-22,-8,826.00,408.00,0,14486
-22,-8,825.00,408.00,0,14494
-22,-8,826.00,408.00,0,14501
-22,-8,825.00,408.00,0,14510
-22,-8,825.00,408.00,0,14518
-22,-8,825.00,408.00,0,14525
-22,-8,825.00,408.00,0,14533
-22,-8,825.00,408.00,0,14540
-22,-8,825.00,408.00,0,14548
-22,-8,826.00,408.00,0,14557
-22,-8,825.00,409.00,0,14564
-22,-8,826.00,408.00,0,14572
-22,-8,826.00,409.00,0,14580
-22,-8,825.00,408.00,0,14587
-22,-8,825.00,408.00,0,14596
-22,-8,825.00,408.00,0,14603
-22,-8,825.00,408.00,0,14611
-22,-8,825.00,408.00,0,14619
-22,-8,825.00,408.00,0,14626
-22,-8,825.00,409.00,0,14635
-22,-8,825.00,408.00,0,14642
-22,-8,825.00,408.00,0,14650
-22,-8,826.00,408.00,0,14658
-22,-8,825.00,409.00,0,14665
-22,-8,826.00,408.00,0,14673
-22,-8,825.00,409.00,0,14682
-22,-8,825.00,408.00,0,14689
-22,-8,825.00,409.00,0,14697
-22,-8,826.00,408.00,0,14704
-22,-8,825.00,408.00,0,14712
-22,-8,825.00,408.00,0,14721
-22,-8,825.00,408.00,0,14728
-22,-8,825.00,408.00,0,14736
-22,-8,826.00,408.00,0,14743
-22,-8,825.00,408.00,0,14751
-22,-8,826.00,409.00,0,14759
-22,-8,825.00,408.00,0,14767
-22,-8,826.00,408.00,0,14775
-22,-8,825.00,409.00,0,14783
-22,-8,825.00,408.00,0,14790
-22,-8,826.00,409.00,0,14798
-22,-8,826.00,408.00,0,14806
-22,-8,825.00,408.00,0,14814
-22,-8,826.00,409.00,0,14822
-22,-8,825.00,408.00,0,14829
-22,-8,826.00,408.00,0,14837
-22,-8,825.00,408.00,0,14845
-22,-8,825.00,408.00,0,14853
-22,-8,826.00,409.00,0,14861
-22,-8,825.00,408.00,0,14868
-22,-8,825.00,408.00,0,14876
-22,-8,825.00,409.00,0,14884
-22,-8,825.00,408.00,0,14892
-22,-8,825.00,409.00,0,14900
-22,-8,826.00,408.00,0,14907
-22,-8,825.00,408.00,0,14915
-22,-8,825.00,408.00,0,14923
-22,-8,825.00,408.00,0,14930
-22,-8,826.00,408.00,0,14939
-22,-8,825.00,408.00,0,14947
-22,-8,825.00,408.00,0,14954
-22,-8,826.00,408.00,0,14962
-22,-8,825.00,408.00,0,14969
-22,-8,825.00,408.00,0,14978
-22,-8,825.00,408.00,0,14986
-22,-8,825.00,408.00,0,14993
-22,-8,825.00,409.00,0,15001
-22,-8,826.00,408.00,0,15008
-22,-8,825.00,408.00,0,15016
-22,-8,825.00,408.00,0,15025
-22,-8,825.00,408.00,0,15032
-22,-8,826.00,409.00,0,15040
-22,-8,825.00,408.00,0,15048
-22,-8,825.00,408.00,0,15055
-22,-8,826.00,408.00,0,15064
-22,-8,825.00,408.00,0,15071
-22,-8,826.00,408.00,0,15079
-22,-8,825.00,409.00,0,15087
-22,-8,825.00,408.00,0,15094
-22,-8,826.00,408.00,0,15102
-22,-8,826.00,408.00,0,15111
-22,-8,825.00,408.00,0,15118
-22,-8,825.00,408.00,0,15126
-22,-8,825.00,408.00,0,15133
-22,-8,825.00,409.00,0,15141
-22,-8,825.00,408.00,0,15150
-22,-8,825.00,409.00,0,15157
-22,-8,825.00,408.00,0,15165
-22,-8,825.00,408.00,0,15172
-22,-8,825.00,408.00,0,15180
-22,-8,825.00,408.00,0,15188
-22,-8,825.00,408.00,0,15196
-22,-8,825.00,408.00,0,15204
-22,-8,826.00,409.00,0,15212
-22,-8,825.00,408.00,0,15219
-22,-8,825.00,408.00,0,15227
-22,-8,825.00,408.00,0,15235
-22,-8,826.00,408.00,0,15243
-22,-8,825.00,408.00,0,15251
-22,-8,825.00,408.00,0,15258
-22,-8,826.00,408.00,0,15266
-22,-8,826.00,408.00,0,15273
-22,-8,825.00,408.00,0,15282
-22,-8,825.00,409.00,0,15290
-22,-8,826.00,408.00,0,15297
-22,-8,825.00,409.00,0,15305
-22,-8,826.00,408.00,0,15313
-22,-8,825.00,408.00,0,15321
-22,-8,825.00,409.00,0,15329
-22,-8,825.00,408.00,0,15336
-22,-8,825.00,408.00,0,15344
-22,-8,825.00,408.00,0,15352
-22,-8,825.00,408.00,0,15360
-22,-8,825.00,408.00,0,15368
-22,-8,826.00,408.00,0,15375
-22,-8,825.00,409.00,0,15383
-22,-8,825.00,408.00,0,15391
-22,-8,825.00,409.00,0,15398
-22,-8,825.00,409.00,0,15407
-22,-8,825.00,408.00,0,15415
-22,-8,825.00,408.00,0,15422
-22,-8,825.00,408.00,0,15430
-22,-8,825.00,409.00,0,15437
-22,-8,826.00,408.00,0,15446
-22,-8,825.00,408.00,0,15454
-22,-8,825.00,408.00,0,15461
-22,-8,825.00,408.00,0,15469
-22,-8,825.00,408.00,0,15477
-22,-8,825.00,408.00,0,15484
-22,-8,825.00,409.00,0,15493
-22,-8,826.00,408.00,0,15500
-22,-8,825.00,409.00,0,15508
-22,-8,826.00,408.00,0,15516
-22,-8,825.00,408.00,0,15523
-22,-8,825.00,408.00,0,15532
-22,-8,825.00,409.00,0,15539
-22,-8,825.00,408.00,0,15547
-22,-8,825.00,408.00,0,15555
-22,-8,825.00,408.00,0,15562
-22,-8,825.00,408.00,0,15570
-22,-8,825.00,408.00,0,15579
-22,-8,825.00,408.00,0,15586
-22,-8,825.00,408.00,0,15594
-22,-8,826.00,408.00,0,15601
-22,-8,826.00,408.00,0,15609
-22,-8,825.00,408.00,0,15618
-22,-8,825.00,408.00,0,15625
-22,-8,825.00,408.00,0,15633
-22,-8,826.00,408.00,0,15640
-22,-8,825.00,408.00,0,15648
-22,-8,825.00,408.00,0,15656
-22,-8,825.00,408.00,0,15664
-22,-8,826.00,408.00,0,15672
-22,-8,826.00,408.00,0,15680
-22,-8,825.00,408.00,0,15687
-22,-8,826.00,408.00,0,15695
-22,-8,826.00,408.00,0,15703
-22,-8,825.00,409.00,0,15711
-22,-8,826.00,408.00,0,15719
-22,-8,825.00,408.00,0,15726
-22,-8,825.00,408.00,0,15734
-22,-8,825.00,409.00,0,15741
-22,-8,825.00,408.00,0,15750
-22,-8,826.00,408.00,0,15758
-22,-8,825.00,409.00,0,15765
-22,-8,825.00,409.00,0,15773
-22,-8,825.00,409.00,0,15781
-22,-8,825.00,408.00,0,15789
-22,-8,825.00,408.00,0,15797
-22,-8,826.00,408.00,0,15804
-22,-8,825.00,408.00,0,15812
-22,-8,826.00,408.00,0,15820
-22,-8,825.00,408.00,0,15827
-22,-8,826.00,408.00,0,15836
-22,-8,826.00,408.00,0,15844
-22,-8,825.00,408.00,0,15851
-22,-8,825.00,408.00,0,15859
-22,-8,825.00,408.00,0,15866
-22,-8,825.00,408.00,0,15875
-22,-9,826.00,408.00,0,15883
-22,-9,825.00,408.00,0,15890
-22,-9,826.00,408.00,0,15898
-22,-9,825.00,408.00,0,15905
-22,-9,826.00,408.00,0,15913
-22,-9,826.00,408.00,0,15922
-22,-9,825.00,409.00,0,15929
-22,-9,826.00,409.00,0,15937
-22,-9,825.00,409.00,0,15945
-22,-9,825.00,409.00,0,15952
-22,-9,825.00,408.00,0,15961
-22,-9,825.00,408.00,0,15968
-22,-9,825.00,408.00,0,15976
-22,-9,825.00,408.00,0,15984
-22,-9,825.00,408.00,0,15991
-22,-9,826.00,408.00,0,16000
-22,-9,825.00,408.00,0,16007
-22,-9,825.00,408.00,0,16015
-22,-9,825.00,408.00,0,16023
-22,-9,825.00,408.00,0,16030
-22,-9,826.00,409.00,0,16038
-22,-9,826.00,408.00,0,16047
-22,-9,825.00,408.00,0,16054
-22,-9,825.00,408.00,0,16062
-22,-9,825.00,408.00,0,16069
-22,-9,826.00,408.00,0,16077
-22,-9,825.00,409.00,0,16086
-22,-9,825.00,408.00,0,16093
-22,-9,825.00,408.00,0,16101
-23,-9,825.00,409.00,0,16109
-23,-9,825.00,408.00,0,16116
-23,-9,826.00,408.00,0,16124
-23,-9,825.00,408.00,0,16132
-23,-9,826.00,408.00,0,16140
-23,-9,825.00,408.00,0,16148
-23,-9,825.00,408.00,0,16155
-23,-9,825.00,408.00,0,16163
-23,-9,825.00,408.00,0,16171
-23,-9,825.00,408.00,0,16179
-23,-9,825.00,408.00,0,16187
-23,-9,825.00,408.00,0,16194
-23,-9,825.00,408.00,0,16202
-23,-9,826.00,408.00,0,16210
-23,-9,825.00,408.00,0,16218
-23,-9,825.00,408.00,0,16226
-23,-9,825.00,409.00,0,16233
-23,-9,826.00,408.00,0,16241
-23,-9,825.00,408.00,0,16249
-23,-9,825.00,408.00,0,16257
-23,-9,825.00,409.00,0,16265
-23,-9,825.00,408.00,0,16272
-23,-9,825.00,408.00,0,16280
-23,-9,825.00,408.00,0,16288
-23,-9,825.00,408.00,0,16295
-23,-9,825.00,408.00,0,16304
-23,-9,826.00,408.00,0,16312
-23,-9,825.00,408.00,0,16319
-23,-9,826.00,408.00,0,16327
-23,-9,825.00,409.00,0,16334
-23,-9,826.00,408.00,0,16343
-23,-9,825.00,408.00,0,16351
-23,-9,825.00,408.00,0,16358
-23,-9,825.00,409.00,0,16366
-23,-9,826.00,408.00,0,16373
-23,-9,825.00,408.00,0,16381
-23,-9,825.00,408.00,0,16390
-23,-9,825.00,408.00,0,16397
-23,-9,825.00,409.00,0,16405
-23,-9,825.00,408.00,0,16413
-23,-9,825.00,408.00,0,16420
-23,-9,825.00,408.00,0,16429
-23,-9,825.00,408.00,0,16436
-23,-9,825.00,408.00,0,16444
-23,-9,825.00,408.00,0,16452
-23,-9,825.00,408.00,0,16459
-23,-9,826.00,408.00,0,16467
-23,-9,0.00,408.00,0,16475
15,-9,0.00,341.00,0,16482
93,-9,0.00,325.00,0,16489
186,-9,352.00,325.00,0,16496
281,-9,0.00,325.00,0,16503
377,-8,0.00,324.00,0,16512
483,-7,416.00,307.00,0,16519
599,-4,745.00,308.00,0,16527
717,-1,787.00,326.00,0,16534
847,2,826.00,291.00,0,16542
980,5,826.00,291.00,0,16549
1093,9,826.00,325.00,0,16558
1201,13,825.00,324.00,0,16566
1305,15,811.00,325.00,0,16573
1399,17,225.00,357.00,0,16581
1501,19,363.00,324.00,0,16589
1615,19,637.00,325.00,0,16598
1729,20,695.00,307.00,0,16606
1847,21,807.00,325.00,0,16614
1963,21,802.00,341.00,0,16622
2071,21,383.00,324.00,0,16630
2178,21,148.00,324.00,0,16637
2289,21,172.00,324.00,0,16646
2405,23,329.00,315.00,0,16654
2523,26,446.00,325.00,0,16662
2644,30,788.00,325.00,0,16670
2767,35,811.00,308.00,0,16678
2901,41,825.00,292.00,0,16687
3037,46,825.00,308.00,0,16695
3159,51,824.00,324.00,0,16702
3267,56,822.00,341.00,0,16710
3363,61,474.00,324.00,0,16718
3463,63,329.00,340.00,0,16727
3575,66,541.00,324.00,0,16735
3689,67,673.00,324.00,0,16743
3804,69,800.00,324.00,0,16751
3919,69,799.00,307.00,0,16759
4031,69,502.00,324.00,0,16766
4141,70,364.00,324.00,0,16775
4251,71,255.00,324.00,0,16783
4367,73,224.00,308.00,0,16791
4483,75,446.00,307.00,0,16799
4603,79,646.00,324.00,0,16807
4721,84,700.00,307.00,0,16816
4847,89,822.00,307.00,0,16824
4979,95,825.00,291.00,0,16831
5109,101,826.00,308.00,0,16839
5230,106,825.00,324.00,0,16848
5337,109,785.00,324.00,0,16857
5437,113,296.00,325.00,0,16865
5550,114,463.00,308.00,0,16873
5667,115,701.00,325.00,0,16881
5786,115,794.00,308.00,0,16889
5906,115,772.00,309.00,0,16898
6021,115,605.00,324.00,0,16907
6135,115,448.00,324.00,0,16915
6251,115,339.00,325.00,0,16923
6369,117,254.00,325.00,0,16931
6489,121,429.00,307.00,0,16940
6611,127,637.00,325.00,0,16948
6733,133,759.00,340.00,0,16956
6861,141,815.00,341.00,0,16964
6993,147,825.00,308.00,0,16972
7123,153,826.00,307.00,0,16982
7242,159,818.00,325.00,0,16990
7349,161,623.00,341.00,0,16998
7454,163,369.00,324.00,0,17006
7571,164,537.00,308.00,0,17014
7689,164,655.00,324.00,0,17022
7807,164,791.00,307.00,0,17031
7929,164,798.00,309.00,0,17039
8045,163,662.00,324.00,0,17048
8159,163,482.00,324.00,0,17056
8275,163,438.00,324.00,0,17064
8393,167,249.00,307.00,0,17073
8513,171,481.00,308.00,0,17081
8635,177,687.00,325.00,0,17089
8757,184,791.00,308.00,0,17097
8883,191,809.00,325.00,0,17105
9011,197,808.00,307.00,0,17115
9135,202,820.00,325.00,0,17123
9250,205,805.00,341.00,0,17131
9357,207,395.00,341.00,0,17139
9472,207,545.00,308.00,0,17147
9591,207,615.00,324.00,0,17156
9709,206,544.00,323.00,0,17164
9830,206,796.00,307.00,0,17172
9951,206,797.00,307.00,0,17181
10066,206,537.00,326.00,0,17189
10185,208,438.00,308.00,0,17198
10307,211,508.00,308.00,0,17207
10429,217,454.00,324.00,0,17215
10553,223,456.00,325.00,0,17224
10677,230,684.00,307.00,0,17232
10805,237,805.00,325.00,0,17241
10933,243,812.00,307.00,0,17250
11063,248,799.00,308.00,0,17258
11185,250,804.00,324.00,0,17266
11300,250,649.00,324.00,0,17275
11417,250,470.00,324.00,0,17284
11539,248,534.00,324.00,0,17293
11661,247,653.00,324.00,0,17301
11785,246,763.00,307.00,0,17309
11909,246,788.00,325.00,0,17318
12032,248,644.00,324.00,0,17327
12151,251,581.00,341.00,0,17335
12271,256,554.00,325.00,0,17344
12394,262,371.00,324.00,0,17352
12517,268,564.00,308.00,0,17361
12642,275,708.00,324.00,0,17370
12767,281,791.00,308.00,0,17378
12894,286,788.00,308.00,0,17387
13021,288,796.00,307.00,0,17395
13144,289,802.00,324.00,0,17403
13261,289,621.00,307.00,0,17413
13379,287,443.00,324.00,0,17421
13501,285,597.00,308.00,0,17430
13623,285,604.00,308.00,0,17438
13747,285,639.00,308.00,0,17446
13872,289,733.00,309.00,0,17456
13996,293,766.00,325.00,0,17464
14115,297,617.00,307.00,0,17472
14236,303,518.00,324.00,0,17481
14359,309,559.00,341.00,0,17489
14481,315,644.00,308.00,0,17499
14605,319,653.00,324.00,0,17507
14729,324,688.00,308.00,0,17515
14855,327,802.00,308.00,0,17524
14981,328,809.00,324.00,0,17532
15104,328,789.00,307.00,0,17542
15221,328,561.00,307.00,0,17550
15343,326,602.00,325.00,0,17558
15464,325,624.00,341.00,0,17567
15587,325,542.00,325.00,0,17575
15709,327,539.00,307.00,0,17584
15835,332,801.00,325.00,0,17593
15959,337,802.00,325.00,0,17601
16081,343,609.00,324.00,0,17610
16201,347,534.00,324.00,0,17618
16323,352,668.00,307.00,0,17627
16446,356,644.00,308.00,0,17636
16569,359,579.00,324.00,0,17644
16692,361,660.00,341.00,0,17652
16817,363,803.00,324.00,0,17661
16943,364,804.00,324.00,0,17670
17067,364,751.00,325.00,0,17679
17186,364,619.00,342.00,0,17687
17306,364,649.00,308.00,0,17695
17429,364,575.00,325.00,0,17704
17550,365,489.00,307.00,0,17713
17673,369,617.00,324.00,0,17721
17798,374,797.00,324.00,0,17730
17923,379,791.00,341.00,0,17738
18045,385,687.00,326.00,0,17747
18166,389,662.00,325.00,0,17756
18288,393,686.00,324.00,0,17764
18410,395,575.00,307.00,0,17773
18533,397,552.00,308.00,0,17781
18656,399,696.00,308.00,0,17790
18780,401,786.00,325.00,0,17799
18905,402,785.00,308.00,0,17807
19029,403,747.00,325.00,0,17816
19149,403,709.00,341.00,0,17824
19270,405,639.00,325.00,0,17832
19392,405,442.00,324.00,0,17842
19515,408,581.00,325.00,0,17850
19637,411,635.00,325.00,0,17859
19761,415,685.00,307.00,0,17867
19885,420,675.00,307.00,0,17875
20009,424,717.00,308.00,0,17885
20130,427,669.00,324.00,0,17893
20251,431,636.00,325.00,0,17901
20374,433,545.00,324.00,0,17910
20497,435,652.00,308.00,0,17918
20619,437,652.00,324.00,0,17928
20743,439,664.00,308.00,0,17936
20869,441,749.00,308.00,0,17944
20993,443,787.00,326.00,0,17953
21113,444,696.00,309.00,0,17961
21233,445,586.00,341.00,0,17970
21355,446,606.00,308.00,0,17979
21479,448,644.00,308.00,0,17987
21601,451,591.00,325.00,0,17996
21723,455,476.00,307.00,0,18004
21849,459,761.00,308.00,0,18013
21973,463,777.00,324.00,0,18022
22093,466,636.00,325.00,0,18030
22215,469,513.00,307.00,0,18039
22337,471,676.00,341.00,0,18048
22460,474,671.00,324.00,0,18056
22583,476,594.00,325.00,0,18065
22707,479,575.00,308.00,0,18073
22831,481,798.00,308.00,0,18081
22955,483,800.00,308.00,0,18091
23077,485,651.00,324.00,0,18099
23199,486,596.00,308.00,0,18108
23321,487,711.00,308.00,0,18116
23442,489,661.00,341.00,0,18124
23564,491,513.00,324.00,0,18134
23687,495,612.00,324.00,0,18142
23813,499,795.00,325.00,0,18150
23936,503,779.00,324.00,0,18159
24058,505,571.00,324.00,0,18167
24179,508,625.00,324.00,0,18177
24302,510,714.00,308.00,0,18185
24424,511,630.00,308.00,0,18193
24547,514,551.00,341.00,0,18202
24669,517,672.00,334.00,0,18210
24794,519,786.00,308.00,0,18219
24918,521,777.00,314.00,0,18228
25041,524,629.00,308.00,0,18236
25163,525,680.00,325.00,0,18245
25285,527,710.00,325.00,0,18253
25406,529,613.00,324.00,0,18262
25529,531,585.00,325.00,0,18271
25651,533,664.00,325.00,0,18279
25775,536,738.00,325.00,0,18287
25899,539,711.00,325.00,0,18296
26021,542,658.00,318.00,0,18305
26143,545,672.00,324.00,0,18314
26265,547,672.00,326.00,0,18322
26388,549,513.00,325.00,0,18330
26510,552,630.00,308.00,0,18339
26633,555,677.00,324.00,0,18348
26757,558,705.00,325.00,0,18357
26881,561,710.00,324.00,0,18365
27004,563,759.00,325.00,0,18373
27126,564,713.00,325.00,0,18382
27248,565,624.00,307.00,0,18391
27370,566,583.00,308.00,0,18399
27493,567,646.00,308.00,0,18408
27615,570,610.00,307.00,0,18416
27737,573,606.00,309.00,0,18425
27862,577,718.00,307.00,0,18434
27986,581,757.00,324.00,0,18442
28107,583,662.00,325.00,0,18451
28229,586,609.00,324.00,0,18459
28352,589,661.00,325.00,0,18467
28475,591,676.00,308.00,0,18477
28597,593,622.00,325.00,0,18485
28719,595,523.00,324.00,0,18494
28845,598,774.00,308.00,0,18502
28969,600,782.00,308.00,0,18510
29089,601,670.00,342.00,0,18520
29211,603,547.00,307.00,0,18528
29333,605,706.00,325.00,0,18536
29456,607,665.00,308.00,0,18545
29579,609,577.00,325.00,0,18553
29701,613,565.00,308.00,0,18563
29826,616,767.00,307.00,0,18571
29949,619,777.00,325.00,0,18579
30071,621,607.00,325.00,0,18588
30193,624,619.00,341.00,0,18596
30315,625,720.00,308.00,0,18606
30438,627,671.00,325.00,0,18614
30561,629,524.00,325.00,0,18622
30683,632,621.00,308.00,0,18631
30807,635,774.00,308.00,0,18639
30932,639,771.00,309.00,0,18648
31054,641,604.00,325.00,0,18657
31175,643,673.00,325.00,0,18665
31298,645,768.00,342.00,0,18674
31421,646,650.00,324.00,0,18682
31542,648,630.00,325.00,0,18691
31665,651,641.00,325.00,0,18700
31789,653,750.00,308.00,0,18708
31913,656,715.00,325.00,0,18716
32035,659,590.00,308.00,0,18725
32155,661,651.00,308.00,0,18734
32277,663,709.00,325.00,0,18743
32400,665,770.00,331.00,0,18751
32521,669,602.00,307.00,0,18759
32645,671,679.00,325.00,0,18768
32769,674,709.00,308.00,0,18777
32893,677,612.00,324.00,0,18785
33015,679,691.00,324.00,0,18794
33137,679,695.00,325.00,0,18802
33259,681,670.00,308.00,0,18811
33382,683,542.00,324.00,0,18820
33504,685,651.00,325.00,0,18828
33627,687,656.00,309.00,0,18837
33749,691,630.00,307.00,0,18845
33874,694,685.00,309.00,0,18854
33997,697,730.00,324.00,0,18863
34118,699,666.00,308.00,0,18871
34241,702,615.00,325.00,0,18880
34363,703,614.00,325.00,0,18888
34486,705,665.00,309.00,0,18896
34609,707,645.00,325.00,0,18906
34731,710,621.00,341.00,0,18914
34855,713,731.00,326.00,0,18923
34979,715,763.00,309.00,0,18931
35101,717,662.00,325.00,0,18939
35223,719,602.00,325.00,0,18949
35345,721,672.00,325.00,0,18957
35469,723,677.00,325.00,0,18965
35590,725,604.00,324.00,0,18974
35713,728,532.00,341.00,0,18982
35837,731,763.00,325.00,0,18992
35961,734,774.00,341.00,0,19000
36082,736,608.00,325.00,0,19008
36204,738,565.00,308.00,0,19017
36327,739,709.00,323.00,0,19025
36450,742,665.00,308.00,0,19034
36572,745,558.00,324.00,0,19043
36695,747,588.00,325.00,0,19051
36819,751,779.00,308.00,0,19060
36943,753,779.00,325.00,0,19068
37065,755,594.00,342.00,0,19077
37186,757,635.00,324.00,0,19086
37310,757,738.00,324.00,0,19094
37432,759,644.00,325.00,0,19102
37554,761,522.00,308.00,0,19111
37676,763,614.00,325.00,0,19120
37800,767,748.00,308.00,0,19129
37925,770,731.00,308.00,0,19137
38046,773,607.00,308.00,0,19145
38168,775,656.00,341.00,0,19154
38291,777,738.00,325.00,0,19163
38414,780,654.00,308.00,0,19172
38537,782,652.00,325.00,0,19180
38658,784,661.00,308.00,0,19188
38782,787,742.00,325.00,0,19197
38906,789,700.00,308.00,0,19206
39029,791,630.00,325.00,0,19214
39150,793,688.00,308.00,0,19223
39273,794,712.00,341.00,0,19231
39395,796,505.00,307.00,0,19240
39518,798,624.00,308.00,0,19249
39641,801,651.00,308.00,0,19257
39763,803,679.00,307.00,0,19266
39888,807,615.00,325.00,0,19274
40010,809,672.00,308.00,0,19282
40132,811,666.00,308.00,0,19292
40255,813,662.00,325.00,0,19300
40377,815,596.00,325.00,0,19309
40499,817,667.00,325.00,0,19317
40622,820,656.00,324.00,0,19325
40745,823,641.00,325.00,0,19335
40869,825,678.00,308.00,0,19343
40993,827,723.00,313.00,0,19351
41115,829,663.00,325.00,0,19360
41236,831,621.00,323.00,0,19368
41359,832,660.00,336.00,0,19378
41482,833,690.00,341.00,0,19386
41603,836,622.00,322.00,0,19394
41727,839,642.00,320.00,0,19403
41851,842,728.00,325.00,0,19411
41974,845,747.00,308.00,0,19421
42096,848,637.00,309.00,0,19429
42218,850,508.00,308.00,0,19437
42341,851,699.00,308.00,0,19446
42463,853,718.00,341.00,0,19454
42585,855,597.00,341.00,0,19463
42708,857,532.00,325.00,0,19472
42832,860,759.00,325.00,0,19480
42957,863,760.00,308.00,0,19489
43078,865,618.00,325.00,0,19497
43201,867,591.00,310.00,0,19506
43323,869,724.00,325.00,0,19515
43446,871,690.00,325.00,0,19523
43568,873,565.00,325.00,0,19531
43690,875,612.00,325.00,0,19540
43814,877,767.00,308.00,0,19549
43937,880,755.00,325.00,0,19558
44060,883,555.00,325.00,0,19566
44181,885,619.00,307.00,0,19574
44305,887,723.00,308.00,0,19584
44427,889,661.00,324.00,0,19592
44549,892,527.00,308.00,0,19600
44673,895,637.00,309.00,0,19609
44795,897,760.00,341.00,0,19617
44920,899,732.00,324.00,0,19627
45042,901,693.00,325.00,0,19635
45165,903,654.00,308.00,0,19643
45287,904,726.00,308.00,0,19652
45410,905,626.00,308.00,0,19660
45532,908,575.00,324.00,0,19670
45654,911,657.00,324.00,0,19678
45777,914,715.00,308.00,0,19686
45901,917,686.00,307.00,0,19695
46023,920,653.00,341.00,0,19703
46145,922,700.00,325.00,0,19712
46269,924,703.00,308.00,0,19721
46391,925,508.00,323.00,0,19729
46514,927,626.00,307.00,0,19738
46636,929,648.00,307.00,0,19746
46759,932,671.00,325.00,0,19755
46883,935,613.00,308.00,0,19764
47007,937,702.00,325.00,0,19772
47127,939,689.00,325.00,0,19780
47249,941,651.00,308.00,0,19789
47373,943,617.00,325.00,0,19798
47497,944,678.00,308.00,0,19807
47618,946,626.00,307.00,0,19815
47740,948,600.00,325.00,0,19823
47865,951,680.00,325.00,0,19832
47987,953,731.00,325.00,0,19841
48109,956,639.00,325.00,0,19849
48231,959,619.00,341.00,0,19858
48355,961,657.00,308.00,0,19866
48477,963,715.00,308.00,0,19875
48600,965,635.00,325.00,0,19884
48722,967,474.00,308.00,0,19892
48847,969,723.00,325.00,0,19901
48970,971,744.00,308.00,0,19909
49091,972,633.00,324.00,0,19917
49213,974,542.00,307.00,0,19927
49336,976,731.00,342.00,0,19935
49459,979,728.00,325.00,0,19944
49581,981,588.00,308.00,0,19952
49703,984,546.00,325.00,0,19960
49828,987,759.00,324.00,0,19970
49951,989,754.00,309.00,0,19978
50073,991,576.00,308.00,0,19987
50195,992,575.00,324.00,0,19995
50318,993,726.00,325.00,0,20003
50441,995,682.00,325.00,0,20013
50563,998,550.00,307.00,0,20021
50685,1001,609.00,325.00,0,20030
50813,1005,764.00,325.00,0,20038
50941,1007,774.00,341.00,0,20047
51067,1010,587.00,325.00,0,20057
51193,1011,635.00,308.00,0,20065
51319,1013,741.00,325.00,0,20074
51446,1013,681.00,308.00,0,20082
51571,1015,555.00,307.00,0,20091
51697,1017,550.00,308.00,0,20101
51825,1021,747.00,308.00,0,20109
51952,1023,760.00,325.00,0,20118
52077,1026,584.00,325.00,0,20127
52203,1028,563.00,308.00,0,20135
52331,1031,717.00,309.00,0,20145
52457,1033,700.00,308.00,0,20154
52582,1035,587.00,308.00,0,20162
52708,1037,542.00,325.00,0,20171
52836,1040,741.00,311.00,0,20179
52965,1043,761.00,308.00,0,20189
53089,1045,623.00,325.00,0,20198
53215,1046,586.00,325.00,0,20206
53343,1047,685.00,325.00,0,20215
53469,1049,699.00,325.00,0,20225
53594,1051,603.00,308.00,0,20233
53720,1053,462.00,307.00,0,20242
53848,1056,709.00,308.00,0,20250
53975,1059,735.00,325.00,0,20259
54101,1061,618.00,325.00,0,20269
54227,1064,611.00,325.00,0,20277
54353,1067,658.00,307.00,0,20286
54480,1069,702.00,342.00,0,20295
54606,1071,654.00,341.00,0,20303
54731,1074,605.00,325.00,0,20313
54859,1076,702.00,325.00,0,20322
54987,1077,710.00,308.00,0,20330
55112,1079,657.00,325.00,0,20339
55239,1081,619.00,326.00,0,20347
55365,1083,626.00,325.00,0,20357
55492,1085,674.00,325.00,0,20366
55617,1087,637.00,325.00,0,20374
55743,1091,596.00,325.00,0,20383
55871,1093,657.00,325.00,0,20392
55998,1096,688.00,308.00,0,20401
56123,1098,669.00,308.00,0,20410
56249,1100,644.00,307.00,0,20419
56376,1102,586.00,307.00,0,20427
56503,1103,663.00,341.00,0,20436
56629,1106,670.00,326.00,0,20445
56755,1109,645.00,325.00,0,20454
56883,1111,614.00,308.00,0,20463
57009,1113,670.00,324.00,0,20471
57135,1115,680.00,308.00,0,20481
57261,1117,687.00,325.00,0,20490
57389,1119,527.00,307.00,0,20498
57515,1121,631.00,308.00,0,20507
57641,1124,658.00,325.00,0,20515
57767,1127,674.00,324.00,0,20525
57894,1129,687.00,325.00,0,20534
58020,1131,608.00,325.00,0,20542
58146,1133,658.00,307.00,0,20551
58273,1135,690.00,325.00,0,20560
58399,1137,474.00,325.00,0,20569
58525,1139,599.00,308.00,0,20578
58651,1141,642.00,325.00,0,20587
58779,1145,717.00,308.00,0,20595
58907,1148,679.00,308.00,0,20604
59033,1151,575.00,308.00,0,20613
59158,1153,672.00,325.00,0,20622
59285,1155,735.00,325.00,0,20631
59413,1156,640.00,308.00,0,20639
59538,1157,567.00,325.00,0,20648
59663,1159,636.00,325.00,0,20658
59789,1162,732.00,325.00,0,20666
59917,1165,705.00,308.00,0,20675
60043,1167,630.00,334.00,0,20684
60169,1169,647.00,341.00,0,20692
60296,1173,744.00,326.00,0,20702
60423,1175,663.00,325.00,0,20710
60549,1177,523.00,308.00,0,20719
60675,1180,627.00,306.00,0,20728
60802,1183,743.00,325.00,0,20737
60930,1185,718.00,308.00,0,20746
61055,1186,547.00,325.00,0,20755
61181,1187,614.00,307.00,0,20763
61309,1189,733.00,308.00,0,20772
61435,1191,667.00,325.00,0,20781
61561,1193,535.00,325.00,0,20790
61686,1195,569.00,309.00,0,20799
61813,1199,754.00,324.00,0,20807
61941,1201,734.00,325.00,0,20816
62067,1205,540.00,324.00,0,20826
62193,1207,598.00,325.00,0,20834
62320,1210,740.00,325.00,0,20843
62446,1211,687.00,325.00,0,20852
62572,1213,559.00,307.00,0,20860
62698,1215,547.00,308.00,0,20870
62825,1217,737.00,325.00,0,20878
62953,1219,744.00,325.00,0,20887
63078,1221,581.00,325.00,0,20896
63204,1223,552.00,308.00,0,20904
63331,1225,723.00,326.00,0,20914
63458,1229,718.00,325.00,0,20923
63583,1231,593.00,324.00,0,20931
63709,1234,523.00,308.00,0,20940
63837,1237,743.00,325.00,0,20948
63965,1239,729.00,325.00,0,20958
64089,1241,593.00,307.00,0,20967
64215,1242,502.00,308.00,0,20975
64343,1244,661.00,308.00,0,20984
64469,1247,691.00,325.00,0,20994
64595,1249,607.00,308.00,0,21002
64721,1253,467.00,325.00,0,21011
64849,1255,701.00,325.00,0,21020
64977,1257,726.00,308.00,0,21028
65101,1259,639.00,308.00,0,21038
65227,1261,602.00,324.00,0,21046
65355,1263,663.00,325.00,0,21055
65481,1265,695.00,325.00,0,21064
65607,1267,629.00,325.00,0,21072
65733,1271,600.00,342.00,0,21082
65860,1273,679.00,325.00,0,21091
65987,1275,697.00,325.00,0,21099
66113,1277,613.00,308.00,0,21108
66238,1278,596.00,308.00,0,21117
66365,1280,599.00,325.00,0,21126
66492,1282,644.00,308.00,0,21135
66618,1285,633.00,325.00,0,21143
66745,1289,591.00,308.00,0,21152
66872,1292,641.00,308.00,0,21161
66999,1295,699.00,325.00,0,21170
67124,1297,655.00,308.00,0,21179
67250,1297,643.00,321.00,0,21188
67377,1298,582.00,341.00,0,21196
67503,1299,648.00,325.00,0,21206
67629,1301,625.00,325.00,0,21214
67756,1303,614.00,324.00,0,21223
67883,1306,588.00,318.00,0,21232
68010,1309,628.00,308.00,0,21240
68136,1313,649.00,325.00,0,21250
68263,1317,681.00,308.00,0,21259
68389,1319,520.00,325.00,0,21267
68515,1321,627.00,325.00,0,21276
68641,1321,645.00,308.00,0,21285
68767,1323,674.00,308.00,0,21294
68895,1325,544.00,325.00,0,21303
69021,1327,615.00,324.00,0,21311
69147,1329,657.00,307.00,0,21320
69274,1332,725.00,325.00,0,21329
69401,1335,664.00,325.00,0,21338
69527,1339,604.00,308.00,0,21347
69653,1341,646.00,325.00,0,21356
69779,1343,693.00,324.00,0,21364
69907,1344,664.00,325.00,0,21373
70033,1345,548.00,308.00,0,21382
70158,1347,626.00,309.00,0,21391
70285,1349,696.00,324.00,0,21400
70412,1351,634.00,325.00,0,21408
70539,1354,590.00,308.00,0,21417
70665,1357,636.00,308.00,0,21427
70791,1361,722.00,308.00,0,21435
70918,1363,705.00,325.00,0,21444
71044,1365,623.00,341.00,0,21453
71171,1367,646.00,309.00,0,21462
71297,1369,741.00,325.00,0,21471
71423,1370,636.00,309.00,0,21479
71549,1371,532.00,325.00,0,21488
71675,1373,589.00,325.00,0,21497
71803,1376,714.00,313.00,0,21506
71930,1379,681.00,309.00,0,21515
72055,1382,505.00,307.00,0,21524
72181,1385,602.00,308.00,0,21532
72309,1387,736.00,308.00,0,21541
72435,1390,669.00,308.00,0,21551
72561,1393,529.00,309.00,0,21559
72687,1395,580.00,308.00,0,21568
72815,1397,739.00,341.00,0,21576
72941,1399,717.00,325.00,0,21585
73067,1401,551.00,325.00,0,21595
73193,1403,611.00,324.00,0,21603
73321,1405,712.00,325.00,0,21612
73447,1408,677.00,308.00,0,21621
73573,1411,560.00,308.00,0,21629
73699,1413,530.00,308.00,0,21639
73827,1416,737.00,309.00,0,21647
73954,1418,732.00,325.00,0,21656
74079,1420,546.00,325.00,0,21665
74205,1421,535.00,308.00,0,21673
74331,1423,709.00,324.00,0,21683
74458,1425,690.00,325.00,0,21692
74584,1427,580.00,325.00,0,21700
74709,1429,501.00,325.00,0,21709
74837,1432,697.00,306.00,0,21719
74965,1435,715.00,325.00,0,21727
75091,1437,592.00,325.00,0,21736
75217,1440,641.00,325.00,0,21744
75343,1442,664.00,308.00,0,21753
75470,1445,687.00,308.00,0,21763
75596,1447,587.00,308.00,0,21771
75721,1449,438.00,325.00,0,21780
75849,1450,675.00,308.00,0,21789
75977,1451,690.00,309.00,0,21797
76101,1453,598.00,325.00,0,21807
76227,1455,584.00,325.00,0,21815
76355,1458,628.00,308.00,0,21824
76481,1461,691.00,341.00,0,21833
76607,1465,636.00,341.00,0,21841
76733,1469,577.00,333.00,0,21851
76861,1471,664.00,325.00,0,21860
76988,1473,682.00,308.00,0,21868
77113,1473,626.00,325.00,0,21877
77239,1475,585.00,308.00,0,21886
77367,1475,589.00,325.00,0,21895
77493,1477,654.00,325.00,0,21904
77619,1481,620.00,325.00,0,21912
77745,1484,573.00,308.00,0,21921
77873,1487,628.00,325.00,0,21931
77999,1491,695.00,325.00,0,21939
78125,1493,647.00,308.00,0,21948
78251,1495,643.00,308.00,0,21957
78377,1496,563.00,341.00,0,21965
78504,1497,626.00,325.00,0,21975
78630,1499,640.00,342.00,0,21984
78757,1501,618.00,308.00,0,21992
78884,1504,563.00,307.00,0,22001
79011,1507,622.00,325.00,0,22009
79137,1511,657.00,325.00,0,22019
79263,1513,678.00,325.00,0,22028
79391,1516,525.00,325.00,0,22036
79517,1518,630.00,325.00,0,22045
79642,1519,641.00,325.00,0,22054
79769,1521,638.00,308.00,0,22063
79895,1522,633.00,308.00,0,22072
80021,1524,572.00,325.00,0,22080
80147,1526,617.00,308.00,0,22089
80274,1529,687.00,342.00,0,22098
80401,1532,627.00,308.00,0,22107
80527,1536,575.00,325.00,0,22116
80653,1539,638.00,319.00,0,22125
80781,1543,694.00,325.00,0,22133
80908,1545,661.00,308.00,0,22142
81034,1545,544.00,308.00,0,22152
81159,1547,631.00,324.00,0,22160
81287,1548,689.00,324.00,0,22169
81413,1549,604.00,308.00,0,22177
81539,1552,605.00,317.00,0,22187
81665,1555,614.00,309.00,0,22196
81791,1559,718.00,308.00,0,22204
81919,1563,693.00,341.00,0,22213
82045,1565,596.00,341.00,0,22222
82171,1567,628.00,341.00,0,22231
82297,1568,701.00,325.00,0,22240
82425,1569,627.00,325.00,0,22249
82551,1571,500.00,324.00,0,22257
82676,1573,576.00,325.00,0,22266
82803,1576,713.00,308.00,0,22275
82931,1579,683.00,308.00,0,22284
83057,1583,506.00,308.00,0,22293
83183,1585,598.00,308.00,0,22301
83310,1587,720.00,325.00,0,22310
83435,1588,661.00,325.00,0,22320
83562,1589,513.00,324.00,0,22328
83687,1591,564.00,325.00,0,22337
83815,1593,699.00,325.00,0,22345
83943,1596,701.00,326.00,0,22354
84067,1599,522.00,324.00,0,22364
84194,1602,560.00,325.00,0,22372
84321,1605,698.00,308.00,0,22381
84448,1607,663.00,325.00,0,22390
84573,1609,526.00,326.00,0,22398
84699,1612,508.00,325.00,0,22408
84827,1614,710.00,325.00,0,22417
84955,1616,697.00,308.00,0,22425
85079,1618,540.00,308.00,0,22434
85206,1619,533.00,308.00,0,22443
85333,1622,679.00,325.00,0,22452
85459,1624,683.00,325.00,0,22461
85585,1627,566.00,325.00,0,22469
85710,1630,498.00,341.00,0,22478
85839,1633,698.00,325.00,0,22488
85966,1635,700.00,324.00,0,22496
86091,1638,567.00,308.00,0,22505
86217,1639,465.00,326.00,0,22513
86344,1641,660.00,324.00,0,22522
86471,1643,662.00,325.00,0,22532
86596,1644,574.00,308.00,0,22540
86723,1647,412.00,325.00,0,22549
86851,1650,662.00,308.00,0,22558
86977,1653,677.00,308.00,0,22566
87103,1657,615.00,325.00,0,22576
87229,1659,585.00,309.00,0,22585
87355,1661,631.00,325.00,0,22593
87482,1661,669.00,342.00,0,22602
87608,1663,588.00,325.00,0,22610
87733,1663,552.00,341.00,0,22620
87861,1665,623.00,323.00,0,22629
87988,1667,640.00,324.00,0,22637
88114,1671,598.00,325.00,0,22646
88240,1674,580.00,326.00,0,22656
88367,1678,587.00,325.00,0,22664
88494,1681,640.00,308.00,0,22673
88620,1683,606.00,308.00,0,22682
88745,1685,572.00,307.00,0,22690
88873,1686,597.00,325.00,0,22700
88999,1687,635.00,325.00,0,22708
89125,1689,614.00,307.00,0,22717
89251,1691,628.00,325.00,0,22726
89379,1695,547.00,325.00,0,22734
89505,1699,654.00,310.00,0,22744
89631,1701,627.00,325.00,0,22753
89757,1705,618.00,324.00,0,22761
89885,1706,552.00,325.00,0,22770
90011,1708,591.00,307.00,0,22778
90137,1709,608.00,308.00,0,22788
90263,1713,643.00,325.00,0,22797
90391,1715,485.00,307.00,0,22805
90517,1719,600.00,325.00,0,22814
90643,1721,631.00,325.00,0,22823
90769,1723,636.00,308.00,0,22832
90897,1725,631.00,325.00,0,22841
91023,1727,568.00,308.00,0,22850
91149,1728,619.00,324.00,0,22858
91275,1729,677.00,325.00,0,22867
91402,1732,606.00,308.00,0,22876
91528,1735,558.00,325.00,0,22885
91655,1738,589.00,308.00,0,22894
91781,1741,668.00,324.00,0,22902
91909,1744,633.00,326.00,0,22912
92035,1746,505.00,325.00,0,22921
92161,1747,602.00,308.00,0,22929
92287,1749,681.00,325.00,0,22938
92413,1751,598.00,312.00,0,22947
92539,1753,540.00,308.00,0,22956
92665,1755,595.00,325.00,0,22965
92791,1757,672.00,324.00,0,22973
92920,1761,661.00,341.00,0,22982
93046,1765,567.00,326.00,0,22991
93172,1767,605.00,325.00,0,23000
93299,1770,704.00,325.00,0,23009
93425,1771,608.00,324.00,0,23018
93551,1773,488.00,324.00,0,23026
93677,1775,545.00,325.00,0,23035
93804,1775,658.00,308.00,0,23044
93931,1777,642.00,308.00,0,23053
94057,1781,462.00,309.00,0,23062
94183,1783,577.00,325.00,0,23070
94311,1787,701.00,325.00,0,23079
94437,1791,642.00,308.00,0,23089
94563,1793,513.00,325.00,0,23097
94688,1795,558.00,325.00,0,23106
94815,1797,690.00,325.00,0,23115
94943,1799,660.00,325.00,0,23123
95069,1801,491.00,309.00,0,23133
95195,1803,546.00,308.00,0,23141
95323,1807,678.00,308.00,0,23150
95449,1810,648.00,307.00,0,23159
95574,1813,529.00,325.00,0,23168
95701,1815,495.00,308.00,0,23177
95828,1818,670.00,308.00,0,23186
95955,1820,674.00,324.00,0,23194
96080,1823,524.00,325.00,0,23203
96207,1825,503.00,308.00,0,23212
96333,1827,656.00,318.00,0,23221
96460,1830,656.00,325.00,0,23230
96586,1833,562.00,325.00,0,23238
96711,1836,475.00,324.00,0,23247
96839,1839,651.00,308.00,0,23257
96967,1841,665.00,326.00,0,23265
97092,1842,548.00,325.00,0,23274
97218,1843,591.00,334.00,0,23283
97345,1846,627.00,316.00,0,23291
97472,1848,642.00,309.00,0,23301
97597,1851,545.00,309.00,0,23309
97723,1853,390.00,314.00,0,23318
97851,1856,643.00,325.00,0,23327
97977,1859,655.00,312.00,0,23335
98103,1861,563.00,325.00,0,23345
98229,1862,554.00,307.00,0,23354
98357,1864,594.00,342.00,0,23362
98483,1866,658.00,342.00,0,23371
98609,1869,583.00,342.00,0,23379
98735,1871,534.00,309.00,0,23389
98862,1874,595.00,326.00,0,23398
98989,1877,627.00,310.00,0,23406
99115,1879,592.00,325.00,0,23415
99241,1881,570.00,325.00,0,23425
99368,1883,530.00,307.00,0,23433
99495,1885,625.00,325.00,0,23442
99620,1887,563.00,308.00,0,23451
99746,1889,538.00,325.00,0,23459
99875,1892,554.00,309.00,0,23469
100001,1895,616.00,325.00,0,23478
100131,1897,614.00,326.00,0,23487
100261,1900,610.00,308.00,0,23495
100391,1902,458.00,307.00,0,23504
100521,1904,556.00,325.00,0,23514
100650,1905,605.00,332.00,0,23523
100781,1907,613.00,308.00,0,23532
100913,1910,598.00,325.00,0,23541
101041,1913,647.00,324.00,0,23550
101171,1915,584.00,308.00,0,23560
101303,1917,664.00,317.00,0,23569
101433,1919,600.00,325.00,0,23577
101562,1921,467.00,308.00,0,23586
101691,1923,517.00,325.00,0,23596
101823,1925,659.00,320.00,0,23605
101953,1928,641.00,308.00,0,23614
102082,1931,505.00,325.00,0,23623
102213,1933,461.00,325.00,0,23632
102343,1935,605.00,308.00,0,23642
102474,1937,625.00,309.00,0,23651
102603,1940,553.00,324.00,0,23659
102733,1943,530.00,341.00,0,23668
102865,1945,559.00,326.00,0,23677
102995,1947,607.00,325.00,0,23687
103124,1949,592.00,325.00,0,23696
103254,1951,600.00,341.00,0,23705
103384,1953,459.00,308.00,0,23714
103515,1955,550.00,308.00,0,23724
103644,1959,578.00,308.00,0,23733
103774,1961,630.00,325.00,0,23741
103906,1964,582.00,308.00,0,23750
104035,1966,470.00,325.00,0,23759
104165,1967,573.00,323.00,0,23769
104295,1969,661.00,341.00,0,23778
104426,1970,574.00,325.00,0,23787
104555,1972,448.00,325.00,0,23796
104685,1975,506.00,308.00,0,23805
104817,1979,666.00,312.00,0,23815
104947,1982,634.00,307.00,0,23823
105077,1985,481.00,308.00,0,23832
105183,1987,826.00,358.00,0,23841
105196,1989,826.00,442.00,0,23851
105116,1989,826.00,476.00,0,23860
104999,1989,805.00,493.00,0,23869
104872,1989,810.00,493.00,0,23878
104740,1989,696.00,509.00,0,23887
104610,1989,672.00,493.00,0,23897
104480,1989,718.00,492.00,0,23905
104351,1989,784.00,492.00,0,23914
104223,1987,797.00,475.00,0,23923
104094,1987,769.00,492.00,0,23932
103962,1985,725.00,493.00,0,23942
103832,1983,788.00,493.00,0,23951
103708,1981,809.00,475.00,0,23960
103584,1980,810.00,492.00,0,23969
103455,1978,794.00,492.00,0,23977
103324,1975,794.00,492.00,0,23987
103196,1973,826.00,509.00,0,23996
103072,1972,823.00,493.00,0,24005
102944,1971,816.00,493.00,0,24014
102814,1969,812.00,509.00,0,24024
102686,1967,825.00,493.00,0,24033
102559,1966,826.00,492.00,0,24042
102429,1963,823.00,509.00,0,24051
102296,1961,814.00,499.00,0,24059
102166,1957,826.00,509.00,0,24069
102034,1954,814.00,475.00,0,24078
101900,1951,810.00,493.00,0,24087
101766,1949,792.00,476.00,0,24096
101636,1947,804.00,493.00,0,24105
101508,1945,826.00,510.00,0,24115
101379,1943,815.00,492.00,0,24124
101251,1941,823.00,492.00,0,24133
101140,1937,825.00,475.00,0,24141
101024,1935,826.00,508.00,0,24151
100887,1931,825.00,493.00,0,24160
100748,1929,818.00,509.00,0,24169
100617,1928,826.00,493.00,0,24178
100496,1927,826.00,493.00,0,24187
100374,1925,826.00,493.00,0,24197
100247,1922,826.00,508.00,0,24206
100118,1919,826.00,493.00,0,24215
99984,1915,826.00,509.00,0,24223
99854,1911,826.00,509.00,0,24232
99728,1907,826.00,493.00,0,24241
99602,1905,826.00,509.00,0,24250
99470,1904,826.00,492.00,0,24259
99336,1903,823.00,492.00,0,24267
99210,1901,825.00,492.00,0,24276
99082,1899,825.00,492.00,0,24286
98950,1894,820.00,492.00,0,24294
98820,1890,820.00,510.00,0,24303
98692,1886,824.00,509.00,0,24311
98563,1884,823.00,492.00,0,24321
98432,1883,792.00,493.00,0,24330
98302,1883,808.00,509.00,0,24338
98180,1881,826.00,493.00,0,24347
98055,1879,820.00,492.00,0,24356
97929,1876,815.00,492.00,0,24365
97803,1871,824.00,509.00,0,24374
97680,1867,826.00,507.00,0,24383
97554,1863,825.00,509.00,0,24391
97424,1861,811.00,509.00,0,24400
97296,1860,812.00,492.00,0,24409
97170,1859,825.00,508.00,0,24418
97044,1857,820.00,493.00,0,24427
96916,1855,818.00,508.00,0,24435
96790,1851,815.00,509.00,0,24444
96666,1847,824.00,509.00,0,24454
96540,1843,826.00,509.00,0,24462
96411,1840,807.00,508.00,0,24471
96282,1839,813.00,509.00,0,24480
96158,1837,822.00,475.00,0,24488
96032,1836,824.00,502.00,0,24498
95904,1834,821.00,493.00,0,24506
95777,1831,815.00,492.00,0,24515
95654,1827,820.00,492.00,0,24524
95526,1823,826.00,509.00,0,24532
95398,1819,808.00,509.00,0,24542
95270,1816,806.00,492.00,0,24551
95144,1815,814.00,491.00,0,24559
95018,1813,808.00,493.00,0,24568
94890,1812,819.00,493.00,0,24577
94764,1809,818.00,492.00,0,24586
94641,1806,816.00,475.00,0,24595
94514,1802,826.00,493.00,0,24603
94386,1799,820.00,508.00,0,24612
94259,1796,816.00,509.00,0,24622
94135,1795,821.00,496.00,0,24630
94008,1793,816.00,509.00,0,24639
93880,1791,826.00,509.00,0,24648
93754,1789,814.00,494.00,0,24656
93630,1785,819.00,492.00,0,24666
93503,1781,823.00,491.00,0,24674
93374,1779,811.00,492.00,0,24683
93248,1775,821.00,509.00,0,24692
93123,1773,815.00,509.00,0,24700
92996,1773,810.00,510.00,0,24710
92868,1771,826.00,476.00,0,24719
92744,1769,818.00,475.00,0,24727
92620,1767,821.00,492.00,0,24736
92494,1763,826.00,509.00,0,24745
92366,1759,818.00,508.00,0,24754
92240,1756,825.00,509.00,0,24763
92116,1753,820.00,508.00,0,24771
91988,1751,812.00,492.00,0,24780
91859,1750,826.00,509.00,0,24790
91732,1749,817.00,493.00,0,24798
91607,1747,813.00,492.00,0,24807
91479,1745,814.00,508.00,0,24816
91351,1741,812.00,508.00,0,24824
91226,1737,826.00,493.00,0,24834
91101,1735,814.00,509.00,0,24842
90974,1732,810.00,508.00,0,24851
90847,1731,826.00,492.00,0,24860
90722,1729,818.00,475.00,0,24868
90598,1727,822.00,492.00,0,24878
90471,1725,821.00,492.00,0,24887
90343,1723,817.00,493.00,0,24895
90218,1719,826.00,509.00,0,24904
90094,1715,824.00,509.00,0,24913
89966,1711,816.00,492.00,0,24922
89836,1709,818.00,493.00,0,24931
89710,1707,820.00,509.00,0,24939
89583,1706,813.00,492.00,0,24948
89454,1704,800.00,493.00,0,24957
89324,1701,801.00,492.00,0,24966
89200,1699,825.00,492.00,0,24975
89074,1695,818.00,493.00,0,24984
88947,1693,805.00,492.00,0,24992
88821,1691,818.00,493.00,0,25001
88698,1690,827.00,509.00,0,25010
88574,1689,825.00,492.00,0,25019
88448,1687,821.00,509.00,0,25028
88320,1685,818.00,493.00,0,25036
88198,1683,826.00,497.00,0,25046
88074,1679,826.00,509.00,0,25055
87946,1675,821.00,492.00,0,25063
87819,1671,823.00,509.00,0,25072
87692,1669,824.00,492.00,0,25081
87566,1668,825.00,492.00,0,25090
87436,1667,812.00,526.00,0,25099
87307,1667,802.00,493.00,0,25107
87182,1665,825.00,475.00,0,25116
87057,1663,819.00,492.00,0,25125
86930,1659,822.00,492.00,0,25134
86805,1655,821.00,492.00,0,25143
86682,1651,826.00,493.00,0,25152
86556,1649,825.00,482.00,0,25160
86428,1647,820.00,509.00,0,25169
86299,1647,814.00,492.00,0,25179
86174,1645,825.00,509.00,0,25187
86048,1644,825.00,509.00,0,25196
85920,1641,821.00,492.00,0,25204
85793,1639,820.00,509.00,0,25213
85668,1635,825.00,493.00,0,25223
85542,1632,826.00,509.00,0,25231
85414,1629,814.00,508.00,0,25240
85284,1625,810.00,493.00,0,25249
85158,1623,822.00,493.00,0,25257
85032,1621,821.00,492.00,0,25267
84903,1620,817.00,492.00,0,25275
84777,1619,814.00,492.00,0,25284
84653,1617,826.00,509.00,0,25293
84528,1615,826.00,492.00,0,25302
84400,1613,820.00,509.00,0,25311
84274,1610,821.00,509.00,0,25320
84150,1606,825.00,492.00,0,25328
84024,1603,825.00,492.00,0,25337
83896,1599,826.00,509.00,0,25347
83769,1597,810.00,492.00,0,25355
83644,1597,817.00,493.00,0,25364
83516,1596,826.00,493.00,0,25372
83386,1595,819.00,508.00,0,25381
83260,1593,822.00,509.00,0,25391
83136,1590,823.00,492.00,0,25399
83010,1587,825.00,503.00,0,25408
82884,1583,825.00,493.00,0,25417
82759,1579,824.00,509.00,0,25425
82635,1577,826.00,509.00,0,25435
82508,1576,826.00,493.00,0,25444
82379,1575,817.00,492.00,0,25452
82252,1575,823.00,509.00,0,25461
82127,1573,820.00,491.00,0,25469
82000,1571,817.00,509.00,0,25479
81873,1567,826.00,509.00,0,25488
81748,1563,823.00,508.00,0,25496
81623,1559,823.00,493.00,0,25505
81495,1556,823.00,492.00,0,25515
81364,1555,813.00,508.00,0,25523
81237,1553,823.00,493.00,0,25532
81111,1553,811.00,492.00,0,25540
80985,1551,816.00,503.00,0,25549
80858,1549,825.00,492.00,0,25559
80734,1547,825.00,493.00,0,25567
80610,1543,826.00,492.00,0,25576
80486,1540,825.00,509.00,0,25585
80357,1537,819.00,492.00,0,25593
80232,1535,826.00,493.00,0,25603
80106,1533,826.00,510.00,0,25612
79978,1532,817.00,492.00,0,25620
79850,1531,826.00,509.00,0,25629
79724,1529,821.00,509.00,0,25637
79598,1527,823.00,476.00,0,25647
79470,1523,816.00,493.00,0,25656
79341,1520,813.00,491.00,0,25664
79215,1517,826.00,493.00,0,25673
79090,1514,820.00,492.00,0,25682
78962,1511,810.00,509.00,0,25691
78835,1510,820.00,492.00,0,25700
78710,1509,826.00,494.00,0,25708
78586,1507,824.00,509.00,0,25717
78458,1506,821.00,492.00,0,25726
78332,1503,815.00,492.00,0,25735
78206,1501,826.00,492.00,0,25744
78082,1497,822.00,492.00,0,25753
77954,1493,814.00,492.00,0,25761
77826,1491,823.00,493.00,0,25771
77700,1489,821.00,492.00,0,25780
77573,1487,825.00,508.00,0,25788
77444,1486,814.00,509.00,0,25797
77314,1485,805.00,493.00,0,25805
77190,1483,826.00,492.00,0,25815
77064,1481,816.00,493.00,0,25824
76939,1477,814.00,493.00,0,25832
76814,1475,822.00,509.00,0,25841
76691,1473,826.00,493.00,0,25850
76566,1470,825.00,492.00,0,25859
76439,1469,821.00,494.00,0,25868
76311,1467,819.00,508.00,0,25877
76186,1465,825.00,509.00,0,25885
76060,1463,825.00,493.00,0,25894
75932,1461,820.00,509.00,0,25903
75805,1459,821.00,492.00,0,25912
75680,1457,825.00,493.00,0,25921
75554,1455,825.00,492.00,0,25929
75424,1452,818.00,509.00,0,25938
75297,1449,816.00,493.00,0,25948
75172,1447,825.00,509.00,0,25956
75045,1443,824.00,509.00,0,25965
74918,1441,824.00,509.00,0,25973
74792,1440,820.00,503.00,0,25982
74668,1439,826.00,493.00,0,25992
74542,1437,825.00,492.00,0,26000
74415,1436,819.00,509.00,0,26009
74290,1434,824.00,509.00,0,26018
74165,1431,825.00,506.00,0,26027
74040,1428,825.00,492.00,0,26036
73912,1425,826.00,509.00,0,26045
73785,1421,820.00,475.00,0,26053
73660,1419,826.00,475.00,0,26062
73532,1417,826.00,493.00,0,26071
73402,1415,812.00,492.00,0,26080
73272,1413,813.00,492.00,0,26089
73146,1411,819.00,505.00,0,26097
73020,1409,817.00,492.00,0,26106
72892,1407,826.00,509.00,0,26116
72767,1405,817.00,493.00,0,26124
72644,1403,825.00,492.00,0,26133
72519,1401,826.00,493.00,0,26141
72391,1399,818.00,509.00,0,26150
72265,1396,824.00,492.00,0,26160
72141,1393,825.00,493.00,0,26168
72014,1390,820.00,492.00,0,26177
71885,1387,826.00,509.00,0,26186
71758,1386,822.00,509.00,0,26194
71634,1385,826.00,508.00,0,26204
71506,1384,825.00,496.00,0,26213
71377,1383,820.00,509.00,0,26221
71250,1381,824.00,509.00,0,26230
71126,1378,819.00,492.00,0,26238
71002,1375,820.00,492.00,0,26248
70875,1371,826.00,507.00,0,26257
70750,1369,826.00,493.00,0,26265
70627,1367,826.00,492.00,0,26274
70500,1365,826.00,492.00,0,26284
70372,1363,825.00,509.00,0,26292
70245,1363,826.00,492.00,0,26301
70120,1361,825.00,475.00,0,26310
69992,1359,822.00,492.00,0,26318
69864,1356,826.00,508.00,0,26328
69738,1354,825.00,492.00,0,26336
69613,1351,826.00,509.00,0,26345
69485,1349,826.00,509.00,0,26354
69355,1345,819.00,509.00,0,26362
69228,1343,826.00,493.00,0,26372
69102,1341,821.00,509.00,0,26381
68975,1339,814.00,509.00,0,26389
68846,1338,826.00,475.00,0,26398
68723,1337,825.00,475.00,0,26406
68600,1337,825.00,508.00,0,26416
68474,1335,826.00,493.00,0,26425
68347,1333,823.00,493.00,0,26433
68224,1329,826.00,476.00,0,26442
68100,1325,826.00,509.00,0,26451
67972,1321,825.00,509.00,0,26460
67844,1317,826.00,509.00,0,26469
67718,1315,826.00,509.00,0,26478
67591,1315,825.00,492.00,0,26486
67462,1315,816.00,492.00,0,26496
67332,1313,812.00,492.00,0,26504
67206,1312,826.00,509.00,0,26513
67080,1309,822.00,493.00,0,26522
66952,1307,817.00,492.00,0,26530
66826,1303,826.00,493.00,0,26540
66702,1300,826.00,493.00,0,26549
66578,1297,825.00,475.00,0,26557
66450,1295,821.00,493.00,0,26566
66322,1294,821.00,509.00,0,26574
66196,1293,826.00,492.00,0,26584
66070,1291,824.00,509.00,0,26593
65943,1289,819.00,494.00,0,26601
65816,1287,825.00,493.00,0,26610
65692,1285,825.00,493.00,0,26619
65566,1282,825.00,492.00,0,26628
65438,1279,820.00,492.00,0,26637
65310,1277,817.00,493.00,0,26646
65185,1273,826.00,492.00,0,26654
65058,1271,823.00,492.00,0,26663
64930,1269,823.00,509.00,0,26672
64803,1268,823.00,492.00,0,26681
64678,1267,826.00,493.00,0,26690
64553,1267,826.00,491.00,0,26698
64426,1265,822.00,493.00,0,26707
64300,1263,825.00,493.00,0,26717
64176,1259,826.00,493.00,0,26725
64051,1257,826.00,508.00,0,26734
63924,1253,826.00,510.00,0,26743
63798,1250,823.00,492.00,0,26752
63672,1247,826.00,496.00,0,26761
63545,1246,826.00,509.00,0,26769
63415,1245,814.00,492.00,0,26778
63288,1243,814.00,492.00,0,26787
63160,1241,825.00,475.00,0,26796
63032,1239,826.00,508.00,0,26805
62905,1235,826.00,509.00,0,26814
62780,1233,823.00,507.00,0,26822
62656,1231,826.00,492.00,0,26831
62530,1229,825.00,492.00,0,26840
62402,1228,824.00,509.00,0,26849
62276,1227,824.00,493.00,0,26858
62150,1225,826.00,493.00,0,26866
62024,1221,825.00,505.00,0,26875
61897,1219,826.00,509.00,0,26885
61770,1216,820.00,492.00,0,26893
61646,1214,824.00,509.00,0,26902
61519,1213,826.00,493.00,0,26911
61392,1211,821.00,508.00,0,26919
61264,1209,822.00,476.00,0,26929
61139,1208,824.00,492.00,0,26937
61012,1205,826.00,492.00,0,26946
60886,1204,825.00,492.00,0,26955
60762,1202,825.00,492.00,0,26963
60640,1201,826.00,475.00,0,26973
60515,1199,827.00,493.00,0,26982
60387,1197,825.00,492.00,0,26990
60262,1193,826.00,509.00,0,26999
60136,1190,827.00,493.00,0,27009
60009,1187,825.00,508.00,0,27017
59880,1184,826.00,509.00,0,27026
59752,1183,824.00,492.00,0,27034
59625,1181,826.00,508.00,0,27043
59497,1181,825.00,509.00,0,27053
59367,1179,819.00,493.00,0,27061
59239,1177,826.00,493.00,0,27070
59114,1175,822.00,492.00,0,27079
58986,1171,825.00,509.00,0,27087
58860,1167,825.00,509.00,0,27097
58736,1163,826.00,493.00,0,27105
58611,1161,825.00,492.00,0,27114
58485,1159,822.00,493.00,0,27123
58356,1158,821.00,492.00,0,27131
58230,1157,826.00,493.00,0,27141
58104,1155,826.00,493.00,0,27150
57977,1153,816.00,492.00,0,27158
57850,1151,826.00,509.00,0,27167
57724,1147,824.00,493.00,0,27176
57600,1145,825.00,509.00,0,27185
57472,1142,826.00,492.00,0,27194
57343,1140,820.00,509.00,0,27202
57216,1137,826.00,509.00,0,27211
57089,1136,819.00,509.00,0,27220
56962,1134,817.00,509.00,0,27229
56835,1133,824.00,503.00,0,27238
56712,1132,825.00,509.00,0,27247
56588,1131,825.00,493.00,0,27255
56463,1129,827.00,509.00,0,27265
56337,1127,826.00,493.00,0,27274
56214,1125,825.00,509.00,0,27282
56090,1121,825.00,493.00,0,27291
55962,1118,825.00,492.00,0,27299
55836,1115,826.00,492.00,0,27309
55710,1112,825.00,509.00,0,27318
55584,1110,825.00,509.00,0,27326
55455,1109,826.00,509.00,0,27335
55324,1108,824.00,493.00,0,27344
55197,1107,825.00,505.00,0,27353
55069,1105,825.00,508.00,0,27362
54941,1103,822.00,492.00,0,27370
54815,1100,825.00,508.00,0,27379
54691,1098,826.00,492.00,0,27388
54567,1097,826.00,499.00,0,27397
54440,1095,826.00,493.00,0,27406
54314,1093,825.00,509.00,0,27415
54190,1091,825.00,509.00,0,27423
54064,1087,825.00,509.00,0,27432
53936,1085,826.00,492.00,0,27442
53810,1083,825.00,492.00,0,27450
53685,1081,826.00,509.00,0,27459
53559,1079,826.00,493.00,0,27467
53430,1077,819.00,492.00,0,27476
53300,1075,819.00,493.00,0,27486
53174,1073,825.00,508.00,0,27494
53047,1071,826.00,509.00,0,27503
52920,1068,823.00,495.00,0,27512
52794,1066,825.00,492.00,0,27521
52670,1065,825.00,492.00,0,27530
52545,1063,825.00,492.00,0,27538
52418,1062,826.00,493.00,0,27547
52292,1060,825.00,475.00,0,27556
52166,1058,826.00,493.00,0,27565
52040,1055,826.00,492.00,0,27574
51914,1053,826.00,509.00,0,27583
51788,1051,825.00,493.00,0,27591
51664,1049,826.00,509.00,0,27600
51537,1047,826.00,492.00,0,27610
51408,1047,825.00,492.00,0,27618
51281,1045,826.00,509.00,0,27627
51154,1043,825.00,492.00,0,27635
51028,1041,825.00,493.00,0,27644
50901,1037,826.00,492.00,0,27654
50776,1035,826.00,509.00,0,27662
50652,1033,826.00,492.00,0,27671
50527,1031,826.00,492.00,0,27680
50399,1029,825.00,492.00,0,27688
50272,1025,826.00,509.00,0,27698
50145,1023,826.00,509.00,0,27707
50017,1021,824.00,508.00,0,27715
49888,1019,826.00,493.00,0,27724
49760,1017,824.00,491.00,0,27732
49635,1017,826.00,508.00,0,27742
49508,1016,825.00,493.00,0,27751
49380,1015,825.00,509.00,0,27759
49252,1011,826.00,509.00,0,27768
49128,1008,826.00,509.00,0,27778
49002,1003,824.00,493.00,0,27786
48875,999,826.00,509.00,0,27795
48754,997,825.00,492.00,0,27803
48634,995,826.00,492.00,0,27811
48512,994,826.00,493.00,0,27821
48386,994,826.00,492.00,0,27829
48264,993,825.00,493.00,0,27837
48142,991,826.00,493.00,0,27846
48019,989,826.00,509.00,0,27854
47895,987,826.00,509.00,0,27864
47772,983,826.00,492.00,0,27872
47652,981,826.00,492.00,0,27880
47529,978,825.00,506.00,0,27889
47404,976,823.00,492.00,0,27897
47278,973,816.00,492.00,0,27907
47154,971,825.00,508.00,0,27915
47030,969,823.00,510.00,0,27923
46906,967,826.00,509.00,0,27932
46782,967,825.00,509.00,0,27940
46664,965,825.00,492.00,0,27949
46542,965,826.00,509.00,0,27958
46420,963,825.00,509.00,0,27966
46298,961,826.00,508.00,0,27975
46178,959,825.00,492.00,0,27983
46058,955,825.00,492.00,0,27992
45934,951,825.00,509.00,0,28001
45811,948,825.00,509.00,0,28009
45690,946,825.00,492.00,0,28017
45568,945,826.00,500.00,0,28026
45443,944,826.00,509.00,0,28035
45316,943,822.00,492.00,0,28044
45194,941,825.00,492.00,0,28052
45070,939,824.00,508.00,0,28060
44946,937,824.00,508.00,0,28069
44823,934,826.00,492.00,0,28078
44704,932,826.00,504.00,0,28086
44582,930,826.00,492.00,0,28095
44460,929,826.00,504.00,0,28103
44336,927,824.00,495.00,0,28112
44213,925,825.00,492.00,0,28121
44091,923,826.00,492.00,0,28129
43968,921,825.00,495.00,0,28138
43844,919,826.00,492.00,0,28146
43723,917,826.00,483.00,0,28154
43602,916,826.00,493.00,0,28164
43479,915,825.00,501.00,0,28172
43354,913,826.00,492.00,0,28181
43231,910,826.00,491.00,0,28189
43108,907,825.00,492.00,0,28197
42985,905,826.00,509.00,0,28207
42862,902,826.00,475.00,0,28215
42742,901,826.00,476.00,0,28224
42622,899,825.00,496.00,0,28232
42500,899,826.00,509.00,0,28240
42376,899,826.00,493.00,0,28250
42254,897,825.00,493.00,0,28258
42134,895,826.00,509.00,0,28266
42011,891,826.00,492.00,0,28275
41888,887,826.00,493.00,0,28283
41766,885,826.00,509.00,0,28293
41645,881,825.00,491.00,0,28301
41521,879,826.00,492.00,0,28309
41394,878,825.00,509.00,0,28318
41269,877,823.00,492.00,0,28326
41144,875,825.00,493.00,0,28335
41019,873,818.00,493.00,0,28344
40894,871,826.00,509.00,0,28352
40772,869,826.00,493.00,0,28361
40652,867,826.00,492.00,0,28369
40531,865,826.00,493.00,0,28378
40408,863,825.00,475.00,0,28387
40284,861,825.00,492.00,0,28395
40164,857,827.00,493.00,0,28403
40040,855,826.00,508.00,0,28412
39915,851,826.00,509.00,0,28421
39792,849,823.00,492.00,0,28430
39670,847,825.00,509.00,0,28438
39548,846,826.00,492.00,0,28446
39423,845,821.00,508.00,0,28455
39298,843,821.00,509.00,0,28464
39175,841,826.00,492.00,0,28473
39052,838,823.00,493.00,0,28481
38929,835,820.00,493.00,0,28489
38808,833,824.00,492.00,0,28498
38689,832,825.00,509.00,0,28507
38571,831,826.00,509.00,0,28515
38449,831,826.00,492.00,0,28524
38326,829,825.00,475.00,0,28532
38206,827,826.00,492.00,0,28541
38085,824,825.00,492.00,0,28550
37961,821,826.00,492.00,0,28558
37838,817,826.00,492.00,0,28567
37716,813,825.00,509.00,0,28575
37594,811,826.00,493.00,0,28583
37469,810,825.00,509.00,0,28593
37341,809,824.00,509.00,0,28601
37215,808,826.00,492.00,0,28610
37090,806,816.00,508.00,0,28618
36964,803,815.00,494.00,0,28626
36841,801,825.00,491.00,0,28636
36722,799,826.00,475.00,0,28644
36602,797,826.00,509.00,0,28652
36480,795,826.00,492.00,0,28661
36357,793,826.00,493.00,0,28669
36235,791,825.00,509.00,0,28679
36112,789,826.00,509.00,0,28687
35988,787,825.00,493.00,0,28695
35865,784,826.00,509.00,0,28704
35744,783,826.00,492.00,0,28712
35624,781,826.00,492.00,0,28721
35501,780,825.00,492.00,0,28730
35376,779,826.00,509.00,0,28738
35252,777,826.00,509.00,0,28747
35131,775,826.00,508.00,0,28755
35008,771,826.00,509.00,0,28764
34885,769,826.00,492.00,0,28773
34765,767,826.00,492.00,0,28781
34646,765,826.00,509.00,0,28790
34526,765,826.00,491.00,0,28798
34404,763,826.00,493.00,0,28807
34280,762,825.00,493.00,0,28816
34158,759,825.00,509.00,0,28824
34034,757,825.00,492.00,0,28832
33908,753,826.00,493.00,0,28841
33785,751,826.00,492.00,0,28850
33664,748,826.00,492.00,0,28859
33540,747,825.00,493.00,0,28867
33414,746,825.00,509.00,0,28875
33289,745,819.00,493.00,0,28884
33165,743,826.00,509.00,0,28893
33041,740,826.00,509.00,0,28901
32918,737,825.00,492.00,0,28910
32796,735,826.00,509.00,0,28918
32679,733,826.00,509.00,0,28928
32560,731,825.00,492.00,0,28936
32437,731,826.00,491.00,0,28944
32314,729,826.00,509.00,0,28953
32192,728,826.00,491.00,0,28961
32070,725,826.00,509.00,0,28969
31945,722,825.00,509.00,0,28979
31822,719,826.00,492.00,0,28987
31702,717,825.00,475.00,0,28996
31580,715,825.00,509.00,0,29004
31455,713,825.00,509.00,0,29012
31328,710,821.00,493.00,0,29022
31202,707,826.00,476.00,0,29030
31076,705,819.00,492.00,0,29039
30950,701,814.00,492.00,0,29047
30828,699,825.00,493.00,0,29056
30708,699,826.00,492.00,0,29065
30588,698,825.00,509.00,0,29073
30468,697,826.00,492.00,0,29081
30344,697,826.00,508.00,0,29090
30224,695,826.00,475.00,0,29099
30102,691,826.00,493.00,0,29108
29978,687,825.00,509.00,0,29116
29855,683,826.00,492.00,0,29124
29734,679,826.00,509.00,0,29133
29614,677,826.00,493.00,0,29142
29490,675,826.00,509.00,0,29150
29364,673,825.00,508.00,0,29159
29239,672,826.00,508.00,0,29167
29114,671,817.00,509.00,0,29176
28988,669,815.00,492.00,0,29185
28865,667,826.00,492.00,0,29193
28745,665,826.00,493.00,0,29202
28627,664,825.00,509.00,0,29210
28508,663,826.00,492.00,0,29218
28386,663,825.00,491.00,0,29228
28264,661,826.00,493.00,0,29236
28144,659,826.00,493.00,0,29245
28021,655,825.00,492.00,0,29253
27897,652,826.00,493.00,0,29261
27776,649,825.00,492.00,0,29271
27656,647,826.00,505.00,0,29279
27534,645,826.00,493.00,0,29288
27409,643,825.00,492.00,0,29296
27282,641,826.00,509.00,0,29304
27156,639,826.00,508.00,0,29314
27030,636,821.00,500.00,0,29322
26904,633,825.00,493.00,0,29330
26782,631,825.00,492.00,0,29339
26664,631,825.00,492.00,0,29347
26544,630,825.00,492.00,0,29357
26422,630,825.00,500.00,0,29365
26299,629,826.00,492.00,0,29373
26177,627,826.00,506.00,0,29382
26054,624,825.00,509.00,0,29390
25931,621,826.00,492.00,0,29399
25809,617,826.00,492.00,0,29408
25690,615,826.00,510.00,0,29416
25569,613,826.00,495.00,0,29425
25444,611,825.00,508.00,0,29433
25318,609,824.00,509.00,0,29442
25192,607,826.00,492.00,0,29451
25066,605,822.00,492.00,0,29459
24940,602,821.00,509.00,0,29467
24818,600,826.00,509.00,0,29476
24700,599,827.00,493.00,0,29485
24582,598,825.00,492.00,0,29494
24461,597,825.00,509.00,0,29502
24338,597,826.00,492.00,0,29510
24216,595,826.00,509.00,0,29519
24094,593,826.00,493.00,0,29528
23971,590,825.00,493.00,0,29537
23848,587,826.00,492.00,0,29545
23728,583,826.00,509.00,0,29553
23608,581,826.00,493.00,0,29562
23484,579,826.00,509.00,0,29571
23356,577,826.00,493.00,0,29579
23230,575,826.00,509.00,0,29588
23104,572,815.00,509.00,0,29596
22976,570,811.00,493.00,0,29605
22854,568,825.00,508.00,0,29614
22734,567,826.00,510.00,0,29622
22617,566,825.00,509.00,0,29631
22498,565,825.00,493.00,0,29639
22376,565,826.00,509.00,0,29647
22253,563,826.00,509.00,0,29657
22131,560,826.00,508.00,0,29665
22006,557,826.00,509.00,0,29674
21882,553,825.00,509.00,0,29682
21761,549,825.00,509.00,0,29690
21643,547,826.00,493.00,0,29700
21520,545,826.00,493.00,0,29708
21394,544,825.00,509.00,0,29716
21266,543,823.00,475.00,0,29725
21140,541,819.00,476.00,0,29733
21013,539,821.00,493.00,0,29743
20890,536,824.00,492.00,0,29751
20771,534,825.00,493.00,0,29759
20655,533,825.00,493.00,0,29768
20538,532,826.00,492.00,0,29776
20416,531,827.00,509.00,0,29785
20292,529,825.00,509.00,0,29794
20170,527,826.00,492.00,0,29802
20044,523,825.00,492.00,0,29811
19918,519,825.00,492.00,0,29819
19796,516,826.00,509.00,0,29828
19676,513,826.00,492.00,0,29837
19556,512,826.00,492.00,0,29845
19430,511,826.00,510.00,0,29854
19302,510,823.00,509.00,0,29862
19176,509,825.00,509.00,0,29871
19049,507,824.00,509.00,0,29880
18924,504,825.00,509.00,0,29888
18806,502,826.00,492.00,0,29896
18690,501,826.00,492.00,0,29905
18576,499,826.00,493.00,0,29914
18457,498,826.00,509.00,0,29923
18333,497,825.00,508.00,0,29931
18208,495,826.00,509.00,0,29939
18084,491,826.00,492.00,0,29948
17957,488,825.00,492.00,0,29957
17833,485,826.00,509.00,0,29965
17713,481,825.00,509.00,0,29974
17593,479,826.00,492.00,0,29982
17469,478,825.00,509.00,0,29991
17340,477,824.00,509.00,0,30000
17212,475,826.00,509.00,0,30008
17085,473,812.00,493.00,0,30017
16958,471,812.00,493.00,0,30025
16839,469,826.00,492.00,0,30033
16724,467,826.00,476.00,0,30043
16612,466,826.00,492.00,0,30051
16494,465,826.00,475.00,0,30060
16370,465,825.00,492.00,0,30068
16246,464,825.00,492.00,0,30076
16120,461,827.00,493.00,0,30086
15994,458,825.00,508.00,0,30094
15869,455,827.00,493.00,0,30102
15748,451,825.00,492.00,0,30111
15630,449,826.00,509.00,0,30119
15508,447,826.00,509.00,0,30129
15381,445,825.00,509.00,0,30137
15253,443,826.00,508.00,0,30145
15126,441,818.00,508.00,0,30154
15000,439,818.00,493.00,0,30162
14880,437,826.00,508.00,0,30172
14765,437,825.00,492.00,0,30180
14653,435,826.00,493.00,0,30188
14534,435,826.00,509.00,0,30197
14409,435,826.00,492.00,0,30205
14280,433,826.00,492.00,0,30214
14152,431,827.00,509.00,0,30223
14023,427,816.00,493.00,0,30231
13896,423,826.00,509.00,0,30240
13774,419,825.00,493.00,0,30248
13658,416,825.00,492.00,0,30257
13539,414,826.00,476.00,0,30266
13415,413,822.00,492.00,0,30274
13288,411,817.00,475.00,0,30282
13162,410,825.00,508.00,0,30291
13037,409,826.00,509.00,0,30300
12917,407,826.00,509.00,0,30309
12804,406,825.00,493.00,0,30317
12694,405,826.00,492.00,0,30325
12572,405,826.00,509.00,0,30334
12444,405,826.00,509.00,0,30343
12313,405,819.00,509.00,0,30351
12182,403,826.00,524.00,0,30360
12050,399,803.00,509.00,0,30368
11922,395,804.00,509.00,0,30377
11801,391,823.00,509.00,0,30386
11686,387,825.00,476.00,0,30394
11570,383,826.00,492.00,0,30403
11450,381,826.00,509.00,0,30411
11325,379,821.00,492.00,0,30420
11200,377,825.00,509.00,0,30429
11076,376,825.00,509.00,0,30437
10956,375,826.00,478.00,0,30446
10844,375,825.00,477.00,0,30454
10732,374,826.00,493.00,0,30462
10610,374,826.00,494.00,0,30472
10482,374,826.00,509.00,0,30480
10348,374,812.00,508.00,0,30489
10214,373,822.00,508.00,0,30497
10082,369,787.00,499.00,0,30505
9952,365,788.00,493.00,0,30514
9834,360,817.00,492.00,0,30523
9724,355,825.00,492.00,0,30531
9616,351,825.00,492.00,0,30539
9504,347,826.00,492.00,0,30547
9386,345,826.00,509.00,0,30556
9266,343,826.00,493.00,0,30564
9146,341,826.00,492.00,0,30572
9029,340,826.00,493.00,0,30580
8918,339,824.00,492.00,0,30589
8810,339,825.00,508.00,0,30598
8691,339,826.00,509.00,0,30606
8568,340,825.00,509.00,0,30614
8442,340,826.00,509.00,0,30622
8310,340,800.00,508.00,0,30630
8180,338,805.00,494.00,0,30639
8050,336,786.00,492.00,0,30647
7926,332,795.00,509.00,0,30656
7810,327,817.00,492.00,0,30664
7703,322,825.00,475.00,0,30672
7597,318,826.00,492.00,0,30681
7486,314,825.00,509.00,0,30689
7366,312,826.00,492.00,0,30697
7245,310,826.00,492.00,0,30705
7126,308,826.00,492.00,0,30713
7011,306,827.00,492.00,0,30723
6904,306,825.00,491.00,0,30731
6790,306,826.00,475.00,0,30739
6669,306,826.00,491.00,0,30747
6546,307,826.00,493.00,0,30755
6418,308,825.00,509.00,0,30764
6285,309,799.00,509.00,0,30772
6152,309,781.00,509.00,0,30780
6024,307,784.00,509.00,0,30789
5903,303,811.00,509.00,0,30797
5792,298,825.00,493.00,0,30806
5688,293,825.00,475.00,0,30814
5582,289,826.00,475.00,0,30822
5466,286,826.00,492.00,0,30830
5342,283,827.00,509.00,0,30838
5219,281,826.00,499.00,0,30846
5098,279,826.00,492.00,0,30856
4987,278,826.00,492.00,0,30864
4882,277,825.00,475.00,0,30872
4766,277,826.00,509.00,0,30880
4646,279,826.00,492.00,0,30888
4522,280,826.00,509.00,0,30897
4393,281,824.00,492.00,0,30905
4262,281,804.00,509.00,0,30913
4132,281,786.00,492.00,0,30922
4005,278,794.00,509.00,0,30930
3888,274,825.00,492.00,0,30939
3780,270,826.00,492.00,0,30947
3678,266,826.00,493.00,0,30955
3564,261,826.00,492.00,0,30963
3442,257,825.00,509.00,0,30971
3316,254,823.00,492.00,0,30980
3192,250,825.00,509.00,0,30989
3078,248,826.00,476.00,0,30997
2972,248,825.00,492.00,0,31005
2862,248,825.00,492.00,0,31013
2743,248,826.00,509.00,0,31022
2622,250,826.00,493.00,0,31030
2500,252,826.00,493.00,0,31038
2372,254,826.00,492.00,0,31046
2241,254,824.00,508.00,0,31055
2112,254,797.00,508.00,0,31064
1989,252,812.00,493.00,0,31072
1876,249,826.00,475.00,0,31080
1773,244,826.00,475.00,0,31088
1664,239,826.00,510.00,0,31096
1541,234,826.00,509.00,0,31105
1413,229,820.00,492.00,0,31113
1284,225,806.00,494.00,0,31122
1162,221,825.00,492.00,0,31130
1050,219,826.00,493.00,0,31138
949,217,826.00,492.00,0,31147
842,217,825.00,492.00,0,31155
728,217,826.00,509.00,0,31162
610,219,826.00,493.00,0,31170
492,222,826.00,493.00,0,31178
366,224,826.00,509.00,0,31186
236,226,802.00,509.00,0,31195
106,227,671.00,509.00,0,31203
-16,227,798.00,509.00,0,31211
-112,225,0.00,458.00,0,31218
-138,223,0.00,408.00,0,31226
-92,219,0.00,341.00,0,31234
-5,214,814.00,325.00,0,31242
86,209,802.00,341.00,0,31249
171,205,347.00,356.00,0,31257
269,201,282.00,325.00,0,31265
378,199,398.00,325.00,0,31273
492,198,634.00,325.00,0,31282
606,198,782.00,308.00,0,31290
726,200,781.00,310.00,0,31298
852,204,826.00,308.00,0,31306
987,207,825.00,308.00,0,31313
1116,210,825.00,309.00,0,31323
1234,212,824.00,341.00,0,31331
1343,212,806.00,341.00,0,31339
1442,212,465.00,341.00,0,31347
1549,212,395.00,324.00,0,31355
1667,211,779.00,326.00,0,31364
1787,210,808.00,308.00,0,31372
1912,208,818.00,308.00,0,31380
2038,207,808.00,325.00,0,31389
2156,206,806.00,324.00,0,31397
2261,205,385.00,325.00,0,31406
2372,205,282.00,308.00,0,31414
2492,205,666.00,307.00,0,31422
2613,207,768.00,308.00,0,31430
2734,209,786.00,325.00,0,31438
2862,213,825.00,325.00,0,31447
2994,215,826.00,308.00,0,31456
3123,217,825.00,308.00,0,31464
3242,217,824.00,325.00,0,31472
3350,217,773.00,341.00,0,31480
3455,216,413.00,324.00,0,31489
3568,215,542.00,325.00,0,31497
3688,214,735.00,308.00,0,31505
3808,213,806.00,308.00,0,31513
3932,213,811.00,308.00,0,31522
4053,213,787.00,308.00,0,31531
4165,213,623.00,342.00,0,31539
4275,215,366.00,340.00,0,31547
4394,217,369.00,324.00,0,31555
4514,220,611.00,325.00,0,31563
4634,224,764.00,308.00,0,31571
4756,227,797.00,325.00,0,31580
4884,231,814.00,324.00,0,31589
5016,233,825.00,325.00,0,31597
5142,233,825.00,308.00,0,31605
5258,233,813.00,325.00,0,31613
5362,231,474.00,341.00,0,31622
5472,229,485.00,310.00,0,31630
5590,228,664.00,325.00,0,31638
5707,227,825.00,326.00,0,31646
5822,227,825.00,324.00,0,31655
5937,228,825.00,326.00,0,31664
6049,229,825.00,341.00,0,31672
6151,231,825.00,358.00,0,31680
6238,234,825.00,341.00,0,31688
6308,236,826.00,358.00,0,31696
6360,240,826.00,375.00,0,31705
6394,242,826.00,406.00,0,31713
6412,244,825.00,391.00,0,31722
6415,246,825.00,409.00,0,31730
6403,246,825.00,425.00,0,31738
6377,246,825.00,442.00,0,31747
6339,246,825.00,442.00,0,31755
6291,243,826.00,442.00,0,31763
6234,240,826.00,458.00,0,31771
6171,236,826.00,459.00,0,31779
6105,232,825.00,458.00,0,31789
6039,229,825.00,456.00,0,31797
5975,226,825.00,458.00,0,31805
5918,224,825.00,459.00,0,31813
5869,224,826.00,442.00,0,31821
5827,224,826.00,425.00,0,31830
5793,226,826.00,425.00,0,31838
5763,228,825.00,442.00,0,31846
5739,230,825.00,425.00,0,31855
5720,232,825.00,425.00,0,31863
5703,233,825.00,425.00,0,31872
5687,234,825.00,411.00,0,31880
5673,234,826.00,425.00,0,31888
5659,233,825.00,425.00,0,31896
5646,232,826.00,408.00,0,31904
5631,230,826.00,409.00,0,31912
5613,228,825.00,425.00,0,31922
5594,228,825.00,425.00,0,31930
5571,227,825.00,442.00,0,31938
5543,227,825.00,442.00,0,31946
5508,227,825.00,425.00,0,31954
5467,227,826.00,442.00,0,31963
5418,227,826.00,459.00,0,31971
5363,227,826.00,459.00,0,31979
5303,226,825.00,458.00,0,31988
5241,225,825.00,442.00,0,31996
5182,222,825.00,448.00,0,32005
5127,220,825.00,442.00,0,32013
5081,217,825.00,442.00,0,32021
5047,216,826.00,425.00,0,32029
5025,214,826.00,408.00,0,32037
5017,214,826.00,408.00,0,32046
5020,215,825.00,409.00,0,32055
5034,216,826.00,391.00,0,32063
5058,218,825.00,391.00,0,32071
5088,219,825.00,375.00,0,32079
5122,220,825.00,391.00,0,32088
5154,221,825.00,375.00,0,32096
5184,221,826.00,391.00,0,32104
5210,221,825.00,391.00,0,32112
5228,219,825.00,391.00,0,32121
5238,218,825.00,408.00,0,32130
5240,217,825.00,408.00,0,32138
5234,216,826.00,425.00,0,32146
5222,216,826.00,425.00,0,32154
5204,216,825.00,425.00,0,32162
5182,217,826.00,425.00,0,32171
5160,218,826.00,425.00,0,32179
5140,218,826.00,425.00,0,32188
5122,219,825.00,425.00,0,32196
5110,219,825.00,408.00,0,32204
5104,219,825.00,409.00,0,32212
5102,219,825.00,409.00,0,32221
5106,218,826.00,408.00,0,32229
5116,217,825.00,391.00,0,32237
5130,217,825.00,391.00,0,32245
5145,217,825.00,394.00,0,32254
5160,217,825.00,408.00,0,32263
5172,217,824.00,408.00,0,32271
5182,217,826.00,391.00,0,32279
5188,219,826.00,408.00,0,32287
5190,219,825.00,409.00,0,32295
5189,219,826.00,409.00,0,32304
5183,219,826.00,408.00,0,32312
5173,219,826.00,408.00,0,32321
5163,219,826.00,408.00,0,32329
5153,218,825.00,408.00,0,32337
5145,218,825.00,408.00,0,32346
5137,218,825.00,425.00,0,32354
5133,218,825.00,408.00,0,32362
5132,218,826.00,408.00,0,32370
5134,218,825.00,409.00,0,32378
5138,218,825.00,408.00,0,32388
5144,219,825.00,408.00,0,32396
5150,219,825.00,391.00,0,32404
5158,220,826.00,391.00,0,32412
5163,220,826.00,391.00,0,32420
5167,220,826.00,408.00,0,32429
5168,220,825.00,409.00,0,32437
5169,220,825.00,409.00,0,32445
5167,220,826.00,408.00,0,32454
5165,220,825.00,408.00,0,32462
5160,220,825.00,425.00,0,32471
5155,220,826.00,425.00,0,32479
5151,220,825.00,409.00,0,32487
5149,220,825.00,409.00,0,32495
5147,221,825.00,408.00,0,32503
5147,221,826.00,409.00,0,32512
5148,221,825.00,408.00,0,32521
5149,221,825.00,408.00,0,32529
5152,221,826.00,408.00,0,32537
5155,221,825.00,391.00,0,32545
5157,221,825.00,392.00,0,32553
5159,221,825.00,408.00,0,32562
5160,221,825.00,408.00,0,32570
5161,221,826.00,409.00,0,32578
5161,221,825.00,408.00,0,32587
5161,221,825.00,408.00,0,32595
5159,221,825.00,408.00,0,32604
5157,221,825.00,425.00,0,32612
5157,221,825.00,425.00,0,32620
5156,221,826.00,408.00,0,32628
5156,221,825.00,409.00,0,32636
5156,221,826.00,409.00,0,32645
5156,221,826.00,408.00,0,32654
5156,221,825.00,408.00,0,32662
5157,221,825.00,408.00,0,32670
5158,221,826.00,408.00,0,32678
5158,221,825.00,408.00,0,32687
5158,221,825.00,409.00,0,32695
5158,221,826.00,409.00,0,32703
5158,221,826.00,408.00,0,32711
5158,221,825.00,408.00,0,32720
5158,221,825.00,408.00,0,32729
5158,221,826.00,409.00,0,32737
5158,221,826.00,408.00,0,32745
5158,221,825.00,409.00,0,32753
5158,221,825.00,409.00,0,32761
5158,221,825.00,409.00,0,32770
5158,221,825.00,409.00,0,32778
5158,221,825.00,408.00,0,32787
5158,221,825.00,408.00,0,32795
5158,221,825.00,408.00,0,32803
5158,221,825.00,409.00,0,32812
5158,221,825.00,408.00,0,32820
5158,221,826.00,408.00,0,32828
5158,221,826.00,408.00,0,32836
5158,221,825.00,408.00,0,32844
5158,221,825.00,408.00,0,32854
5158,221,825.00,408.00,0,32862
5158,221,825.00,408.00,0,32870
5158,221,826.00,408.00,0,32878
5158,221,825.00,408.00,0,32886
5158,221,825.00,409.00,0,32894
5158,221,825.00,408.00,0,32903
5158,221,826.00,409.00,0,32911
5158,221,825.00,409.00,0,32920
5158,221,825.00,408.00,0,32928
5158,221,826.00,408.00,0,32936
5158,221,825.00,408.00,0,32945
5158,221,825.00,408.00,0,32953
5158,221,826.00,408.00,0,32961
5158,221,825.00,408.00,0,32969
5158,220,826.00,409.00,0,32977
5158,220,825.00,408.00,0,32987
5158,220,825.00,408.00,0,32995
5158,220,825.00,408.00,0,33003
5158,220,826.00,408.00,0,33011
5158,220,826.00,409.00,0,33019
5158,220,825.00,408.00,0,33028
5158,220,825.00,408.00,0,33036
5158,220,826.00,409.00,0,33044
5158,220,825.00,408.00,0,33053
5158,220,825.00,408.00,0,33061
5158,220,825.00,408.00,0,33070
5158,220,826.00,408.00,0,33078
5158,220,825.00,409.00,0,33086
5158,220,826.00,408.00,0,33094
5158,220,826.00,408.00,0,33102
5158,220,825.00,408.00,0,33111
5158,220,826.00,409.00,0,33120
5158,220,825.00,408.00,0,33128
5158,220,825.00,408.00,0,33136
5158,220,825.00,408.00,0,33144
5158,220,825.00,408.00,0,33153
5158,220,826.00,408.00,0,33161
5158,220,825.00,408.00,0,33169
5158,220,825.00,409.00,0,33177
5158,220,825.00,408.00,0,33186
5158,220,825.00,408.00,0,33195
5158,220,825.00,409.00,0,33203
5158,220,825.00,408.00,0,33211
5158,220,826.00,408.00,0,33219
5158,220,825.00,408.00,0,33227
5158,220,826.00,409.00,0,33235
5158,220,825.00,408.00,0,33244