,0,16125
-2,-2,0.51,-2.93,0,16133
-2,-2,0.51,-7.81,0,16140
-2,-2,0.51,-7.81,0,16146
-2,-2,0.51,-2.93,0,16153
-2,-2,0.51,-7.81,0,16159
-2,-2,0.51,-2.93,0,16166
-2,-2,0.51,-2.93,0,16174
-2,-2,0.51,-7.81,0,16180
-2,-2,0.51,-2.93,0,16187
-2,-2,0.51,-2.93,0,16193
-2,-2,0.51,1.95,0,16200
-2,-2,0.51,-2.93,0,16206
-2,-2,0.51,-2.93,0,16214
-2,-2,0.51,-2.93,0,16220
-2,-2,0.51,-7.81,0,16227
-2,-2,0.51,-2.93,0,16234
-2,-2,0.51,-2.93,0,16240
-2,-2,0.51,-2.93,0,16247
-2,-2,0.51,-2.93,0,16253
-2,-2,0.51,-7.81,0,16261
-2,-2,0.51,-7.81,0,16268
-2,-2,0.51,-2.93,0,16274
-2,-2,0.51,-7.81,0,16281
-2,-2,0.51,-2.93,0,16287
-2,-2,0.51,-7.81,0,16294
-2,-2,0.51,-2.93,0,16302
-2,-2,0.51,-2.93,0,16308
-2,-2,0.51,-2.93,0,16315
-2,-2,0.51,-2.93,0,16322
-2,-2,0.51,-7.81,0,16328
-2,-2,0.51,-2.93,0,16335
-2,-2,0.51,-2.93,0,16342
-2,-2,0.51,-2.93,0,16349
-2,-2,0.51,-2.93,0,16356
-2,-2,0.51,-7.81,0,16362
-2,-2,0.51,-2.93,0,16369
-2,-2,0.51,-7.81,0,16375
-2,-2,0.51,-2.93,0,16382
-2,-2,0.51,-2.93,0,16390
-2,-2,0.51,-7.81,0,16396
-2,-2,0.51,-2.93,0,16403
-2,-2,0.51,-2.93,0,16409
-2,-2,0.51,-2.93,0,16416
-2,-2,0.51,-2.93,0,16423
-2,-2,0.51,-2.93,0,16430
-2,-2,0.51,-2.93,0,16437
-2,-2,0.51,-2.93,0,16443
-2,-2,0.51,-2.93,0,16450
-2,-2,0.51,-2.93,0,16457
-2,-2,0.51,-2.93,0,16463
-2,-2,0.51,-2.93,0,16471
-2,-2,0.51,-2.93,0,16477
-2,-2,0.51,-2.93,0,16484
-2,-2,0.51,-2.93,0,16491
-2,-2,0.51,-2.93,0,16497
-2,-2,0.51,-2.93,0,16504
-2,-2,0.51,-2.93,0,16510
-2,-2,0.51,-2.93,0,16518
-2,-2,0.51,-2.93,0,16525
-2,-2,0.51,1.95,0,16531
-2,-2,0.51,-2.93,0,16538
-2,-2,0.51,-7.81,0,16544
-2,-2,0.51,-2.93,0,16551
-2,-2,0.51,-2.93,0,16558
-2,-2,0.51,-2.93,0,16565
-2,-2,0.51,-2.93,0,16572
-2,-2,0.51,-2.93,0,16578
-2,-2,0.51,-2.93,0,16585
-2,-2,0.51,-7.81,0,16591
-2,-2,0.51,-2.93,0,16599
-2,-2,0.51,-2.93,0,16606
-2,-2,0.51,-7.81,0,16612
-2,-2,0.51,-2.93,0,16619
-2,-2,0.51,-2.93,0,16625
-2,-2,0.51,-2.93,0,16632
-2,-2,0.51,-2.93,0,16640
-2,-2,0.51,-7.81,0,16646
-2,-2,0.51,-2.93,0,16653
-2,-2,0.51,-2.93,0,16659
-2,-2,0.51,-2.93,0,16666
-2,-2,0.51,-2.93,0,16673
-2,-2,0.51,-7.81,0,16679
-2,-2,0.51,-2.93,0,16687
-2,-2,0.51,-2.93,0,16693
-2,-2,0.51,-7.81,0,16700
-2,-2,0.51,-2.93,0,16707
-2,-2,0.51,-7.81,0,16713
-2,-2,0.51,-2.93,0,16720
-2,-2,0.51,-2.93,0,16727
-2,-2,0.51,-7.81,0,16734
-2,-2,0.51,-2.93,0,16741
-2,-2,0.51,-2.93,0,16747
-2,-2,0.51,-2.93,0,16754
-2,-2,0.51,-2.93,0,16760
-2,-2,0.51,-2.93,0,16768
-2,-2,0.51,-7.81,0,16775
-2,-2,0.51,-2.93,0,16781
-2,-2,0.51,-2.93,0,16788
-2,-2,0.51,-2.93,0,16794
-2,-2,0.51,-2.93,0,16801
-2,-2,0.51,-2.93,0,16808
-2,-2,0.51,-2.93,0,16815
-2,-2,0.51,-2.93,0,16822
-2,-2,0.51,-2.93,0,16828
-2,-2,0.51,-2.93,0,16835
-2,-2,0.51,-2.93,0,16842
-2,-2,0.51,-7.81,0,16848
-2,-2,0.51,-2.93,0,16856
-2,-2,0.51,-7.81,0,16862
-2,-2,0.51,-2.93,0,16869
-2,-2,0.51,-2.93,0,16876
-2,-2,0.51,-2.93,0,16882
-2,-2,0.51,-2.93,0,16889
-2,-2,0.51,-7.81,0,16896
-2,-2,0.51,-2.93,0,16903
-2,-2,0.51,-2.93,0,16910
-2,-2,0.51,-2.93,0,16916
-2,-2,0.51,-2.93,0,16923
-2,-2,0.51,-2.93,0,16929
-2,-2,0.51,-7.81,0,16936
-2,-2,0.51,-7.81,0,16944
-2,-2,0.51,-2.93,0,16950
-2,-2,0.51,-2.93,0,16957
-2,-2,0.51,-2.93,0,16963
-2,-2,0.51,-2.93,0,16970
-2,-2,0.51,-2.93,0,16977
-2,-2,0.51,-2.93,0,16984
-2,-2,0.51,-2.93,0,16991
-2,-2,0.51,-2.93,0,16997
-2,-2,0.51,-2.93,0,17004
-2,-2,0.51,-2.93,0,17011
-2,-2,0.51,-7.81,0,17017
-2,-2,0.51,-2.93,0,17025
-2,-2,0.51,-2.93,0,17031
-2,-2,0.51,-7.81,0,17038
-2,-2,0.51,-2.93,0,17045
-2,-2,0.51,-2.93,0,17051
-2,-2,0.51,-2.93,0,17058
-2,-2,0.51,-2.93,0,17064
-2,-2,0.51,-7.81,0,17072
-2,-2,0.51,-2.93,0,17079
-2,-2,0.51,-2.93,0,17085
-2,-2,0.51,-7.81,0,17092
-2,-2,0.51,-2.93,0,17098
-2,-2,0.51,-7.81,0,17105
-2,-2,0.51,-2.93,0,17113
-2,-2,0.51,-2.93,0,17119
-2,-2,0.51,-2.93,0,17126
-2,-2,0.51,-2.93,0,17132
-2,-2,0.51,-7.81,0,17139
-2,-2,0.51,-2.93,0,17146
-2,-2,0.51,-2.93,0,17153
-2,-2,0.51,-2.93,0,17160
-2,-2,0.51,-2.93,0,17166
-2,-2,0.51,-7.81,0,17173
-2,-2,0.51,-2.93,0,17180
-2,-2,0.51,-2.93,0,17186
-2,-2,0.51,-2.93,0,17193
-2,-2,0.51,-2.93,0,17200
-2,-2,0.51,-7.81,0,17207
-2,-2,0.51,-2.93,0,17214
-2,-2,0.51,-2.93,0,17220
-2,-2,0.51,-2.93,0,17227
-2,-2,0.51,-2.93,0,17233
-2,-2,0.51,-7.81,0,17241
-2,-2,0.51,-2.93,0,17248
-2,-2,0.51,-2.93,0,17254
-2,-2,0.51,-2.93,0,17261
-2,-2,0.51,-2.93,0,17267
-2,-2,0.51,-7.81,0,17274
-2,-2,0.51,-2.93,0,17282
-2,-2,0.51,-2.93,0,17288
-2,-2,0.51,-2.93,0,17295
-2,-2,0.51,-2.93,0,17301
-2,-2,0.51,-2.93,0,17308
-2,-2,0.51,-2.93,0,17315
-2,-2,0.51,-2.93,0,17321
-2,-2,0.51,-2.93,0,17329
-2,-2,0.51,-2.93,0,17335
-2,-2,0.51,-7.81,0,17342
-2,-2,0.51,-2.93,0,17349
-2,-2,0.51,-2.93,0,17355
-2,-2,0.51,-2.93,0,17362
-2,-2,0.51,-2.93,0,17369
-2,-2,0.51,-7.81,0,17376
-2,-2,0.51,-2.93,0,17383
-2,-2,0.51,-2.93,0,17389
-2,-2,0.51,-2.93,0,17396
-2,-2,0.51,-2.93,0,17403
-2,-2,0.51,-7.81,0,17410
-2,-2,0.51,-7.81,0,17417
-2,-2,0.51,-2.93,0,17423
-2,-2,0.51,-2.93,0,17430
-2,-2,0.51,-2.93,0,17437
-2,-2,0.51,-7.81,0,17443
-2,-2,0.51,-2.93,0,17451
-2,-2,0.51,-2.93,0,17457
-2,-2,0.51,-2.93,0,17464
-2,-2,0.51,-2.93,0,17471
-2,-2,0.51,-7.81,0,17477
-2,-2,0.51,-2.93,0,17484
-2,-2,0.51,-7.81,0,17490
-2,-2,0.51,-2.93,0,17498
-2,-2,0.51,-2.93,0,17505
-2,-2,0.51,-7.81,0,17511
-2,-2,0.51,-2.93,0,17518
-2,-2,0.51,-2.93,0,17524
-2,-2,0.51,-2.93,0,17531
-2,-2,0.51,-2.93,0,17539
-2,-2,0.51,-2.93,0,17545
-2,-2,0.51,-2.93,0,17552
-2,-2,0.51,-2.93,0,17558
-2,-2,0.51,-2.93,0,17565
-2,-2,0.51,-2.93,0,17572
-2,-2,0.51,-7.81,0,17579
-2,-2,0.51,-2.93,0,17586
-2,-2,0.51,-2.93,0,17592
-2,-2,0.51,-2.93,0,17599
-2,-2,0.51,-2.93,0,17606
-2,-2,0.51,-2.93,0,17612
-2,-2,0.51,-2.93,0,17619
-2,-2,0.51,-2.93,0,17626
-2,-2,0.51,-2.93,0,17633
-2,-2,0.51,-7.81,0,17640
-2,-2,0.51,-7.81,0,17646
-2,-2,0.51,-2.93,0,17653
-2,-2,0.51,-2.93,0,17659
-2,-2,0.51,-2.93,0,17667
-2,-2,0.51,-7.81,0,17674
-2,-2,0.51,-7.81,0,17680
-2,-2,0.51,-2.93,0,17687
-2,-2,0.51,-2.93,0,17693
-2,-2,0.51,-2.93,0,17700
-2,-2,0.51,-2.93,0,17708
-2,-2,0.51,-7.81,0,17714
-2,-2,0.51,-2.93,0,17721
-2,-2,0.51,-2.93,0,17727
-2,-2,0.51,-7.81,0,17734
-3,-2,0.51,-7.81,0,17741
-3,-2,0.51,-2.93,0,17747
-3,-2,0.51,-2.93,0,17755
-3,-2,0.51,-2.93,0,17761
-3,-2,0.51,-2.93,0,17768
-3,-2,0.51,-2.93,0,17775
-3,-2,0.51,-2.93,0,17781
-3,-2,0.51,-2.93,0,17788
-3,-2,0.51,-2.93,0,17795
-3,-2,0.51,-2.93,0,17802
-3,-2,0.51,-7.81,0,17809
-3,-2,0.51,-7.81,0,17815
-3,-2,0.51,-2.93,0,17822
-3,-2,0.51,-2.93,0,17828
-3,-2,0.51,-7.81,0,17836
-3,-2,0.51,-2.93,0,17843
-3,-2,0.51,-2.93,0,17849
-3,-2,0.51,-2.93,0,17856
-3,-2,0.51,-2.93,0,17862
-3,-2,0.51,-7.81,0,17869
-3,-2,0.51,-2.93,0,17876
-3,-2,0.51,-2.93,0,17883
-3,-2,0.51,-2.93,0,17890
-3,-2,0.51,-7.81,0,17896
-3,-2,0.51,-7.81,0,17903
-3,-2,0.51,-2.93,0,17910
-3,-2,0.51,-7.81,0,17916
-3,-2,0.51,-2.93,0,17924
-3,-2,0.51,-7.81,0,17930
-3,-2,0.51,-7.81,0,17937
-3,-2,0.51,-7.81,0,17944
-3,-2,0.51,-7.81,0,17950
-3,-2,0.51,-2.93,0,17957
-3,-2,0.51,-2.93,0,17964
-3,-2,0.51,-7.81,0,17971
-3,-2,0.51,-2.93,0,17978
-3,-2,0.51,-2.93,0,17984
-3,-2,0.51,-2.93,0,17991
-3,-2,0.51,-2.93,0,17997
-3,-2,0.51,-7.81,0,18004
-3,-2,0.51,-2.93,0,18012
-3,-2,0.51,-2.93,0,18018
-3,-2,0.51,-2.93,0,18025
-3,-2,0.51,-2.93,0,18031
-3,-2,0.51,-7.81,0,18038
-3,-2,0.51,-2.93,0,18045
-3,-2,0.51,-2.93,0,18052
-3,-2,0.51,-7.81,0,18059
-3,-2,0.51,-2.93,0,18065
-3,-2,0.51,-7.81,0,18072
-3,-2,0.51,-2.93,0,18079
-3,-2,0.51,-2.93,0,18085
-3,-2,0.51,-2.93,0,18093
-3,-2,0.51,-2.93,0,18099
-3,-2,0.51,-7.81,0,18106
-3,-2,0.51,-2.93,0,18113
-3,-2,0.51,-7.81,0,18119
-3,-2,0.51,-2.93,0,18126
-3,-2,0.51,-2.93,0,18132
-3,-2,0.51,-7.81,0,18140
-3,-2,0.51,-2.93,0,18147
-3,-2,0.51,-2.93,0,18153
-3,-2,0.51,-2.93,0,18160
-3,-2,0.51,-2.93,0,18166
-3,-2,0.51,-7.81,0,18173
-3,-2,0.51,-2.93,0,18181
-3,-2,0.51,-2.93,0,18187
-3,-2,0.51,-2.93,0,18194
-3,-2,0.51,-2.93,0,18200
-3,-2,0.51,-7.81,0,18207
-3,-2,0.51,-7.81,0,18214
-3,-2,0.51,-2.93,0,18221
-3,-2,0.51,-2.93,0,18228
-3,-2,0.51,-7.81,0,18234
-3,-2,0.51,-7.81,0,18241
-3,-2,0.51,-7.81,0,18248
-3,-2,0.51,-2.93,0,18254
-3,-2,0.51,-2.93,0,18262
-3,-2,0.51,-7.81,0,18269
-3,-2,0.51,-7.81,0,18275
-3,-2,0.51,-2.93,0,18282
-3,-2,0.51,-2.93,0,18288
-3,-2,0.51,-7.81,0,18295
-3,-2,0.51,-7.81,0,18302
-3,-2,0.51,-7.81,0,18309
-3,-2,0.51,-7.81,0,18316
-3,-2,0.51,-2.93,0,18322
-3,-2,0.51,-7.81,0,18329
-3,-2,0.51,-2.93,0,18336
-3,-2,0.51,-7.81,0,18342
-3,-2,0.51,-7.81,0,18350
-3,-2,0.51,-2.93,0,18356
-3,-2,0.51,-2.93,0,18363
-3,-2,0.51,-2.93,0,18370
-3,-2,0.51,-7.81,0,18376
-3,-2,0.51,-2.93,0,18383
-3,-2,0.51,-7.81,0,18390
-3,-2,0.51,-2.93,0,18397
-3,-2,0.51,-2.93,0,18404
-3,-2,0.51,-7.81,0,18410
-3,-2,0.51,-2.93,0,18417
-3,-2,0.51,-2.93,0,18423
-3,-2,0.51,-2.93,0,18430
-3,-2,0.51,-2.93,0,18438
-3,-2,0.51,-7.81,0,18444
-3,-2,0.51,-2.93,0,18451
-3,-2,0.51,-2.93,0,18457
-3,-2,0.51,-7.81,0,18464
-3,-2,0.51,-7.81,0,18471
-3,-2,0.51,-2.93,0,18478
-3,-2,0.51,-2.93,0,18485
-3,-2,0.51,-2.93,0,18491
-3,-2,0.51,-2.93,0,18498
-3,-2,0.51,-2.93,0,18505
-3,-2,0.51,-2.93,0,18511
-3,-2,0.51,-2.93,0,18519
-3,-2,0.51,-2.93,0,18525
-3,-2,0.51,-2.93,0,18532
-3,-2,0.51,-2.93,0,18539
-3,-2,0.51,-2.93,0,18545
-3,-2,0.51,-7.81,0,18552
-3,-2,0.51,-7.81,0,18558
-3,-2,0.51,-2.93,0,18566
-3,-2,0.51,-2.93,0,18573
-3,-2,0.51,-2.93,0,18579
-3,-2,0.51,-2.93,0,18586
-3,-2,0.51,-7.81,0,18592
-3,-2,0.51,-7.81,0,18599
-3,-2,0.51,-2.93,0,18607
-3,-2,0.51,-2.93,0,18613
-3,-2,0.51,-2.93,0,18620
-3,-2,0.51,-2.93,0,18626
-3,-2,0.51,-2.93,0,18633
-3,-2,0.51,-2.93,0,18640
-3,-2,0.51,-2.93,0,18647
-3,-2,0.51,-2.93,0,18654
-3,-2,0.51,-7.81,0,18660
-3,-2,0.51,-7.81,0,18667
-3,-2,0.51,-7.81,0,18674
-3,-2,0.51,-2.93,0,18680
-3,-2,0.51,-2.93,0,18688
-3,-2,0.51,-2.93,0,18694
-3,-2,0.51,-2.93,0,18701
-3,-2,0.51,-2.93,0,18708
-3,-2,0.51,-2.93,0,18714
-3,-2,0.51,-2.93,0,18721
-3,-2,0.51,-2.93,0,18727
-3,-2,0.51,-7.81,0,18735
-3,-2,0.51,-2.93,0,18742
-3,-2,0.51,-2.93,0,18748
-3,-2,0.51,-2.93,0,18755
-3,-2,0.51,-2.93,0,18761
-3,-2,0.51,-7.81,0,18768
-3,-2,0.51,-2.93,0,18776
-3,-2,0.51,-2.93,0,18782
-3,-2,0.51,-2.93,0,18789
-3,-2,0.51,-2.93,0,18795
-3,-2,0.51,-7.81,0,18802
-3,-2,0.51,-2.93,0,18809
-3,-2,0.51,-7.81,0,18816
-3,-2,0.51,-2.93,0,18823
-3,-2,0.51,-2.93,0,18829
-3,-2,0.51,-7.81,0,18836
-3,-2,0.51,-2.93,0,18843
-3,-2,0.51,-7.81,0,18849
-3,-2,0.51,-7.81,0,18856
-3,-2,0.51,-2.93,0,18863
-3,-2,0.51,-7.81,0,18870
-3,-2,0.51,-2.93,0,18877
-3,-2,0.51,-2.93,0,18883
-3,-2,0.51,-2.93,0,18890
-3,-2,0.51,-2.93,0,18896
-3,-2,0.51,-7.81,0,18904
-3,-2,0.51,-2.93,0,18911
-3,-2,0.51,-7.81,0,18917
-3,-2,0.51,-2.93,0,18924
-3,-2,0.51,-2.93,0,18930
-3,-2,0.51,-7.81,0,18937
-3,-2,0.51,-2.93,0,18945
-3,-2,0.51,-7.81,0,18951
-3,-2,0.51,-2.93,0,18958
-3,-2,0.51,-7.81,0,18964
-3,-2,0.51,-7.81,0,18971
-3,-2,0.51,-2.93,0,18978
-3,-2,0.51,-2.93,0,18984
-3,-2,0.51,-2.93,0,18992
-3,-2,0.51,-7.81,0,18998
-3,-2,0.51,-7.81,0,19005
-3,-2,0.51,-2.93,0,19012
-3,-2,0.51,-7.81,0,19018
-3,-2,0.51,-2.93,0,19025
-3,-2,0.51,-7.81,0,19032
-3,-2,0.51,-7.81,0,19039
-3,-2,0.51,-2.93,0,19046
-3,-2,0.51,-2.93,0,19052
-3,-2,0.51,-2.93,0,19059
-3,-2,0.51,-2.93,0,19065
-3,-2,0.51,-7.81,0,19073
-3,-2,0.51,1.95,0,19079
-3,-2,0.51,-7.81,0,19086
-3,-2,0.51,-7.81,0,19093
-3,-2,0.51,-2.93,0,19099
-3,-2,0.51,-7.81,0,19106
-3,-2,0.51,-2.93,0,19112
-3,-2,0.51,-2.93,0,19120
-3,-2,0.51,-7.81,0,19127
-3,-2,0.51,-2.93,0,19133
-3,-2,0.51,-7.81,0,19140
-3,-2,0.51,-2.93,0,19146
-3,-2,0.51,-7.81,0,19153
-3,-2,0.51,-2.93,0,19161
-3,-2,0.51,-7.81,0,19167
-3,-2,0.51,-2.93,0,19174
-3,-2,0.51,-2.93,0,19180
-3,-2,0.51,-7.81,0,19187
-3,-2,0.51,-2.93,0,19194
-3,-2,0.51,-2.93,0,19201
-3,-2,0.51,-7.81,0,19208
-3,-2,0.51,-2.93,0,19214
-3,-2,0.51,-2.93,0,19221
-3,-2,0.51,-7.81,0,19228
-3,-2,0.51,-2.93,0,19234
-3,-2,0.51,-2.93,0,19241
-3,-2,0.51,-2.93,0,19248
-3,-2,0.51,-7.81,0,19255
-3,-2,0.51,-2.93,0,19262
-3,-2,0.51,-7.81,0,19268
-3,-2,0.51,-2.93,0,19275
-3,-2,0.51,-7.81,0,19281
-3,-2,0.51,-7.81,0,19289
-3,-2,0.51,-7.81,0,19296
-3,-2,0.51,-2.93,0,19302
-3,-2,0.51,-2.93,0,19309
-3,-2,0.51,-7.81,0,19315
-3,-2,0.51,-7.81,0,19322
-3,-2,0.51,-7.81,0,19330
-3,-2,0.51,-2.93,0,19336
-3,-2,0.51,-2.93,0,19343
-3,-2,0.51,-7.81,0,19349
-3,-2,0.51,-7.81,0,19356
-3,-2,0.51,-2.93,0,19363
-3,-2,0.51,-7.81,0,19369
-3,-2,0.51,-2.93,0,19377
-3,-2,0.51,-7.81,0,19384
-3,-2,0.51,-7.81,0,19390
-3,-2,0.51,-7.81,0,19397
-3,-2,0.51,-7.81,0,19403
-3,-2,0.51,-2.93,0,19410
-3,-2,0.51,-7.81,0,19418
-3,-2,0.51,-7.81,0,19424
-3,-2,0.51,-7.81,0,19431
-3,-2,0.51,-7.81,0,19437
-3,-2,0.51,-7.81,0,19444
-3,-2,0.51,-7.81,0,19451
-3,-2,0.51,-7.81,0,19458
-3,-2,0.51,-2.93,0,19465
-3,-2,0.51,-7.81,0,19471
-3,-2,0.51,-2.93,0,19478
-3,-2,0.51,-7.81,0,19485
-3,-2,0.51,-7.81,0,19491
-3,-2,0.51,-7.81,0,19499
-3,-2,0.51,-7.81,0,19505
-3,-2,0.51,-2.93,0,19512
-3,-2,0.51,-7.81,0,19519
-3,-2,0.51,-7.81,0,19525
-3,-2,0.51,-7.81,0,19532
-3,-2,0.51,-7.81,0,19538
-3,-2,0.51,-2.93,0,19546
-3,-2,0.51,-7.81,0,19553
-3,-2,0.51,-7.81,0,19559
-3,-2,0.51,-7.81,0,19566
-3,-2,0.51,-7.81,0,19572
-3,-2,0.51,-7.81,0,19579
-3,-2,0.51,-2.93,0,19587
-3,-2,0.51,-7.81,0,19593
-3,-2,0.51,-7.81,0,19600
-3,-2,0.51,-2.93,0,19606
-3,-2,0.51,-7.81,0,19613
-3,-2,0.51,-2.93,0,19620
-3,-2,0.51,-7.81,0,19627
-3,-2,0.51,-7.81,0,19634
-3,-2,0.51,-7.81,0,19640
-3,-2,0.51,-7.81,0,19647
-3,-2,0.51,-7.81,0,19654
-3,-2,0.51,-7.81,0,19660
-3,-2,0.51,-7.81,0,19667
-3,-2,0.51,-7.81,0,19674
-3,-2,0.51,-7.81,0,19681
-3,-2,0.51,-7.81,0,19688
-3,-2,0.51,-7.81,0,19694
-3,-2,0.51,-2.93,0,19701
-3,-2,0.51,-2.93,0,19707
-3,-2,0.51,-7.81,0,19715
-3,-2,0.51,-7.81,0,19722
-3,-2,0.51,-7.81,0,19728
-3,-2,0.51,-7.81,0,19735
-3,-2,0.51,-7.81,0,19741
-3,-2,0.51,-7.81,0,19748
-3,-2,0.51,-2.93,0,19756
-3,-2,0.51,-7.81,0,19762
-3,-2,0.51,-7.81,0,19769
-3,-2,0.51,-7.81,0,19775
-3,-2,0.51,-7.81,0,19782
-3,-2,0.51,-2.93,0,19789
-3,-2,0.51,-7.81,0,19795
-3,-2,0.51,-7.81,0,19803
-3,-2,0.51,-2.93,0,19809
-3,-2,0.51,-7.81,0,19816
-3,-2,0.51,-2.93,0,19823
-3,-2,0.51,-7.81,0,19829
-3,-2,0.51,-2.93,0,19836
-3,-2,0.51,-7.81,0,19843
-3,-2,0.51,-7.81,0,19850
-3,-2,0.51,-7.81,0,19857
-3,-2,0.51,-2.93,0,19863
-3,-2,0.51,-7.81,0,19870
-3,-2,0.51,-2.93,0,19876
-3,-2,0.51,-2.93,0,19884
-3,-2,0.51,-7.81,0,19891
-3,-2,0.51,-2.93,0,19897
-3,-2,0.51,-7.81,0,19904
-3,-2,0.51,-7.81,0,19910
-3,-2,0.51,-7.81,0,19917
-3,-2,0.51,-7.81,0,19924
-3,-2,0.51,-2.93,0,19931
-3,-2,0.51,-7.81,0,19938
-3,-2,0.51,-7.81,0,19944
-3,-2,0.51,-7.81,0,19951
-3,-2,0.51,-7.81,0,19958
-3,-2,0.51,-2.93,0,19964
-3,-2,0.51,-7.81,0,19972
-3,-2,0.51,-7.81,0,19978
-3,-2,0.51,-7.81,0,19985
-3,-2,0.51,-7.81,0,19992
-3,-2,0.51,-2.93,0,19998
-3,-2,0.51,-7.81,0,20005
-3,-2,0.51,-7.81,0,20012
-3,-2,0.51,-7.81,0,20019
-3,-2,0.51,-7.81,0,20026
-3,-2,0.51,-2.93,0,20032
-3,-2,0.51,-7.81,0,20039
-3,-2,0.51,-7.81,0,20045
-3,-2,0.51,-7.81,0,20052
-3,-2,0.51,-7.81,0,20060
-3,-2,0.51,-7.81,0,20066
-3,-2,0.51,-7.81,0,20073
-3,-2,0.51,-7.81,0,20079
-3,-2,0.51,-7.81,0,20086
-3,-2,0.51,-7.81,0,20093
-3,-2,0.51,-2.93,0,20100
-3,-2,0.51,-2.93,0,20107
-3,-2,0.51,-7.81,0,20113
-3,-2,0.51,-7.81,0,20120
-3,-2,0.51,-7.81,0,20127
-3,-2,0.51,-2.93,0,20133
-3,-2,0.51,-2.93,0,20141
-3,-2,0.51,-7.81,0,20147
-3,-2,0.51,-7.81,0,20154
-3,-2,0.51,-7.81,0,20161
-3,-2,0.51,-7.81,0,20167
-3,-2,0.51,-2.93,0,20174
-3,-2,0.51,-7.81,0,20180
-3,-2,0.51,-7.81,0,20188
-3,-2,0.51,-7.81,0,20195
-3,-2,0.51,-7.81,0,20201
-3,-2,0.51,-2.93,0,20208
-3,-2,0.51,-2.93,0,20214
-3,-2,0.51,-7.81,0,20221
-3,-2,0.51,-7.81,0,20229
-3,-2,0.51,-7.81,0,20235
-3,-2,0.51,-2.93,0,20242
-3,-2,0.51,-7.81,0,20249
-3,-2,0.51,-7.81,0,20255
-3,-2,0.51,-2.93,0,20262
-3,-2,0.51,-7.81,0,20269
-3,-2,0.51,-2.93,0,20276
-3,-2,0.51,-7.81,0,20283
-3,-2,0.51,-7.81,0,20289
-3,-2,0.51,-2.93,0,20296
-3,-2,0.51,-7.81,0,20302
-3,-2,0.51,-2.93,0,20310
-3,-2,0.51,-7.81,0,20317
-3,-2,0.51,-7.81,0,20323
-3,-2,0.51,-7.81,0,20330
-3,-2,0.51,-2.93,0,20336
-3,-2,0.51,-2.93,0,20343
-3,-2,0.51,-7.81,0,20350
-3,-2,0.51,-7.81,0,20357
-3,-2,0.51,-7.81,0,20364
-3,-2,0.51,-7.81,0,20370
-3,-2,0.51,-2.93,0,20377
-3,-2,0.51,-7.81,0,20384
-3,-2,0.51,-7.81,0,20390
-3,-2,0.51,-2.93,0,20398
-3,-2,0.51,-7.81,0,20404
-3,-2,0.51,-7.81,0,20411
-3,-2,0.51,-7.81,0,20418
-3,-2,0.51,-7.81,0,20424
-3,-2,0.51,-7.81,0,20431
-3,-2,0.51,-2.93,0,20438
-3,-2,0.51,-7.81,0,20445
-3,-2,0.51,-2.93,0,20452
-3,-2,0.51,-7.81,0,20458
-3,-2,0.51,-7.81,0,20465
-3,-2,0.51,-2.93,0,20471
-3,-2,0.51,-7.81,0,20478
-3,-2,0.51,-2.93,0,20486
-3,-2,0.51,-7.81,0,20492
-3,-2,0.51,-7.81,0,20499
-3,-2,0.51,-7.81,0,20505
-3,-2,0.51,-7.81,0,20512
-3,-2,0.51,-7.81,0,20519
-3,-2,0.51,-7.81,0,20526
-3,-2,0.51,-7.81,0,20533
-3,-2,0.51,-2.93,0,20539
-3,-2,0.51,-7.81,0,20546
-3,-2,0.51,-2.93,0,20553
-3,-2,0.51,-7.81,0,20559
-3,-2,0.51,-7.81,0,20567
-3,-2,0.51,-7.81,0,20573
-3,-2,0.51,-7.81,0,20580
-3,-2,0.51,-2.93,0,20587
-3,-2,0.51,-7.81,0,20593
-3,-2,0.51,-7.81,0,20600
-3,-2,0.51,-7.81,0,20606
-3,-2,0.51,-7.81,0,20614
-3,-2,0.51,-7.81,0,20621
-3,-2,0.51,-2.93,0,20627
-3,-2,0.51,-7.81,0,20634
-3,-2,0.51,-7.81,0,20640
-3,-2,0.51,-7.81,0,20647
-3,-2,0.51,-2.93,0,20655
-3,-2,0.51,-7.81,0,20661
-3,-2,0.51,-2.93,0,20668
-3,-2,0.51,-7.81,0,20674
-3,-2,0.51,-7.81,0,20681
-3,-2,0.51,-2.93,0,20688
-3,-2,0.51,-7.81,0,20695
-3,-2,0.51,-2.93,0,20702
-3,-2,0.51,-7.81,0,20708
-3,-2,0.51,-7.81,0,20715
-3,-2,0.51,-2.93,0,20722
-3,-2,0.51,-2.93,0,20728
-3,-2,0.51,-2.93,0,20736
-3,-2,0.51,-2.93,0,20742
-3,-2,0.51,-7.81,0,20749
-3,-2,0.51,-7.81,0,20756
-3,-2,0.51,-2.93,0,20762
-3,-2,0.51,-7.81,0,20769
-3,-2,0.51,-7.81,0,20775
-3,-2,0.51,-2.93,0,20783
-3,-2,0.51,-7.81,0,20790
-3,-2,0.51,-2.93,0,20796
-3,-2,0.51,-7.81,0,20803
-3,-2,0.51,-7.81,0,20809
-3,-2,0.51,-7.81,0,20816
-3,-2,0.51,-7.81,0,20824
-3,-2,0.51,-2.93,0,20830
-3,-2,0.51,-7.81,0,20837
-3,-2,0.51,-7.81,0,20843
-3,-2,0.51,-7.81,0,20850
-3,-2,0.51,-7.81,0,20857
-3,-2,0.51,-2.93,0,20864
-3,-2,0.51,-7.81,0,20871
-3,-2,0.51,-7.81,0,20877
-3,-2,0.51,-7.81,0,20884
-3,-2,0.51,-7.81,0,20891
-3,-2,0.51,-2.93,0,20897
-3,-2,0.51,-7.81,0,20904
-3,-2,0.51,-7.81,0,20911
-3,-2,0.51,-7.81,0,20918
-3,-2,0.51,-2.93,0,20925
-3,-2,0.51,-2.93,0,20931
-3,-2,0.51,-7.81,0,20938
-3,-2,0.51,-7.81,0,20944
-3,-2,0.51,-7.81,0,20952
-3,-2,0.51,-7.81,0,20959
-3,-2,0.51,-7.81,0,20965
-3,-2,0.51,-2.93,0,20972
-3,-2,0.51,-7.81,0,20978
-3,-2,0.51,-7.81,0,20985
-3,-2,0.51,-7.81,0,20993
-3,-2,0.51,-7.81,0,20999
-3,-2,0.51,-7.81,0,21006
-3,-2,0.51,-7.81,0,21012
-3,-2,0.51,-7.81,0,21019
-3,-2,0.51,-2.93,0,21026
-3,-2,0.51,-7.81,0,21032
-3,-2,0.51,-2.93,0,21040
-3,-2,0.51,-7.81,0,21046
-3,-2,0.51,-7.81,0,21053
-3,-2,0.51,-7.81,0,21060
-3,-2,0.51,-7.81,0,21066
-3,-2,0.51,-2.93,0,21073
-3,-2,0.51,-7.81,0,21080
-3,-2,0.51,-7.81,0,21087
-3,-2,0.51,-7.81,0,21094
-3,-2,0.51,-7.81,0,21100
-3,-2,0.51,-2.93,0,21107
-3,-2,0.51,-7.81,0,21114
-3,-2,0.51,-7.81,0,21121
-3,-2,0.51,-7.81,0,21128
-3,-2,0.51,-7.81,0,21134
-3,-2,0.51,-2.93,0,21141
-3,-2,0.51,-7.81,0,21148
-3,-2,0.51,-7.81,0,21154
-3,-2,0.51,-7.81,0,21161
-3,-2,0.51,-7.81,0,21168
-3,-2,0.51,-2.93,0,21175
-3,-2,0.51,-2.93,0,21182
-3,-2,0.51,-7.81,0,21188
-3,-2,0.51,-7.81,0,21195
-3,-2,0.51,-2.93,0,21201
-3,-2,0.51,-7.81,0,21209
-3,-2,0.51,-7.81,0,21216
-3,-2,0.51,-7.81,0,21222
-3,-2,0.51,-7.81,0,21229
-3,-2,0.51,-2.93,0,21235
-3,-2,0.51,-7.81,0,21242
-3,-2,0.51,-7.81,0,21250
-3,-2,0.51,-7.81,0,21256
-3,-2,0.51,-7.81,0,21263
-3,-2,0.51,-7.81,0,21269
-3,-2,0.51,-2.93,0,21276
-3,-2,0.51,-2.93,0,21283
-3,-2,0.51,-7.81,0,21289
-3,-2,0.51,-7.81,0,21297
-3,-2,0.51,-7.81,0,21303
-3,-2,0.51,-7.81,0,21310
-3,-2,0.51,-7.81,0,21317
-3,-2,0.51,-7.81,0,21323
-3,-2,0.51,-2.93,0,21330
-3,-2,0.51,-7.81,0,21337
-3,-2,0.51,-7.81,0,21344
-3,-2,0.51,-2.93,0,21351
-3,-2,0.51,-2.93,0,21357
-3,-2,0.51,-7.81,0,21364
-3,-2,0.51,-2.93,0,21370
-3,-2,0.51,-7.81,0,21378
-3,-2,0.51,-2.93,0,21385
-3,-2,0.51,-7.81,0,21391
-3,-2,0.51,-7.81,0,21398
-3,-2,0.51,-7.81,0,21404
-3,-2,0.51,-7.81,0,21411
-3,-2,0.51,-2.93,0,21419
-3,-2,0.51,-7.81,0,21425
-3,-2,0.51,-7.81,0,21432
-3,-2,0.51,-2.93,0,21438
-3,-2,0.51,-7.81,0,21445
-3,-2,0.51,-7.81,0,21452
-3,-2,0.51,-7.81,0,21458
-3,-2,0.51,-7.81,0,21466
-3,-2,0.51,-7.81,0,21472
-3,-2,0.51,-7.81,0,21479
-3,-2,0.51,-2.93,0,21486
-3,-2,0.51,-7.81,0,21492
-3,-2,0.51,-7.81,0,21499
-3,-2,0.51,-2.93,0,21506
-3,-2,0.51,-7.81,0,21513
-3,-2,0.51,-7.81,0,21520
-3,-2,0.51,-7.81,0,21526
-3,-2,0.51,-7.81,0,21533
-3,-2,0.51,-7.81,0,21539
-3,-2,0.51,-7.81,0,21547
-3,-2,0.51,-7.81,0,21554
-3,-2,0.51,-2.93,0,21560
-3,-2,0.51,-7.81,0,21567
-3,-2,0.51,-7.81,0,21573
-3,-2,0.51,-7.81,0,21580
-3,-2,0.51,-7.81,0,21587
-3,-2,0.51,-2.93,0,21594
-3,-2,0.51,-7.81,0,21601
-3,-2,0.51,-7.81,0,21607
-3,-2,0.51,-7.81,0,21614
-3,-2,0.51,-7.81,0,21621
-3,-2,0.51,-2.93,0,21627
-3,-2,0.51,-7.81,0,21635
-3,-2,0.51,-2.93,0,21641
-3,-2,0.51,-7.81,0,21648
-3,-2,0.51,-7.81,0,21655
-3,-2,0.51,-2.93,0,21661
-3,-2,0.51,-7.81,0,21668
-3,-2,0.51,-7.81,0,21675
-3,-2,0.51,-2.93,0,21682
-3,-2,0.51,-7.81,0,21689
-3,-2,0.51,-2.93,0,21695
-3,-2,0.51,-7.81,0,21702
-3,-2,0.51,-7.81,0,21708
-3,-2,0.51,-7.81,0,21715
3,-2,-0.50,-168.95,0,21723
55,-2,-0.50,-330.08,0,21731
149,-2,-0.50,-417.97,0,21738
253,-2,-0.17,-334.96,0,21746
353,-2,-0.50,-413.09,0,21753
466,-3,0.12,-496.09,0,21762
575,-4,0.51,-413.09,0,21769
688,-6,0.51,-413.09,0,21776
785,-8,0.51,-334.96,0,21784
881,-10,0.51,-413.09,0,21791
977,-15,0.51,-334.96,0,21799
1059,-20,0.51,-251.95,0,21808
1117,-25,0.51,-168.95,0,21816
1137,-29,0.51,-2.93,0,21823
1133,-32,-0.50,-7.81,0,21831
1150,-34,-0.50,-90.82,0,21839
1196,-34,-0.50,-173.83,0,21848
1268,-32,-0.50,-261.72,0,21856
1366,-28,-0.50,-417.97,0,21864
1493,-22,-0.50,-500.98,0,21872
1625,-15,0.42,-496.09,0,21880
1749,-8,0.49,-496.09,0,21889
1872,0,0.51,-500.98,0,21896
1987,6,0.46,-496.09,0,21903
2087,12,0.20,-417.97,0,21911
2181,16,-0.50,-417.97,0,21919
2294,20,-0.45,-496.09,0,21927
2413,22,0.23,-334.96,0,21935
2526,24,0.24,-496.09,0,21943
2638,24,0.37,-500.98,0,21951
2758,24,0.49,-496.09,0,21958
2881,23,0.51,-579.10,0,21966
3004,20,0.51,-413.09,0,21974
3118,17,0.50,-413.09,0,21982
3218,14,0.35,-417.97,0,21990
3312,11,-0.50,-417.97,0,21998
3422,9,-0.26,-413.09,0,22005
3534,8,0.09,-496.09,0,22013
3642,8,0.04,-413.09,0,22021
3752,8,0.47,-500.98,0,22028
3866,11,0.49,-413.09,0,22036
3978,14,0.41,-496.09,0,22043
4082,18,-0.17,-417.97,0,22051
4188,24,-0.50,-413.09,0,22060
4304,28,-0.40,-496.09,0,22068
4421,33,-0.04,-500.98,0,22076
4538,38,0.26,-496.09,0,22084
4653,42,0.22,-491.21,0,22091
4770,45,0.49,-496.09,0,22099
4891,48,0.51,-334.96,0,22107
5008,48,0.47,-417.97,0,22115
5116,48,0.42,-413.09,0,22123
5214,47,-0.23,-417.97,0,22131
5324,46,-0.50,-417.97,0,22138
5440,44,-0.08,-417.97,0,22147
5554,42,0.09,-413.09,0,22155
5666,42,0.15,-496.09,0,22163
5782,42,0.46,-500.98,0,22170
5896,43,0.46,-413.09,0,22178
6002,45,-0.14,-500.98,0,22187
6112,47,-0.47,-413.09,0,22194
6224,51,-0.30,-417.97,0,22202
6341,55,-0.28,-417.97,0,22210
6458,59,-0.17,-500.98,0,22218
6576,64,0.30,-413.09,0,22226
6691,68,0.45,-500.98,0,22234
6810,71,0.48,-413.09,0,22242
6928,75,0.48,-496.09,0,22250
7038,77,0.46,-417.97,0,22257
7138,77,-0.50,-334.96,0,22265
7248,77,-0.28,-413.09,0,22274
7364,77,-0.17,-413.09,0,22282
7478,77,-0.28,-417.97,0,22290
7594,76,0.07,-496.09,0,22297
7709,75,0.42,-417.97,0,22305
7824,75,0.42,-413.09,0,22313
7934,75,0.33,-417.97,0,22321
8040,77,-0.20,-413.09,0,22329
8152,79,-0.29,-413.09,0,22337
8266,83,-0.34,-339.84,0,22345
8382,87,-0.31,-496.09,0,22353
8499,91,-0.17,-417.97,0,22361
8618,95,0.23,-417.97,0,22369
8734,100,0.47,-496.09,0,22377
8858,104,0.50,-496.09,0,22385
8980,107,0.45,-500.98,0,22393
9090,109,0.35,-334.96,0,22402
9194,111,-0.50,-413.09,0,22410
9308,111,-0.50,-334.96,0,22418
9427,111,-0.19,-500.98,0,22426
9546,111,-0.09,-496.09,0,22434
9666,111,0.13,-427.73,0,22443
9786,111,0.44,-413.09,0,22451
9902,111,0.43,-496.09,0,22459
10012,113,-0.17,-413.09,0,22467
10132,115,-0.50,-417.97,0,22475
10252,117,-0.36,-417.97,0,22484
10374,121,-0.37,-496.09,0,22493
10500,124,-0.23,-500.98,0,22502
10626,129,0.14,-500.98,0,22510
10750,133,0.47,-496.09,0,22518
10876,136,0.49,-496.09,0,22526
10998,139,0.45,-417.97,0,22535
11108,143,-0.19,-359.38,0,22543
11222,145,-0.44,-417.97,0,22552
11344,148,-0.37,-496.09,0,22560
11468,151,-0.39,-496.09,0,22569
11591,153,-0.01,-500.98,0,22578
11718,157,0.38,-496.09,0,22586
11840,160,0.39,-496.09,0,22594
11956,164,0.08,-496.09,0,22602
12072,169,-0.17,-500.98,0,22611
12191,175,-0.34,-505.86,0,22620
12312,181,-0.50,-496.09,0,22629
12436,189,-0.20,-496.09,0,22637
12562,197,0.12,-496.09,0,22645
12684,205,0.39,-413.09,0,22653
12809,213,0.46,-413.09,0,22662
12932,223,0.46,-413.09,0,22670
13048,231,0.34,-500.98,0,22679
13160,238,-0.30,-500.98,0,22687
13280,245,-0.14,-496.09,0,22695
13404,251,-0.03,-413.09,0,22705
13526,256,-0.03,-417.97,0,22713
13650,261,-0.09,-496.09,0,22721
13776,265,0.44,-413.09,0,22730
13896,268,0.43,-417.97,0,22738
14012,271,-0.02,-417.97,0,22747
14132,273,-0.26,-496.09,0,22755
14254,275,-0.08,-417.97,0,22764
14376,278,-0.14,-452.15,0,22772
14500,281,-0.12,-496.09,0,22781
14624,285,0.14,-417.97,0,22790
14747,289,0.46,-413.09,0,22798
14870,294,0.47,-334.96,0,22806
14988,299,0.27,-417.97,0,22814
15102,303,-0.00,-413.09,0,22822
15222,307,-0.01,-334.96,0,22832
15344,311,-0.11,-417.97,0,22840
15468,315,-0.19,-496.09,0,22849
15590,319,0.11,-413.09,0,22857
15712,323,0.36,-496.09,0,22865
15834,328,0.33,-496.09,0,22874
15952,332,0.18,-413.09,0,22882
16068,337,0.09,-413.09,0,22890
16186,341,-0.04,-500.98,0,22899
16308,345,-0.21,-334.96,0,22907
16428,349,0.02,-413.09,0,22916
16549,353,0.17,-500.98,0,22924
16670,359,0.22,-496.09,0,22932
16792,363,0.43,-413.09,0,22940
16912,366,0.44,-496.09,0,22949
17029,369,0.24,-496.09,0,22958
17144,371,0.07,-413.09,0,22966
17262,373,0.07,-413.09,0,22974
17382,375,-0.01,-500.98,0,22982
17504,378,-0.11,-500.98,0,22991
17628,381,-0.01,-500.98,0,23000
17752,385,0.40,-432.62,0,23008
17874,389,0.41,-496.09,0,23016
17990,394,-0.00,-417.97,0,23025
18112,398,0.02,-413.09,0,23033
18230,403,0.12,-457.03,0,23042
18348,407,0.01,-334.96,0,23050
18468,411,0.03,-413.09,0,23058
18588,415,0.20,-491.21,0,23066
18708,420,0.40,-496.09,0,23074
18830,424,0.40,-417.97,0,23084
18950,427,0.33,-413.09,0,23092
19066,429,0.22,-413.09,0,23100
19182,431,0.06,-496.09,0,23108
19301,432,-0.09,-496.09,0,23116
19424,434,0.02,-413.09,0,23124
19542,436,0.07,-417.97,0,23134
19662,439,0.13,-496.09,0,23142
19784,443,0.34,-334.96,0,23150
19904,447,0.39,-496.09,0,23158
20020,451,0.08,-413.09,0,23166
20138,455,-0.11,-500.98,0,23175
20260,459,0.14,-417.97,0,23184
20380,463,0.09,-496.09,0,23192
20498,467,-0.04,-496.09,0,23200
20622,470,0.13,-491.21,0,23208
20744,474,0.46,-413.09,0,23217
20864,477,0.46,-496.09,0,23225
20982,479,0.13,-417.97,0,23234
21100,480,0.14,-496.09,0,23242
21218,481,0.19,-496.09,0,23250
21336,483,-0.02,-496.09,0,23259
21458,485,-0.06,-413.09,0,23268
21580,487,0.14,-413.09,0,23276
21701,492,0.32,-417.97,0,23284
21822,496,0.29,-496.09,0,23292
21942,501,0.24,-413.09,0,23301
22058,505,0.20,-417.97,0,23309
22176,509,0.08,-413.09,0,23317
22296,511,-0.04,-413.09,0,23326
22418,515,0.13,-496.09,0,23334
22538,518,0.17,-413.09,0,23343
22656,521,0.18,-496.09,0,23351
22778,524,0.39,-417.97,0,23359
22898,526,0.42,-496.09,0,23367
23016,528,0.19,-417.97,0,23376
23134,529,-0.03,-500.98,0,23385
23256,531,0.18,-413.09,0,23393
23374,533,0.07,-496.09,0,23401
23492,536,-0.06,-417.97,0,23409
23616,539,0.08,-417.97,0,23418
23736,544,0.40,-413.09,0,23427
23858,548,0.38,-496.09,0,23435
23975,553,0.09,-413.09,0,23443
24092,556,0.16,-417.97,0,23451
24212,559,0.23,-413.09,0,23459
24330,561,0.11,-496.09,0,23468
24448,564,0.07,-496.09,0,23477
24568,567,0.21,-496.09,0,23485
24688,569,0.27,-413.09,0,23493
24810,572,0.25,-461.91,0,23501
24928,575,0.38,-496.09,0,23510
25046,577,0.21,-413.09,0,23518
25164,578,0.06,-417.97,0,23526
25282,579,0.09,-496.09,0,23534
25402,582,0.15,-476.56,0,23543
25520,585,0.04,-417.97,0,23552
25638,588,-0.03,-422.85,0,23560
25764,592,0.40,-413.09,0,23568
25884,596,0.40,-496.09,0,23576
26002,599,0.07,-413.09,0,23584
26120,603,0.11,-417.97,0,23593
26238,605,0.28,-417.97,0,23602
26358,607,0.11,-500.98,0,23610
26476,611,-0.06,-417.97,0,23618
26599,613,0.18,-413.09,0,23626
26720,616,0.42,-496.09,0,23634
26840,619,0.35,-496.09,0,23644
26960,621,0.19,-417.97,0,23652
27076,623,0.24,-417.97,0,23660
27194,624,0.19,-500.98,0,23668
27313,626,-0.14,-422.85,0,23676
27436,628,0.10,-413.09,0,23685
27554,631,0.19,-500.98,0,23694
27674,635,0.14,-413.09,0,23702
27796,639,0.27,-500.98,0,23710
27914,643,0.35,-491.21,0,23718
28032,646,0.20,-496.09,0,23727
28150,649,0.14,-496.09,0,23735
28270,651,0.17,-496.09,0,23743
28388,653,0.23,-334.96,0,23751
28508,656,0.07,-413.09,0,23760
28626,659,0.06,-417.97,0,23769
28747,661,0.41,-500.98,0,23777
28868,663,0.43,-413.09,0,23785
28986,665,0.09,-496.09,0,23793
29103,667,0.15,-417.97,0,23801
29222,669,0.27,-330.08,0,23810
29340,671,0.07,-471.68,0,23818
29458,673,-0.02,-496.09,0,23827
29582,677,0.17,-413.09,0,23835
29702,681,0.32,-413.09,0,23843
29822,685,0.28,-496.09,0,23852
29942,688,0.22,-413.09,0,23860
30059,691,0.24,-417.97,0,23868
30178,693,0.14,-496.09,0,23877
30296,695,0.04,-500.98,0,23885
30415,697,0.18,-496.09,0,23894
30534,699,0.17,-334.96,0,23902
30654,702,0.18,-413.09,0,23910
30774,705,0.36,-496.09,0,23918
30894,707,0.42,-496.09,0,23926
31012,710,0.16,-496.09,0,23934
31130,712,-0.01,-500.98,0,23944
31252,714,0.23,-413.09,0,23952
31371,716,0.17,-413.09,0,23960
31490,719,-0.05,-496.09,0,23968
31612,722,0.12,-417.97,0,23977
31732,725,0.39,-500.98,0,23986
31853,729,0.36,-413.09,0,23994
31970,731,0.19,-334.96,0,24002
32090,734,0.22,-413.09,0,24010
32208,736,0.26,-496.09,0,24018
32326,738,-0.18,-334.96,0,24028
32450,741,0.10,-417.97,0,24036
32568,743,0.21,-413.09,0,24044
32688,746,0.22,-496.09,0,24052
32808,749,0.22,-413.09,0,24060
32928,751,0.35,-496.09,0,24069
33046,753,0.22,-496.09,0,24077
33164,755,0.10,-496.09,0,24085
33284,757,0.15,-334.96,0,24094
33402,759,0.21,-457.03,0,24102
33520,762,0.07,-500.98,0,24111
33638,765,-0.03,-417.97,0,24119
33764,769,0.38,-334.96,0,24127
33884,772,0.40,-413.09,0,24135
34002,775,0.08,-496.09,0,24144
34120,777,0.13,-491.21,0,24153
34238,779,0.33,-496.09,0,24161
34358,781,0.17,-417.97,0,24169
34476,784,-0.05,-496.09,0,24177
34599,787,0.19,-413.09,0,24185
34720,789,0.39,-496.09,0,24195
34840,792,0.33,-496.09,0,24203
34958,795,0.12,-500.98,0,24211
35076,797,0.26,-334.96,0,24219
35194,798,0.22,-496.09,0,24227
35314,800,-0.05,-413.09,0,24236
35436,803,0.14,-500.98,0,24245
35554,805,0.20,-496.09,0,24253
35674,809,0.16,-413.09,0,24261
35794,812,0.27,-417.97,0,24269
35914,815,0.32,-496.09,0,24278
36032,817,0.18,-496.09,0,24286
36150,819,0.11,-496.09,0,24294
36270,821,0.23,-413.09,0,24302
36388,823,0.24,-413.09,0,24311
36508,826,0.07,-491.21,0,24320
36626,829,0.07,-496.09,0,24328
36746,831,0.39,-491.21,0,24336
36866,833,0.39,-413.09,0,24344
36984,836,0.05,-413.09,0,24352
37102,838,0.17,-413.09,0,24360
37222,839,0.33,-413.09,0,24369
37340,841,0.12,-500.98,0,24378
37459,844,0.03,-417.97,0,24386
37576,847,0.21,-496.09,0,24394
37696,851,0.30,-413.09,0,24402
37816,854,0.11,-496.09,0,24411
37935,857,0.24,-413.09,0,24419
38052,859,0.24,-339.84,0,24427
38172,861,0.14,-496.09,0,24435
38290,863,0.08,-413.09,0,24444
38410,865,0.24,-496.09,0,24453
38528,867,0.12,-496.09,0,24461
38646,869,-0.12,-413.09,0,24469
38772,873,0.35,-496.09,0,24477
38892,875,0.39,-413.09,0,24485
39010,878,0.14,-496.09,0,24495
39128,880,0.04,-496.09,0,24503
39246,882,0.27,-496.09,0,24511
39366,884,0.21,-413.09,0,24519
39484,886,-0.05,-413.09,0,24527
39606,889,0.09,-486.33,0,24536
39726,891,0.37,-413.09,0,24545
39846,895,0.34,-496.09,0,24553
39965,897,0.05,-413.09,0,24561
40084,899,0.21,-413.09,0,24569
40202,901,0.30,-496.09,0,24578
40322,903,-0.10,-413.09,0,24586
40444,905,0.10,-500.98,0,24595
40562,909,0.21,-413.09,0,24603
40682,912,0.22,-422.85,0,24611
40802,915,0.23,-413.09,0,24620
40922,917,0.30,-413.09,0,24628
41040,919,0.22,-413.09,0,24636
41158,921,0.12,-334.96,0,24644
41277,922,0.17,-496.09,0,24652
41396,924,0.24,-413.09,0,24662
41514,927,0.10,-491.21,0,24670
41633,929,-0.02,-413.09,0,24678
41758,933,0.39,-413.09,0,24686
41878,936,0.37,-413.09,0,24694
41996,939,0.07,-442.38,0,24702
42114,941,0.14,-413.09,0,24712
42234,943,0.29,-413.09,0,24720
42352,944,0.21,-417.97,0,24728
42470,947,0.01,-413.09,0,24736
42590,949,0.16,-466.80,0,24744
42709,951,0.31,-496.09,0,24753
42830,955,0.27,-496.09,0,24761
42948,957,0.17,-496.09,0,24769
43066,959,0.22,-417.97,0,24778
43186,961,0.21,-496.09,0,24786
43304,963,0.07,-334.96,0,24795
43424,965,0.20,-496.09,0,24803
43542,967,0.18,-417.97,0,24811
43660,971,0.10,-496.09,0,24819
43780,973,0.32,-413.09,0,24827
43901,975,0.34,-496.09,0,24836
44018,977,0.12,-442.38,0,24845
44136,979,0.03,-334.96,0,24853
44256,981,0.28,-408.20,0,24861
44376,984,0.23,-471.68,0,24869
44494,987,0.06,-413.09,0,24878
44612,989,0.12,-481.45,0,24886
44733,992,0.36,-417.97,0,24894
44852,995,0.34,-500.98,0,24902
44971,997,0.14,-334.96,0,24911
45090,998,0.23,-413.09,0,24920
45208,999,0.29,-481.45,0,24928
45328,1001,0.20,-413.09,0,24936
45450,1003,0.14,-334.96,0,24945
45572,1007,0.22,-413.09,0,24953
45694,1009,0.27,-413.09,0,24962
45820,1013,0.29,-496.09,0,24971
45942,1015,0.19,-496.09,0,24979
46064,1017,0.22,-413.09,0,24987
46186,1019,0.22,-496.09,0,24996
46310,1021,0.01,-413.09,0,25005
46432,1023,0.21,-496.09,0,25014
46554,1027,0.23,-334.96,0,25022
46676,1029,0.18,-496.09,0,25030
46800,1031,0.20,-417.97,0,25039
46924,1034,0.30,-408.20,0,25048
47046,1036,0.21,-413.09,0,25056
47168,1037,0.13,-417.97,0,25065
47291,1039,0.13,-417.97,0,25073
47414,1041,0.22,-496.09,0,25082
47536,1044,0.17,-496.09,0,25091
47658,1047,0.12,-334.96,0,25099
47782,1049,0.29,-334.96,0,25108
47906,1052,0.33,-413.09,0,25116
48028,1055,0.21,-413.09,0,25125
48150,1057,0.12,-417.97,0,25134
48272,1059,0.19,-510.74,0,25142
48396,1061,0.25,-496.09,0,25151
48518,1063,0.12,-413.09,0,25159
48640,1066,-0.03,-496.09,0,25168
48768,1069,0.33,-496.09,0,25177
48892,1071,0.34,-496.09,0,25185
49014,1073,0.14,-413.09,0,25194
49136,1075,0.03,-413.09,0,25202
49258,1076,0.28,-413.09,0,25211
49382,1078,0.24,-457.03,0,25220
49504,1081,0.04,-496.09,0,25228
49626,1085,0.01,-417.97,0,25237
49750,1087,0.36,-496.09,0,25245
49874,1091,0.33,-496.09,0,25253
49995,1093,0.04,-417.97,0,25263
50118,1095,0.13,-334.96,0,25271
50240,1095,0.32,-417.97,0,25280
50362,1097,0.22,-417.97,0,25288
50486,1099,-0.01,-413.09,0,25297
50612,1101,0.06,-500.98,0,25306
50736,1104,0.37,-413.09,0,25314
50859,1107,0.30,-496.09,0,25323
50980,1109,0.01,-496.09,0,25331
51104,1113,0.18,-496.09,0,25340
51226,1115,0.33,-417.97,0,25349
51348,1117,0.18,-417.97,0,25357
51472,1119,0.07,-496.09,0,25366
51594,1121,0.14,-413.09,0,25374
51716,1123,0.32,-496.09,0,25382
51840,1125,0.25,-500.98,0,25392
51962,1127,0.04,-417.97,0,25400
52084,1129,0.22,-413.09,0,25409
52208,1131,0.26,-496.09,0,25417
52330,1133,0.13,-413.09,0,25425
52452,1136,0.07,-427.73,0,25435
52574,1139,0.23,-408.20,0,25443
52698,1142,0.29,-334.96,0,25451
52822,1145,0.13,-413.09,0,25460
52944,1147,0.20,-491.21,0,25468
53067,1149,0.21,-496.09,0,25478
53190,1151,0.23,-413.09,0,25486
53312,1152,-0.04,-496.09,0,25495
53438,1154,0.16,-413.09,0,25503
53560,1157,0.15,-496.09,0,25511
53684,1159,0.17,-496.09,0,25521
53808,1162,0.12,-496.09,0,25529
53930,1165,0.23,-496.09,0,25537
54052,1167,0.21,-334.96,0,25546
54174,1169,0.17,-413.09,0,25554
54298,1171,0.10,-413.09,0,25564
54420,1174,0.23,-496.09,0,25572
54543,1177,0.18,-413.09,0,25580
54666,1179,0.11,-496.09,0,25589
54790,1182,0.21,-496.09,0,25597
54912,1183,0.31,-496.09,0,25606
55034,1185,0.20,-500.98,0,25615
55156,1187,0.10,-334.96,0,25623
55280,1188,0.20,-417.97,0,25632
55402,1190,0.26,-496.09,0,25640
55524,1193,0.12,-413.09,0,25649
55646,1195,-0.11,-413.09,0,25658
55775,1199,0.29,-413.09,0,25666
55898,1201,0.33,-413.09,0,25675
56020,1204,0.10,-496.09,0,25683
56142,1206,-0.05,-417.97,0,25693
56269,1209,0.25,-452.15,0,25701
56392,1211,0.24,-496.09,0,25710
56514,1213,0.10,-500.98,0,25718
56636,1215,-0.03,-413.09,0,25728
56764,1217,0.31,-496.09,0,25736
56888,1219,0.36,-334.96,0,25744
57008,1220,0.10,-496.09,0,25753
57132,1221,-0.01,-491.21,0,25761
57258,1223,0.29,-413.09,0,25771
57382,1227,0.24,-413.09,0,25779
57504,1229,0.05,-491.21,0,25787
57626,1233,-0.01,-500.98,0,25796
57754,1236,0.35,-496.09,0,25804
57877,1238,0.34,-417.97,0,25814
57998,1240,0.03,-496.09,0,25822
58120,1241,0.09,-413.09,0,25831
58244,1243,0.33,-505.86,0,25839
58366,1245,0.23,-413.09,0,25847
58488,1247,-0.01,-422.85,0,25857
58614,1249,0.09,-417.97,0,25865
58738,1253,0.36,-496.09,0,25874
58862,1255,0.34,-496.09,0,25882
58984,1259,0.03,-413.09,0,25891
59106,1261,0.14,-500.98,0,25900
59230,1263,0.32,-496.09,0,25908
59352,1265,0.21,-413.09,0,25917
59474,1267,0.00,-496.09,0,25925
59596,1269,0.13,-496.09,0,25933
59720,1271,0.33,-334.96,0,25943
59844,1273,0.27,-334.96,0,25951
59966,1275,-0.02,-481.45,0,25960
60092,1278,0.18,-413.09,0,25968
60214,1281,0.31,-417.97,0,25977
60338,1283,0.16,-413.09,0,25986
60460,1285,0.05,-500.98,0,25994
60582,1288,0.19,-417.97,0,26003
60706,1291,0.30,-413.09,0,26011
60830,1293,0.22,-496.09,0,26019
60952,1295,0.12,-496.09,0,26029
61074,1297,0.25,-413.09,0,26037
61196,1298,0.27,-417.97,0,26046
61320,1300,-0.09,-496.09,0,26054
61446,1303,0.16,-417.97,0,26063
61568,1305,0.16,-500.98,0,26072
61690,1308,0.21,-496.09,0,26080
61814,1311,0.05,-500.98,0,26089
61938,1313,0.16,-417.97,0,26097
62060,1316,0.21,-413.09,0,26106
62182,1318,0.21,-417.97,0,26115
62304,1320,0.04,-413.09,0,26123
62428,1322,0.23,-417.97,0,26132
62550,1324,0.23,-408.20,0,26140
62672,1327,0.10,-413.09,0,26148
62796,1329,0.18,-432.62,0,26158
62920,1331,0.25,-413.09,0,26166
63042,1333,0.18,-413.09,0,26175
63164,1335,0.10,-413.09,0,26183
63286,1337,0.13,-496.09,0,26191
63410,1339,0.25,-413.09,0,26201
63532,1342,0.17,-408.20,0,26209
63654,1345,0.14,-496.09,0,26217
63778,1347,0.26,-500.98,0,26226
63902,1350,0.34,-417.97,0,26234
64023,1352,0.11,-496.09,0,26244
64146,1353,0.16,-486.33,0,26252
64268,1355,0.22,-500.98,0,26260
64392,1357,0.23,-417.97,0,26269
64514,1359,0.11,-413.09,0,26277
64636,1362,-0.05,-334.96,0,26287
64764,1365,0.32,-496.09,0,26295
64886,1367,0.34,-413.09,0,26303
65008,1369,0.12,-496.09,0,26312
65132,1371,0.03,-500.98,0,26320
65254,1374,0.29,-413.09,0,26330
65378,1376,0.24,-496.09,0,26338
65500,1379,0.02,-413.09,0,26346
65622,1381,0.06,-413.09,0,26355
65746,1383,0.33,-500.98,0,26363
65868,1385,0.31,-413.09,0,26373
65990,1387,-0.02,-417.97,0,26381
66116,1388,0.08,-413.09,0,26390
66240,1389,0.30,-496.09,0,26398
66362,1392,0.19,-500.98,0,26406
66484,1395,-0.04,-496.09,0,26416
66610,1399,0.08,-417.97,0,26424
66734,1403,0.34,-471.68,0,26433
66858,1405,0.31,-437.50,0,26441
66980,1407,0.02,-486.33,0,26449
67102,1409,0.14,-471.68,0,26459
67226,1409,0.31,-422.85,0,26467
67348,1411,0.15,-496.09,0,26476
67470,1413,0.05,-413.09,0,26484
67592,1415,0.14,-496.09,0,26492
67716,1419,0.29,-427.73,0,26502
67840,1421,0.21,-417.97,0,26510
67962,1425,0.02,-417.97,0,26518
68084,1427,0.19,-486.33,0,26527
68207,1429,0.32,-413.09,0,26535
68330,1431,0.14,-496.09,0,26545
68452,1433,0.09,-481.45,0,26553
68574,1434,0.18,-417.97,0,26561
68697,1436,0.25,-417.97,0,26570
68822,1438,-0.03,-500.98,0,26578
68948,1441,0.12,-413.09,0,26588
69070,1443,0.21,-413.09,0,26596
69192,1447,0.26,-417.97,0,26605
69316,1449,-0.05,-417.97,0,26613
69442,1452,0.16,-417.97,0,26622
69564,1455,0.19,-417.97,0,26631
69687,1456,0.14,-500.98,0,26639
69810,1457,0.05,-496.09,0,26648
69934,1459,0.18,-417.97,0,26656
70054,1460,0.18,-413.09,0,26664
70178,1462,0.16,-417.97,0,26674
70300,1465,0.04,-500.98,0,26682
70424,1467,0.19,-413.09,0,26691
70546,1471,0.18,-496.09,0,26699
70668,1474,0.09,-500.98,0,26707
70792,1477,0.17,-496.09,0,26717
70916,1479,0.28,-413.09,0,26725
71038,1481,0.14,-496.09,0,26733
71160,1482,0.08,-496.09,0,26742
71282,1483,0.20,-334.96,0,26750
71406,1485,0.21,-496.09,0,26760
71528,1487,0.11,-496.09,0,26768
71650,1489,-0.23,-496.09,0,26777
71778,1493,0.23,-417.97,0,26785
71901,1495,0.29,-413.09,0,26793
72022,1497,0.08,-496.09,0,26803
72144,1500,0.02,-500.98,0,26811
72268,1503,0.25,-417.97,0,26819
72392,1505,0.27,-413.09,0,26828
72514,1507,0.11,-334.96,0,26836
72636,1509,-0.04,-413.09,0,26846
72763,1511,0.27,-500.98,0,26854
72886,1513,0.32,-413.09,0,26863
73008,1515,0.02,-496.09,0,26871
73131,1517,0.02,-500.98,0,26880
73254,1519,0.27,-413.09,0,26889
73377,1521,0.21,-500.98,0,26897
73499,1525,0.01,-413.09,0,26906
73622,1527,-0.00,-417.97,0,26914
73749,1531,0.30,-496.09,0,26924
73872,1533,0.30,-496.09,0,26932
73994,1535,-0.00,-500.98,0,26941
74120,1537,0.06,-413.09,0,26949
74243,1539,0.32,-334.96,0,26957
74366,1539,0.21,-334.96,0,26967
74488,1541,-0.05,-471.68,0,26975
74614,1543,0.04,-496.09,0,26984
74738,1545,0.30,-491.21,0,26992
74862,1548,0.27,-413.09,0,27000
74984,1551,-0.03,-413.09,0,27010
75110,1555,0.10,-413.09,0,27018
75233,1557,0.32,-417.97,0,27027
75356,1560,0.18,-417.97,0,27035
75478,1561,-0.03,-417.97,0,27044
75604,1563,0.07,-496.09,0,27053
75727,1565,0.28,-413.09,0,27062
75850,1567,0.24,-422.85,0,27070
75972,1569,0.04,-413.09,0,27078
76094,1571,0.15,-383.79,0,27087
76218,1575,0.34,-413.09,0,27096
76342,1578,0.16,-496.09,0,27105
76464,1581,0.13,-417.97,0,27113
76586,1583,0.17,-417.97,0,27121
76708,1585,0.24,-442.38,0,27130
76832,1585,0.17,-496.09,0,27139
76954,1587,0.03,-457.03,0,27147
77076,1589,0.19,-417.97,0,27156
77200,1591,0.26,-413.09,0,27164
77322,1593,-0.12,-413.09,0,27173
77448,1596,0.12,-417.97,0,27182
77571,1599,0.18,-413.09,0,27191
77694,1603,0.22,-413.09,0,27199
77818,1605,0.01,-413.09,0,27207
77940,1607,0.15,-417.97,0,27216
78062,1609,0.15,-413.09,0,27225
78185,1610,0.17,-413.09,0,27233
78308,1611,-0.04,-417.97,0,27242
78434,1613,0.12,-496.09,0,27250
78556,1615,0.17,-496.09,0,27259
78679,1619,0.13,-334.96,0,27268
78803,1621,0.10,-417.97,0,27277
78926,1625,0.22,-496.09,0,27285
79048,1627,0.18,-496.09,0,27293
79171,1630,0.12,-496.09,0,27302
79294,1632,0.11,-417.97,0,27311
79417,1634,0.20,-496.09,0,27319
79538,1635,0.14,-417.97,0,27328
79660,1637,0.02,-500.98,0,27336
79784,1639,0.19,-413.09,0,27345
79908,1641,0.26,-334.96,0,27354
80030,1643,0.11,-500.98,0,27362
80152,1646,0.06,-496.09,0,27371
80276,1649,0.18,-413.09,0,27379
80398,1651,0.23,-413.09,0,27388
80520,1655,0.10,-417.97,0,27397
80642,1657,-0.11,-417.97,0,27406
80770,1659,0.22,-500.98,0,27414
80894,1661,0.26,-413.09,0,27422
81016,1663,0.07,-413.09,0,27431
81138,1664,-0.03,-496.09,0,27440
81264,1666,0.20,-496.09,0,27449
81388,1668,0.23,-334.96,0,27457
81510,1671,0.07,-496.09,0,27465
81632,1674,-0.06,-500.98,0,27474
81760,1677,0.30,-413.09,0,27483
81884,1680,0.30,-417.97,0,27492
82005,1682,0.02,-413.09,0,27500
82128,1684,-0.00,-417.97,0,27509
82254,1685,0.27,-496.09,0,27517
82378,1687,0.18,-496.09,0,27527
82499,1689,-0.02,-496.09,0,27535
82625,1692,-0.05,-417.97,0,27544
82752,1695,0.26,-496.09,0,27552
82876,1697,0.28,-413.09,0,27561
82998,1700,-0.02,-417.97,0,27570
83124,1703,0.01,-413.09,0,27579
83248,1705,0.27,-496.09,0,27587
83370,1707,0.18,-496.09,0,27595
83492,1709,-0.00,-417.97,0,27604
83618,1710,0.01,-417.97,0,27613
83742,1712,0.31,-334.96,0,27622
83865,1714,0.22,-413.09,0,27630
83987,1716,-0.08,-417.97,0,27639
84114,1719,0.07,-417.97,0,27648
84236,1721,0.29,-413.09,0,27657
84360,1724,0.17,-417.97,0,27665
84482,1727,-0.05,-417.97,0,27674
84608,1729,0.05,-500.98,0,27682
84730,1731,0.27,-417.97,0,27691
84854,1733,0.21,-496.09,0,27700
84976,1734,-0.07,-417.97,0,27708
85102,1735,0.08,-413.09,0,27717
85226,1737,0.26,-496.09,0,27725
85348,1740,0.14,-417.97,0,27734
85471,1743,0.07,-339.84,0,27743
85593,1747,0.12,-417.97,0,27751
85716,1750,0.27,-500.98,0,27760
85840,1753,0.18,-417.97,0,27768
85962,1754,-0.04,-413.09,0,27778
86088,1755,0.13,-481.45,0,27786
86212,1756,0.24,-417.97,0,27794
86334,1757,0.05,-413.09,0,27803
86456,1759,0.03,-486.33,0,27811
86578,1761,0.12,-447.27,0,27821
86702,1765,0.18,-413.09,0,27829
86826,1769,0.20,-496.09,0,27837
86948,1771,0.06,-413.09,0,27846
87070,1775,0.18,-413.09,0,27854
87194,1777,0.22,-413.09,0,27863
87316,1778,-0.10,-457.03,0,27872
87442,1779,0.08,-413.09,0,27880
87564,1781,0.14,-413.09,0,27889
87687,1783,0.12,-413.09,0,27897
87810,1786,0.00,-500.98,0,27907
87934,1789,0.13,-500.98,0,27915
88056,1792,0.19,-413.09,0,27923
88178,1795,0.17,-413.09,0,27932
88302,1797,0.04,-408.20,0,27940
88424,1798,0.18,-496.09,0,27949
88546,1800,0.13,-496.09,0,27958
88668,1802,0.01,-496.09,0,27966
88792,1805,0.11,-496.09,0,27975
88916,1807,0.21,-417.97,0,27983
89038,1809,0.11,-496.09,0,27992
89160,1813,0.08,-500.98,0,28001
89284,1815,0.14,-413.09,0,28009
89406,1817,0.19,-334.96,0,28017
89528,1819,0.09,-417.97,0,28026
89650,1821,0.18,-505.86,0,28035
89774,1822,0.19,-417.97,0,28044
89898,1824,0.21,-413.09,0,28052
90020,1826,0.02,-417.97,0,28060
90142,1829,-0.12,-417.97,0,28069
90269,1831,0.18,-417.97,0,28078
90392,1835,0.19,-417.97,0,28087
90514,1837,0.07,-496.09,0,28095
90636,1840,-0.10,-413.09,0,28104
90764,1843,0.25,-413.09,0,28112
90887,1844,0.26,-417.97,0,28122
91008,1845,-0.01,-500.98,0,28130
91134,1847,-0.06,-417.97,0,28139
91262,1849,0.18,-417.97,0,28147
91384,1851,0.18,-500.98,0,28156
91506,1854,0.00,-413.09,0,28165
91630,1857,-0.07,-417.97,0,28174
91756,1860,0.25,-413.09,0,28182
91880,1863,0.24,-413.09,0,28190
92002,1865,-0.05,-413.09,0,28199
92128,1867,-0.04,-413.09,0,28209
92254,1867,0.22,-417.97,0,28217
92378,1869,0.15,-496.09,0,28225
92500,1871,-0.07,-442.38,0,28234
92626,1873,-0.09,-417.97,0,28243
92753,1875,0.23,-496.09,0,28252
92876,1877,0.21,-496.09,0,28260
92998,1881,-0.05,-500.98,0,28269
93124,1884,-0.03,-461.91,0,28278
93252,1887,0.25,-413.09,0,28286
93374,1890,0.18,-413.09,0,28295
93496,1893,-0.03,-500.98,0,28304
93622,1895,-0.08,-500.98,0,28313
93750,1897,0.23,-413.09,0,28321
93874,1898,0.21,-413.09,0,28329
93995,1901,-0.09,-500.98,0,28339
94122,1903,-0.01,-496.09,0,28348
94248,1905,0.22,-496.09,0,28356
94372,1909,0.19,-500.98,0,28364
94494,1911,-0.03,-417.97,0,28374
94620,1914,-0.02,-496.09,0,28383
94746,1916,0.25,-413.09,0,28391
94870,1917,0.19,-496.09,0,28399
94992,1919,-0.08,-417.97,0,28408
95118,1921,0.01,-413.09,0,28417
95241,1923,0.25,-417.97,0,28426
95364,1927,0.15,-413.09,0,28434
95486,1929,-0.07,-417.97,0,28443
95612,1933,0.01,-496.09,0,28451
95736,1935,0.25,-496.09,0,28461
95860,1937,0.19,-413.09,0,28469
95982,1938,-0.14,-496.09,0,28478
96108,1939,0.03,-417.97,0,28486
96230,1941,0.23,-496.09,0,28494
96354,1944,0.09,-413.09,0,28504
96476,1947,-0.12,-491.21,0,28512
96602,1951,0.03,-417.97,0,28521
96725,1953,0.23,-417.97,0,28529
96848,1955,0.15,-413.09,0,28538
96970,1957,0.04,-417.97,0,28547
97093,1959,0.10,-334.96,0,28555
97216,1962,0.25,-408.20,0,28564
97340,1965,0.12,-413.09,0,28572
97462,1967,-0.02,-413.09,0,28581
97588,1970,0.11,-417.97,0,28590
97710,1973,0.19,-413.09,0,28598
97834,1975,0.11,-417.97,0,28607
97956,1977,-0.04,-500.98,0,28615
98082,1979,0.10,-413.09,0,28624
98206,1981,0.21,-486.33,0,28633
98328,1983,0.13,-500.98,0,28642
98450,1985,0.03,-334.96,0,28650
98574,1988,0.13,-496.09,0,28658
98696,1991,0.14,-496.09,0,28667
98820,1993,-0.08,-486.33,0,28676
98946,1996,0.05,-417.97,0,28685
99068,1998,0.13,-496.09,0,28693
99191,1999,0.16,-413.09,0,28702
99314,2001,-0.12,-417.97,0,28710
99440,2003,0.06,-417.97,0,28720
99562,2005,0.08,-491.21,0,28728
99684,2009,0.07,-413.09,0,28736
99808,2012,-0.00,-500.98,0,28745
99936,2015,0.09,-417.97,0,28753
100058,2017,0.14,-417.97,0,28763
100184,2019,0.15,-496.09,0,28772
100310,2021,-0.10,-496.09,0,28780
100440,2023,0.06,-417.97,0,28789
100566,2025,0.10,-413.09,0,28798
100692,2028,0.10,-417.97,0,28807
100820,2031,-0.12,-500.98,0,28816
100950,2035,0.01,-334.96,0,28825
101076,2037,0.14,-334.96,0,28833
101203,2039,0.18,-500.98,0,28843
101330,2041,0.10,-413.09,0,28852
101456,2043,-0.03,-413.09,0,28861
101586,2046,0.07,-413.09,0,28869
101712,2048,0.17,-496.09,0,28878
101840,2051,0.12,-500.98,0,28888
101966,2053,-0.10,-496.09,0,28896
102096,2056,0.08,-334.96,0,28905
102222,2057,0.25,-500.98,0,28914
102348,2059,0.10,-500.98,0,28922
102474,2061,-0.12,-496.09,0,28932
102604,2063,-0.01,-417.97,0,28941
102736,2065,0.21,-408.20,0,28950
102862,2067,0.17,-417.97,0,28958
102988,2069,-0.11,-496.09,0,28967
103118,2072,0.02,-413.09,0,28977
103245,2075,0.20,-505.86,0,28986
103372,2077,0.14,-417.97,0,28994
103498,2079,-0.10,-496.09,0,29003
103628,2081,-0.13,-413.09,0,29012
103758,2083,0.20,-417.97,0,29022
103886,2085,0.19,-413.09,0,29030
104010,2088,-0.05,-413.09,0,29039
104140,2091,-0.16,-496.09,0,29048
104272,2093,0.10,-496.09,0,29058
104398,2094,0.12,-496.09,0,29066
104524,2096,0.01,-500.98,0,29075
104650,2098,0.08,-413.09,0,29083
104778,2101,0.11,-500.98,0,29092
104904,2103,0.17,-413.09,0,29102
105030,2105,0.01,-496.09,0,29110
105132,2108,0.51,-251.95,0,29119
105147,2109,0.51,75.20,0,29127
105077,2111,0.51,319.34,0,29136
104969,2111,0.49,480.47,0,29145
104851,2111,0.44,485.35,0,29153
104727,2109,0.20,402.34,0,29162
104606,2109,0.40,402.34,0,29170
104483,2109,0.37,402.34,0,29178
104359,2109,0.25,480.47,0,29188
104237,2109,0.38,485.35,0,29196
104117,2109,0.47,407.23,0,29205
103997,2108,0.44,402.34,0,29213
103872,2107,0.33,490.23,0,29221
103749,2105,0.40,407.23,0,29231
103629,2104,0.44,402.34,0,29239
103507,2103,0.44,407.23,0,29247
103383,2101,0.41,480.47,0,29256
103259,2099,0.43,402.34,0,29264
103139,2097,0.48,407.23,0,29274
103019,2095,0.44,485.35,0,29282
102896,2093,0.44,319.34,0,29290
102773,2091,0.47,480.47,0,29299
102652,2090,0.44,407.23,0,29307
102531,2089,0.44,402.34,0,29316
102410,2089,0.47,485.35,0,29325
102287,2087,0.45,402.34,0,29333
102167,2085,0.47,319.34,0,29342
102047,2083,0.48,485.35,0,29350
101927,2081,0.48,402.34,0,29359
101804,2077,0.51,441.41,0,29368
101681,2073,0.47,485.35,0,29376
101559,2069,0.48,402.34,0,29385
101435,2067,0.49,397.46,0,29393
101309,2065,0.47,485.35,0,29402
101185,2065,0.46,402.34,0,29411
101063,2064,0.46,319.34,0,29419
100941,2062,0.47,485.35,0,29427
100819,2059,0.49,402.34,0,29436
100697,2056,0.47,402.34,0,29445
100577,2052,0.49,485.35,0,29454
100455,2047,0.51,480.47,0,29462
100330,2045,0.47,485.35,0,29470
100206,2043,0.46,407.23,0,29479
100085,2043,0.48,407.23,0,29488
99961,2041,0.48,402.34,0,29496
99842,2039,0.47,485.35,0,29504
99723,2037,0.46,407.23,0,29512
99607,2033,0.49,319.34,0,29521
99489,2030,0.50,485.35,0,29530
99369,2027,0.46,485.35,0,29538
99247,2023,0.46,402.34,0,29546
99129,2021,0.51,490.23,0,29554
99011,2020,0.47,485.35,0,29562
98891,2019,0.46,451.17,0,29571
98771,2016,0.48,319.34,0,29579
98653,2013,0.47,475.59,0,29588
98535,2011,0.47,485.35,0,29596
98417,2007,0.48,397.46,0,29604
98295,2005,0.47,441.41,0,29613
98176,2003,0.47,402.34,0,29621
98059,2001,0.48,485.35,0,29629
97939,1999,0.47,402.34,0,29637
97819,1996,0.48,407.23,0,29645
97700,1993,0.47,480.47,0,29655
97583,1991,0.47,319.34,0,29663
97465,1987,0.51,480.47,0,29671
97343,1985,0.45,480.47,0,29679
97223,1983,0.45,402.34,0,29687
97105,1980,0.49,363.28,0,29696
96987,1978,0.47,407.23,0,29704
96867,1976,0.47,402.34,0,29712
96749,1974,0.48,402.34,0,29721
96631,1972,0.49,402.34,0,29729
96513,1969,0.49,480.47,0,29737
96395,1967,0.47,485.35,0,29746
96273,1963,0.47,402.34,0,29754
96155,1961,0.49,485.35,0,29762
96037,1959,0.48,485.35,0,29770
95917,1957,0.47,485.35,0,29778
95797,1956,0.51,485.35,0,29788
95679,1955,0.48,402.34,0,29796
95563,1953,0.49,407.23,0,29804
95445,1951,0.51,485.35,0,29812
95325,1947,0.47,407.23,0,29820
95205,1943,0.48,485.35,0,29829
95087,1939,0.49,402.34,0,29837
94969,1936,0.49,397.46,0,29845
94847,1935,0.48,480.47,0,29854
94727,1933,0.48,407.23,0,29862
94609,1933,0.48,407.23,0,29871
94491,1931,0.50,480.47,0,29879
94371,1929,0.47,490.23,0,29887
94251,1925,0.46,319.34,0,29895
94133,1921,0.51,480.47,0,29903
94015,1917,0.48,402.34,0,29912
93895,1913,0.47,397.46,0,29921
93773,1911,0.49,480.47,0,29929
93655,1909,0.46,397.46,0,29937
93536,1908,0.47,402.34,0,29945
93417,1906,0.47,407.23,0,29954
93295,1904,0.46,485.35,0,29962
93175,1901,0.47,402.34,0,29970
93059,1897,0.48,480.47,0,29978
92941,1894,0.48,485.35,0,29987
92821,1891,0.49,485.35,0,29996
92703,1889,0.47,402.34,0,30004
92585,1887,0.48,402.34,0,30012
92466,1887,0.51,485.35,0,30020
92346,1885,0.47,485.35,0,30028
92227,1883,0.46,407.23,0,30036
92109,1879,0.51,407.23,0,30045
91991,1875,0.48,397.46,0,30054
91871,1873,0.47,402.34,0,30062
91751,1870,0.47,402.34,0,30070
91633,1868,0.49,407.23,0,30078
91515,1867,0.49,485.35,0,30087
91395,1867,0.47,407.23,0,30095
91275,1865,0.47,402.34,0,30103
91157,1863,0.50,446.29,0,30111
91041,1861,0.50,480.47,0,30120
90923,1857,0.49,407.23,0,30129
90804,1853,0.51,485.35,0,30137
90685,1849,0.49,402.34,0,30145
90567,1847,0.49,402.34,0,30153
90447,1845,0.51,485.35,0,30161
90325,1845,0.47,485.35,0,30170
90205,1844,0.47,490.23,0,30178
90087,1843,0.49,480.47,0,30187
89969,1841,0.49,402.34,0,30195
89849,1837,0.48,407.23,0,30203
89731,1833,0.48,402.34,0,30212
89613,1829,0.49,407.23,0,30220
89495,1826,0.51,485.35,0,30228
89375,1824,0.46,319.34,0,30236
89253,1823,0.47,480.47,0,30244
89134,1823,0.51,475.59,0,30254
89017,1821,0.49,485.35,0,30262
88898,1821,0.48,319.34,0,30270
88779,1818,0.51,402.34,0,30278
88663,1815,0.49,402.34,0,30286
88545,1811,0.49,402.34,0,30295
88427,1807,0.51,485.35,0,30303
88306,1803,0.49,485.35,0,30311
88185,1802,0.47,480.47,0,30320
88067,1801,0.49,485.35,0,30328
87947,1800,0.48,402.34,0,30337
87825,1799,0.49,485.35,0,30345
87707,1796,0.47,485.35,0,30353
87589,1793,0.49,490.23,0,30361
87471,1789,0.51,412.11,0,30369
87351,1785,0.47,402.34,0,30377
87229,1783,0.46,402.34,0,30387
87111,1781,0.51,480.47,0,30395
86993,1779,0.48,407.23,0,30403
86873,1779,0.47,407.23,0,30411
86754,1777,0.49,402.34,0,30419
86637,1775,0.49,485.35,0,30428
86519,1771,0.50,402.34,0,30436
86401,1768,0.49,485.35,0,30444
86279,1765,0.48,480.47,0,30453
86160,1762,0.49,485.35,0,30461
86041,1760,0.48,402.34,0,30470
85921,1759,0.47,402.34,0,30478
85801,1758,0.51,485.35,0,30486
85683,1757,0.48,402.34,0,30494
85565,1756,0.49,319.34,0,30502
85447,1754,0.51,480.47,0,30511
85329,1751,0.48,402.34,0,30520
85211,1747,0.48,402.34,0,30528
85093,1744,0.51,407.23,0,30536
84975,1741,0.50,407.23,0,30544
84855,1739,0.49,402.34,0,30553
84735,1737,0.49,485.35,0,30561
84618,1737,0.51,402.34,0,30569
84499,1737,0.51,402.34,0,30577
84379,1736,0.48,397.46,0,30586
84259,1733,0.48,402.34,0,30595
84141,1731,0.51,397.46,0,30603
84023,1727,0.48,324.22,0,30611
83903,1723,0.49,485.35,0,30619
83783,1719,0.50,402.34,0,30627
83663,1716,0.49,480.47,0,30636
83545,1715,0.48,402.34,0,30644
83424,1714,0.49,480.47,0,30653
83303,1713,0.47,402.34,0,30661
83183,1712,0.47,480.47,0,30669
83065,1709,0.48,402.34,0,30678
82947,1707,0.49,485.35,0,30686
82829,1703,0.51,485.35,0,30694
82711,1700,0.48,402.34,0,30702
82593,1697,0.50,402.34,0,30710
82475,1695,0.51,480.47,0,30720
82355,1693,0.47,402.34,0,30728
82233,1691,0.46,485.35,0,30736
82113,1689,0.51,485.35,0,30744
81995,1688,0.48,402.34,0,30752
81875,1687,0.47,407.23,0,30760
81755,1685,0.49,485.35,0,30769
81637,1682,0.50,480.47,0,30777
81521,1679,0.49,402.34,0,30786
81401,1677,0.48,490.23,0,30794
81281,1673,0.48,485.35,0,30802
81162,1671,0.50,402.34,0,30811
81045,1669,0.49,485.35,0,30819
80925,1667,0.49,485.35,0,30827
80805,1665,0.51,402.34,0,30835
80687,1665,0.48,402.34,0,30843
80569,1664,0.49,402.34,0,30853
80452,1663,0.51,402.34,0,30861
80333,1661,0.48,324.22,0,30869
80213,1657,0.49,485.35,0,30877
80097,1653,0.51,407.23,0,30885
79977,1649,0.49,485.35,0,30894
79857,1646,0.48,485.35,0,30902
79735,1644,0.47,402.34,0,30910
79617,1643,0.49,480.47,0,30919
79497,1643,0.50,402.34,0,30927
79377,1643,0.46,397.46,0,30936
79257,1641,0.47,485.35,0,30944
79139,1639,0.51,402.34,0,30952
79023,1636,0.49,319.34,0,30960
78905,1632,0.49,402.34,0,30968
78787,1628,0.51,485.35,0,30977
78669,1625,0.49,402.34,0,30986
78551,1623,0.50,485.35,0,30994
78432,1622,0.51,485.35,0,31002
78311,1622,0.50,397.46,0,31010
78189,1621,0.48,402.34,0,31019
78071,1619,0.50,421.88,0,31027
77952,1617,0.50,451.17,0,31035
77833,1614,0.49,480.47,0,31043
77713,1610,0.48,397.46,0,31052
77595,1607,0.50,480.47,0,31060
77477,1603,0.51,485.35,0,31069
77355,1601,0.48,407.23,0,31077
77233,1600,0.47,402.34,0,31085
77115,1599,0.51,402.34,0,31093
76997,1598,0.49,480.47,0,31101
76877,1597,0.47,402.34,0,31110
76759,1595,0.50,402.34,0,31119
76642,1593,0.50,402.34,0,31127
76525,1589,0.50,485.35,0,31135
76407,1586,0.50,402.34,0,31143
76287,1583,0.50,485.35,0,31152
76167,1580,0.49,319.34,0,31160
76047,1577,0.48,485.35,0,31168
75927,1576,0.48,402.34,0,31176
75805,1575,0.51,480.47,0,31185
75685,1574,0.47,397.46,0,31194
75569,1573,0.49,407.23,0,31202
75449,1571,0.51,402.34,0,31210
75330,1569,0.48,407.23,0,31218
75211,1567,0.47,402.34,0,31226
75095,1563,0.51,407.23,0,31235
74977,1559,0.51,485.35,0,31243
74859,1557,0.50,475.59,0,31252
74739,1553,0.50,402.34,0,31260
74623,1552,0.51,475.59,0,31268
74505,1551,0.51,402.34,0,31277
74383,1551,0.49,485.35,0,31285
74263,1550,0.49,485.35,0,31293
74144,1548,0.51,402.34,0,31301
74025,1546,0.49,402.34,0,31309
73907,1543,0.49,485.35,0,31319
73787,1540,0.51,402.34,0,31327
73669,1537,0.49,407.23,0,31335
73551,1533,0.49,407.23,0,31343
73433,1531,0.51,402.34,0,31351
73311,1529,0.50,402.34,0,31360
73190,1527,0.47,480.47,0,31368
73071,1525,0.50,480.47,0,31376
72952,1523,0.50,441.41,0,31385
72833,1522,0.49,407.23,0,31393
72713,1520,0.49,480.47,0,31401
72597,1519,0.50,480.47,0,31410
72481,1517,0.51,319.34,0,31418
72361,1514,0.49,485.35,0,31426
72241,1511,0.49,485.35,0,31434
72122,1509,0.51,402.34,0,31442
72003,1506,0.49,480.47,0,31452
71883,1503,0.48,402.34,0,31460
71761,1501,0.50,485.35,0,31468
71643,1499,0.49,402.34,0,31476
71525,1499,0.49,480.47,0,31484
71405,1497,0.49,402.34,0,31493
71285,1495,0.49,485.35,0,31501
71167,1494,0.49,319.34,0,31509
71049,1492,0.50,480.47,0,31518
70933,1489,0.51,480.47,0,31526
70815,1487,0.51,324.22,0,31535
70697,1485,0.50,485.35,0,31543
70581,1482,0.51,490.23,0,31551
70463,1479,0.51,402.34,0,31559
70341,1477,0.50,397.46,0,31567
70221,1475,0.49,485.35,0,31576
70101,1473,0.51,475.59,0,31585
69981,1471,0.49,480.47,0,31593
69859,1470,0.48,480.47,0,31601
69739,1469,0.48,470.70,0,31609
69621,1467,0.50,402.34,0,31618
69503,1465,0.51,402.34,0,31626
69383,1463,0.49,485.35,0,31634
69263,1461,0.49,402.34,0,31642
69145,1457,0.51,485.35,0,31651
69027,1454,0.49,485.35,0,31660
68909,1451,0.50,402.34,0,31668
68789,1449,0.51,485.35,0,31676
68671,1447,0.49,402.34,0,31684
68554,1447,0.51,480.47,0,31692
68435,1447,0.51,402.34,0,31700
68315,1445,0.49,319.34,0,31709
68196,1443,0.50,402.34,0,31718
68079,1441,0.51,402.34,0,31726
67961,1437,0.51,485.35,0,31734
67840,1433,0.50,402.34,0,31742
67721,1429,0.50,480.47,0,31751
67603,1427,0.51,485.35,0,31759
67483,1426,0.51,485.35,0,31767
67361,1425,0.49,485.35,0,31775
67240,1425,0.48,402.34,0,31784
67121,1424,0.51,485.35,0,31793
67004,1422,0.50,397.46,0,31801
66885,1419,0.50,485.35,0,31809
66767,1415,0.51,412.11,0,31817
66651,1412,0.51,485.35,0,31825
66533,1409,0.51,485.35,0,31834
66415,1407,0.51,407.23,0,31842
66293,1405,0.50,402.34,0,31851
66173,1403,0.50,480.47,0,31859
66053,1401,0.49,407.23,0,31867
65932,1400,0.49,402.34,0,31876
65811,1398,0.51,490.23,0,31884
65691,1396,0.48,485.35,0,31892
65575,1394,0.49,407.23,0,31900
65457,1392,0.51,480.47,0,31908
65337,1389,0.49,397.46,0,31918
65216,1386,0.48,402.34,0,31926
65099,1383,0.51,475.59,0,31934
64979,1379,0.50,402.34,0,31942
64860,1377,0.49,480.47,0,31950
64741,1377,0.49,402.34,0,31959
64623,1376,0.51,402.34,0,31967
64507,1375,0.51,402.34,0,31975
64388,1375,0.51,485.35,0,31984
64269,1373,0.50,485.35,0,31992
64151,1371,0.51,485.35,0,32001
64035,1367,0.51,480.47,0,32009
63916,1364,0.51,485.35,0,32017
63797,1361,0.51,402.34,0,32025
63677,1357,0.50,402.34,0,32033
63559,1355,0.51,480.47,0,32041
63439,1353,0.51,397.46,0,32051
63317,1352,0.49,402.34,0,32059
63195,1351,0.48,412.11,0,32067
63077,1350,0.50,402.34,0,32075
62957,1348,0.50,402.34,0,32083
62837,1345,0.50,485.35,0,32092
62719,1343,0.49,485.35,0,32100
62603,1340,0.51,402.34,0,32108
62485,1337,0.51,485.35,0,32117
62365,1335,0.49,407.23,0,32125
62245,1333,0.49,485.35,0,32134
62127,1331,0.51,402.34,0,32142
62007,1330,0.49,402.34,0,32150
61887,1327,0.48,402.34,0,32158
61767,1325,0.51,402.34,0,32166
61649,1324,0.49,402.34,0,32175
61531,1322,0.50,397.46,0,32184
61413,1320,0.51,485.35,0,32192
61292,1319,0.49,324.22,0,32200
61173,1317,0.50,407.23,0,32208
61055,1315,0.51,490.23,0,32217
60937,1313,0.50,402.34,0,32225
60819,1310,0.51,407.23,0,32233
60701,1308,0.50,407.23,0,32241
60585,1307,0.51,397.46,0,32250
60467,1305,0.51,407.23,0,32259
60347,1303,0.50,397.46,0,32267
60227,1300,0.50,402.34,0,32275
60109,1298,0.51,402.34,0,32283
59989,1295,0.51,485.35,0,32291
59869,1293,0.50,402.34,0,32300
59749,1292,0.50,402.34,0,32308
59630,1291,0.50,319.34,0,32317
59513,1290,0.51,480.47,0,32325
59393,1289,0.50,402.34,0,32333
59273,1287,0.50,402.34,0,32342
59155,1285,0.51,402.34,0,32350
59037,1282,0.51,402.34,0,32358
58919,1278,0.51,402.34,0,32366
58799,1274,0.51,480.47,0,32374
58681,1271,0.50,402.34,0,32384
58563,1268,0.50,319.34,0,32392
58444,1267,0.51,402.34,0,32400
58323,1267,0.50,480.47,0,32408
58201,1266,0.49,485.35,0,32416
58083,1265,0.51,324.22,0,32424
57963,1263,0.51,485.35,0,32433
57843,1259,0.50,490.23,0,32441
57723,1255,0.49,397.46,0,32450
57607,1252,0.51,319.34,0,32458
57488,1249,0.51,402.34,0,32466
57367,1245,0.49,402.34,0,32475
57245,1243,0.47,431.64,0,32483
57125,1241,0.51,402.34,0,32491
57005,1239,0.48,402.34,0,32499
56883,1238,0.47,485.35,0,32507
56765,1237,0.50,480.47,0,32517
56647,1235,0.49,319.34,0,32525
56531,1234,0.50,402.34,0,32533
56413,1233,0.51,402.34,0,32541
56295,1231,0.50,402.34,0,32549
56177,1228,0.50,402.34,0,32558
56059,1225,0.51,397.46,0,32566
55941,1222,0.50,402.34,0,32574
55821,1219,0.51,397.46,0,32583
55703,1217,0.50,480.47,0,32591
55585,1215,0.50,319.34,0,32600
55467,1215,0.51,485.35,0,32608
55345,1213,0.49,485.35,0,32616
55225,1212,0.49,402.34,0,32624
55106,1210,0.51,402.34,0,32632
54987,1207,0.50,485.35,0,32641
54867,1205,0.49,402.34,0,32650
54749,1202,0.50,402.34,0,32658
54631,1199,0.51,402.34,0,32666
54515,1197,0.51,402.34,0,32674
54395,1195,0.51,485.35,0,32683
54273,1193,0.49,402.34,0,32691
54153,1191,0.51,402.34,0,32699
54035,1189,0.49,485.35,0,32707
53914,1187,0.50,485.35,0,32716
53793,1185,0.51,402.34,0,32724
53675,1184,0.49,407.23,0,32733
53559,1183,0.50,485.35,0,32741
53440,1181,0.51,319.34,0,32749
53319,1179,0.49,485.35,0,32757
53200,1177,0.49,402.34,0,32765
53083,1173,0.51,319.34,0,32774
52963,1170,0.51,485.35,0,32783
52843,1167,0.50,480.47,0,32791
52725,1165,0.50,485.35,0,32799
52609,1165,0.51,480.47,0,32807
52491,1164,0.51,485.35,0,32816
52371,1163,0.51,485.35,0,32824
52251,1161,0.50,402.34,0,32832
52133,1159,0.51,485.35,0,32840
52015,1157,0.51,402.34,0,32849
51895,1153,0.50,353.52,0,32858
51777,1151,0.51,480.47,0,32866
51659,1149,0.51,402.34,0,32874
51542,1148,0.51,319.34,0,32882
51423,1147,0.51,397.46,0,32890
51301,1147,0.51,397.46,0,32899
51183,1145,0.51,402.34,0,32907
51064,1142,0.51,397.46,0,32916
50945,1139,0.51,485.35,0,32924
50825,1135,0.51,480.47,0,32932
50707,1131,0.51,402.34,0,32941
50589,1129,0.51,485.35,0,32949
50470,1127,0.51,485.35,0,32957
50349,1125,0.49,402.34,0,32965
50227,1125,0.48,407.23,0,32973
50107,1124,0.51,314.45,0,32983
49987,1123,0.49,402.34,0,32991
49867,1121,0.50,402.34,0,32999
49749,1119,0.51,480.47,0,33007
49631,1117,0.51,402.34,0,33015
49515,1115,0.51,407.23,0,33024
49397,1112,0.51,407.23,0,33032
49277,1109,0.50,480.47,0,33040
49157,1106,0.51,480.47,0,33049
49038,1103,0.50,402.34,0,33057
48918,1099,0.50,485.35,0,33065
48797,1098,0.51,402.34,0,33074
48679,1097,0.50,402.34,0,33082
48563,1097,0.51,402.34,0,33090
48444,1097,0.51,402.34,0,33098
48325,1095,0.50,402.34,0,33106
48205,1093,0.51,480.47,0,33116
48088,1091,0.51,480.47,0,33124
47969,1087,0.51,402.34,0,33132
47851,1082,0.51,402.34,0,33140
47731,1078,0.50,319.34,0,33148
47613,1075,0.51,485.35,0,33157
47495,1073,0.51,485.35,0,33165
47373,1071,0.50,402.34,0,33173
47249,1071,0.48,402.34,0,33182
47129,1069,0.51,402.34,0,33190
47009,1068,0.48,485.35,0,33199
46888,1065,0.48,402.34,0,33207
46769,1063,0.51,485.35,0,33215
46651,1061,0.50,402.34,0,33223
46535,1059,0.51,402.34,0,33231
46419,1057,0.51,319.34,0,33240
46299,1053,0.50,475.59,0,33249
46179,1051,0.50,407.23,0,33257
46059,1047,0.50,475.59,0,33265
45939,1045,0.49,480.47,0,33273
45819,1043,0.51,402.34,0,33282
45699,1041,0.49,480.47,0,33290
45583,1040,0.49,319.34,0,33298
45465,1039,0.51,480.47,0,33306
45343,1038,0.49,402.34,0,33315
45223,1036,0.48,402.34,0,33324
45105,1033,0.51,402.34,0,33332
44987,1031,0.50,402.34,0,33340
44869,1027,0.50,402.34,0,33348
44751,1023,0.51,402.34,0,33356
44633,1021,0.51,480.47,0,33364
44517,1020,0.51,480.47,0,33373
44399,1019,0.50,397.46,0,33382
44278,1019,0.51,485.35,0,33390
44159,1017,0.51,485.35,0,33398
44040,1015,0.51,402.34,0,33406
43919,1012,0.49,402.34,0,33415
43799,1009,0.51,485.35,0,33423
43681,1006,0.50,490.23,0,33431
43563,1004,0.51,402.34,0,33439
43445,1002,0.51,402.34,0,33448
43323,1001,0.50,402.34,0,33457
43201,999,0.49,480.47,0,33465
43086,997,0.50,397.46,0,33472
42970,995,0.50,485.35,0,33480
42855,992,0.49,407.23,0,33488
42739,990,0.51,485.35,0,33497
42627,989,0.51,402.34,0,33505
42515,987,0.51,402.34,0,33513
42401,986,0.51,485.35,0,33521
42285,984,0.51,402.34,0,33529
42169,982,0.51,397.46,0,33537
42055,979,0.50,402.34,0,33545
41939,977,0.50,407.23,0,33553
41822,975,0.51,485.35,0,33561
41707,972,0.50,485.35,0,33569
41593,971,0.51,402.34,0,33577
41479,970,0.51,319.34,0,33586
41363,969,0.50,470.70,0,33593
41245,968,0.50,480.47,0,33601
41131,967,0.51,402.34,0,33609
41016,964,0.51,480.47,0,33617
40901,961,0.51,485.35,0,33626
40787,959,0.51,402.34,0,33634
40673,957,0.51,485.35,0,33642
40561,955,0.51,480.47,0,33650
40449,953,0.51,490.23,0,33657
40333,951,0.51,319.34,0,33666
40215,949,0.50,480.47,0,33674
40099,947,0.51,397.46,0,33682
39983,944,0.51,402.34,0,33690
39865,941,0.50,407.23,0,33698
39747,939,0.50,402.34,0,33707
39632,937,0.51,402.34,0,33715
39517,935,0.51,485.35,0,33722
39401,934,0.50,480.47,0,33730
39282,933,0.50,480.47,0,33738
39165,931,0.50,402.34,0,33746
39049,927,0.49,485.35,0,33755
38934,924,0.50,485.35,0,33763
38819,920,0.51,402.34,0,33771
38705,917,0.50,485.35,0,33779
38593,915,0.51,460.94,0,33786
38479,913,0.51,319.34,0,33795
38364,911,0.50,480.47,0,33803
38247,910,0.50,407.23,0,33811
38131,908,0.51,485.35,0,33819
38015,905,0.50,407.23,0,33827
37897,903,0.48,319.34,0,33836
37780,900,0.51,402.34,0,33844
37665,897,0.50,397.46,0,33851
37553,895,0.50,402.34,0,33859
37437,893,0.51,407.23,0,33867
37320,891,0.49,402.34,0,33875
37203,889,0.48,485.35,0,33884
37087,887,0.50,480.47,0,33892
36972,885,0.51,480.47,0,33900
36857,882,0.49,319.34,0,33907
36743,879,0.50,475.59,0,33915
36631,877,0.51,402.34,0,33924
36521,876,0.51,319.34,0,33932
36407,875,0.51,416.99,0,33940
36291,873,0.51,480.47,0,33948
36175,872,0.51,402.34,0,33956
36060,870,0.51,407.23,0,33965
35943,867,0.51,485.35,0,33972
35827,865,0.51,480.47,0,33980
35711,862,0.50,402.34,0,33988
35597,860,0.51,485.35,0,33996
35483,858,0.51,402.34,0,34004
35366,856,0.50,402.34,0,34013
35247,854,0.49,485.35,0,34021
35131,851,0.51,397.46,0,34029
35014,849,0.49,402.34,0,34036
34897,846,0.48,397.46,0,34044
34782,843,0.51,485.35,0,34053
34669,842,0.49,319.34,0,34061
34559,841,0.51,485.35,0,34069
34445,841,0.51,490.23,0,34077
34331,839,0.51,480.47,0,34085
34215,839,0.51,485.35,0,34094
34100,836,0.51,480.47,0,34101
33985,833,0.51,402.34,0,34109
33868,829,0.51,485.35,0,34117
33753,825,0.51,402.34,0,34125
33637,821,0.51,319.34,0,34134
33525,819,0.51,480.47,0,34142
33407,817,0.51,485.35,0,34150
33288,816,0.50,485.35,0,34157
33169,815,0.48,397.46,0,34165
33053,813,0.48,480.47,0,34173
32937,811,0.49,407.23,0,34182
32821,809,0.51,485.35,0,34190
32707,808,0.50,407.23,0,34198
32597,807,0.51,402.34,0,34206
32486,805,0.51,402.34,0,34214
32373,804,0.51,402.34,0,34222
32257,803,0.51,402.34,0,34230
32143,801,0.51,485.35,0,34238
32027,797,0.51,402.34,0,34246
31911,795,0.51,456.05,0,34254
31795,791,0.51,402.34,0,34263
31681,788,0.51,480.47,0,34271
31567,786,0.51,402.34,0,34279
31451,785,0.51,480.47,0,34286
31333,783,0.50,480.47,0,34294
31215,782,0.49,402.34,0,34302
31097,780,0.51,485.35,0,34311
30981,778,0.50,402.34,0,34319
30863,775,0.49,402.34,0,34327
30749,773,0.51,402.34,0,34335
30637,771,0.51,402.34,0,34343
30527,771,0.51,402.34,0,34351
30415,769,0.51,480.47,0,34359
30299,768,0.51,485.35,0,34367
30183,766,0.51,402.34,0,34375
30067,763,0.51,402.34,0,34383
29951,759,0.51,402.34,0,34392
29834,756,0.51,319.34,0,34400
29719,753,0.51,485.35,0,34407
29605,750,0.51,319.34,0,34415
29491,749,0.51,402.34,0,34423
29373,747,0.50,402.34,0,34432
29255,745,0.49,480.47,0,34440
29137,744,0.51,485.35,0,34448
29019,741,0.49,485.35,0,34456
28903,739,0.48,485.35,0,34464
28787,736,0.51,402.34,0,34471
28675,733,0.51,402.34,0,34480
28565,731,0.51,319.34,0,34488
28453,728,0.51,402.34,0,34496
28339,726,0.51,485.35,0,34504
28221,725,0.51,485.35,0,34512
28104,722,0.51,402.34,0,34521
27986,720,0.50,480.47,0,34529
27867,717,0.49,402.34,0,34536
27751,715,0.50,402.34,0,34544
27637,713,0.51,407.23,0,34552
27525,711,0.51,402.34,0,34561
27409,709,0.51,480.47,0,34569
27291,707,0.49,480.47,0,34577
27173,705,0.48,480.47,0,34585
27057,701,0.49,480.47,0,34593
26941,698,0.49,480.47,0,34600
26825,695,0.51,480.47,0,34609
26713,692,0.51,485.35,0,34617
26605,690,0.51,319.34,0,34625
26494,689,0.51,485.35,0,34633
26381,687,0.51,402.34,0,34641
26265,687,0.51,402.34,0,34650
26147,685,0.51,319.34,0,34657
26030,683,0.51,480.47,0,34665
25913,680,0.50,480.47,0,34673
25795,677,0.51,402.34,0,34681
25679,675,0.50,402.34,0,34690
25567,673,0.51,485.35,0,34698
25453,671,0.46,402.34,0,34706
25335,669,0.49,402.34,0,34714
25215,667,0.47,480.47,0,34721
25098,665,0.51,485.35,0,34729
24981,662,0.47,319.34,0,34738
24865,659,0.48,402.34,0,34746
24753,657,0.51,402.34,0,34754
24643,655,0.51,436.52,0,34762
24535,653,0.51,402.34,0,34770
24423,652,0.51,485.35,0,34779
24309,651,0.51,402.34,0,34786
24191,649,0.51,485.35,0,34794
24075,647,0.51,485.35,0,34802
23955,644,0.51,485.35,0,34810
23837,641,0.51,485.35,0,34819
23721,638,0.50,402.34,0,34827
23607,635,0.51,373.05,0,34835
23493,633,0.51,480.47,0,34843
23376,632,0.49,402.34,0,34850
23255,630,0.47,402.34,0,34859
23137,628,0.50,402.34,0,34867
23019,625,0.47,402.34,0,34875
22903,623,0.48,407.23,0,34883
22790,619,0.51,402.34,0,34891
22681,617,0.51,485.35,0,34899
22573,615,0.51,402.34,0,34907
22465,614,0.51,402.34,0,34915
22353,613,0.51,397.46,0,34923
22235,611,0.51,402.34,0,34931
22119,609,0.51,485.35,0,34939
22001,607,0.50,402.34,0,34948
21881,604,0.50,485.35,0,34956
21763,601,0.51,485.35,0,34964
21649,599,0.51,485.35,0,34971
21536,597,0.51,480.47,0,34979
21421,594,0.51,402.34,0,34988
21301,593,0.50,402.34,0,34996
21180,590,0.47,402.34,0,35004
21061,587,0.47,402.34,0,35012
20943,585,0.47,402.34,0,35020
20829,582,0.50,402.34,0,35028
20717,579,0.51,319.34,0,35036
20611,577,0.51,402.34,0,35044
20505,577,0.51,402.34,0,35052
20395,575,0.51,485.35,0,35060
20279,575,0.51,402.34,0,35068
20163,573,0.51,402.34,0,35077
20045,571,0.51,407.23,0,35085
19925,567,0.51,485.35,0,35093
19807,565,0.51,480.47,0,35100
19691,561,0.51,402.34,0,35108
19579,559,0.51,480.47,0,35117
19465,557,0.51,485.35,0,35125
19347,555,0.50,485.35,0,35133
19225,552,0.48,485.35,0,35141
19105,549,0.50,407.23,0,35149
18985,547,0.46,470.70,0,35156
18867,543,0.47,402.34,0,35165
18755,541,0.51,402.34,0,35173
18647,539,0.51,236.33,0,35181
18542,538,0.51,319.34,0,35189
18433,537,0.51,402.34,0,35197
18321,537,0.51,407.23,0,35206
18203,535,0.51,475.59,0,35214
18087,533,0.51,485.35,0,35221
17967,531,0.51,480.47,0,35229
17847,527,0.51,485.35,0,35237
17731,523,0.51,402.34,0,35246
17620,519,0.51,480.47,0,35254
17507,516,0.51,407.23,0,35262
17391,513,0.51,402.34,0,35270
17269,509,0.48,402.34,0,35278
17145,507,0.49,402.34,0,35286
17024,503,0.44,485.35,0,35294
16905,501,0.45,402.34,0,35302
16791,498,0.51,402.34,0,35310
16683,496,0.51,402.34,0,35318
16581,495,0.51,402.34,0,35326
16477,494,0.51,402.34,0,35335
16363,493,0.51,480.47,0,35343
16245,493,0.51,480.47,0,35350
16125,491,0.51,397.46,0,35358
16003,488,0.49,480.47,0,35366
15882,485,0.48,402.34,0,35375
15765,481,0.51,402.34,0,35383
15651,477,0.51,402.34,0,35391
15541,473,0.51,402.34,0,35399
15425,470,0.51,485.35,0,35406
15305,467,0.50,480.47,0,35415
15183,464,0.46,402.34,0,35423
15063,461,0.44,475.59,0,35431
14943,458,0.46,397.46,0,35439
14831,455,0.50,402.34,0,35447
14725,454,0.51,402.34,0,35456
14624,453,0.51,402.34,0,35464
14519,452,0.51,402.34,0,35471
14405,452,0.51,402.34,0,35479
14285,451,0.51,485.35,0,35487
14161,451,0.51,485.35,0,35495
14038,448,0.47,485.35,0,35504
13915,445,0.46,485.35,0,35512
13797,441,0.51,490.23,0,35520
13685,437,0.51,407.23,0,35528
13577,433,0.51,397.46,0,35535
13467,429,0.51,402.34,0,35544
13351,426,0.51,402.34,0,35552
13231,423,0.48,407.23,0,35560
13109,419,0.49,402.34,0,35568
12989,416,0.46,480.47,0,35576
12875,413,0.48,402.34,0,35585
12767,411,0.51,402.34,0,35593
12667,410,0.51,402.34,0,35600
12563,409,0.51,319.34,0,35608
12447,409,0.51,480.47,0,35616
12325,409,0.51,402.34,0,35624
12199,408,0.47,402.34,0,35633
12073,407,0.45,490.23,0,35641
11949,404,0.44,485.35,0,35649
11831,401,0.47,485.35,0,35657
11719,396,0.50,402.34,0,35664
11613,392,0.51,402.34,0,35673
11509,388,0.51,402.34,0,35681
11399,384,0.51,402.34,0,35689
11281,380,0.51,485.35,0,35697
11161,377,0.51,490.23,0,35705
11041,373,0.49,485.35,0,35714
10923,369,0.49,402.34,0,35721
10815,366,0.51,319.34,0,35729
10713,364,0.51,402.34,0,35737
10607,363,0.51,319.34,0,35745
10489,361,0.51,485.35,0,35753
10366,361,0.51,485.35,0,35762
10237,361,0.45,480.47,0,35770
10109,359,0.45,480.47,0,35778
9983,357,0.39,402.34,0,35785
9869,355,0.45,480.47,0,35793
9763,351,0.51,402.34,0,35801
9665,349,0.51,397.46,0,35809
9569,345,0.51,402.34,0,35817
9463,341,0.51,402.34,0,35824
9350,337,0.51,485.35,0,35832
9231,333,0.48,485.35,0,35841
9110,329,0.49,480.47,0,35848
8991,325,0.48,485.35,0,35856
8881,321,0.50,485.35,0,35863
8781,318,0.51,397.46,0,35871
8685,315,0.51,407.23,0,35879
8579,313,0.51,485.35,0,35887
8465,311,0.51,485.35,0,35895
8343,309,0.49,480.47,0,35902
8217,308,0.42,475.59,0,35910
8092,307,0.31,480.47,0,35918
7973,305,0.44,402.34,0,35926
7863,302,0.48,485.35,0,35934
7763,299,0.51,319.34,0,35942
7671,296,0.51,319.34,0,35949
7569,293,0.51,402.34,0,35957
7457,289,0.51,402.34,0,35964
7337,286,0.50,480.47,0,35973
7211,282,0.42,485.35,0,35981
7088,277,0.42,480.47,0,35988
6971,273,0.44,402.34,0,35996
6867,269,0.51,319.34,0,36003
6773,264,0.51,314.45,0,36012
6679,259,0.51,319.34,0,36020
6569,255,0.51,485.35,0,36027
6455,252,0.51,485.35,0,36035
6333,249,0.50,485.35,0,36043
6207,245,0.39,397.46,0,36050
6084,242,0.34,319.34,0,36059
5967,239,0.45,407.23,0,36066
5861,235,0.51,485.35,0,36074
5767,231,0.51,333.98,0,36082
5673,227,0.51,402.34,0,36089
5565,223,0.51,402.34,0,36098
5447,218,0.51,402.34,0,36105
5323,213,0.46,480.47,0,36113
5196,208,0.26,490.23,0,36121
5077,203,0.44,480.47,0,36128
4966,197,0.49,402.34,0,36136
4869,190,0.51,402.34,0,36145
4779,183,0.51,407.23,0,36152
4675,177,0.51,485.35,0,36160
4563,170,0.51,407.23,0,36167
4449,163,0.51,480.47,0,36175
4329,155,0.51,480.47,0,36184
4205,147,0.45,485.35,0,36191
4083,139,0.46,480.47,0,36199
3967,130,0.49,402.34,0,36207
3867,121,0.51,397.46,0,36214
3776,112,0.51,402.34,0,36222
3671,103,0.51,402.34,0,36230
3557,95,0.51,480.47,0,36238
3443,89,0.51,407.23,0,36245
3319,83,0.44,485.35,0,36252
3195,79,0.06,480.47,0,36260
3083,77,0.45,402.34,0,36268
2981,75,0.51,319.34,0,36276
2895,75,0.51,319.34,0,36283
2805,75,0.51,402.34,0,36290
2700,77,0.51,402.34,0,36298
2593,80,0.51,475.59,0,36305
2483,83,0.51,485.35,0,36313
2369,86,0.51,480.47,0,36321
2247,89,0.46,485.35,0,36328
2123,91,0.42,402.34,0,36335
2005,91,0.33,402.34,0,36343
1902,91,0.51,402.34,0,36350
1815,90,0.51,402.34,0,36359
1725,88,0.51,402.34,0,36366
1617,84,0.51,485.35,0,36373
1503,80,0.51,402.34,0,36381
1379,74,0.35,568.36,0,36388
1247,68,-0.50,480.47,0,36397
1133,62,0.47,402.34,0,36404
1035,55,0.51,402.34,0,36411
951,48,0.51,319.34,0,36418
865,42,0.51,319.34,0,36426
767,37,0.51,397.46,0,36433
665,33,0.51,402.34,0,36441
562,31,0.51,397.46,0,36448
454,30,0.51,485.35,0,36455
345,31,0.51,431.64,0,36462
239,36,0.51,407.23,0,36469
137,42,0.51,480.47,0,36476
38,49,0.51,402.34,0,36484
-46,57,-0.50,236.33,0,36492
-66,66,-0.50,-95.70,0,36499
-10,74,0.05,-251.95,0,36506
72,80,0.51,-334.96,0,36513
152,85,0.38,-334.96,0,36521
232,88,-0.33,-417.97,0,36529
328,88,-0.11,-417.97,0,36537
436,87,0.28,-417.97,0,36544
542,82,0.47,-496.09,0,36552
654,76,0.47,-500.98,0,36559
781,69,0.51,-579.10,0,36567
910,60,0.51,-500.98,0,36575
1018,49,0.51,-491.21,0,36582
1114,38,0.47,-334.96,0,36590
1198,27,-0.50,-256.84,0,36598
1300,17,-0.50,-417.97,0,36606
1412,10,-0.50,-413.09,0,36615
1526,6,-0.28,-422.85,0,36622
1640,5,0.01,-481.45,0,36630
1754,7,0.49,-500.98,0,36637
1876,13,0.51,-496.09,0,36645
1998,23,0.51,-496.09,0,36653
2106,33,0.48,-334.96,0,36661
2198,45,-0.50,-422.85,0,36669
2305,56,-0.50,-500.98,0,36677
2423,67,0.25,-496.09,0,36684
2536,75,0.46,-413.09,0,36692
2650,82,0.45,-500.98,0,36700
2772,86,0.51,-500.98,0,36708
2900,87,0.51,-525.39,0,36716
3026,86,0.51,-500.98,0,36723
3142,82,0.51,-452.15,0,36731
3244,75,0.49,-334.96,0,36740
3334,67,-0.40,-339.84,0,36747
3436,59,-0.43,-417.97,0,36755
3550,50,0.26,-417.97,0,36763
3662,43,0.36,-413.09,0,36770
3778,37,0.49,-417.97,0,36779
3896,35,0.50,-413.09,0,36787
4010,33,0.47,-413.09,0,36794
4110,33,-0.27,-417.97,0,36802
4214,37,-0.50,-413.09,0,36810
4330,43,-0.15,-500.98,0,36818
4446,51,0.06,-334.96,0,36827
4556,59,0.51,-500.98,0,36834
4663,67,0.51,-417.97,0,36842
4775,73,0.51,-500.98,0,36849
4892,79,0.51,-413.09,0,36857
5006,82,0.51,-417.97,0,36866
5112,83,0.51,-334.96,0,36873
5208,83,0.51,-334.96,0,36881
5286,81,0.51,-334.96,0,36889
5348,77,0.51,-256.84,0,36896
5392,72,0.51,-168.95,0,36904
5417,67,0.51,-90.82,0,36912
5426,63,0.51,-7.81,0,36919
5421,59,0.51,75.20,0,36926
5402,57,0.51,158.20,0,36934
5370,55,0.51,153.32,0,36941
5324,55,0.51,241.21,0,36948
5265,55,0.51,236.33,0,36957
5198,57,0.51,236.33,0,36964
5128,58,0.51,236.33,0,36972
5059,59,0.51,319.34,0,36979
4996,61,0.51,236.33,0,36986
4940,63,0.51,241.21,0,36995
4896,63,0.51,153.32,0,37002
4864,63,0.51,158.20,0,37009
4846,63,0.51,75.20,0,37016
4840,62,0.51,-2.93,0,37024
4846,61,0.51,-90.82,0,37031
4863,59,0.51,-168.95,0,37040
4891,58,0.51,-168.95,0,37047
4924,57,0.51,-168.95,0,37055
4962,55,0.51,-90.82,0,37062
4998,55,0.51,-168.95,0,37070
5032,54,0.51,-173.83,0,37078
5060,53,0.51,-90.82,0,37086
5080,53,0.51,-90.82,0,37093
5092,53,0.51,-90.82,0,37100
5096,53,0.51,-7.81,0,37108
5093,53,0.51,-7.81,0,37115
5083,54,0.51,75.20,0,37123
5068,55,0.51,75.20,0,37130
5051,55,0.51,75.20,0,37137
5033,55,0.51,-7.81,0,37144
5019,55,0.51,75.20,0,37151
5007,55,0.51,75.20,0,37158
5000,55,0.51,-2.93,0,37166
4999,54,0.51,-7.81,0,37174
5003,53,0.51,-7.81,0,37181
5009,53,0.51,-85.94,0,37188
5019,52,0.51,-7.81,0,37195
5030,51,0.51,-90.82,0,37202
5041,51,0.51,-7.81,0,37211
5049,51,0.51,-7.81,0,37218
5054,51,0.51,-85.94,0,37225
5055,51,0.51,-7.81,0,37232
5053,51,0.51,75.20,0,37239
5049,51,0.51,-7.81,0,37246
5042,52,0.51,-7.81,0,37254
5035,53,0.51,70.31,0,37262
5028,53,0.51,-7.81,0,37269
5023,53,0.51,-2.93,0,37276
5020,53,0.51,-7.81,0,37283
5019,53,0.51,-7.81,0,37291
5020,53,0.51,-2.93,0,37298
5024,53,0.51,-7.81,0,37305
5028,53,0.51,-7.81,0,37312
5032,52,0.51,-7.81,0,37319
5036,51,0.51,-90.82,0,37327
5040,51,0.51,-7.81,0,37335
5041,51,0.51,-2.93,0,37342
5041,51,0.51,-7.81,0,37349
5040,51,0.51,-7.81,0,37356
5037,51,0.51,-2.93,0,37363
5035,51,0.51,-7.81,0,37371
5032,51,0.51,-7.81,0,37379
5030,51,0.51,-2.93,0,37386
5029,51,0.51,-7.81,0,37393
5029,51,0.51,-2.93,0,37400
5030,51,0.51,-7.81,0,37407
5031,51,0.51,-90.82,0,37414
5033,51,0.51,-7.81,0,37423
5034,50,0.51,-7.81,0,37430
5035,50,0.51,-7.81,0,37437
5035,49,0.51,-7.81,0,37444
5035,49,0.51,-7.81,0,37451
5034,49,0.51,-7.81,0,37458
5033,49,0.51,-7.81,0,37466
5033,49,0.51,-7.81,0,37473
5033,49,0.51,-7.81,0,37480
5032,49,0.51,-7.81,0,37488
5032,50,0.51,-7.81,0,37495
5032,50,0.51,-7.81,0,37502
5032,50,0.51,-7.81,0,37510
5033,50,0.51,-7.81,0,37517
5033,50,0.51,-7.81,0,37524
5033,50,0.51,-7.81,0,37531
5033,50,0.51,-7.81,0,37538
5033,50,0.51,-7.81,0,37545
5033,50,0.51,-7.81,0,37553
5033,49,0.51,-7.81,0,37561
5033,49,0.51,-7.81,0,37568
5033,49,0.51,-7.81,0,37575
5033,49,0.51,-7.81,0,37582
5033,49,0.51,-7.81,0,37590
5033,49,0.51,-7.81,0,37597
5033,49,0.51,-2.93,0,37604
5033,49,0.51,-7.81,0,37611
5033,49,0.51,-7.81,0,37618
5033,50,0.51,-7.81,0,37626
5033,50,0.51,-7.81,0,37634
5033,50,0.51,-7.81,0,37