417
150,-36,826.00,409.00,0,435425
150,-36,826.00,408.00,0,435433
150,-36,826.00,408.00,0,435442
150,-36,826.00,409.00,0,435450
150,-36,826.00,408.00,0,435459
150,-36,826.00,409.00,0,435467
150,-36,826.00,409.00,0,435475
150,-36,826.00,409.00,0,435483
150,-36,826.00,408.00,0,435491
150,-36,825.00,408.00,0,435500
150,-36,826.00,409.00,0,435509
150,-36,826.00,408.00,0,435517
150,-36,826.00,409.00,0,435525
150,-36,826.00,409.00,0,435533
150,-37,826.00,409.00,0,435542
150,-37,826.00,409.00,0,435550
150,-37,825.00,408.00,0,435558
150,-37,825.00,409.00,0,435566
150,-37,825.00,409.00,0,435575
150,-37,826.00,409.00,0,435584
150,-37,826.00,409.00,0,435592
150,-37,826.00,408.00,0,435600
150,-37,826.00,409.00,0,435608
150,-37,826.00,408.00,0,435616
150,-37,826.00,409.00,0,435624
150,-37,825.00,408.00,0,435633
150,-37,826.00,409.00,0,435642
150,-37,826.00,409.00,0,435650
150,-37,826.00,409.00,0,435658
150,-37,826.00,409.00,0,435666
150,-37,825.00,409.00,0,435675
150,-37,826.00,409.00,0,435683
150,-37,825.00,408.00,0,435691
150,-37,826.00,408.00,0,435699
150,-37,825.00,409.00,0,435708
150,-37,825.00,408.00,0,435717
150,-37,826.00,409.00,0,435725
150,-37,826.00,408.00,0,435733
150,-37,825.00,409.00,0,435741
150,-37,826.00,409.00,0,435749
150,-37,826.00,408.00,0,435758
150,-37,825.00,409.00,0,435766
150,-37,825.00,409.00,0,435775
150,-37,826.00,409.00,0,435783
150,-37,826.00,409.00,0,435791
150,-37,826.00,409.00,0,435800
150,-37,826.00,409.00,0,435808
150,-37,826.00,409.00,0,435816
150,-37,826.00,409.00,0,435824
150,-37,825.00,408.00,0,435832
150,-37,826.00,409.00,0,435842
150,-37,826.00,409.00,0,435850
150,-37,826.00,408.00,0,435858
150,-37,826.00,409.00,0,435866
150,-37,826.00,409.00,0,435874
150,-37,826.00,409.00,0,435883
150,-37,826.00,408.00,0,435891
150,-37,825.00,408.00,0,435899
150,-37,826.00,409.00,0,435908
150,-37,826.00,409.00,0,435916
150,-37,826.00,409.00,0,435924
150,-37,826.00,409.00,0,435933
150,-37,826.00,409.00,0,435941
150,-37,826.00,408.00,0,435949
150,-37,826.00,408.00,0,435957
150,-37,825.00,409.00,0,435965
150,-37,825.00,409.00,0,435975
150,-37,826.00,409.00,0,435983
150,-37,825.00,408.00,0,435991
150,-37,825.00,409.00,0,435999
150,-37,826.00,409.00,0,436007
150,-37,826.00,409.00,0,436016
150,-37,826.00,409.00,0,436024
150,-37,825.00,408.00,0,436032
150,-37,826.00,408.00,0,436041
150,-37,826.00,409.00,0,436049
150,-37,826.00,408.00,0,436058
150,-37,826.00,409.00,0,436066
150,-37,826.00,409.00,0,436074
150,-37,826.00,409.00,0,436082
150,-37,826.00,408.00,0,436090
150,-37,826.00,408.00,0,436099
150,-37,825.00,409.00,0,436108
150,-37,826.00,409.00,0,436116
150,-37,826.00,409.00,0,436124
150,-37,825.00,409.00,0,436132
150,-37,826.00,409.00,0,436141
150,-37,826.00,409.00,0,436149
150,-37,826.00,409.00,0,436157
150,-37,825.00,408.00,0,436165
150,-37,825.00,409.00,0,436174
150,-37,826.00,409.00,0,436183
150,-37,826.00,409.00,0,436191
150,-37,825.00,409.00,0,436199
150,-37,826.00,409.00,0,436207
150,-37,826.00,409.00,0,436215
150,-37,825.00,409.00,0,436224
150,-37,825.00,408.00,0,436232
150,-37,826.00,408.00,0,436241
150,-37,826.00,408.00,0,436249
150,-37,826.00,409.00,0,436257
150,-37,826.00,409.00,0,436265
150,-37,826.00,409.00,0,436274
150,-37,826.00,409.00,0,436282
150,-37,826.00,408.00,0,436290
150,-37,826.00,408.00,0,436298
150,-37,825.00,408.00,0,436307
150,-37,826.00,408.00,0,436316
150,-37,826.00,409.00,0,436324
150,-37,826.00,409.00,0,436332
150,-37,826.00,409.00,0,436340
150,-37,826.00,409.00,0,436348
150,-37,826.00,408.00,0,436357
150,-37,826.00,408.00,0,436365
150,-37,825.00,409.00,0,436374
150,-37,826.00,409.00,0,436382
150,-37,826.00,408.00,0,436390
150,-37,825.00,409.00,0,436399
150,-37,826.00,409.00,0,436407
150,-37,826.00,409.00,0,436415
150,-37,825.00,409.00,0,436423
150,-37,825.00,408.00,0,436431
150,-37,826.00,408.00,0,436441
150,-37,826.00,408.00,0,436449
150,-37,826.00,409.00,0,436457
150,-37,826.00,408.00,0,436465
150,-37,826.00,409.00,0,436473
150,-37,826.00,409.00,0,436482
150,-37,826.00,408.00,0,436490
150,-37,825.00,408.00,0,436498
150,-37,825.00,408.00,0,436507
150,-37,825.00,409.00,0,436515
150,-37,826.00,409.00,0,436524
150,-37,826.00,409.00,0,436532
150,-37,826.00,409.00,0,436540
150,-37,826.00,408.00,0,436548
150,-37,826.00,409.00,0,436556
150,-37,826.00,409.00,0,436564
150,-37,825.00,408.00,0,436574
150,-37,826.00,409.00,0,436582
150,-37,826.00,409.00,0,436590
150,-37,826.00,409.00,0,436598
150,-37,826.00,409.00,0,436606
150,-37,825.00,409.00,0,436615
150,-37,826.00,408.00,0,436623
150,-37,826.00,409.00,0,436631
150,-37,825.00,408.00,0,436640
150,-37,826.00,409.00,0,436648
150,-37,826.00,409.00,0,436657
150,-37,826.00,409.00,0,436665
150,-37,826.00,409.00,0,436673
150,-37,826.00,409.00,0,436681
150,-37,825.00,408.00,0,436689
150,-37,826.00,408.00,0,436698
150,-37,825.00,409.00,0,436707
150,-37,826.00,409.00,0,436715
150,-37,826.00,409.00,0,436723
150,-37,826.00,409.00,0,436731
150,-37,826.00,409.00,0,436740
150,-37,826.00,409.00,0,436748
150,-37,826.00,408.00,0,436756
150,-37,825.00,408.00,0,436764
150,-37,825.00,408.00,0,436773
150,-37,826.00,409.00,0,436782
150,-37,826.00,409.00,0,436790
150,-37,826.00,409.00,0,436798
150,-37,826.00,409.00,0,436806
150,-37,826.00,409.00,0,436814
150,-37,826.00,408.00,0,436823
150,-37,825.00,408.00,0,436831
150,-37,826.00,408.00,0,436840
150,-37,826.00,409.00,0,436848
150,-37,826.00,408.00,0,436856
150,-37,826.00,409.00,0,436865
150,-37,825.00,409.00,0,436873
150,-37,826.00,409.00,0,436881
150,-37,826.00,408.00,0,436889
150,-37,825.00,408.00,0,436897
150,-37,825.00,408.00,0,436907
150,-37,825.00,409.00,0,436915
150,-37,826.00,409.00,0,436923
150,-37,826.00,409.00,0,436931
150,-37,826.00,409.00,0,436939
150,-37,826.00,409.00,0,436947
150,-37,826.00,408.00,0,436956
150,-37,825.00,408.00,0,436964
150,-37,825.00,408.00,0,436973
150,-37,826.00,409.00,0,436981
150,-37,826.00,409.00,0,436989
150,-37,825.00,409.00,0,436998
150,-37,826.00,408.00,0,437006
150,-37,826.00,409.00,0,437014
150,-38,826.00,408.00,0,437022
150,-38,825.00,408.00,0,437030
150,-38,825.00,409.00,0,437040
150,-38,826.00,409.00,0,437048
150,-38,826.00,409.00,0,437056
150,-38,826.00,408.00,0,437064
150,-38,826.00,409.00,0,437072
150,-38,826.00,409.00,0,437081
150,-38,826.00,408.00,0,437089
150,-38,825.00,408.00,0,437097
150,-38,825.00,408.00,0,437106
150,-38,826.00,409.00,0,437114
150,-38,826.00,409.00,0,437123
150,-38,826.00,409.00,0,437131
150,-38,826.00,409.00,0,437139
150,-38,826.00,409.00,0,437147
150,-38,826.00,408.00,0,437155
150,-38,825.00,408.00,0,437164
150,-38,825.00,409.00,0,437173
150,-38,826.00,409.00,0,437181
150,-38,826.00,409.00,0,437189
150,-38,826.00,409.00,0,437197
150,-38,826.00,409.00,0,437206
150,-38,826.00,409.00,0,437214
150,-38,825.00,408.00,0,437222
150,-38,825.00,409.00,0,437230
150,-38,826.00,408.00,0,437239
150,-38,826.00,409.00,0,437248
150,-38,825.00,409.00,0,437256
150,-38,826.00,409.00,0,437264
150,-38,826.00,409.00,0,437272
150,-38,826.00,408.00,0,437280
150,-38,825.00,409.00,0,437288
150,-38,825.00,408.00,0,437297
150,-38,825.00,408.00,0,437306
150,-38,825.00,409.00,0,437314
150,-38,826.00,409.00,0,437322
150,-38,826.00,409.00,0,437330
150,-38,826.00,408.00,0,437339
150,-38,826.00,409.00,0,437347
150,-38,826.00,408.00,0,437355
150,-38,825.00,408.00,0,437363
150,-38,825.00,409.00,0,437372
150,-38,826.00,409.00,0,437381
150,-38,826.00,408.00,0,437389
150,-38,826.00,408.00,0,437397
150,-38,826.00,409.00,0,437405
150,-38,826.00,409.00,0,437413
150,-38,825.00,408.00,0,437422
150,-38,825.00,409.00,0,437430
150,-38,825.00,409.00,0,437439
150,-38,826.00,408.00,0,437447
150,-38,825.00,409.00,0,437455
150,-38,826.00,408.00,0,437464
150,-38,826.00,409.00,0,437472
150,-38,826.00,409.00,0,437480
150,-38,825.00,409.00,0,437488
150,-38,826.00,408.00,0,437496
150,-38,825.00,409.00,0,437506
150,-38,826.00,409.00,0,437514
150,-38,826.00,409.00,0,437522
150,-38,826.00,409.00,0,437530
150,-38,826.00,408.00,0,437538
150,-38,826.00,409.00,0,437547
150,-38,826.00,408.00,0,437555
150,-38,825.00,408.00,0,437563
150,-38,825.00,409.00,0,437572
150,-38,826.00,409.00,0,437580
150,-38,825.00,409.00,0,437588
150,-38,826.00,409.00,0,437597
150,-38,826.00,409.00,0,437605
150,-38,826.00,409.00,0,437613
150,-38,826.00,408.00,0,437621
150,-38,825.00,409.00,0,437629
150,-38,825.00,409.00,0,437639
150,-38,826.00,409.00,0,437647
150,-38,825.00,409.00,0,437655
150,-38,826.00,408.00,0,437663
150,-38,826.00,409.00,0,437671
150,-38,826.00,409.00,0,437680
150,-38,826.00,409.00,0,437688
150,-38,825.00,408.00,0,437696
150,-38,826.00,409.00,0,437705
150,-38,826.00,409.00,0,437713
150,-38,826.00,408.00,0,437722
150,-38,826.00,408.00,0,437730
150,-38,826.00,409.00,0,437738
150,-38,826.00,409.00,0,437746
150,-38,826.00,408.00,0,437754
150,-38,826.00,408.00,0,437763
150,-38,825.00,409.00,0,437772
150,-38,825.00,409.00,0,437780
150,-38,826.00,408.00,0,437788
150,-38,825.00,408.00,0,437796
150,-38,826.00,409.00,0,437805
150,-38,826.00,409.00,0,437813
150,-38,826.00,408.00,0,437821
150,-38,825.00,408.00,0,437829
150,-38,825.00,408.00,0,437838
150,-38,825.00,409.00,0,437847
150,-38,825.00,408.00,0,437855
150,-38,825.00,408.00,0,437863
150,-38,825.00,409.00,0,437871
150,-38,826.00,409.00,0,437879
150,-38,826.00,409.00,0,437888
150,-38,825.00,408.00,0,437896
150,-38,826.00,408.00,0,437905
150,-38,826.00,408.00,0,437913
150,-38,825.00,409.00,0,437921
150,-38,826.00,409.00,0,437929
150,-38,826.00,409.00,0,437938
150,-38,826.00,409.00,0,437946
150,-38,825.00,408.00,0,437954
150,-38,826.00,408.00,0,437962
150,-38,825.00,409.00,0,437971
150,-38,826.00,408.00,0,437980
150,-38,826.00,409.00,0,437988
150,-38,826.00,409.00,0,437996
150,-38,826.00,409.00,0,438004
150,-38,826.00,408.00,0,438012
150,-38,826.00,409.00,0,438021
150,-38,825.00,408.00,0,438029
150,-38,825.00,408.00,0,438038
150,-38,826.00,409.00,0,438046
150,-38,826.00,409.00,0,438054
150,-38,826.00,409.00,0,438063
150,-38,826.00,409.00,0,438071
150,-38,826.00,409.00,0,438079
150,-38,825.00,409.00,0,438087
150,-38,826.00,408.00,0,438095
150,-38,826.00,409.00,0,438105
150,-38,825.00,409.00,0,438113
150,-38,825.00,409.00,0,438121
150,-38,826.00,409.00,0,438129
150,-38,826.00,409.00,0,438137
150,-38,826.00,409.00,0,438146
150,-38,825.00,409.00,0,438154
150,-38,826.00,408.00,0,438162
150,-38,825.00,408.00,0,438171
150,-38,826.00,408.00,0,438179
150,-38,826.00,409.00,0,438188
150,-38,826.00,409.00,0,438196
150,-38,826.00,409.00,0,438204
150,-38,826.00,409.00,0,438212
150,-38,826.00,408.00,0,438220
150,-38,825.00,408.00,0,438228
150,-38,825.00,408.00,0,438238
150,-38,826.00,409.00,0,438246
150,-38,825.00,409.00,0,438254
150,-38,826.00,409.00,0,438262
150,-38,826.00,409.00,0,438270
150,-38,826.00,409.00,0,438279
150,-38,826.00,409.00,0,438287
150,-38,825.00,408.00,0,438295
150,-38,826.00,408.00,0,438304
150,-38,825.00,409.00,0,438312
150,-38,826.00,409.00,0,438321
150,-38,826.00,409.00,0,438329
150,-38,826.00,409.00,0,438337
150,-38,827.00,409.00,0,438345
150,-38,825.00,409.00,0,438353
150,-38,825.00,409.00,0,438362
150,-38,826.00,408.00,0,438371
150,-38,826.00,409.00,0,438379
150,-38,826.00,409.00,0,438387
150,-38,826.00,409.00,0,438395
150,-38,826.00,409.00,0,438404
150,-38,826.00,409.00,0,438412
150,-38,826.00,409.00,0,438420
150,-38,825.00,408.00,0,438428
150,-38,825.00,408.00,0,438437
150,-38,826.00,409.00,0,438446
150,-38,826.00,408.00,0,438454
150,-38,826.00,409.00,0,438462
150,-38,826.00,409.00,0,438470
150,-38,826.00,409.00,0,438478
150,-38,826.00,408.00,0,438487
150,-38,826.00,408.00,0,438495
150,-38,826.00,409.00,0,438504
150,-38,826.00,409.00,0,438512
150,-38,826.00,409.00,0,438520
150,-38,826.00,409.00,0,438529
150,-38,826.00,409.00,0,438537
150,-38,826.00,409.00,0,438545
150,-38,825.00,408.00,0,438553
150,-38,825.00,408.00,0,438561
150,-38,825.00,409.00,0,438571
150,-38,826.00,408.00,0,438579
150,-38,826.00,408.00,0,438587
150,-38,826.00,409.00,0,438595
150,-38,826.00,409.00,0,438603
150,-38,825.00,408.00,0,438611
150,-38,826.00,409.00,0,438620
150,-38,825.00,408.00,0,438628
150,-38,825.00,408.00,0,438637
150,-38,826.00,408.00,0,438645
150,-38,826.00,409.00,0,438653
150,-38,826.00,409.00,0,438662
150,-38,826.00,408.00,0,438670
150,-38,826.00,409.00,0,438678
150,-38,825.00,408.00,0,438686
150,-38,825.00,408.00,0,438694
150,-38,825.00,409.00,0,438704
150,-38,826.00,408.00,0,438712
150,-38,826.00,409.00,0,438720
150,-38,826.00,409.00,0,438728
150,-38,826.00,409.00,0,438736
150,-38,826.00,409.00,0,438745
150,-38,825.00,408.00,0,438753
150,-38,826.00,408.00,0,438761
150,-38,825.00,408.00,0,438770
150,-38,826.00,409.00,0,438778
150,-38,826.00,409.00,0,438787
150,-38,826.00,409.00,0,438795
150,-38,826.00,409.00,0,438803
150,-38,826.00,409.00,0,438811
150,-38,826.00,408.00,0,438819
150,-38,825.00,408.00,0,438828
150,-38,826.00,409.00,0,438837
150,-38,826.00,409.00,0,438845
150,-38,826.00,409.00,0,438853
150,-38,826.00,409.00,0,438861
150,-38,826.00,408.00,0,438870
150,-38,826.00,409.00,0,438878
150,-38,825.00,408.00,0,438886
150,-38,825.00,408.00,0,438894
150,-38,825.00,409.00,0,438903
150,-38,826.00,409.00,0,438912
150,-38,826.00,409.00,0,438920
150,-38,826.00,409.00,0,438928
150,-38,826.00,408.00,0,438936
150,-38,826.00,409.00,0,438944
150,-38,826.00,408.00,0,438952
150,-38,826.00,408.00,0,438961
150,-38,825.00,409.00,0,438970
150,-38,826.00,409.00,0,438978
150,-38,826.00,409.00,0,438986
150,-38,826.00,409.00,0,438994
150,-38,826.00,409.00,0,439003
150,-38,825.00,408.00,0,439011
150,-38,826.00,408.00,0,439019
150,-38,826.00,408.00,0,439027
150,-38,825.00,410.00,0,439036
150,-38,825.00,409.00,0,439045
150,-38,826.00,409.00,0,439053
150,-38,826.00,409.00,0,439061
150,-38,826.00,409.00,0,439069
150,-38,826.00,409.00,0,439077
150,-38,826.00,408.00,0,439086
150,-38,825.00,409.00,0,439094
150,-38,825.00,409.00,0,439103
150,-38,826.00,408.00,0,439111
150,-38,826.00,409.00,0,439119
150,-38,826.00,408.00,0,439128
150,-38,826.00,409.00,0,439136
150,-38,826.00,409.00,0,439144
150,-38,826.00,408.00,0,439152
150,-38,825.00,408.00,0,439160
150,-38,825.00,409.00,0,439170
150,-38,826.00,409.00,0,439178
150,-38,826.00,409.00,0,439186
150,-38,826.00,409.00,0,439194
150,-38,826.00,409.00,0,439202
150,-38,826.00,409.00,0,439211
150,-38,826.00,408.00,0,439219
150,-38,825.00,408.00,0,439227
150,-38,825.00,409.00,0,439236
150,-38,826.00,409.00,0,439244
150,-38,826.00,409.00,0,439252
150,-38,826.00,409.00,0,439261
150,-38,825.00,409.00,0,439269
150,-38,826.00,409.00,0,439277
150,-38,826.00,408.00,0,439285
150,-38,826.00,408.00,0,439293
150,-38,825.00,409.00,0,439303
150,-38,826.00,409.00,0,439311
150,-38,826.00,409.00,0,439319
150,-38,825.00,408.00,0,439327
150,-38,826.00,409.00,0,439335
150,-38,826.00,409.00,0,439344
150,-38,826.00,408.00,0,439352
150,-38,825.00,408.00,0,439360
150,-38,825.00,409.00,0,439369
150,-38,825.00,409.00,0,439377
150,-38,826.00,408.00,0,439386
150,-38,826.00,408.00,0,439394
150,-38,826.00,409.00,0,439402
150,-38,825.00,409.00,0,439410
150,-38,826.00,409.00,0,439418
150,-38,825.00,409.00,0,439427
150,-38,825.00,409.00,0,439436
150,-38,826.00,409.00,0,439444
150,-38,826.00,409.00,0,439452
150,-38,825.00,409.00,0,439460
150,-38,826.00,408.00,0,439469
150,-38,826.00,409.00,0,439477
150,-38,826.00,408.00,0,439485
150,-38,825.00,409.00,0,439493
150,-38,825.00,408.00,0,439502
150,-38,826.00,408.00,0,439511
150,-38,826.00,409.00,0,439519
150,-38,826.00,409.00,0,439527
150,-38,826.00,409.00,0,439535
150,-38,826.00,409.00,0,439543
150,-38,825.00,408.00,0,439552
150,-38,826.00,409.00,0,439560
150,-38,826.00,409.00,0,439569
150,-38,826.00,409.00,0,439577
150,-38,826.00,408.00,0,439585
156,-38,0.00,375.00,0,439592
214,-38,0.00,341.00,0,439601
316,-38,572.00,325.00,0,439609
428,-38,575.00,325.00,0,439617
537,-38,405.00,325.00,0,439625
655,-38,791.00,325.00,0,439634
779,-38,818.00,325.00,0,439643
914,-38,825.00,308.00,0,439651
1050,-38,826.00,308.00,0,439659
1177,-38,826.00,325.00,0,439668
1281,-38,633.00,341.00,0,439676
1378,-37,0.00,325.00,0,439685
1489,-37,352.00,325.00,0,439693
1612,-35,607.00,324.00,0,439702
1736,-34,737.00,324.00,0,439710
1870,-31,824.00,308.00,0,439718
2014,-29,825.00,308.00,0,439728
2150,-28,826.00,325.00,0,439736
2266,-27,819.00,342.00,0,439744
2364,-25,141.00,342.00,0,439753
2476,-25,348.00,325.00,0,439761
2600,-25,754.00,308.00,0,439771
2724,-25,743.00,308.00,0,439779
2852,-25,820.00,308.00,0,439787
2986,-27,825.00,325.00,0,439796
3112,-27,820.00,325.00,0,439804
3220,-28,549.00,342.00,0,439813
3328,-28,136.00,324.00,0,439822
3448,-28,341.00,307.00,0,439830
3572,-28,407.00,326.00,0,439839
3696,-26,662.00,325.00,0,439847
3826,-24,818.00,308.00,0,439856
3965,-20,825.00,325.00,0,439865
4103,-18,826.00,308.00,0,439873
4224,-15,817.00,325.00,0,439882
4325,-12,241.00,325.00,0,439890
4435,-10,203.00,325.00,0,439899
4560,-7,547.00,308.00,0,439907
4680,-5,739.00,308.00,0,439916
4801,-3,811.00,325.00,0,439924
4928,-2,821.00,308.00,0,439932
5055,0,806.00,308.00,0,439941
5164,2,704.00,324.00,0,439949
5262,3,77.00,325.00,0,439956
5370,4,210.00,325.00,0,439964
5486,6,444.00,325.00,0,439972
5601,9,487.00,308.00,0,439981
5719,12,626.00,308.00,0,439989
5846,16,813.00,308.00,0,439997
5979,20,826.00,308.00,0,440005
6108,24,825.00,307.00,0,440013
6224,28,812.00,325.00,0,440022
6324,34,244.00,324.00,0,440030
6434,38,287.00,308.00,0,440039
6555,43,522.00,308.00,0,440047
6674,48,750.00,341.00,0,440055
6795,53,805.00,308.00,0,440064
6922,57,821.00,308.00,0,440072
7048,61,805.00,340.00,0,440080
7165,64,803.00,341.00,0,440088
7270,66,284.00,341.00,0,440096
7383,69,226.00,341.00,0,440105
7503,71,496.00,308.00,0,440114
7622,74,578.00,308.00,0,440122
7744,77,703.00,308.00,0,440130
7870,80,811.00,309.00,0,440138
8000,84,821.00,308.00,0,440146
8126,88,825.00,307.00,0,440155
8240,92,789.00,326.00,0,440164
8344,94,304.00,308.00,0,440172
8458,98,460.00,323.00,0,440180
8578,100,595.00,308.00,0,440188
8701,103,673.00,325.00,0,440198
8826,106,806.00,308.00,0,440206
8956,108,815.00,309.00,0,440214
9084,110,806.00,324.00,0,440223
9199,110,584.00,341.00,0,440231
9312,112,361.00,325.00,0,440240
9432,114,424.00,308.00,0,440249
9555,116,425.00,309.00,0,440257
9679,120,654.00,308.00,0,440266
9806,125,802.00,309.00,0,440274
9936,130,816.00,308.00,0,440283
10067,136,806.00,307.00,0,440292
10193,140,807.00,325.00,0,440301
10309,145,520.00,325.00,0,440309
10428,148,445.00,308.00,0,440318
10556,152,545.00,325.00,0,440327
10682,154,683.00,325.00,0,440336
10811,156,799.00,308.00,0,440345
10943,158,813.00,308.00,0,440353
11072,158,797.00,341.00,0,440363
11192,158,563.00,308.00,0,440372
11312,158,453.00,325.00,0,440380
11437,160,492.00,324.00,0,440389
11563,162,430.00,325.00,0,440398
11690,166,630.00,325.00,0,440407
11822,170,804.00,310.00,0,440416
11956,176,815.00,308.00,0,440424
12086,182,802.00,308.00,0,440433
12210,188,696.00,325.00,0,440442
12327,192,537.00,325.00,0,440451
12452,195,600.00,311.00,0,440460
12578,198,609.00,325.00,0,440469
12705,200,644.00,325.00,0,440477
12834,200,803.00,309.00,0,440486
12966,201,812.00,325.00,0,440496
13094,201,800.00,307.00,0,440504
13213,201,483.00,326.00,0,440513
13334,201,488.00,325.00,0,440521
13460,202,558.00,309.00,0,440530
13586,204,531.00,325.00,0,440540
13714,209,588.00,325.00,0,440548
13845,215,806.00,325.00,0,440557
13977,222,811.00,308.00,0,440566
14106,228,803.00,308.00,0,440574
14226,232,624.00,324.00,0,440584
14348,236,564.00,325.00,0,440592
14474,238,658.00,309.00,0,440601
14600,240,652.00,308.00,0,440610
14728,241,545.00,308.00,0,440619
14857,242,804.00,308.00,0,440628
14988,242,804.00,341.00,0,440637
15114,242,789.00,329.00,0,440645
15232,242,456.00,325.00,0,440654
15357,243,503.00,308.00,0,440664
15483,245,566.00,325.00,0,440672
15609,250,596.00,325.00,0,440681
15738,255,655.00,342.00,0,440689
15869,262,802.00,325.00,0,440698
16000,268,797.00,308.00,0,440708
16126,273,800.00,325.00,0,440716
16247,276,555.00,326.00,0,440725
16371,278,541.00,308.00,0,440734
16498,280,687.00,325.00,0,440742
16624,280,681.00,308.00,0,440752
16751,280,703.00,325.00,0,440760
16880,281,800.00,324.00,0,440769
17010,282,795.00,341.00,0,440778
17133,282,726.00,325.00,0,440786
17254,284,535.00,325.00,0,440796
17380,286,462.00,325.00,0,440805
17506,290,572.00,324.00,0,440813
17634,295,654.00,325.00,0,440822
17762,302,727.00,325.00,0,440832
17892,308,756.00,325.00,0,440840
18022,313,788.00,325.00,0,440849
18146,316,759.00,325.00,0,440857
18268,318,637.00,325.00,0,440866
18394,319,501.00,325.00,0,440876
18520,319,629.00,324.00,0,440884
18647,319,698.00,308.00,0,440893
18774,320,776.00,325.00,0,440902
18904,321,791.00,335.00,0,440910
19032,322,764.00,310.00,0,440920
19155,324,693.00,308.00,0,440928
19278,327,628.00,325.00,0,440937
19404,330,394.00,324.00,0,440946
19531,335,555.00,325.00,0,440954
19658,340,667.00,308.00,0,440964
19786,345,788.00,308.00,0,440973
19916,350,797.00,325.00,0,440981
20044,353,721.00,309.00,0,440990
20167,355,700.00,325.00,0,440999
20292,356,678.00,307.00,0,441008
20418,356,607.00,308.00,0,441017
20544,356,601.00,308.00,0,441025
20670,357,682.00,312.00,0,441034
20798,359,797.00,325.00,0,441043
20927,362,797.00,308.00,0,441052
21054,364,678.00,325.00,0,441061
21177,368,636.00,308.00,0,441070
21302,370,689.00,325.00,0,441078
21428,373,603.00,307.00,0,441088
21554,376,528.00,325.00,0,441097
21681,380,651.00,324.00,0,441105
21810,384,792.00,308.00,0,441114
21939,388,801.00,308.00,0,441122
22065,390,676.00,325.00,0,441132
22188,392,631.00,325.00,0,441141
22314,392,696.00,321.00,0,441149
22440,394,627.00,308.00,0,441158
22566,395,557.00,325.00,0,441167
22692,397,650.00,325.00,0,441176
22822,400,802.00,341.00,0,441185
22950,403,798.00,325.00,0,441193
23076,406,689.00,325.00,0,441202
23200,408,591.00,325.00,0,441211
23326,410,699.00,308.00,0,441220
23452,412,646.00,308.00,0,441229
23578,415,541.00,325.00,0,441238
23704,418,591.00,308.00,0,441246
23834,422,797.00,308.00,0,441255
23962,424,798.00,324.00,0,441265
24086,427,675.00,308.00,0,441273
24212,429,560.00,307.00,0,441282
24337,430,676.00,325.00,0,441290
24463,432,676.00,308.00,0,441299
24590,434,608.00,341.00,0,441309
24716,437,582.00,325.00,0,441317
24846,440,787.00,308.00,0,441326
24974,443,792.00,309.00,0,441335
25098,445,690.00,325.00,0,441344
25223,447,621.00,309.00,0,441353
25348,448,652.00,325.00,0,441362
25475,450,648.00,308.00,0,441370
25601,453,618.00,324.00,0,441379
25728,456,508.00,325.00,0,441388
25857,460,784.00,308.00,0,441397
25984,463,797.00,325.00,0,441406
26109,466,695.00,308.00,0,441414
26234,468,598.00,314.00,0,441423
26360,470,632.00,308.00,0,441433
26486,472,684.00,326.00,0,441441
26613,474,682.00,308.00,0,441450
26740,477,641.00,308.00,0,441458
26870,480,756.00,309.00,0,441467
26997,482,782.00,308.00,0,441477
27122,484,716.00,307.00,0,441485
27246,486,612.00,325.00,0,441494
27372,487,586.00,308.00,0,441503
27498,489,668.00,324.00,0,441511
27624,492,651.00,326.00,0,441521
27751,494,658.00,325.00,0,441530
27880,498,723.00,325.00,0,441538
28008,502,762.00,325.00,0,441547
28132,504,714.00,325.00,0,441555
28257,507,669.00,324.00,0,441565
28384,509,570.00,342.00,0,441574
28510,512,677.00,325.00,0,441582
28636,514,704.00,307.00,0,441591
28763,516,689.00,308.00,0,441601
28892,519,679.00,325.00,0,441609
29020,521,726.00,325.00,0,441618
29144,522,716.00,325.00,0,441626
29270,524,680.00,308.00,0,441635
29396,526,487.00,309.00,0,441645
29522,528,613.00,311.00,0,441653
29648,531,674.00,324.00,0,441662
29774,534,720.00,308.00,0,441671
29904,538,746.00,341.00,0,441679
30030,542,695.00,341.00,0,441689
30155,544,712.00,325.00,0,441698
30280,546,714.00,308.00,0,441706
30406,548,640.00,325.00,0,441715
30533,550,603.00,324.00,0,441723
30660,552,697.00,325.00,0,441733
30787,554,774.00,312.00,0,441742
30916,557,768.00,325.00,0,441750
31042,559,654.00,325.00,0,441759
31167,560,689.00,325.00,0,441768
31292,562,726.00,325.00,0,441777
31418,564,617.00,308.00,0,441786
31544,566,653.00,325.00,0,441795
31670,570,672.00,325.00,0,441803
31798,573,783.00,308.00,0,441812
31927,576,771.00,308.00,0,441821
32052,580,617.00,308.00,0,441830
32178,582,660.00,308.00,0,441839
32304,583,731.00,308.00,0,441847
32430,584,662.00,325.00,0,441857
32556,586,523.00,324.00,0,441866
32682,589,653.00,325.00,0,441874
32810,592,788.00,307.00,0,441883
32939,594,795.00,325.00,0,441891
33064,596,620.00,325.00,0,441901
33190,598,636.00,309.00,0,441910
33316,600,746.00,326.00,0,441918
33441,602,662.00,325.00,0,441927
33567,605,562.00,307.00,0,441936
33693,608,622.00,308.00,0,441945
33822,612,786.00,325.00,0,441954
33950,614,776.00,308.00,0,441963
34076,618,622.00,315.00,0,441971
34200,620,619.00,308.00,0,441980
34327,621,725.00,325.00,0,441989
34454,622,680.00,326.00,0,441998
34579,625,596.00,325.00,0,442007
34706,628,581.00,325.00,0,442015
34834,630,789.00,308.00,0,442024
34962,633,796.00,325.00,0,442034
35087,635,654.00,318.00,0,442042
35212,636,567.00,324.00,0,442051
35338,638,706.00,308.00,0,442059
35465,640,698.00,325.00,0,442068
35590,642,602.00,325.00,0,442078
35716,646,546.00,311.00,0,442086
35846,649,767.00,325.00,0,442095
35974,652,782.00,325.00,0,442104
36098,654,663.00,308.00,0,442113
36224,656,518.00,317.00,0,442122
36350,658,679.00,325.00,0,442131
36477,660,718.00,325.00,0,442139
36602,662,651.00,308.00,0,442148
36729,665,652.00,325.00,0,442157
36857,668,758.00,308.00,0,442166
36984,670,773.00,308.00,0,442175
37110,672,698.00,325.00,0,442183
37235,674,616.00,308.00,0,442192
37362,676,670.00,325.00,0,442202
37488,678,691.00,325.00,0,442210
37614,680,664.00,324.00,0,442219
37740,684,621.00,308.00,0,442228
37870,687,716.00,309.00,0,442236
37996,690,748.00,325.00,0,442246
38122,692,685.00,309.00,0,442254
38247,693,628.00,308.00,0,442263
38373,695,604.00,325.00,0,442272
38500,697,690.00,307.00,0,442280
38626,700,687.00,308.00,0,442290
38752,702,652.00,325.00,0,442299
38881,706,701.00,308.00,0,442307
39008,708,751.00,325.00,0,442316
39133,710,728.00,341.00,0,442324
39259,712,701.00,341.00,0,442334
39385,713,578.00,325.00,0,442343
39512,715,668.00,325.00,0,442351
39638,718,676.00,310.00,0,442360
39764,720,679.00,308.00,0,442370
39892,724,639.00,308.00,0,442378
40019,727,694.00,324.00,0,442387
40144,729,687.00,308.00,0,442396
40270,731,695.00,307.00,0,442404
40397,734,527.00,325.00,0,442414
40524,736,645.00,325.00,0,442422
40649,738,697.00,323.00,0,442431
40776,741,735.00,325.00,0,442440
40904,744,721.00,335.00,0,442448
41030,745,669.00,324.00,0,442458
41156,747,709.00,325.00,0,442467
41282,748,725.00,308.00,0,442475
41408,750,643.00,325.00,0,442484
41535,752,605.00,324.00,0,442492
41661,756,668.00,308.00,0,442502
41788,758,757.00,325.00,0,442511
41916,762,735.00,324.00,0,442519
42042,764,601.00,325.00,0,442528
42168,766,687.00,325.00,0,442537
42294,768,727.00,308.00,0,442546
42420,769,664.00,325.00,0,442555
42546,771,581.00,325.00,0,442564
42672,774,672.00,325.00,0,442572
42800,777,785.00,341.00,0,442582
42927,780,745.00,308.00,0,442590
43053,782,602.00,308.00,0,442599
43180,784,673.00,325.00,0,442608
43306,785,737.00,325.00,0,442616
43432,786,669.00,325.00,0,442626
43558,788,554.00,341.00,0,442635
43684,792,631.00,325.00,0,442643
43811,794,772.00,324.00,0,442652
43940,798,775.00,325.00,0,442661
44064,800,588.00,324.00,0,442670
44190,802,649.00,325.00,0,442679
44316,804,739.00,308.00,0,442687
44444,806,687.00,309.00,0,442696
44570,808,608.00,320.00,0,442705
44696,810,631.00,325.00,0,442714
44824,813,760.00,309.00,0,442723
44951,816,776.00,325.00,0,442732
45076,817,609.00,308.00,0,442740
45202,818,607.00,325.00,0,442749
45329,820,733.00,308.00,0,442758
45455,822,692.00,325.00,0,442767
45581,825,596.00,308.00,0,442776
45707,828,567.00,325.00,0,442784
45835,830,774.00,308.00,0,442793
45962,834,777.00,325.00,0,442803
46087,836,624.00,325.00,0,442811
46213,838,571.00,307.00,0,442820
46340,839,718.00,325.00,0,442829
46466,841,722.00,341.00,0,442838
46592,844,636.00,308.00,0,442847
46718,846,535.00,308.00,0,442855
46846,849,769.00,325.00,0,442864
46974,852,764.00,308.00,0,442873
47100,854,662.00,325.00,0,442882
47225,855,633.00,325.00,0,442891
47352,856,695.00,308.00,0,442900
47478,858,706.00,325.00,0,442908
47604,860,637.00,326.00,0,442917
47730,863,663.00,325.00,0,442927
47858,866,731.00,308.00,0,442935
47986,868,766.00,325.00,0,442944
48110,871,684.00,308.00,0,442952
48236,874,631.00,341.00,0,442961
48364,876,676.00,342.00,0,442971
48490,878,710.00,325.00,0,442979
48616,880,678.00,307.00,0,442988
48742,884,621.00,308.00,0,442997
48870,886,695.00,325.00,0,443005
48997,888,732.00,308.00,0,443015
49122,889,694.00,308.00,0,443023
49248,890,642.00,309.00,0,443032
49375,892,609.00,308.00,0,443041
49502,894,686.00,317.00,0,443049
49628,896,670.00,325.00,0,443059
49753,900,650.00,308.00,0,443068
49882,904,685.00,341.00,0,443076
50008,906,733.00,325.00,0,443085
50133,908,694.00,325.00,0,443095
50260,910,678.00,325.00,0,443103
50386,912,580.00,325.00,0,443112
50513,913,670.00,325.00,0,443120
50639,916,675.00,308.00,0,443129
50765,918,678.00,308.00,0,443139
50894,921,607.00,325.00,0,443147
51020,923,677.00,326.00,0,443156
51146,925,719.00,325.00,0,443165
51272,926,713.00,325.00,0,443173
51398,928,524.00,325.00,0,443183
51524,930,640.00,325.00,0,443191
51650,933,683.00,324.00,0,443200
51777,936,729.00,324.00,0,443209
51905,938,708.00,325.00,0,443217
52032,942,628.00,325.00,0,443227
52157,944,703.00,325.00,0,443236
52283,945,732.00,325.00,0,443244
52410,947,644.00,325.00,0,443253
52536,949,596.00,326.00,0,443262
52662,951,680.00,308.00,0,443271
52789,954,730.00,325.00,0,443280
52917,956,718.00,325.00,0,443288
53043,958,599.00,325.00,0,443297
53169,960,699.00,325.00,0,443307
53294,962,736.00,308.00,0,443315
53422,964,678.00,313.00,0,443324
53547,966,623.00,325.00,0,443333
53674,969,667.00,326.00,0,443341
53801,972,772.00,324.00,0,443351
53928,974,743.00,307.00,0,443360
54054,976,574.00,307.00,0,443368
54180,978,660.00,308.00,0,443377
54306,980,734.00,308.00,0,443385
54434,982,669.00,308.00,0,443395
54559,984,551.00,326.00,0,443404
54685,987,634.00,307.00,0,443412
54812,990,756.00,307.00,0,443421
54940,992,761.00,325.00,0,443430
55066,994,580.00,324.00,0,443439
55191,996,654.00,325.00,0,443448
55318,998,748.00,308.00,0,443456
55445,999,715.00,341.00,0,443465
55570,1002,575.00,325.00,0,443474
55700,1004,568.00,325.00,0,443484
55832,1007,747.00,324.00,0,443493
55962,1010,765.00,325.00,0,443502
56091,1012,634.00,342.00,0,443511
56221,1014,514.00,326.00,0,443520
56352,1016,673.00,324.00,0,443529
56482,1018,700.00,308.00,0,443538
56612,1021,668.00,325.00,0,443547
56742,1024,610.00,325.00,0,443556
56873,1028,682.00,308.00,0,443566
57004,1030,714.00,308.00,0,443575
57134,1032,709.00,325.00,0,443584
57263,1033,678.00,308.00,0,443593
57394,1034,545.00,325.00,0,443601
57523,1036,654.00,308.00,0,443611
57652,1038,669.00,324.00,0,443620
57784,1041,714.00,325.00,0,443629
57915,1044,700.00,308.00,0,443638
58044,1047,589.00,324.00,0,443648
58174,1049,682.00,326.00,0,443657
58304,1052,744.00,325.00,0,443666
58435,1054,698.00,325.00,0,443675
58564,1056,555.00,325.00,0,443683
58693,1058,622.00,341.00,0,443693
58825,1061,764.00,324.00,0,443702
58957,1063,767.00,325.00,0,443711
59086,1065,616.00,308.00,0,443720
59215,1067,567.00,324.00,0,443729
59346,1068,718.00,325.00,0,443739
59476,1070,701.00,308.00,0,443748
59606,1073,651.00,325.00,0,443756
59735,1076,616.00,307.00,0,443765
59866,1078,699.00,308.00,0,443774
59998,1082,719.00,318.00,0,443784
60127,1084,687.00,325.00,0,443793
60256,1086,676.00,307.00,0,443802
60387,1088,571.00,308.00,0,443811
60517,1090,660.00,325.00,0,443821
60647,1092,667.00,308.00,0,443830
60777,1094,715.00,325.00,0,443838
60908,1097,697.00,325.00,0,443847
61038,1099,596.00,325.00,0,443856
61168,1101,688.00,309.00,0,443866
61298,1103,751.00,308.00,0,443875
61428,1104,675.00,308.00,0,443884
61558,1107,544.00,325.00,0,443893
61688,1110,613.00,308.00,0,443902
61818,1113,766.00,316.00,0,443912
61950,1116,754.00,326.00,0,443920
62080,1118,588.00,325.00,0,443929
62209,1120,577.00,325.00,0,443938
62340,1122,713.00,326.00,0,443948
62470,1124,725.00,308.00,0,443957
62599,1126,636.00,309.00,0,443966
62729,1129,659.00,325.00,0,443975
62860,1132,725.00,341.00,0,443984
62991,1134,728.00,308.00,0,443994
63122,1136,692.00,325.00,0,444002
63250,1137,658.00,324.00,0,444011
63380,1139,614.00,307.00,0,444020
63511,1142,668.00,325.00,0,444029
63640,1144,659.00,307.00,0,444039
63771,1147,690.00,307.00,0,444048
63902,1150,689.00,325.00,0,444057
64032,1152,623.00,308.00,0,444066
64162,1154,672.00,320.00,0,444076
64292,1156,726.00,325.00,0,444084
64422,1158,666.00,325.00,0,444093
64552,1160,563.00,324.00,0,444102
64682,1163,624.00,325.00,0,444111
64813,1166,755.00,325.00,0,444121
64944,1169,754.00,308.00,0,444130
65074,1172,600.00,325.00,0,444139
65204,1174,613.00,326.00,0,444148
65334,1175,721.00,308.00,0,444156
65464,1176,727.00,324.00,0,444166
65593,1178,616.00,325.00,0,444175
65722,1180,489.00,308.00,0,444184
65854,1183,713.00,308.00,0,444193
65985,1186,735.00,325.00,0,444203
66114,1188,667.00,325.00,0,444212
66244,1190,622.00,308.00,0,444221
66374,1194,613.00,307.00,0,444230
66504,1196,700.00,308.00,0,444238
66634,1199,701.00,341.00,0,444248
66764,1202,670.00,324.00,0,444257
66896,1204,589.00,325.00,0,444266
67026,1205,646.00,325.00,0,444275
67156,1206,709.00,342.00,0,444284
67286,1208,734.00,325.00,0,444294
67416,1210,638.00,308.00,0,444303
67545,1212,664.00,307.00,0,444312
67676,1216,635.00,308.00,0,444320
67806,1220,742.00,308.00,0,444329
67938,1222,732.00,308.00,0,444339
68066,1224,554.00,308.00,0,444348
68196,1226,605.00,325.00,0,444357
68328,1228,719.00,322.00,0,444366
68458,1230,700.00,309.00,0,444376
68586,1232,616.00,325.00,0,444385
68716,1234,534.00,325.00,0,444394
68848,1237,712.00,324.00,0,444402
68980,1240,751.00,325.00,0,444411
69108,1242,672.00,325.00,0,444421
69238,1245,640.00,342.00,0,444430
69368,1247,640.00,325.00,0,444439
69499,1249,688.00,325.00,0,444448
69628,1251,666.00,325.00,0,444457
69758,1253,648.00,341.00,0,444467
69889,1256,595.00,325.00,0,444476
70020,1258,633.00,308.00,0,444484
70149,1260,672.00,311.00,0,444493
70279,1262,703.00,324.00,0,444503
70409,1264,639.00,325.00,0,444512
70540,1267,579.00,308.00,0,444521
70670,1270,651.00,311.00,0,444530
70800,1274,753.00,341.00,0,444539
70932,1276,720.00,325.00,0,444549
71061,1279,566.00,325.00,0,444558
71190,1280,638.00,308.00,0,444566
71321,1282,759.00,317.00,0,444575
71451,1284,699.00,308.00,0,444584
71581,1286,591.00,325.00,0,444594
71710,1288,543.00,325.00,0,444603
71841,1290,729.00,321.00,0,444612
71972,1292,729.00,308.00,0,444621
72102,1295,610.00,309.00,0,444631
72231,1298,611.00,307.00,0,444639
72362,1300,662.00,325.00,0,444648
72492,1303,698.00,308.00,0,444657
72622,1306,656.00,324.00,0,444666
72752,1308,627.00,325.00,0,444676
72883,1311,652.00,341.00,0,444685
73014,1312,655.00,308.00,0,444694
73144,1314,679.00,325.00,0,444703
73273,1315,702.00,307.00,0,444712
73403,1317,489.00,325.00,0,444721
73534,1319,594.00,307.00,0,444730
73663,1322,641.00,319.00,0,444739
73794,1326,734.00,308.00,0,444748
73926,1329,726.00,341.00,0,444758
74055,1332,570.00,308.00,0,444767
74184,1334,652.00,325.00,0,444776
74315,1335,746.00,325.00,0,444785
74445,1336,704.00,341.00,0,444794
74574,1339,567.00,325.00,0,444803
74704,1342,547.00,325.00,0,444812
74836,1344,746.00,324.00,0,444821
74966,1348,746.00,325.00,0,444830
75096,1350,625.00,308.00,0,444839
75225,1353,633.00,308.00,0,444849
75356,1354,683.00,308.00,0,444858
75486,1356,717.00,325.00,0,444867
75616,1358,644.00,325.00,0,444876
75746,1360,574.00,325.00,0,444884
75878,1362,640.00,325.00,0,444894
76007,1365,676.00,324.00,0,444903
76137,1368,677.00,324.00,0,444912
76267,1370,684.00,325.00,0,444921
76398,1374,525.00,325.00,0,444931
76527,1376,656.00,341.00,0,444940
76658,1379,666.00,307.00,0,444949
76787,1381,710.00,325.00,0,444958
76920,1383,692.00,308.00,0,444966
77048,1385,648.00,341.00,0,444976
77178,1387,669.00,324.00,0,444985
77309,1389,754.00,325.00,0,444994
77440,1392,699.00,326.00,0,445003
77568,1394,578.00,325.00,0,445012
77698,1396,596.00,325.00,0,445022
77830,1399,729.00,308.00,0,445031
77960,1402,733.00,308.00,0,445040
78089,1404,603.00,308.00,0,445048
78219,1406,536.00,307.00,0,445058
78350,1408,693.00,324.00,0,445067
78480,1411,713.00,324.00,0,445076
78610,1413,658.00,309.00,0,445085
78739,1416,584.00,309.00,0,445094
78871,1418,654.00,308.00,0,445104
79001,1420,691.00,325.00,0,445113
79130,1422,680.00,307.00,0,445121
79261,1424,683.00,308.00,0,445130
79392,1427,538.00,325.00,0,445139
79522,1430,651.00,308.00,0,445149
79650,1432,676.00,325.00,0,445158
79781,1434,695.00,308.00,0,445167
79912,1437,680.00,324.00,0,445176
80042,1438,551.00,308.00,0,445186
80171,1440,644.00,308.00,0,445195
80302,1442,722.00,308.00,0,445203
80432,1445,661.00,324.00,0,445212
80562,1448,543.00,308.00,0,445221
80692,1451,607.00,314.00,0,445231
80823,1454,739.00,324.00,0,445240
80954,1456,728.00,325.00,0,445249
81084,1458,599.00,325.00,0,445258
81213,1460,566.00,325.00,0,445267
81344,1462,704.00,325.00,0,445277
81474,1464,698.00,308.00,0,445285
81604,1466,618.00,324.00,0,445294
81732,1469,602.00,308.00,0,445303
81864,1472,680.00,308.00,0,445313
81996,1474,683.00,325.00,0,445322
82124,1476,643.00,308.00,0,445331
82254,1478,654.00,308.00,0,445340
82384,1480,565.00,325.00,0,445349
82515,1484,654.00,309.00,0,445359
82646,1486,681.00,326.00,0,445367
82775,1488,686.00,325.00,0,445376
82906,1491,688.00,308.00,0,445385
83036,1493,566.00,311.00,0,445394
83166,1494,666.00,325.00,0,445404
83296,1496,734.00,308.00,0,445413
83426,1498,661.00,325.00,0,445422
83556,1501,530.00,325.00,0,445431
83686,1504,604.00,325.00,0,445441
83817,1508,741.00,307.00,0,445449
83948,1510,729.00,325.00,0,445458
84077,1513,557.00,324.00,0,445467
84207,1514,580.00,325.00,0,445476
84336,1516,700.00,325.00,0,445486
84467,1518,709.00,342.00,0,445495
84598,1520,619.00,326.00,0,445504
84727,1524,454.00,325.00,0,445513
84858,1527,694.00,324.00,0,445522
84989,1530,714.00,325.00,0,445531
85118,1532,647.00,308.00,0,445540
85248,1534,635.00,308.00,0,445549
85379,1536,591.00,307.00,0,445558
85509,1537,670.00,325.00,0,445568
85638,1538,667.00,325.00,0,445577
85768,1540,634.00,308.00,0,445586
85899,1544,661.00,335.00,0,445595
86029,1548,591.00,326.00,0,445603
86160,1551,672.00,326.00,0,445613
86290,1554,733.00,325.00,0,445622
86420,1556,658.00,309.00,0,445631
86550,1558,544.00,325.00,0,445640
86680,1559,600.00,308.00,0,445649
86810,1560,706.00,308.00,0,445659
86941,1562,700.00,308.00,0,445668
87070,1565,545.00,325.00,0,445677
87200,1568,581.00,308.00,0,445685
87332,1572,732.00,325.00,0,445694
87462,1575,708.00,325.00,0,445704
87592,1578,611.00,325.00,0,445713
87720,1580,477.00,324.00,0,445722
87852,1581,685.00,325.00,0,445731
87982,1582,703.00,308.00,0,445741
88112,1584,622.00,341.00,0,445750
88241,1586,589.00,308.00,0,445759
88372,1590,585.00,324.00,0,445767
88503,1593,690.00,325.00,0,445776
88632,1596,671.00,341.00,0,445786
88762,1600,633.00,325.00,0,445795
88894,1602,560.00,308.00,0,445804
89024,1604,611.00,325.00,0,445813
89154,1605,667.00,326.00,0,445822
89284,1606,690.00,325.00,0,445832
89414,1608,613.00,324.00,0,445841
89544,1611,577.00,311.00,0,445849
89673,1614,629.00,309.00,0,445858
89804,1618,710.00,308.00,0,445868
89936,1620,688.00,308.00,0,445877
90065,1624,525.00,308.00,0,445886
90194,1626,609.00,325.00,0,445895
90326,1627,720.00,325.00,0,445904
90456,1629,680.00,325.00,0,445914
90585,1631,569.00,308.00,0,445923
90714,1633,513.00,325.00,0,445931
90846,1636,685.00,325.00,0,445940
90977,1639,702.00,324.00,0,445949
91106,1642,631.00,325.00,0,445959
91236,1645,602.00,341.00,0,445968
91366,1648,625.00,325.00,0,445977
91497,1650,657.00,309.00,0,445986
91626,1652,644.00,325.00,0,445996
91755,1653,602.00,325.00,0,446005
91888,1654,573.00,308.00,0,446013
92018,1656,607.00,325.00,0,446022
92147,1660,640.00,324.00,0,446031
92277,1662,689.00,325.00,0,446041
92408,1666,625.00,309.00,0,446050
92538,1670,580.00,308.00,0,446059
92668,1673,628.00,325.00,0,446068
92798,1676,719.00,308.00,0,446077
92930,1677,664.00,307.00,0,446086
93059,1678,517.00,307.00,0,446095
93188,1680,605.00,309.00,0,446104
93318,1684,719.00,308.00,0,446113
93450,1687,682.00,325.00,0,446123
93579,1690,551.00,308.00,0,446132
93708,1693,532.00,324.00,0,446141
93840,1696,726.00,325.00,0,446150
93971,1698,711.00,324.00,0,446159
94100,1700,585.00,307.00,0,446168
94230,1702,595.00,325.00,0,446177
94360,1704,648.00,324.00,0,446186
94490,1708,677.00,324.00,0,446195
94620,1710,637.00,325.00,0,446204
94750,1713,575.00,308.00,0,446214
94881,1716,616.00,341.00,0,446223
95012,1718,632.00,308.00,0,446232
95141,1720,636.00,308.00,0,446241
95271,1722,669.00,308.00,0,446249
95401,1724,471.00,309.00,0,446259
95531,1726,584.00,324.00,0,446268
95661,1730,624.00,307.00,0,446277
95792,1732,690.00,308.00,0,446286
95923,1736,681.00,341.00,0,446296
96052,1738,546.00,325.00,0,446305
96182,1740,599.00,308.00,0,446314
96313,1742,712.00,308.00,0,446323
96442,1744,656.00,325.00,0,446331
96572,1746,546.00,324.00,0,446341
96702,1749,514.00,307.00,0,446350
96833,1752,685.00,307.00,0,446359
96964,1755,705.00,308.00,0,446368
97094,1758,586.00,309.00,0,446377
97224,1761,609.00,309.00,0,446387
97355,1762,645.00,325.00,0,446396
97484,1764,670.00,325.00,0,446405
97614,1766,604.00,325.00,0,446413
97744,1768,538.00,324.00,0,446423
97875,1770,587.00,313.00,0,446432
98005,1774,656.00,325.00,0,446441
98135,1777,645.00,308.00,0,446450
98265,1780,656.00,325.00,0,446459
98396,1783,473.00,308.00,0,446469
98525,1784,596.00,308.00,0,446478
98655,1786,647.00,325.00,0,446487
98786,1788,648.00,309.00,0,446495
98916,1790,636.00,325.00,0,446504
99046,1794,699.00,318.00,0,446514
99176,1796,621.00,324.00,0,446523
99307,1800,714.00,308.00,0,446532
99437,1802,644.00,308.00,0,446541
99567,1805,534.00,308.00,0,446551
99696,1807,551.00,341.00,0,446560
99827,1809,684.00,308.00,0,446568
99958,1812,695.00,326.00,0,446577
100087,1814,542.00,308.00,0,446587
100221,1817,489.00,325.00,0,446597
100356,1820,631.00,308.00,0,446606
100489,1823,666.00,325.00,0,446615
100623,1826,613.00,325.00,0,446624
100756,1828,592.00,342.00,0,446633
100892,1830,540.00,325.00,0,446643
101025,1833,571.00,325.00,0,446652
101158,1836,645.00,325.00,0,446662
101294,1838,703.00,308.00,0,446671
101427,1840,637.00,308.00,0,446681
101560,1842,511.00,324.00,0,446690
101693,1844,544.00,325.00,0,446699
101828,1847,677.00,308.00,0,446708
101963,1850,681.00,308.00,0,446717
102096,1852,555.00,308.00,0,446728
102229,1855,589.00,325.00,0,446737
102364,1858,606.00,325.00,0,446746
102498,1860,647.00,308.00,0,446755
102630,1863,637.00,308.00,0,446765
102764,1866,607.00,325.00,0,446774
102899,1868,510.00,324.00,0,446783
103034,1870,548.00,325.00,0,446793
103167,1873,626.00,325.00,0,446802
103302,1876,708.00,308.00,0,446812
103435,1878,635.00,308.00,0,446821
103568,1880,528.00,325.00,0,446830
103701,1882,517.00,324.00,0,446839
103836,1884,675.00,308.00,0,446849
103972,1887,683.00,326.00,0,446859
104104,1890,563.00,308.00,0,446868
104238,1892,590.00,341.00,0,446877
104372,1894,557.00,324.00,0,446886
104506,1896,643.00,325.00,0,446896
104640,1899,602.00,308.00,0,446905
104773,1902,597.00,307.00,0,446914
104908,1904,618.00,325.00,0,446924
105042,1906,482.00,308.00,0,446934
105152,1908,826.00,375.00,0,446943
105159,1910,827.00,426.00,0,446952
105071,1912,826.00,476.00,0,446961
104956,1912,817.00,493.00,0,446970
104831,1912,803.00,491.00,0,446980
104700,1910,800.00,509.00,0,446990
104565,1910,789.00,492.00,0,446999
104425,1910,660.00,493.00,0,447008
104289,1909,712.00,475.00,0,447017
104157,1908,787.00,493.00,0,447027
104023,1906,785.00,493.00,0,447036
103888,1903,797.00,492.00,0,447045
103754,1900,777.00,510.00,0,447055
103623,1899,782.00,493.00,0,447065
103489,1898,788.00,509.00,0,447074
103353,1896,783.00,493.00,0,447083
103221,1896,808.00,510.00,0,447092
103090,1893,788.00,492.00,0,447101
102957,1890,791.00,493.00,0,447111
102825,1888,792.00,492.00,0,447121
102693,1884,797.00,493.00,0,447130
102560,1880,805.00,475.00,0,447139
102425,1878,790.00,509.00,0,447149
102289,1875,786.00,476.00,0,447158
102155,1874,799.00,509.00,0,447167
102022,1872,793.00,509.00,0,447176
101887,1870,824.00,509.00,0,447186
101754,1867,788.00,491.00,0,447196
101622,1864,784.00,475.00,0,447205
101488,1860,796.00,509.00,0,447214
101353,1857,794.00,493.00,0,447223
101220,1854,814.00,510.00,0,447233
101087,1852,794.00,492.00,0,447242
100953,1850,800.00,493.00,0,447251
100819,1848,793.00,493.00,0,447261
100687,1846,800.00,475.00,0,447270
100555,1844,817.00,493.00,0,447280
100420,1840,796.00,493.00,0,447289
100285,1836,797.00,493.00,0,447298
100153,1833,801.00,492.00,0,447307
100019,1830,796.00,475.00,0,447316
99883,1828,815.00,501.00,0,447326
99753,1827,792.00,492.00,0,447335
99625,1826,791.00,492.00,0,447344
99494,1824,807.00,508.00,0,447353
99363,1820,799.00,493.00,0,447363
99233,1816,812.00,492.00,0,447372
99105,1812,803.00,493.00,0,447381
98975,1809,805.00,510.00,0,447390
98843,1808,806.00,493.00,0,447398
98714,1806,808.00,493.00,0,447408
98585,1806,806.00,492.00,0,447417
98455,1804,803.00,509.00,0,447426
98324,1800,801.00,509.00,0,447435
98195,1796,825.00,508.00,0,447444
98065,1792,810.00,510.00,0,447454
97933,1788,800.00,492.00,0,447463
97802,1786,794.00,510.00,0,447472
97673,1786,800.00,509.00,0,447480
97543,1784,817.00,493.00,0,447490
97411,1782,801.00,492.00,0,447499
97281,1778,798.00,493.00,0,447508
97152,1774,809.00,509.00,0,447517
97023,1770,808.00,493.00,0,447526
96892,1767,813.00,475.00,0,447536
96761,1766,795.00,492.00,0,447545
96633,1764,798.00,493.00,0,447554
96503,1762,806.00,492.00,0,447562
96371,1760,803.00,503.00,0,447571
96240,1756,809.00,492.00,0,447581
96111,1752,803.00,509.00,0,447590
95981,1748,796.00,509.00,0,447599
95849,1746,806.00,493.00,0,447608
95719,1744,805.00,509.00,0,447618
95590,1743,806.00,509.00,0,447627
95459,1741,793.00,493.00,0,447636
95327,1738,795.00,493.00,0,447644
95199,1734,826.00,509.00,0,447653
95070,1731,806.00,492.00,0,447663
94941,1728,800.00,509.00,0,447672
94810,1725,795.00,493.00,0,447681
94681,1722,805.00,493.00,0,447690
94549,1720,815.00,493.00,0,447699
94419,1718,794.00,510.00,0,447709
94286,1716,797.00,509.00,0,447717
94156,1713,797.00,492.00,0,447726
94025,1710,798.00,493.00,0,447735
93895,1707,807.00,509.00,0,447745
93765,1704,798.00,492.00,0,447754
93636,1701,793.00,492.00,0,447763
93506,1698,808.00,509.00,0,447772
93373,1696,789.00,492.00,0,447781
93243,1694,806.00,493.00,0,447791
93115,1692,803.00,509.00,0,447799
92985,1690,799.00,492.00,0,447808
92857,1687,816.00,509.00,0,447817
92727,1684,800.00,492.00,0,447826
92599,1682,809.00,492.00,0,447836
92469,1679,802.00,492.00,0,447845
92337,1677,797.00,493.00,0,447854
92207,1674,825.00,492.00,0,447863
92077,1672,805.00,493.00,0,447873
91945,1670,804.00,509.00,0,447881
91815,1667,795.00,493.00,0,447890
91686,1664,798.00,476.00,0,447899
91557,1661,822.00,493.00,0,447908
91425,1658,794.00,493.00,0,447918
91294,1656,794.00,493.00,0,447927
91165,1654,806.00,476.00,0,447936
91035,1653,822.00,503.00,0,447945
90906,1651,812.00,492.00,0,447954
90777,1649,806.00,492.00,0,447963
90650,1646,813.00,493.00,0,447972
90521,1643,825.00,476.00,0,447981
90389,1640,817.00,492.00,0,447990
90257,1636,803.00,493.00,0,448000
90127,1634,799.00,493.00,0,448009
89995,1632,799.00,493.00,0,448018
89863,1630,816.00,510.00,0,448027
89733,1629,805.00,509.00,0,448036
89604,1627,806.00,509.00,0,448045
89474,1624,804.00,509.00,0,448054
89342,1620,802.00,509.00,0,448063
89213,1616,826.00,509.00,0,448072
89085,1614,806.00,492.00,0,448081
88955,1612,804.00,492.00,0,448091
88823,1610,811.00,510.00,0,448100
88695,1610,815.00,510.00,0,448109
88567,1608,826.00,509.00,0,448118
88437,1606,808.00,492.00,0,448126
88306,1604,804.00,492.00,0,448136
88177,1600,826.00,509.00,0,448145
88047,1595,816.00,509.00,0,448154
87915,1592,807.00,493.00,0,448163
87783,1590,799.00,509.00,0,448173
87654,1588,802.00,492.00,0,448182
87523,1588,815.00,509.00,0,448191
87391,1587,811.00,493.00,0,448199
87260,1584,808.00,510.00,0,448208
87132,1581,811.00,509.00,0,448218
87003,1577,810.00,493.00,0,448227
86873,1574,825.00,509.00,0,448236
86744,1570,809.00,493.00,0,448245
86615,1569,809.00,493.00,0,448254
86484,1568,811.00,509.00,0,448264
86352,1568,803.00,493.00,0,448273
86222,1566,824.00,493.00,0,448281
86093,1563,812.00,509.00,0,448290
85961,1560,800.00,492.00,0,448300
85831,1555,807.00,476.00,0,448309
85703,1551,818.00,492.00,0,448318
85573,1548,816.00,510.00,0,448327
85440,1547,790.00,493.00,0,448336
85307,1546,797.00,509.00,0,448346
85178,1546,817.00,506.00,0,448355
85049,1544,813.00,508.00,0,448363
84919,1541,814.00,509.00,0,448372
84791,1538,807.00,475.00,0,448381
84663,1534,819.00,508.00,0,448391
84535,1530,826.00,509.00,0,448400
84403,1528,808.00,509.00,0,448409
84271,1526,803.00,493.00,0,448418
84139,1526,813.00,509.00,0,448428
84008,1524,802.00,493.00,0,448437
83877,1522,823.00,509.00,0,448445
83748,1520,802.00,476.00,0,448454
83619,1516,812.00,492.00,0,448463
83489,1513,814.00,510.00,0,448473
83357,1510,801.00,493.00,0,448482
83227,1506,818.00,476.00,0,448491
83098,1504,809.00,493.00,0,448500
82967,1503,803.00,493.00,0,448509
82837,1502,811.00,492.00,0,448519
82709,1502,819.00,509.00,0,448527
82581,1500,820.00,475.00,0,448536
82451,1498,817.00,509.00,0,448545
82320,1494,811.00,509.00,0,448555
82191,1491,826.00,493.00,0,448564
82061,1487,815.00,493.00,0,448573
81929,1484,809.00,493.00,0,448582
81797,1481,801.00,493.00,0,448591
81669,1480,807.00,510.00,0,448600
81537,1479,826.00,493.00,0,448609
81404,1478,801.00,492.00,0,448618
81274,1476,803.00,492.00,0,448627
81146,1474,811.00,475.00,0,448636
81017,1471,818.00,493.00,0,448646
80887,1468,826.00,492.00,0,448655
80759,1464,817.00,509.00,0,448664
80631,1462,818.00,492.00,0,448673
80502,1460,824.00,494.00,0,448681
80367,1458,810.00,493.00,0,448691
80236,1456,814.00,492.00,0,448700
80106,1454,801.00,509.00,0,448709
79974,1452,805.00,509.00,0,448718
79841,1449,809.00,508.00,0,448728
79713,1447,811.00,492.00,0,448737
79585,1444,814.00,510.00,0,448746
79453,1442,805.00,509.00,0,448755
79321,1440,803.00,492.00,0,448763
79193,1437,826.00,509.00,0,448773
79064,1434,806.00,492.00,0,448782
78934,1432,814.00,509.00,0,448791
78804,1430,810.00,492.00,0,448800
78677,1429,815.00,492.00,0,448809
78547,1428,826.00,493.00,0,448819
78417,1426,812.00,510.00,0,448828
78286,1424,813.00,492.00,0,448837
78157,1421,821.00,509.00,0,448845
78025,1418,817.00,509.00,0,448855
77894,1414,820.00,492.00,0,448864
77763,1411,805.00,492.00,0,448873
77634,1408,805.00,509.00,0,448882
77502,1407,809.00,493.00,0,448891
77369,1406,806.00,510.00,0,448901
77238,1404,816.00,509.00,0,448910
77109,1402,803.00,509.00,0,448919
76981,1400,801.00,493.00,0,448927
76851,1398,823.00,475.00,0,448936
76725,1396,821.00,492.00,0,448946
76598,1394,822.00,492.00,0,448955
76469,1390,824.00,493.00,0,448964
76337,1388,815.00,509.00,0,448973
76205,1384,826.00,492.00,0,448983
76073,1382,812.00,509.00,0,448992
75941,1380,802.00,509.00,0,449001
75809,1378,805.00,509.00,0,449009
75679,1378,813.00,492.00,0,449018
75550,1376,825.00,492.00,0,449028
75419,1374,802.00,508.00,0,449037
75287,1372,807.00,493.00,0,449046
75160,1368,821.00,509.00,0,449055
75031,1364,818.00,493.00,0,449064
74901,1360,826.00,492.00,0,449074
74771,1358,806.00,492.00,0,449083
74643,1357,820.00,509.00,0,449091
74513,1356,826.00,492.00,0,449100
74380,1356,818.00,509.00,0,449110
74249,1354,815.00,475.00,0,449119
74120,1351,814.00,492.00,0,449128
73990,1348,810.00,503.00,0,449137
73858,1344,826.00,509.00,0,449146
73729,1340,812.00,493.00,0,449156
73600,1338,817.00,509.00,0,449164
73467,1335,804.00,509.00,0,449173
73335,1334,794.00,509.00,0,449182
73204,1332,826.00,492.00,0,449191
73075,1332,809.00,509.00,0,449201
72944,1330,807.00,492.00,0,449210
72815,1328,810.00,493.00,0,449219
72690,1326,820.00,493.00,0,449228
72563,1324,826.00,493.00,0,449238
72433,1322,823.00,509.00,0,449246
72302,1318,815.00,509.00,0,449255
72171,1315,825.00,493.00,0,449264
72041,1312,820.00,492.00,0,449273
71908,1308,813.00,492.00,0,449283
71775,1307,801.00,492.00,0,449292
71646,1306,804.00,479.00,0,449301
71514,1306,822.00,509.00,0,449310
71382,1304,813.00,509.00,0,449319
71252,1302,807.00,493.00,0,449328
71125,1300,812.00,475.00,0,449337
70997,1296,820.00,493.00,0,449346
70867,1292,826.00,492.00,0,449355
70739,1290,823.00,509.00,0,449364
70611,1288,822.00,509.00,0,449374
70482,1286,824.00,509.00,0,449383
70349,1284,818.00,511.00,0,449392
70217,1282,826.00,509.00,0,449401
70086,1280,810.00,493.00,0,449410
69953,1277,806.00,510.00,0,449419
69821,1274,803.00,492.00,0,449428
69692,1272,814.00,492.00,0,449437
69563,1270,817.00,492.00,0,449446
69431,1268,805.00,509.00,0,449456
69299,1266,801.00,493.00,0,449465
69171,1264,824.00,493.00,0,449474
69042,1261,820.00,508.00,0,449483
68913,1258,820.00,509.00,0,449491
68784,1256,811.00,492.00,0,449501
68657,1254,822.00,507.00,0,449510
68528,1253,826.00,492.00,0,449519
68397,1252,819.00,492.00,0,449528
68265,1250,821.00,493.00,0,449538
68135,1248,822.00,509.00,0,449547
68005,1244,814.00,509.00,0,449556
67873,1242,826.00,475.00,0,449564
67743,1240,813.00,492.00,0,449573
67615,1238,815.00,493.00,0,449583
67483,1236,817.00,509.00,0,449592
67352,1234,808.00,475.00,0,449601
67221,1231,826.00,494.00,0,449610
67091,1228,814.00,509.00,0,449619
66961,1226,808.00,492.00,0,449629
66831,1224,814.00,492.00,0,449638
66703,1222,823.00,493.00,0,449646
66575,1222,825.00,493.00,0,449655
66444,1221,819.00,508.00,0,449665
66314,1218,814.00,496.00,0,449674
66185,1216,826.00,475.00,0,449683
66055,1212,824.00,492.00,0,449692
65923,1207,818.00,493.00,0,449701
65791,1203,811.00,493.00,0,449711
65661,1201,813.00,506.00,0,449720
65529,1200,826.00,509.00,0,449728
65397,1200,800.00,492.00,0,449737
65265,1199,809.00,509.00,0,449746
65135,1197,817.00,503.00,0,449756
65007,1194,814.00,493.00,0,449765
64878,1190,827.00,493.00,0,449774
64749,1187,817.00,492.00,0,449783
64623,1184,821.00,476.00,0,449793
64493,1182,826.00,493.00,0,449802
64361,1180,818.00,508.00,0,449810
64230,1180,825.00,525.00,0,449819
64099,1178,815.00,509.00,0,449828
63967,1176,808.00,497.00,0,449838
63836,1174,817.00,509.00,0,449847
63708,1171,823.00,493.00,0,449856
63579,1169,826.00,493.00,0,449865
63448,1167,815.00,492.00,0,449874
63317,1164,806.00,509.00,0,449884
63187,1162,826.00,493.00,0,449892
63057,1159,819.00,493.00,0,449901
62927,1156,816.00,493.00,0,449910
62797,1154,814.00,492.00,0,449920
62669,1152,823.00,493.00,0,449929
62541,1152,825.00,493.00,0,449938
62409,1150,820.00,492.00,0,449947
62277,1149,814.00,492.00,0,449956
62149,1146,824.00,493.00,0,449966
62019,1144,819.00,493.00,0,449974
61888,1140,826.00,509.00,0,449983
61758,1138,815.00,492.00,0,449992
61629,1136,820.00,493.00,0,450001
61498,1133,823.00,493.00,0,450011
61365,1131,811.00,494.00,0,450020
61233,1128,824.00,493.00,0,450029
61103,1126,809.00,476.00,0,450038
60972,1123,808.00,493.00,0,450046
60841,1122,817.00,493.00,0,450056
60713,1120,820.00,493.00,0,450065
60586,1119,823.00,491.00,0,450074
60456,1118,815.00,492.00,0,450083
60325,1116,818.00,509.00,0,450093
60195,1112,826.00,509.00,0,450102
60065,1108,821.00,509.00,0,450111
59935,1105,816.00,493.00,0,450120
59803,1102,812.00,507.00,0,450128
59675,1101,819.00,509.00,0,450138
59545,1100,826.00,492.00,0,450147
59411,1098,809.00,492.00,0,450156
59279,1097,809.00,509.00,0,450165
59150,1094,816.00,508.00,0,450174
59021,1092,815.00,493.00,0,450184
58891,1089,826.00,493.00,0,450193
58763,1087,819.00,493.00,0,450202
58636,1086,822.00,493.00,0,450210
58507,1084,826.00,492.00,0,450220
58376,1083,821.00,509.00,0,450229
58245,1081,826.00,509.00,0,450238
58116,1078,824.00,493.00,0,450247
57985,1074,820.00,492.00,0,450256
57854,1071,826.00,493.00,0,450266
57724,1068,824.00,509.00,0,450275
57593,1067,826.00,509.00,0,450284
57461,1066,810.00,493.00,0,450292
57329,1065,805.00,492.00,0,450301
57198,1064,825.00,491.00,0,450311
57069,1061,817.00,509.00,0,450320
56939,1058,817.00,509.00,0,450329
56810,1056,821.00,492.00,0,450338
56684,1054,827.00,493.00,0,450348
56557,1052,826.00,509.00,0,450357
56425,1050,823.00,509.00,0,450366
56295,1048,818.00,509.00,0,450374
56163,1044,825.00,493.00,0,450383
56031,1041,819.00,492.00,0,450393
55899,1039,822.00,492.00,0,450402
55768,1038,810.00,493.00,0,450411
55639,1036,822.00,509.00,0,450420
55508,1036,825.00,493.00,0,450429
55376,1034,813.00,492.00,0,450439
55245,1032,820.00,509.00,0,450448
55117,1028,819.00,508.00,0,450456
54987,1024,815.00,493.00,0,450465
54857,1020,825.00,509.00,0,450475
54730,1018,824.00,492.00,0,450484
54602,1016,822.00,493.00,0,450493
54471,1016,818.00,497.00,0,450502
54339,1014,815.00,509.00,0,450511
54209,1012,826.00,492.00,0,450521
54077,1010,817.00,510.00,0,450529
53945,1007,812.00,493.00,0,450538
53815,1004,815.00,509.00,0,450547
53688,1002,821.00,493.00,0,450556
53559,1000,826.00,509.00,0,450566
53427,999,812.00,493.00,0,450575
53297,997,809.00,493.00,0,450583
53171,994,822.00,509.00,0,450592
53045,991,818.00,509.00,0,450601
52919,988,816.00,509.00,0,450610
52793,986,817.00,510.00,0,450619
52669,984,823.00,509.00,0,450627
52545,983,826.00,493.00,0,450636
52418,982,819.00,509.00,0,450646
52289,981,814.00,476.00,0,450654
52164,978,826.00,492.00,0,450663
52037,976,826.00,509.00,0,450672
51911,972,825.00,526.00,0,450680
51785,970,817.00,492.00,0,450690
51660,968,826.00,509.00,0,450699
51533,966,826.00,493.00,0,450707
51405,964,815.00,492.00,0,450716
51275,962,809.00,509.00,0,450724
51149,960,815.00,509.00,0,450734
51022,958,816.00,493.00,0,450743
50895,956,826.00,493.00,0,450751
50770,954,811.00,475.00,0,450760
50647,952,824.00,509.00,0,450769
50522,951,826.00,509.00,0,450778
50396,950,819.00,492.00,0,450787
50269,948,824.00,493.00,0,450795
50143,946,825.00,493.00,0,450804
50017,943,826.00,509.00,0,450813
49889,940,826.00,493.00,0,450822
49764,937,820.00,493.00,0,450831
49639,935,826.00,509.00,0,450840
49513,934,826.00,509.00,0,450848
49383,932,820.00,509.00,0,450857
49253,930,815.00,493.00,0,450867
49127,928,812.00,493.00,0,450875
48999,925,806.00,493.00,0,450884
48872,922,826.00,493.00,0,450892
48747,920,818.00,476.00,0,450902
48624,920,822.00,493.00,0,450911
48499,918,826.00,475.00,0,450919
48372,918,821.00,476.00,0,450928
48246,916,825.00,493.00,0,450937
48121,914,825.00,493.00,0,450946
47994,910,826.00,509.00,0,450955
47868,907,826.00,509.00,0,450964
47742,904,826.00,493.00,0,450972
47617,901,825.00,496.00,0,450981
47491,899,826.00,509.00,0,450990
47359,897,814.00,509.00,0,450999
47231,896,820.00,493.00,0,451008
47103,894,803.00,475.00,0,451016
46974,892,807.00,504.00,0,451025
46848,890,824.00,492.00,0,451035
46724,888,821.00,492.00,0,451043
46601,888,825.00,483.00,0,451052
46477,886,824.00,492.00,0,451060
46349,884,822.00,493.00,0,451069
46225,882,825.00,492.00,0,451079
46099,878,826.00,492.00,0,451087
45971,874,825.00,502.00,0,451096
45844,870,824.00,492.00,0,451105
45719,868,822.00,492.00,0,451113
45593,866,825.00,509.00,0,451123
45464,866,815.00,510.00,0,451132
45334,865,805.00,492.00,0,451140
45206,864,826.00,475.00,0,451149
45079,862,816.00,492.00,0,451158
44952,859,815.00,507.00,0,451167
44827,856,822.00,492.00,0,451176
44704,854,827.00,493.00,0,451184
44581,852,826.00,492.00,0,451193
44455,851,821.00,475.00,0,451203
44328,850,820.00,493.00,0,451211
44202,848,826.00,492.00,0,451220
44076,844,825.00,510.00,0,451229
43947,840,817.00,492.00,0,451237
43820,838,818.00,492.00,0,451247
43695,835,822.00,493.00,0,451255
43569,834,825.00,493.00,0,451264
43440,832,807.00,509.00,0,451273
43310,832,801.00,492.00,0,451281
43182,830,825.00,491.00,0,451291
43055,827,817.00,493.00,0,451300
42928,824,814.00,509.00,0,451308
42803,822,814.00,493.00,0,451317
42681,819,823.00,493.00,0,451325
42557,818,826.00,510.00,0,451335
42432,816,821.00,493.00,0,451344
42303,814,817.00,493.00,0,451352
42177,812,825.00,509.00,0,451361
42050,810,822.00,496.00,0,451371
41923,806,817.00,492.00,0,451379
41795,804,817.00,510.00,0,451388
41671,802,820.00,493.00,0,451397
41545,800,826.00,509.00,0,451405
41416,800,809.00,508.00,0,451415
41287,798,813.00,510.00,0,451423
41160,796,822.00,509.00,0,451432
41033,793,816.00,509.00,0,451441
40907,790,825.00,492.00,0,451449
40781,788,816.00,492.00,0,451459
40659,786,826.00,493.00,0,451468
40535,786,826.00,509.00,0,451476
40409,784,826.00,509.00,0,451485
40281,783,822.00,493.00,0,451493
40156,781,826.00,493.00,0,451503
40029,778,824.00,493.00,0,451512
39901,774,826.00,509.00,0,451520
39775,771,820.00,509.00,0,451529
39651,768,825.00,493.00,0,451538
39524,766,826.00,509.00,0,451547
39394,765,816.00,492.00,0,451556
39263,764,809.00,509.00,0,451565
39135,762,809.00,509.00,0,451573
39007,759,806.00,509.00,0,451582
38881,756,826.00,492.00,0,451591
38757,754,819.00,493.00,0,451600
38635,752,826.00,509.00,0,451609
38511,752,826.00,509.00,0,451617
38385,750,825.00,492.00,0,451627
38257,748,826.00,493.00,0,451636
38131,745,826.00,509.00,0,451644
38004,742,819.00,509.00,0,451653
37876,738,826.00,492.00,0,451661
37750,735,819.00,492.00,0,451671
37626,734,820.00,492.00,0,451680
37499,732,826.00,493.00,0,451688
37369,732,817.00,509.00,0,451697
37239,730,823.00,509.00,0,451706
37113,728,810.00,506.00,0,451715
36985,725,812.00,508.00,0,451724
36859,722,826.00,509.00,0,451733
36737,720,824.00,492.00,0,451741
36615,718,826.00,492.00,0,451750
36491,718,826.00,476.00,0,451759
36365,716,826.00,510.00,0,451768
36238,714,826.00,493.00,0,451777
36111,711,826.00,507.00,0,451785
35983,708,824.00,509.00,0,451794
35856,704,826.00,509.00,0,451804
35731,700,825.00,509.00,0,451812
35605,698,823.00,509.00,0,451821
35477,697,820.00,507.00,0,451830
35345,696,804.00,493.00,0,451838
35215,694,827.00,509.00,0,451848
35087,691,800.00,492.00,0,451856
34959,688,801.00,492.00,0,451865
34833,686,817.00,509.00,0,451874
34711,684,825.00,492.00,0,451883
34589,682,825.00,509.00,0,451892
34465,682,826.00,510.00,0,451901
34338,680,825.00,509.00,0,451909
34212,678,826.00,492.00,0,451918
34085,675,824.00,492.00,0,451927
33957,672,819.00,493.00,0,451936
33831,668,825.00,493.00,0,451945
33706,665,826.00,492.00,0,451953
33581,663,826.00,492.00,0,451962
33453,662,820.00,493.00,0,451972
33321,661,805.00,492.00,0,451980
33193,659,823.00,492.00,0,451989
33064,657,803.00,492.00,0,451998
32937,654,807.00,508.00,0,452006
32811,652,813.00,475.00,0,452016
32691,650,824.00,493.00,0,452024
32568,648,825.00,500.00,0,452033
32443,648,826.00,493.00,0,452042
32317,646,824.00,493.00,0,452050
32191,644,826.00,509.00,0,452060
32064,641,822.00,493.00,0,452069
31936,638,822.00,493.00,0,452077
31809,634,823.00,491.00,0,452086
31685,632,826.00,492.00,0,452096
31561,630,826.00,493.00,0,452104
31431,629,820.00,493.00,0,452113
31300,628,803.00,492.00,0,452121
31171,626,822.00,510.00,0,452130
31043,624,816.00,509.00,0,452140
30915,620,816.00,510.00,0,452148
30791,618,814.00,475.00,0,452157
30669,616,826.00,492.00,0,452166
30547,616,826.00,492.00,0,452174
30421,614,825.00,492.00,0,452184
30295,613,824.00,509.00,0,452192
30169,611,826.00,509.00,0,452201
30041,608,826.00,493.00,0,452210
29913,604,826.00,475.00,0,452218
29787,602,826.00,509.00,0,452228
29665,600,826.00,476.00,0,452237
29539,598,826.00,493.00,0,452245
29410,596,825.00,508.00,0,452254
29279,594,811.00,493.00,0,452263
29149,592,815.00,509.00,0,452272
29021,588,808.00,492.00,0,452281
28892,585,826.00,493.00,0,452289
28767,582,820.00,509.00,0,452298
28647,580,826.00,493.00,0,452307
28523,579,826.00,492.00,0,452316
28397,578,824.00,509.00,0,452325
28267,578,819.00,493.00,0,452334
28141,576,825.00,493.00,0,452342
28013,573,826.00,508.00,0,452352
27886,570,826.00,493.00,0,452360
27762,568,826.00,493.00,0,452369
27640,566,825.00,502.00,0,452378
27515,564,826.00,509.00,0,452386
27387,562,826.00,509.00,0,452396
27256,560,818.00,509.00,0,452405
27127,558,809.00,493.00,0,452413
26997,554,807.00,509.00,0,452422
26869,550,826.00,493.00,0,452431
26746,547,821.00,492.00,0,452440
26624,546,826.00,475.00,0,452449
26500,544,826.00,492.00,0,452457
26372,544,823.00,493.00,0,452466
26243,543,826.00,493.00,0,452475
26115,541,821.00,509.00,0,452484
25987,538,814.00,493.00,0,452493
25861,536,826.00,509.00,0,452502
25739,533,826.00,493.00,0,452510
25617,531,825.00,492.00,0,452519
25493,530,826.00,493.00,0,452529
25364,528,822.00,509.00,0,452537
25233,526,826.00,509.00,0,452546
25104,523,805.00,509.00,0,452554
24974,520,808.00,508.00,0,452563
24847,516,826.00,509.00,0,452573
24724,514,826.00,493.00,0,452581
24603,512,826.00,475.00,0,452590
24479,510,826.00,509.00,0,452599
24351,510,824.00,493.00,0,452608
24222,508,825.00,508.00,0,452617
24093,506,815.00,493.00,0,452625
23965,504,815.00,509.00,0,452634
23840,500,825.00,492.00,0,452643
23718,498,826.00,501.00,0,452652
23596,496,825.00,492.00,0,452661
23469,495,825.00,492.00,0,452670
23339,493,817.00,499.00,0,452678
23209,491,826.00,508.00,0,452687
23077,488,806.00,492.00,0,452697
22948,484,805.00,493.00,0,452705
22822,482,820.00,492.00,0,452714
22701,479,827.00,493.00,0,452722
22581,478,826.00,475.00,0,452731
22458,476,826.00,493.00,0,452741
22329,476,822.00,493.00,0,452749
22202,474,825.00,509.00,0,452758
22073,472,822.00,509.00,0,452767
21945,469,822.00,493.00,0,452775
21821,466,826.00,492.00,0,452785
21701,464,826.00,493.00,0,452794
21579,462,826.00,492.00,0,452802
21453,461,826.00,493.00,0,452811
21321,459,820.00,493.00,0,452819
21189,456,825.00,493.00,0,452829
21057,454,810.00,509.00,0,452838
20926,450,804.00,510.00,0,452846
20799,446,816.00,509.00,0,452855
20679,444,827.00,510.00,0,452865
20558,443,826.00,509.00,0,452873
20433,442,826.00,492.00,0,452882
20304,442,819.00,492.00,0,452890
20177,440,826.00,509.00,0,452899
20048,439,823.00,491.00,0,452909
19921,436,826.00,475.00,0,452917
19800,434,826.00,491.00,0,452926
19682,432,826.00,492.00,0,452935
19561,430,826.00,493.00,0,452943
19436,429,825.00,482.00,0,452953
19304,427,826.00,509.00,0,452962
19171,424,826.00,493.00,0,452970
19039,420,819.00,493.00,0,452979
18908,416,825.00,509.00,0,452987
18781,412,820.00,510.00,0,452997
18660,410,826.00,493.00,0,453006
18538,408,826.00,492.00,0,453014
18411,406,826.00,508.00,0,453023
18280,406,816.00,508.00,0,453032
18151,404,817.00,504.00,0,453041
18021,403,817.00,492.00,0,453050
17897,402,826.00,509.00,0,453058
17775,400,826.00,493.00,0,453067
17659,398,826.00,493.00,0,453076
17540,397,826.00,475.00,0,453085
17413,396,826.00,492.00,0,453094
17281,393,826.00,493.00,0,453103
17149,390,823.00,509.00,0,453111
17015,386,813.00,492.00,0,453121
16885,381,826.00,492.00,0,453130
16760,378,823.00,493.00,0,453138
16641,374,826.00,492.00,0,453147
16519,373,826.00,493.00,0,453155
16391,372,826.00,510.00,0,453165
16261,372,826.00,509.00,0,453174
16131,370,822.00,498.00,0,453182
16003,370,822.00,509.00,0,453191
15878,368,826.00,492.00,0,453200
15759,366,826.00,493.00,0,453209
15643,365,825.00,492.00,0,453218
15521,364,827.00,493.00,0,453227
15391,362,826.00,509.00,0,453235
15256,359,826.00,508.00,0,453244
15121,356,806.00,509.00,0,453253
14985,351,795.00,492.00,0,453262
14857,346,822.00,493.00,0,453271
14734,342,824.00,492.00,0,453279
14617,340,825.00,493.00,0,453288
14497,338,826.00,492.00,0,453298
14369,337,826.00,493.00,0,453306
14240,336,826.00,492.00,0,453315
14110,336,826.00,509.00,0,453323
13983,334,826.00,509.00,0,453332
13862,334,826.00,492.00,0,453342
13747,332,826.00,493.00,0,453350
13628,332,825.00,509.00,0,453359
13499,330,827.00,493.00,0,453368
13361,328,822.00,509.00,0,453377
13223,326,815.00,509.00,0,453386
13084,322,769.00,509.00,0,453395
12950,316,786.00,509.00,0,453403
12824,312,809.00,492.00,0,453412
12708,307,826.00,475.00,0,453421
12593,304,825.00,475.00,0,453430
12476,302,826.00,509.00,0,453439
12351,300,827.00,493.00,0,453447
12223,300,825.00,492.00,0,453456
12096,299,826.00,492.00,0,453466
11971,298,826.00,493.00,0,453474
11853,298,825.00,475.00,0,453483
11734,297,826.00,492.00,0,453491
11607,296,826.00,493.00,0,453500
11473,296,826.00,509.00,0,453510
11331,294,785.00,492.00,0,453518
11189,290,772.00,510.00,0,453527
11052,286,780.00,493.00,0,453536
10925,281,802.00,509.00,0,453544
10807,276,825.00,492.00,0,453554
10697,271,826.00,475.00,0,453563
10585,268,826.00,493.00,0,453571
10460,266,826.00,492.00,0,453580
10328,265,826.00,509.00,0,453588
10195,264,826.00,509.00,0,453598
10065,264,827.00,493.00,0,453607
9941,264,826.00,493.00,0,453615
9830,264,826.00,475.00,0,453623
9717,264,826.00,492.00,0,453633
9593,263,826.00,509.00,0,453641
9461,262,825.00,509.00,0,453650
9323,261,784.00,501.00,0,453658
9185,258,758.00,495.00,0,453666
9054,254,788.00,495.00,0,453676
8931,248,809.00,497.00,0,453684
8819,244,826.00,476.00,0,453693
8715,239,826.00,493.00,0,453701
8605,236,826.00,509.00,0,453709
8482,233,825.00,492.00,0,453719
8352,232,826.00,509.00,0,453727
8221,231,826.00,526.00,0,453735
8092,230,820.00,509.00,0,453744
7971,230,826.00,492.00,0,453752
7862,230,826.00,492.00,0,453762
7752,230,826.00,493.00,0,453770
7630,230,826.00,509.00,0,453778
7501,229,826.00,509.00,0,453787
7363,228,800.00,525.00,0,453795
7223,226,731.00,526.00,0,453804
7091,222,732.00,509.00,0,453813
6969,216,801.00,492.00,0,453821
6857,211,826.00,475.00,0,453830
6755,206,826.00,492.00,0,453838
6643,202,826.00,475.00,0,453847
6519,198,826.00,474.00,0,453856
6388,196,826.00,492.00,0,453864
6253,195,801.00,509.00,0,453872
6123,194,797.00,476.00,0,453881
6002,194,826.00,492.00,0,453890
5895,194,825.00,475.00,0,453899
5788,194,826.00,509.00,0,453907
5667,194,826.00,493.00,0,453915
5539,194,826.00,493.00,0,453924
5403,194,809.00,525.00,0,453933
5261,193,649.00,509.00,0,453942
5128,191,697.00,510.00,0,453950
5005,187,804.00,493.00,0,453958
4892,181,825.00,492.00,0,453967
4791,177,826.00,459.00,0,453976
4681,172,826.00,509.00,0,453984
4558,167,825.00,509.00,0,453993
4429,165,826.00,509.00,0,454001
4295,163,807.00,493.00,0,454010
4167,161,824.00,509.00,0,454019
4048,161,827.00,493.00,0,454027
3943,161,825.00,492.00,0,454036
3831,161,826.00,493.00,0,454044
3707,162,826.00,475.00,0,454052
3581,163,826.00,493.00,0,454062
3447,163,821.00,509.00,0,454070
3305,163,712.00,509.00,0,454079
3169,161,733.00,509.00,0,454087
3042,159,795.00,492.00,0,454095
2926,154,826.00,493.00,0,454105
2823,149,825.00,476.00,0,454113
2717,144,826.00,502.00,0,454121
2596,139,826.00,509.00,0,454130
2469,134,826.00,493.00,0,454138
2337,131,823.00,509.00,0,454148
2209,127,826.00,492.00,0,454156
2089,125,826.00,509.00,0,454164
1983,125,825.00,493.00,0,454173
1869,124,827.00,493.00,0,454181
1746,124,826.00,509.00,0,454190
1620,124,826.00,507.00,0,454199
1487,124,826.00,526.00,0,454207
1343,125,733.00,509.00,0,454216
1205,125,763.00,476.00,0,454224
1079,125,795.00,509.00,0,454233
963,123,825.00,476.00,0,454242
864,119,826.00,475.00,0,454250
761,115,826.00,493.00,0,454258
645,112,826.00,493.00,0,454266
524,108,826.00,492.00,0,454275
399,105,826.00,509.00,0,454283
269,101,808.00,492.00,0,454291
143,99,820.00,492.00,0,454299
35,97,826.00,491.00,0,454307
-39,94,0.00,425.00,0,454315
-31,93,0.00,372.00,0,454322
43,91,801.00,341.00,0,454330
133,89,826.00,341.00,0,454338
223,89,771.00,341.00,0,454346
310,88,296.00,324.00,0,454354
404,87,826.00,338.00,0,454363
485,87,825.00,341.00,0,454370
558,87,825.00,358.00,0,454378
625,87,825.00,341.00,0,454386
693,87,825.00,358.00,0,454394
765,88,825.00,341.00,0,454403
844,88,825.00,341.00,0,454411
930,89,826.00,325.00,0,454419
1018,89,825.00,341.00,0,454427
1105,89,826.00,358.00,0,454435
1181,89,826.00,358.00,0,454444
1240,89,826.00,375.00,0,454452
1280,89,826.00,380.00,0,454460
1299,88,825.00,408.00,0,454468
1294,88,825.00,408.00,0,454477
1271,87,826.00,425.00,0,454486
1231,87,825.00,442.00,0,454494
1183,87,826.00,442.00,0,454502
1128,87,826.00,459.00,0,454510
1075,86,826.00,442.00,0,454518
1025,85,825.00,442.00,0,454526
983,83,825.00,441.00,0,454535
955,82,826.00,425.00,0,454543
937,81,826.00,425.00,0,454551
931,79,825.00,409.00,0,454559
936,78,825.00,408.00,0,454567
953,77,825.00,391.00,0,454576
976,77,826.00,391.00,0,454583
1004,76,825.00,391.00,0,454592
1034,76,825.00,375.00,0,454600
1062,76,825.00,391.00,0,454608
1086,76,826.00,391.00,0,454617
1104,78,825.00,408.00,0,454625
1113,78,825.00,409.00,0,454633
1115,79,825.00,408.00,0,454641
1109,80,825.00,423.00,0,454649
1097,80,825.00,425.00,0,454659
1083,80,825.00,425.00,0,454667
1068,80,825.00,409.00,0,454675
1057,80,825.00,408.00,0,454683
1048,80,826.00,423.00,0,454691
1043,79,826.00,408.00,0,454700
1043,79,825.00,408.00,0,454708
1047,78,825.00,391.00,0,454716
1054,77,825.00,408.00,0,454725
1060,77,825.00,396.00,0,454733
1066,77,825.00,408.00,0,454742
1070,77,826.00,409.00,0,454750
1070,77,826.00,409.00,0,454758
1068,77,826.00,408.00,0,454766
1064,77,825.00,409.00,0,454774
1060,78,825.00,408.00,0,454782
1057,78,826.00,408.00,0,454792
1054,79,826.00,425.00,0,454800
1054,79,825.00,408.00,0,454808
1055,79,825.00,408.00,0,454816
1058,79,827.00,408.00,0,454824
1060,79,825.00,409.00,0,454833
1062,79,826.00,408.00,0,454841
1062,79,825.00,408.00,0,454849
1062,79,825.00,408.00,0,454858
1061,79,825.00,409.00,0,454866
1059,79,826.00,408.00,0,454875
1058,79,825.00,408.00,0,454883
1057,79,825.00,409.00,0,454891
1057,79,826.00,409.00,0,454899
1057,79,825.00,408.00,0,454907
1058,79,825.00,408.00,0,454916
1059,79,825.00,408.00,0,454925
1059,79,826.00,409.00,0,454933
1059,79,825.00,409.00,0,454941
1059,79,825.00,408.00,0,454949
1059,79,826.00,408.00,0,454958
1059,79,825.00,409.00,0,454966
1059,79,825.00,409.00,0,454974
1059,79,825.00,408.00,0,454982
1059,79,826.00,408.00,0,454991
1059,79,825.00,408.00,0,455000
1059,79,825.00,409.00,0,455008
1059,79,826.00,409.00,0,455016
1059,79,825.00,408.00,0,455024
1059,79,825.00,409.00,0,455032
1059,79,826.00,408.00,0,455041
1059,79,825.00,408.00,0,455049
1059,79,825.00,408.00,0,455058
1059,79,826.00,409.00,0,455066
1059,79,826.00,409.00,0,455074
1059,78,825.00,408.00,0,455083
1059,78,825.00,408.00,0,455091
1059,78,826.00,408.00,0,455099
1059,78,826.00,408.00,0,455107
1059,78,825.00,409.00,0,455115
1059,78,825.00,408.00,0,455124
1059,78,826.00,408.00,0,455133
1059,78,826.00,408.00,0,455141
1059,78,825.00,409.00,0,455149
1059,78,825.00,408.00,0,455157
1059,78,826.00,408.00,0,455165
1059,78,825.00,408.00,0,455174
1059,78,825.00,408.00,0,455182
1059,78,826.00,408.00,0,455191
1059,78,825.00,408.00,0,455199
1059,77,826.00,408.00,0,455207
1059,77,826.00,408.00,0,455216
1059,77,826.00,408.00,0,455224
1059,77,826.00,408.00,0,455232
1059,77,826.00,408.00,0,455240
1059,77,825.00,408.00,0,455248
1059,77,825.00,408.00,0,455258
1059,77,825.00,409.00,0,455266
1059,77,825.00,408.00,0,455274
1059,77,826.00,409.00,0,455282
1059,77,825.00,409.00,0,455290
1059,77,826.00,408.00,0,455299
1059,77,826.00,408.00,0,455307
1059,77,825.00,408.00,0,455315
1059,77,825.00,409.00,0,455324
1059,77,825.00,408.00,0,455332
1059,77,826.00,408.00,0,455341
1059,77,825.00,409.00,0,455349
1059,77,826.00,409.00,0,455357
1059,77,826.00,408.00,0,455365
1059,77,825.00,408.00,0,455373
1059,77,825.00,408.00,0,455382
1059,77,825.00,408.00,0,455391
1059,77,825.00,408.00,0,455399
1059,77,825.00,409.00,0,455407
1059,77,825.00,409.00,0,455415
1059,77,826.00,408.00,0,455424
1059,77,825.00,409.00,0,455432
1059,77,825.00,408.00,0,455440
1059,77,825.00,408.00,0,455448
1059,77,825.00,408.00,0,455457
1059,77,825.00,409.00,0,455465
1059,77,825.00,408.00,0,455474
1059,76,825.00,408.00,0,455482
1059,76,825.00,408.00,0,455490
1059,76,825.00,408.00,0,455498
1059,76,826.00,408.00,0,455506
1059,76,825.00,408.00,0,455515
1059,76,825.00,409.00,0,455524
1059,76,826.00,409.00,0,455532
1059,76,825.00,408.00,0,455540
1059,76,825.00,409.00,0,455548
1059,76,825.00,409.00,0,455557
1059,76,826.00,408.00,0,455565
1059,76,826.00,408.00,0,455573
1059,76,825.00,408.00,0,455581
1059,75,825.00,409.00,0,455590
1059,75,826.00,409.00,0,455599
1059,75,826.00,409.00,0,455607
1059,75,826.00,408.00,0,455615
1059,75,826.00,409.00,0,455623
1059,75,825.00,408.00,0,455631
1059,75,826.00,408.00,0,455640
1059,75,826.00,408.00,0,455648
1059,75,825.00,408.00,0,455657
1059,75,826.00,409.00,0,455665
1059,75,825.00,408.00,0,455673
1059,75,826.00,409.00,0,455682
1059,75,826.00,408.00,0,455690
1059,75,825.00,408.00,0,455698
1059,75,826.00,409.00,0,455706
1059,75,825.00,408.00,0,455714
1059,75,825.00,409.00,0,455724
1059,75,826.00,408.00,0,455732
1059,75,826.00,408.00,0,455740
1059,75,826.00,408.00,0,455748
1059,75,825.00,408.00,0,455756
1059,75,826.00,408.00,0,455764
1059,75,825.00,408.00,0,455773
1059,75,825.00,409.00,0,455781
1059,75,825.00,408.00,0,455790
1059,75,826.00,408.00,0,455798
1059,75,825.00,409.00,0,455806
1059,75,826.00,409.00,0,455815
1059,75,826.00,409.00,0,455823
1059,75,825.00,408.00,0,455831
1059,75,825.00,408.00,0,455839
1059,75,825.00,408.00,0,455847
1059,75,825.00,408.00,0,455857
1059,75,826.00,409.00,0,455865
1059,75,825.00,408.00,0,455873
1059,75,826.00,409.00,0,455881
1059,75,826.00,408.00,0,455889
1059,75,826.00,408.00,0,455898
1059,75,825.00,408.00,0,455906
1059,75,825.00,408.00,0,455914
1059,75,825.00,409.00,0,455923
1059,75,826.00,408.00,0,455931
1059,75,825.00,408.00,0,455940
1059,75,825.00,408.00,0,455948
1059,74,825.00,408.00,0,455956
1059,74,825.00,409.00,0,455964
1059,74,825.00,408.00,0,455972
1059,74,825.00,409.00,0,455981
1059,74,825.00,408.00,0,455990
1059,74,825.00,408.00,0,455998
1059,74,825.00,409.00,0,456006
1059,74,825.00,408.00,0,456014
1059,74,826.00,408.00,0,456023
1059,74,825.00,408.00,0,456031
1059,74,825.00,409.00,0,456039
1059,74,825.00,408.00,0,456047
1059,74,825.00,408.00,0,456056
1059,73,825.00,409.00,0,456065
1059,73,826.00,408.00,0,456073
1059,73,826.00,408.00,0,456081
1059,73,825.00,408.00,0,456089
1059,73,826.00,409.00,0,456097
1059,73,826.00,408.00,0,456105
1059,73,825.00,408.00,0,456114
1059,73,825.00,408.00,0,456123
1059,73,825.00,409.00,0,456131
1059,73,826.00,408.00,0,456139
1059,73,825.00,408.00,0,456147
1059,73,826.00,409.00,0,456156
1059,73,826.00,408.00,0,456164
1059,73,826.00,408.00,0,456172
1059,73,825.00,408.00,0,456180
1059,73,825.00,408.00,0,456189
1059,73,825.00,409.00,0,456198
1059,73,826.00,408.00,0,456206
1059,73,826.00,408.00,0,456214
1059,73,826.00,409.00,0,456222
1059,73,825.00,408.00,0,456230
1059,73,826.00,409.00,0,456239
1059,73,825.00,408.00,0,456247
1059,73,825.00,408.00,0,456256
1059,73,825.00,409.00,0,456264
1059,73,826.00,408.00,0,456272
1059,73,826.00,409.00,0,456281
1059,73,825.00,408.00,0,456289
1059,73,826.00,408.00,0,456297
1059,73,825.00,408.00,0,456305
1059,73,825.00,408.00,0,456313
1059,73,825.00,409.00,0,456323
1059,73,826.00,408.00,0,456331
1059,73,826.00,409.00,0,456339
1059,73,825.00,408.00,0,456347
1059,73,825.00,409.00,0,456355
1059,73,826.00,408.00,0,456364
1059,73,825.00,408.00,0,456372
1059,73,825.00,409.00,0,456380
1059,73,825.00,408.00,0,456389
1059,73,826.00,408.00,0,456397
1059,73,825.00,409.00,0,456406
1059,73,825.00,408.00,0,456414
1059,73,826.00,408.00,0,456422
1059,72,825.00,409.00,0,456430
1059,72,825.00,408.00,0,456438
1059,72,825.00,408.00,0,456446
1059,72,826.00,409.00,0,456456
1059,72,826.00,408.00,0,456464
1059,72,826.00,408.00,0,456472
1059,72,826.00,408.00,0,456480
1059,72,825.00,408.00,0,456488
1059,72,825.00,408.00,0,456497
1059,72,826.00,408.00,0,456505
1059,72,825.00,408.00,0,456513
1059,72,825.00,409.00,0,456522
1059,72,825.00,408.00,0,456530
1059,72,826.00,409.00,0,456539
1059,71,825.00,408.00,0,456547
1059,71,825.00,409.00,0,456555
1059,71,826.00,409.00,0,456563
1059,71,826.00,408.00,0,456571
1059,71,825.00,409.00,0,456580
1059,71,825.00,408.00,0,456589
1059,71,826.00,409.00,0,456597
1059,71,826.00,409.00,0,456605
1059,71,825.00,408.00,0,456613
1059,71,826.00,408.00,0,456622
1059,71,825.00,408.00,0,456630
1059,71,826.00,409.00,0,456638
1059,71,825.00,408.00,0,456646
1059,71,826.00,408.00,0,456655
1059,71,826.00,409.00,0,456664
1059,71,825.00,408.00,0,456672
1059,71,826.00,409.00,0,456680
1059,71,826.00,409.00,0,456688
1059,71,826.00,409.00,0,456696
1059,71,826.00,408.00,0,456705
1059,71,825.00,408.00,0,456713
1059,71,825.00,409.00,0,456722
1059,71,825.00,408.00,0,456730
1059,71,826.00,409.00,0,456738
1059,71,825.00,408.00,0,456747
1059,71,825.00,409.00,0,456755
1059,71,825.00,408.00,0,456763
1059,71,826.00,408.00,0,456771
1059,71,825.00,408.00,0,456779
1059,71,825.00,408.00,0,456788
1059,71,826.00,409.00,0,456797
1059,71,825.00,409.00,0,456805
1059,71,825.00,409.00,0,456813
1059,71,825.00,409.00,0,456821
1059,71,826.00,408.00,0,456829
1059,71,825.00,408.00,0,456838
1059,71,825.00,408.00,0,456846
1059,71,826.00,408.00,0,456855
1059,71,825.00,409.00,0,456863
1059,71,825.00,409.00,0,456871
1059,71,825.00,409.00,0,456880
1059,71,826.00,408.00,0,456888
1059,71,826.00,409.00,0,456896
1059,71,826.00,408.00,0,456904
1059,71,825.00,408.00,0,456912
1059,71,825.00,409.00,0,456922
1059,71,825.00,408.00,0,456930
1059,71,826.00,408.00,0,456938
1059,70,825.00,408.00,0,456946
1059,70,825.00,409.00,0,456954
1059,70,826.00,409.00,0,456963
1059,70,826.00,408.00,0,456971
1059,70,825.00,408.00,0,456979
1059,70,825.00,409.00,0,456988
1059,70,826.00,408.00,0,456996
1059,70,826.00,408.00,0,457005
1059,70,825.00,409.00,0,457013
1059,70,826.00,409.00,0,457021
1059,70,826.00,408.00,0,457029
1059,70,825.00,408.00,0,457037
1059,70,825.00,408.00,0,457046
1059,70,825.00,408.00,0,457055
1059,70,825.00,409.00,0,457063
1059,70,825.00,409.00,0,457071
1059,70,826.00,409.00,0,457079
1059,69,826.00,409.00,0,457088
1059,69,826.00,408.00,0,457096
1059,69,825.00,408.00,0,457104
1059,69,826.00,408.00,0,457112
1059,69,825.00,408.00,0,457121
1059,69,825.00,409.00,0,457129
1059,69,827.00,409.00,0,457138
1059,69,826.00,409.00,0,457146
1059,69,826.00,409.00,0,457154
1059,69,826.00,408.00,0,457162
1059,69,825.00,409.00,0,457170
1059,69,825.00,408.00,0,457179
1059,69,825.00,409.00,0,457188
1059,69,825.00,409.00,0,457196
1059,69,825.00,409.00,0,457204
1059,69,825.00,409.00,0,457212
1059,69,826.00,409.00,0,457221
1059,69,826.00,409.00,0,457229
1059,69,826.00,408.00,0,457237
1059,69,825.00,408.00,0,457245
1059,69,825.00,408.00,0,457254
1059,69,825.00,409.00,0,457263
1059,69,825.00,409.00,0,457271
1059,69,826.00,409.00,0,457279
1059,69,826.00,409.00,0,457287
1059,69,826.00,408.00,0,457295
1059,69,826.00,408.00,0,457304
1059,69,825.00,408.00,0,457312
1059,69,825.00,408.00,0,457321
1059,69,825.00,409.00,0,457329
1059,69,826.00,408.00,0,457337
1059,69,826.00,409.00,0,457346
1059,69,825.00,408.00,0,457354
1059,69,826.00,408.00,0,457362
1059,69,826.00,409.00,0,457370
1059,69,825.00,408.00,0,457378
1059,69,825.00,409.00,0,457388
1059,69,826.00,408.00,0,457396
1059,69,826.00,409.00,0,457404
1059,69,825.00,409.00,0,457412
1059,69,826.00,409.00,0,457420
1059,69,826.00,409.00,0,457428
1059,69,826.00,408.00,0,457437
1059,69,825.00,408.00,0,457445
1059,69,825.00,409.00,0,457454
1059,69,826.00,409.00,0,457462
1059,69,826.00,409.00,0,457470
1059,69,826.00,408.00,0,457479
1059,69,826.00,408.00,0,457487
1059,69,825.00,408.00,0,457495
1059,68,826.00,409.00,0,457503
1059,68,825.00,408.00,0,457511
1059,68,825.00,409.00,0,457521
1059,68,825.00,409.00,0,457529
1059,68,826.00,409.00,0,457537
1059,68,826.00,409.00,0,457545
1059,68,826.00,408.00,0,457553
1059,68,826.00,409.00,0,457562
1059,68,826.00,408.00,0,457570
1059,68,825.00,408.00,0,457578
1059,68,825.00,409.00,0,457587
1059,68,825.00,409.00,0,457595
1059,68,826.00,409.00,0,457604
1059,68,826.00,408.00,0,457612
1059,68,826.00,409.00,0,457620
1059,68,826.00,408.00,0,457628
1059,68,826.00,408.00,0,457636
1059,67,825.00,408.00,0,457645
1059,67,825.00,408.00,0,457654
1059,67,826.00,409.00,0,457662
1059,67,826.00,408.00,0,457670
1059,67,826.00,409.00,0,457678
1059,67,826.00,408.00,0,457687
1059,67,826.00,408.00,0,457695
1059,67,826.00,409.00,0,457703
1059,67,825.00,408.00,0,457711
1059,67,825.00,409.00,0,457720
1059,67,826.00,409.00,0,457729
1059,67,826.00,409.00,0,457737
1059,