134,825.00,408.00,0,149758
-32,134,825.00,408.00,0,149768
-32,134,825.00,408.00,0,149776
-32,134,826.00,408.00,0,149784
-32,134,825.00,408.00,0,149792
-32,134,826.00,409.00,0,149800
-32,134,825.00,408.00,0,149809
-32,134,825.00,408.00,0,149817
-32,134,825.00,408.00,0,149825
-32,134,825.00,408.00,0,149834
-32,134,826.00,409.00,0,149842
-32,134,825.00,408.00,0,149851
-32,134,825.00,409.00,0,149859
-32,134,825.00,408.00,0,149867
-33,134,825.00,408.00,0,149875
-33,134,825.00,408.00,0,149883
-33,134,825.00,408.00,0,149892
-33,134,825.00,408.00,0,149901
-33,134,825.00,408.00,0,149909
-33,134,825.00,408.00,0,149917
-33,134,826.00,408.00,0,149925
-33,134,825.00,409.00,0,149934
-33,134,825.00,409.00,0,149942
-33,134,825.00,408.00,0,149950
-33,134,825.00,408.00,0,149958
-33,134,825.00,408.00,0,149967
-33,134,825.00,408.00,0,149976
-33,134,826.00,408.00,0,149984
-33,134,825.00,408.00,0,149992
-33,134,825.00,408.00,0,150000
-33,134,825.00,408.00,0,150008
-33,134,825.00,408.00,0,150017
-33,134,825.00,408.00,0,150025
-33,134,825.00,408.00,0,150034
-33,134,825.00,408.00,0,150042
-33,134,825.00,408.00,0,150050
-33,134,825.00,408.00,0,150059
-33,134,825.00,408.00,0,150067
-33,134,826.00,408.00,0,150075
-33,134,825.00,409.00,0,150083
-33,134,825.00,408.00,0,150091
-33,134,825.00,408.00,0,150100
-33,134,825.00,408.00,0,150109
-33,134,825.00,408.00,0,150117
-33,134,825.00,409.00,0,150125
-33,134,825.00,408.00,0,150133
-33,134,825.00,408.00,0,150141
-33,134,825.00,408.00,0,150150
-33,134,825.00,408.00,0,150158
-33,134,825.00,409.00,0,150167
-33,134,825.00,408.00,0,150175
-33,134,825.00,409.00,0,150183
-33,134,825.00,408.00,0,150192
-33,134,825.00,408.00,0,150200
-33,134,825.00,408.00,0,150208
-33,134,825.00,408.00,0,150216
-33,134,824.00,409.00,0,150224
-33,134,825.00,408.00,0,150234
-33,134,825.00,408.00,0,150242
-33,134,825.00,408.00,0,150250
-33,134,825.00,408.00,0,150258
-33,134,826.00,408.00,0,150266
-33,134,825.00,408.00,0,150275
-33,134,825.00,408.00,0,150283
-33,134,825.00,408.00,0,150291
-33,134,825.00,408.00,0,150300
-33,134,825.00,408.00,0,150308
-33,134,825.00,408.00,0,150317
-33,134,825.00,408.00,0,150325
-33,134,826.00,408.00,0,150333
-33,134,825.00,408.00,0,150341
-33,134,825.00,408.00,0,150349
-33,134,825.00,408.00,0,150358
-33,134,825.00,408.00,0,150367
-33,134,825.00,408.00,0,150375
-33,134,825.00,408.00,0,150383
-33,134,825.00,408.00,0,150391
-33,134,826.00,408.00,0,150400
-33,134,825.00,409.00,0,150408
-33,134,825.00,408.00,0,150416
-33,134,825.00,408.00,0,150424
-33,134,825.00,408.00,0,150433
-33,134,825.00,409.00,0,150441
-33,134,825.00,409.00,0,150450
-33,134,826.00,408.00,0,150458
-33,134,825.00,408.00,0,150466
-33,134,825.00,408.00,0,150474
-33,134,825.00,408.00,0,150482
-33,134,825.00,408.00,0,150491
-33,134,825.00,408.00,0,150500
-33,134,825.00,408.00,0,150508
-33,134,825.00,409.00,0,150516
-33,134,825.00,408.00,0,150524
-33,134,825.00,409.00,0,150533
-33,134,826.00,408.00,0,150541
-33,134,826.00,408.00,0,150549
-33,134,825.00,408.00,0,150557
-33,134,825.00,409.00,0,150566
-33,134,825.00,409.00,0,150575
-33,134,825.00,408.00,0,150583
-33,134,825.00,408.00,0,150591
-33,134,825.00,408.00,0,150599
-33,134,825.00,409.00,0,150607
-33,134,825.00,408.00,0,150616
-33,134,824.00,408.00,0,150624
-33,134,826.00,408.00,0,150633
-34,134,825.00,408.00,0,150641
-34,134,825.00,409.00,0,150649
-34,134,825.00,408.00,0,150658
-34,134,825.00,409.00,0,150666
-34,134,826.00,409.00,0,150674
-34,134,825.00,408.00,0,150682
-34,134,825.00,408.00,0,150690
-34,134,825.00,408.00,0,150700
-34,134,825.00,409.00,0,150708
-34,134,826.00,408.00,0,150716
-34,134,825.00,408.00,0,150724
-34,134,825.00,409.00,0,150732
-34,134,825.00,409.00,0,150740
-34,134,825.00,408.00,0,150749
-34,134,825.00,408.00,0,150757
-34,134,825.00,408.00,0,150766
-34,134,825.00,409.00,0,150774
-34,134,825.00,408.00,0,150782
-34,134,825.00,409.00,0,150791
-34,134,825.00,408.00,0,150799
-34,134,825.00,409.00,0,150807
-34,134,825.00,409.00,0,150815
-34,134,825.00,408.00,0,150823
-35,134,825.00,409.00,0,150833
-35,134,825.00,408.00,0,150841
-35,134,826.00,409.00,0,150849
-35,134,826.00,408.00,0,150857
-35,134,826.00,408.00,0,150865
-35,134,825.00,409.00,0,150874
-35,134,825.00,408.00,0,150882
-35,134,825.00,408.00,0,150890
-35,134,826.00,408.00,0,150899
-35,134,825.00,408.00,0,150907
-35,134,826.00,409.00,0,150916
-35,134,825.00,408.00,0,150924
-35,134,825.00,409.00,0,150932
-35,134,825.00,408.00,0,150940
-35,134,825.00,408.00,0,150948
-35,134,825.00,408.00,0,150957
-35,134,825.00,408.00,0,150966
-35,134,826.00,408.00,0,150974
-35,134,825.00,408.00,0,150982
-35,134,825.00,409.00,0,150990
-35,134,826.00,408.00,0,150999
-35,134,825.00,408.00,0,151007
-35,134,825.00,408.00,0,151015
-35,134,825.00,408.00,0,151023
-35,134,826.00,408.00,0,151032
-35,134,825.00,408.00,0,151041
-35,134,825.00,408.00,0,151049
-35,134,825.00,408.00,0,151057
-35,134,825.00,408.00,0,151065
-35,134,825.00,409.00,0,151073
-35,134,825.00,409.00,0,151081
-35,134,825.00,408.00,0,151090
-35,134,825.00,408.00,0,151099
-35,134,825.00,408.00,0,151107
-35,134,826.00,408.00,0,151115
-35,134,825.00,408.00,0,151123
-35,134,826.00,408.00,0,151132
-35,134,825.00,409.00,0,151140
-35,134,825.00,408.00,0,151148
-35,134,825.00,408.00,0,151156
-35,134,825.00,408.00,0,151165
-35,134,825.00,409.00,0,151174
-35,134,825.00,408.00,0,151182
-35,134,825.00,408.00,0,151190
-35,134,826.00,408.00,0,151198
-35,134,825.00,408.00,0,151206
-35,134,825.00,409.00,0,151215
-35,134,825.00,408.00,0,151223
-35,134,825.00,408.00,0,151232
-35,134,825.00,408.00,0,151240
-35,134,825.00,408.00,0,151248
-35,134,826.00,409.00,0,151257
-35,134,825.00,408.00,0,151265
-35,134,825.00,409.00,0,151273
-35,134,825.00,408.00,0,151281
-35,134,824.00,408.00,0,151289
-35,134,825.00,409.00,0,151299
-35,134,825.00,408.00,0,151307
-35,134,826.00,408.00,0,151315
-35,134,825.00,408.00,0,151323
-35,134,825.00,408.00,0,151331
-35,134,825.00,409.00,0,151340
-35,134,825.00,408.00,0,151348
-35,134,825.00,408.00,0,151356
-35,134,825.00,408.00,0,151365
-35,134,825.00,408.00,0,151373
-35,134,826.00,408.00,0,151382
-35,134,825.00,408.00,0,151390
-35,134,826.00,409.00,0,151398
-35,134,825.00,408.00,0,151406
-35,134,825.00,409.00,0,151414
-35,134,825.00,408.00,0,151422
-35,134,825.00,408.00,0,151432
-35,134,825.00,409.00,0,151440
-35,134,825.00,409.00,0,151448
-35,134,826.00,408.00,0,151456
-35,134,825.00,408.00,0,151464
-35,134,826.00,409.00,0,151473
-35,134,825.00,408.00,0,151481
-36,134,825.00,408.00,0,151489
-36,134,826.00,409.00,0,151498
-36,134,825.00,408.00,0,151506
-36,134,825.00,408.00,0,151515
-36,134,825.00,408.00,0,151523
-36,134,825.00,408.00,0,151531
-36,134,826.00,408.00,0,151539
-36,134,825.00,408.00,0,151547
-36,134,825.00,409.00,0,151556
-36,134,826.00,408.00,0,151565
-36,134,825.00,409.00,0,151573
-36,134,825.00,409.00,0,151581
-36,134,825.00,409.00,0,151589
-36,134,826.00,408.00,0,151598
-36,134,825.00,408.00,0,151606
-36,134,825.00,408.00,0,151614
-36,134,825.00,408.00,0,151622
-36,134,825.00,408.00,0,151631
-36,134,825.00,409.00,0,151640
-36,134,825.00,408.00,0,151648
-36,134,825.00,409.00,0,151656
-36,134,825.00,408.00,0,151664
-36,134,825.00,408.00,0,151672
-36,134,825.00,408.00,0,151681
-36,134,825.00,408.00,0,151689
-36,134,826.00,409.00,0,151698
-36,134,825.00,408.00,0,151706
-36,134,825.00,408.00,0,151714
-36,134,825.00,409.00,0,151723
-36,134,825.00,408.00,0,151731
-36,134,826.00,408.00,0,151739
-36,134,825.00,408.00,0,151747
-36,134,825.00,408.00,0,151755
-36,134,825.00,408.00,0,151764
-36,134,825.00,408.00,0,151773
-36,134,825.00,409.00,0,151781
-37,134,825.00,408.00,0,151789
-37,134,825.00,408.00,0,151797
-37,134,825.00,408.00,0,151805
-37,134,825.00,408.00,0,151814
-37,134,825.00,408.00,0,151822
-37,134,826.00,408.00,0,151831
-37,134,825.00,409.00,0,151839
-37,134,825.00,409.00,0,151847
-37,134,825.00,408.00,0,151856
-37,134,825.00,408.00,0,151864
-37,134,825.00,408.00,0,151872
-37,134,826.00,408.00,0,151880
-37,134,825.00,408.00,0,151888
-37,134,825.00,409.00,0,151898
-37,134,825.00,408.00,0,151906
-37,134,825.00,408.00,0,151914
-37,134,825.00,409.00,0,151922
-37,134,825.00,408.00,0,151930
-37,134,826.00,408.00,0,151939
-37,134,825.00,408.00,0,151947
-37,134,825.00,408.00,0,151955
-37,134,826.00,408.00,0,151964
-37,134,825.00,408.00,0,151972
-37,134,825.00,409.00,0,151981
-37,134,825.00,409.00,0,151989
-37,134,825.00,409.00,0,151997
-37,134,825.00,409.00,0,152005
-37,134,825.00,408.00,0,152013
-37,134,825.00,408.00,0,152022
-37,134,825.00,408.00,0,152031
-37,134,825.00,408.00,0,152039
-37,134,825.00,408.00,0,152047
-37,134,825.00,408.00,0,152055
-37,134,826.00,409.00,0,152064
-37,134,826.00,408.00,0,152072
-37,134,825.00,408.00,0,152080
-37,134,825.00,408.00,0,152088
-37,134,825.00,408.00,0,152097
-37,134,825.00,409.00,0,152105
-37,134,825.00,408.00,0,152114
-37,134,825.00,409.00,0,152122
-37,134,826.00,408.00,0,152130
-37,134,825.00,408.00,0,152138
-37,134,825.00,408.00,0,152146
-37,134,825.00,408.00,0,152155
-37,134,825.00,408.00,0,152164
-37,134,826.00,408.00,0,152172
-37,134,825.00,408.00,0,152180
-37,134,825.00,409.00,0,152188
-37,134,826.00,409.00,0,152197
-37,134,825.00,409.00,0,152205
-37,134,825.00,408.00,0,152213
-37,134,825.00,408.00,0,152221
-37,134,825.00,408.00,0,152230
-37,134,825.00,408.00,0,152239
-37,134,826.00,408.00,0,152247
-37,134,825.00,408.00,0,152255
-37,134,825.00,409.00,0,152263
-37,134,825.00,408.00,0,152271
-37,134,825.00,408.00,0,152280
-37,134,824.00,408.00,0,152288
-37,134,826.00,408.00,0,152297
-37,134,825.00,408.00,0,152305
-37,134,825.00,408.00,0,152313
-37,134,825.00,408.00,0,152322
-37,134,825.00,408.00,0,152330
-37,134,825.00,409.00,0,152338
-37,134,825.00,408.00,0,152346
-37,134,825.00,408.00,0,152354
-37,134,825.00,408.00,0,152364
-37,134,825.00,408.00,0,152372
-37,134,825.00,408.00,0,152380
-37,134,825.00,408.00,0,152388
-37,134,826.00,408.00,0,152396
-37,134,825.00,409.00,0,152404
-37,134,825.00,408.00,0,152413
-37,134,825.00,408.00,0,152421
-37,134,825.00,408.00,0,152430
-37,134,825.00,408.00,0,152438
-37,134,826.00,408.00,0,152446
-37,134,825.00,408.00,0,152455
-37,134,825.00,408.00,0,152463
-37,134,825.00,409.00,0,152471
-37,134,825.00,408.00,0,152479
-37,134,825.00,408.00,0,152487
-37,134,826.00,409.00,0,152497
-37,134,826.00,408.00,0,152505
-37,134,825.00,409.00,0,152513
-37,134,825.00,408.00,0,152521
-37,134,825.00,409.00,0,152529
-37,134,826.00,408.00,0,152538
-37,134,825.00,408.00,0,152546
-37,134,825.00,408.00,0,152554
-37,134,825.00,408.00,0,152563
-37,134,826.00,409.00,0,152571
-37,134,825.00,408.00,0,152580
-37,134,825.00,408.00,0,152588
-37,134,825.00,408.00,0,152596
-37,134,825.00,409.00,0,152604
-37,134,825.00,408.00,0,152612
-37,134,825.00,408.00,0,152621
-37,134,825.00,408.00,0,152630
-37,134,825.00,409.00,0,152638
-37,134,826.00,408.00,0,152646
-37,134,825.00,409.00,0,152654
-37,134,825.00,408.00,0,152663
-37,134,826.00,409.00,0,152671
-37,134,825.00,408.00,0,152679
-37,134,824.00,409.00,0,152687
-37,134,826.00,408.00,0,152696
-37,134,825.00,408.00,0,152705
-37,134,826.00,408.00,0,152713
-37,134,825.00,408.00,0,152721
-37,134,826.00,408.00,0,152729
-37,134,825.00,408.00,0,152737
-37,134,825.00,408.00,0,152745
-37,134,825.00,408.00,0,152754
-37,134,825.00,408.00,0,152763
-37,134,825.00,409.00,0,152771
-37,134,825.00,408.00,0,152779
-37,134,826.00,408.00,0,152787
-37,134,825.00,408.00,0,152796
-37,134,825.00,409.00,0,152804
-37,134,825.00,408.00,0,152812
-37,134,825.00,408.00,0,152820
-37,134,825.00,408.00,0,152829
-37,134,825.00,409.00,0,152838
-37,134,825.00,408.00,0,152846
-37,133,826.00,409.00,0,152854
-37,133,825.00,408.00,0,152862
-37,133,826.00,408.00,0,152870
-37,133,825.00,408.00,0,152879
-37,133,824.00,408.00,0,152887
-37,133,825.00,408.00,0,152896
-37,133,825.00,408.00,0,152904
-37,133,825.00,409.00,0,152912
-37,133,825.00,409.00,0,152921
-37,133,826.00,409.00,0,152929
-37,133,825.00,408.00,0,152937
-37,133,825.00,408.00,0,152945
-37,133,825.00,408.00,0,152953
-37,133,825.00,408.00,0,152963
-37,133,825.00,409.00,0,152971
-37,133,825.00,408.00,0,152979
-37,133,825.00,408.00,0,152987
-37,133,825.00,408.00,0,152995
-37,133,825.00,408.00,0,153004
-37,133,825.00,408.00,0,153012
-37,133,825.00,408.00,0,153020
-37,133,826.00,408.00,0,153029
-37,133,825.00,409.00,0,153037
-37,133,825.00,408.00,0,153046
-37,133,825.00,408.00,0,153054
-37,133,825.00,408.00,0,153062
-37,133,825.00,408.00,0,153070
-37,133,825.00,408.00,0,153078
-37,133,825.00,408.00,0,153086
-37,133,825.00,409.00,0,153096
-37,133,825.00,408.00,0,153104
-37,133,825.00,408.00,0,153112
-37,133,825.00,409.00,0,153120
-37,133,826.00,409.00,0,153128
-37,133,826.00,408.00,0,153137
-37,133,825.00,408.00,0,153145
-37,133,826.00,408.00,0,153153
-37,133,825.00,408.00,0,153162
-37,133,825.00,408.00,0,153170
-37,133,825.00,408.00,0,153179
-37,133,825.00,408.00,0,153187
-37,133,825.00,409.00,0,153195
-37,133,826.00,408.00,0,153203
-37,133,825.00,408.00,0,153211
-37,133,825.00,408.00,0,153220
-37,133,826.00,408.00,0,153229
-37,133,825.00,409.00,0,153237
-37,133,825.00,408.00,0,153245
-37,133,825.00,409.00,0,153253
-37,133,825.00,408.00,0,153262
-37,133,825.00,409.00,0,153270
-37,133,825.00,409.00,0,153278
-37,133,824.00,408.00,0,153286
-37,133,826.00,408.00,0,153295
-37,133,825.00,409.00,0,153304
-37,133,826.00,408.00,0,153312
-37,133,825.00,408.00,0,153320
-37,133,825.00,409.00,0,153328
-37,133,825.00,409.00,0,153336
-37,133,825.00,408.00,0,153345
-15,133,825.00,374.00,0,153353
19,133,825.00,375.00,0,153361
35,133,825.00,407.00,0,153369
35,133,825.00,425.00,0,153377
16,133,826.00,425.00,0,153385
-13,133,825.00,425.00,0,153394
-45,133,826.00,442.00,0,153402
-73,132,825.00,425.00,0,153410
-93,132,825.00,425.00,0,153418
-103,132,825.00,408.00,0,153427
-101,131,825.00,396.00,0,153436
-89,130,826.00,392.00,0,153444
-73,130,825.00,391.00,0,153452
-53,129,825.00,391.00,0,153461
-35,128,825.00,391.00,0,153469
-23,128,825.00,409.00,0,153478
-18,128,825.00,408.00,0,153486
-19,128,826.00,425.00,0,153494
-29,128,825.00,409.00,0,153502
-41,129,825.00,425.00,0,153510
-53,130,825.00,425.00,0,153519
-62,130,825.00,425.00,0,153528
-65,130,826.00,409.00,0,153536
-65,130,825.00,408.00,0,153544
-60,130,825.00,408.00,0,153552
-52,130,825.00,408.00,0,153561
-44,130,826.00,393.00,0,153569
-40,129,825.00,408.00,0,153577
-38,128,825.00,408.00,0,153585
-40,128,825.00,408.00,0,153594
-44,128,825.00,425.00,0,153603
-47,128,0.00,408.00,0,153610
-13,128,0.00,358.00,0,153618
73,128,104.00,325.00,0,153626
174,128,242.00,325.00,0,153634
274,130,0.00,324.00,0,153643
380,130,245.00,312.00,0,153651
501,132,504.00,325.00,0,153659
624,135,797.00,308.00,0,153667
753,138,826.00,325.00,0,153675
897,140,825.00,291.00,0,153683
1031,143,826.00,308.00,0,153693
1151,146,826.00,312.00,0,153701
1261,148,809.00,325.00,0,153709
1359,149,80.00,324.00,0,153717
1469,150,342.00,309.00,0,153726
1590,151,644.00,325.00,0,153735
1711,152,679.00,308.00,0,153744
1836,152,804.00,325.00,0,153752
1960,154,792.00,309.00,0,153760
2074,154,331.00,341.00,0,153769
2189,156,0.00,325.00,0,153778
2303,158,212.00,324.00,0,153786
2427,162,334.00,325.00,0,153794
2555,166,543.00,308.00,0,153803
2683,171,759.00,308.00,0,153811
2817,176,825.00,308.00,0,153820
2961,182,825.00,308.00,0,153829
3099,188,825.00,308.00,0,153837
3220,194,825.00,325.00,0,153846
3325,198,601.00,341.00,0,153854
3428,202,221.00,308.00,0,153863
3547,206,531.00,325.00,0,153872
3669,208,650.00,325.00,0,153880
3791,211,797.00,325.00,0,153888
3913,212,795.00,325.00,0,153897
4031,214,407.00,324.00,0,153906
4148,216,299.00,308.00,0,153915
4268,218,337.00,325.00,0,153923
4391,220,305.00,307.00,0,153931
4517,224,473.00,308.00,0,153940
4643,228,756.00,308.00,0,153949
4773,233,807.00,309.00,0,153958
4909,238,825.00,291.00,0,153966
5047,244,825.00,291.00,0,153974
5173,248,822.00,309.00,0,153984
5283,251,726.00,324.00,0,153992
5389,254,255.00,325.00,0,154000
5508,256,498.00,308.00,0,154009
5631,256,682.00,325.00,0,154017
5753,258,767.00,325.00,0,154027
5877,258,760.00,308.00,0,154035
5997,258,612.00,324.00,0,154043
6115,260,416.00,325.00,0,154052
6233,262,310.00,308.00,0,154060
6355,266,216.00,325.00,0,154068
6479,272,474.00,341.00,0,154078
6607,278,719.00,308.00,0,154086
6733,286,791.00,324.00,0,154095
6865,293,813.00,308.00,0,154103
7001,299,818.00,308.00,0,154112
7133,304,825.00,308.00,0,154121
7250,308,809.00,341.00,0,154129
7358,309,304.00,324.00,0,154137
7473,309,475.00,309.00,0,154146
7595,309,694.00,325.00,0,154155
7717,309,658.00,308.00,0,154164
7841,307,761.00,325.00,0,154172
7963,307,768.00,308.00,0,154180
8081,307,517.00,325.00,0,154189
8199,308,403.00,325.00,0,154198
8321,311,387.00,325.00,0,154207
8445,316,474.00,325.00,0,154215
8569,322,576.00,308.00,0,154223
8695,330,631.00,308.00,0,154232
8825,338,807.00,324.00,0,154241
8957,345,822.00,325.00,0,154249
9086,350,822.00,291.00,0,154258
9208,354,807.00,308.00,0,154266
9319,354,550.00,325.00,0,154275
9433,354,484.00,325.00,0,154284
9555,353,592.00,324.00,0,154292
9677,352,584.00,308.00,0,154301
9801,350,795.00,308.00,0,154309
9925,350,795.00,324.00,0,154317
10044,350,537.00,326.00,0,154327
10167,352,411.00,325.00,0,154336
10291,356,512.00,314.00,0,154344
10419,362,517.00,325.00,0,154353
10546,369,531.00,307.00,0,154362
10675,377,665.00,325.00,0,154371
10807,384,805.00,325.00,0,154380
10941,390,814.00,308.00,0,154389
11073,394,812.00,308.00,0,154397
11197,395,798.00,325.00,0,154406
11313,395,508.00,325.00,0,154415
11435,393,566.00,341.00,0,154424
11561,391,588.00,325.00,0,154433
11687,391,543.00,308.00,0,154441
11816,390,791.00,325.00,0,154450
11943,390,788.00,324.00,0,154460
12067,394,573.00,325.00,0,154468
12190,398,356.00,324.00,0,154477
12315,404,506.00,308.00,0,154485
12442,412,583.00,308.00,0,154494
12571,419,637.00,310.00,0,154504
12699,426,721.00,308.00,0,154512
12830,432,806.00,324.00,0,154521
12963,435,806.00,309.00,0,154530
13091,436,804.00,308.00,0,154539
13213,436,662.00,324.00,0,154548
13332,433,474.00,325.00,0,154557
13457,431,606.00,341.00,0,154565
13583,429,620.00,327.00,0,154574
13709,429,623.00,325.00,0,154583
13839,431,739.00,308.00,0,154592
13966,435,740.00,308.00,0,154601
14089,441,600.00,324.00,0,154609
14213,447,504.00,324.00,0,154618
14340,453,495.00,308.00,0,154628
14467,460,617.00,307.00,0,154636
14594,466,687.00,326.00,0,154645
14722,471,752.00,325.00,0,154653
14853,473,797.00,325.00,0,154662
14984,474,795.00,325.00,0,154672
15111,474,799.00,308.00,0,154680
15231,472,617.00,325.00,0,154689
15354,469,442.00,325.00,0,154698
15479,468,573.00,325.00,0,154706
15606,468,616.00,307.00,0,154716
15733,471,685.00,325.00,0,154725
15863,475,662.00,325.00,0,154733
15989,481,678.00,308.00,0,154742
16113,487,634.00,325.00,0,154750
16239,493,620.00,309.00,0,154760
16365,499,451.00,325.00,0,154769
16491,503,601.00,308.00,0,154777
16618,507,727.00,325.00,0,154786
16746,509,787.00,325.00,0,154796
16876,511,799.00,324.00,0,154804
17005,511,780.00,308.00,0,154813
17128,511,703.00,325.00,0,154822
17251,510,632.00,325.00,0,154830
17377,510,598.00,325.00,0,154840
17503,510,528.00,326.00,0,154848
17629,514,637.00,308.00,0,154857
17757,518,752.00,308.00,0,154866
17885,524,756.00,325.00,0,154874
18011,530,610.00,309.00,0,154884
18137,534,658.00,325.00,0,154893
18262,538,674.00,325.00,0,154901
18388,542,609.00,325.00,0,154910
18513,544,567.00,308.00,0,154918
18641,546,694.00,308.00,0,154928
18769,548,794.00,341.00,0,154937
18899,550,797.00,308.00,0,154945
19026,551,703.00,326.00,0,154954
19149,552,631.00,341.00,0,154963
19274,552,679.00,308.00,0,154972
19400,554,599.00,308.00,0,154981
19525,556,498.00,325.00,0,154990
19652,560,614.00,308.00,0,154998
19781,564,790.00,308.00,0,155008
19909,568,790.00,325.00,0,155016
20035,572,587.00,325.00,0,155025
20159,575,612.00,325.00,0,155034
20285,578,698.00,324.00,0,155042
20411,580,634.00,324.00,0,155052
20537,582,555.00,308.00,0,155061
20664,586,632.00,325.00,0,155069
20793,588,792.00,308.00,0,155078
20923,590,799.00,324.00,0,155086
21049,592,707.00,308.00,0,155096
21171,593,574.00,325.00,0,155105
21297,594,675.00,308.00,0,155113
21423,596,658.00,324.00,0,155122
21549,598,537.00,308.00,0,155131
21675,601,581.00,325.00,0,155140
21804,604,784.00,325.00,0,155149
21932,608,780.00,308.00,0,155158
22056,612,634.00,307.00,0,155166
22181,614,555.00,324.00,0,155175
22308,617,673.00,308.00,0,155184
22435,620,684.00,325.00,0,155193
22561,622,635.00,342.00,0,155202
22687,625,569.00,324.00,0,155210
22817,628,787.00,308.00,0,155219
22945,630,798.00,325.00,0,155229
23071,632,693.00,325.00,0,155237
23194,632,574.00,307.00,0,155246
23321,634,633.00,308.00,0,155255
23446,635,661.00,308.00,0,155264
23573,638,603.00,326.00,0,155273
23699,641,741.00,322.00,0,155281
23827,645,761.00,325.00,0,155290
23955,649,780.00,325.00,0,155299
24079,652,678.00,341.00,0,155308
24205,655,604.00,324.00,0,155317
24331,657,623.00,341.00,0,155326
24458,660,664.00,325.00,0,155334
24584,662,655.00,309.00,0,155343
24711,665,650.00,325.00,0,155352
24841,668,742.00,325.00,0,155361
24967,670,773.00,321.00,0,155370
25092,671,704.00,308.00,0,155378
25217,672,607.00,308.00,0,155387
25343,674,564.00,308.00,0,155397
25469,676,656.00,324.00,0,155405
25595,678,646.00,307.00,0,155414
25722,682,667.00,324.00,0,155423
25851,686,708.00,325.00,0,155431
25977,689,726.00,325.00,0,155441
26102,692,694.00,342.00,0,155449
26228,694,675.00,341.00,0,155458
26355,696,545.00,325.00,0,155467
26481,698,643.00,308.00,0,155475
26607,701,678.00,325.00,0,155485
26735,704,716.00,325.00,0,155494
26863,706,675.00,308.00,0,155502
26990,708,719.00,308.00,0,155511
27115,710,691.00,308.00,0,155521
27240,712,655.00,308.00,0,155529
27366,713,466.00,309.00,0,155538
27493,715,614.00,325.00,0,155546
27618,718,654.00,308.00,0,155555
27745,722,739.00,308.00,0,155565
27874,725,725.00,325.00,0,155573
28000,728,651.00,307.00,0,155582
28125,731,673.00,325.00,0,155591
28251,734,708.00,325.00,0,155599
28378,736,623.00,307.00,0,155609
28505,738,568.00,309.00,0,155617
28631,742,691.00,308.00,0,155626
28758,744,766.00,308.00,0,155635
28887,747,764.00,325.00,0,155643
29013,749,630.00,325.00,0,155653
29138,750,678.00,325.00,0,155662
29263,751,715.00,325.00,0,155670
29389,752,626.00,325.00,0,155679
29515,755,620.00,325.00,0,155688
29641,758,661.00,325.00,0,155697
29769,762,783.00,325.00,0,155706
29897,766,760.00,325.00,0,155714
30023,769,598.00,325.00,0,155723
30149,772,636.00,308.00,0,155732
30275,774,728.00,324.00,0,155741
30401,776,644.00,325.00,0,155750
30527,778,538.00,324.00,0,155759
30653,780,646.00,325.00,0,155767
30781,783,780.00,308.00,0,155777
30909,786,782.00,308.00,0,155785
31035,787,603.00,326.00,0,155794
31160,789,625.00,325.00,0,155803
31286,790,721.00,325.00,0,155811
31412,792,675.00,325.00,0,155821
31538,796,552.00,324.00,0,155830
31665,799,610.00,325.00,0,155838
31793,802,778.00,325.00,0,155847
31921,806,764.00,308.00,0,155856
32045,808,589.00,308.00,0,155865
32171,810,577.00,307.00,0,155874
32298,812,703.00,325.00,0,155882
32424,814,669.00,308.00,0,155891
32551,816,578.00,308.00,0,155900
32677,819,576.00,308.00,0,155909
32805,822,783.00,326.00,0,155918
32932,824,795.00,325.00,0,155927
33058,826,658.00,325.00,0,155935
33183,828,564.00,324.00,0,155944
33309,830,687.00,325.00,0,155954
33436,832,701.00,324.00,0,155962
33561,834,605.00,324.00,0,155971
33687,838,533.00,325.00,0,155979
33817,841,750.00,325.00,0,155988
33943,844,762.00,308.00,0,155998
34069,846,634.00,308.00,0,156006
34194,848,635.00,308.00,0,156015
34321,850,660.00,308.00,0,156024
34447,852,679.00,326.00,0,156033
34573,855,640.00,307.00,0,156042
34700,858,647.00,318.00,0,156050
34827,860,741.00,325.00,0,156059
34955,862,773.00,341.00,0,156068
35081,864,685.00,324.00,0,156077
35206,866,616.00,325.00,0,156086
35332,868,628.00,326.00,0,156095
35459,870,668.00,325.00,0,156103
35585,873,643.00,308.00,0,156112
35711,876,601.00,308.00,0,156122
35839,880,693.00,325.00,0,156130
35967,882,718.00,308.00,0,156139
36092,884,671.00,325.00,0,156147
36217,887,617.00,307.00,0,156156
36345,889,600.00,325.00,0,156166
36471,891,665.00,320.00,0,156174
36597,894,681.00,324.00,0,156183
36723,896,668.00,325.00,0,156192
36851,899,692.00,325.00,0,156200
36979,901,723.00,341.00,0,156210
37103,903,695.00,325.00,0,156219
37229,905,675.00,308.00,0,156227
37356,907,557.00,308.00,0,156236
37482,909,657.00,308.00,0,156244
37608,912,667.00,325.00,0,156254
37735,915,678.00,308.00,0,156263
37863,918,624.00,308.00,0,156271
37989,921,665.00,324.00,0,156280
38115,923,675.00,325.00,0,156290
38241,925,703.00,308.00,0,156298
38368,927,499.00,308.00,0,156307
38493,930,627.00,308.00,0,156315
38620,932,689.00,325.00,0,156324
38747,935,729.00,309.00,0,156334
38875,938,703.00,325.00,0,156342
39001,940,658.00,325.00,0,156351
39127,941,689.00,325.00,0,156360
39253,942,709.00,325.00,0,156368
39379,944,629.00,324.00,0,156378
39505,946,578.00,308.00,0,156387
39631,949,662.00,308.00,0,156395
39759,952,738.00,308.00,0,156404
39887,956,723.00,325.00,0,156412
40013,958,592.00,325.00,0,156422
40138,960,669.00,308.00,0,156431
40263,962,732.00,308.00,0,156439
40391,964,662.00,313.00,0,156448
40517,966,573.00,325.00,0,156457
40643,968,651.00,308.00,0,156466
40771,971,770.00,325.00,0,156475
40898,974,738.00,308.00,0,156483
41024,976,596.00,313.00,0,156492
41149,977,651.00,324.00,0,156502
41276,978,725.00,308.00,0,156510
41403,981,647.00,308.00,0,156519
41529,984,537.00,308.00,0,156528
41654,986,611.00,325.00,0,156536
41782,990,758.00,324.00,0,156546
41909,993,762.00,325.00,0,156555
42035,996,582.00,308.00,0,156563
42161,998,628.00,308.00,0,156572
42287,999,750.00,325.00,0,156580
42414,1000,692.00,341.00,0,156590
42543,1002,578.00,308.00,0,156599
42673,1004,570.00,307.00,0,156608
42805,1008,752.00,308.00,0,156617
42936,1010,777.00,342.00,0,156626
43065,1012,639.00,308.00,0,156636
43195,1015,621.00,324.00,0,156645
43325,1017,657.00,308.00,0,156654
43455,1020,725.00,341.00,0,156662
43585,1022,645.00,324.00,0,156672
43715,1025,607.00,324.00,0,156681
43847,1028,673.00,324.00,0,156690
43977,1030,695.00,325.00,0,156699
44106,1032,674.00,325.00,0,156708
44236,1034,673.00,308.00,0,156718
44367,1036,510.00,322.00,0,156727
44496,1038,628.00,325.00,0,156736
44626,1041,673.00,308.00,0,156744
44757,1044,730.00,325.00,0,156753
44889,1046,729.00,325.00,0,156763
45018,1049,646.00,324.00,0,156772
45147,1051,655.00,308.00,0,156781
45278,1052,733.00,308.00,0,156790
45409,1055,671.00,326.00,0,156800
45537,1058,568.00,341.00,0,156809
45667,1060,595.00,325.00,0,156818
45799,1063,753.00,308.00,0,156826
45930,1066,751.00,325.00,0,156835
46058,1068,618.00,324.00,0,156845
46188,1070,533.00,308.00,0,156854
46319,1071,673.00,325.00,0,156863
46449,1074,708.00,325.00,0,156872
46579,1076,653.00,308.00,0,156881
46709,1079,614.00,337.00,0,156891
46841,1082,685.00,308.00,0,156899
46971,1086,727.00,324.00,0,156908
47100,1088,695.00,325.00,0,156917
47231,1089,672.00,308.00,0,156926
47361,1090,537.00,325.00,0,156936
47490,1092,627.00,308.00,0,156945
47620,1095,674.00,325.00,0,156954
47751,1098,727.00,325.00,0,156963
47882,1100,698.00,311.00,0,156973
48012,1102,578.00,325.00,0,156981
48141,1104,669.00,308.00,0,156990
48271,1106,745.00,308.00,0,156999
48401,1109,657.00,324.00,0,157008
48531,1112,538.00,307.00,0,157018
48661,1114,605.00,308.00,0,157027
48793,1117,763.00,325.00,0,157036
48924,1120,750.00,325.00,0,157045
49053,1122,601.00,325.00,0,157054
49182,1123,573.00,326.00,0,157063
49313,1124,690.00,325.00,0,157072
49443,1126,691.00,325.00,0,157081
49573,1129,634.00,325.00,0,157090
49701,1132,625.00,313.00,0,157100
49833,1135,693.00,325.00,0,157109
49964,1138,709.00,308.00,0,157118
50093,1140,653.00,308.00,0,157127
50223,1142,671.00,325.00,0,157136
50353,1144,578.00,341.00,0,157145
50484,1147,653.00,324.00,0,157154
50615,1150,667.00,308.00,0,157163
50744,1152,703.00,309.00,0,157172
50877,1154,694.00,325.00,0,157181
51005,1156,592.00,325.00,0,157191
51135,1158,669.00,325.00,0,157200
51265,1160,748.00,324.00,0,157209
51395,1162,666.00,308.00,0,157218
51525,1164,528.00,308.00,0,157227
51655,1167,608.00,308.00,0,157236
51786,1170,756.00,308.00,0,157245
51917,1173,750.00,308.00,0,157254
52046,1176,583.00,308.00,0,157263
52177,1178,568.00,325.00,0,157273
52306,1180,717.00,325.00,0,157282
52437,1181,701.00,308.00,0,157291
52567,1184,610.00,323.00,0,157300
52696,1186,470.00,325.00,0,157308
52827,1189,703.00,308.00,0,157318
52959,1192,745.00,324.00,0,157327
53087,1194,653.00,325.00,0,157336
53217,1196,628.00,324.00,0,157345
53348,1197,602.00,308.00,0,157355
53479,1200,688.00,342.00,0,157364
53608,1202,658.00,308.00,0,157373
53738,1206,666.00,325.00,0,157381
53869,1208,685.00,314.00,0,157390
53999,1210,633.00,341.00,0,157400
54129,1212,648.00,307.00,0,157409
54259,1214,721.00,308.00,0,157418
54389,1216,651.00,325.00,0,157427
54519,1218,559.00,341.00,0,157436
54649,1221,631.00,325.00,0,157446
54780,1224,747.00,308.00,0,157455
54911,1227,747.00,324.00,0,157463
55041,1230,594.00,324.00,0,157472
55171,1232,594.00,324.00,0,157481
55301,1234,714.00,324.00,0,157491
55431,1236,713.00,325.00,0,157500
55560,1238,609.00,325.00,0,157509
55689,1240,505.00,308.00,0,157518
55821,1242,703.00,308.00,0,157528
55951,1244,729.00,324.00,0,157537
56081,1247,652.00,341.00,0,157545
56211,1249,602.00,308.00,0,157554
56342,1251,595.00,309.00,0,157563
56472,1254,671.00,308.00,0,157573
56601,1256,676.00,325.00,0,157582
56731,1259,646.00,308.00,0,157591
56863,1262,578.00,308.00,0,157600
56993,1264,646.00,325.00,0,157609
57123,1266,692.00,342.00,0,157619
57253,1268,716.00,325.00,0,157627
57383,1270,638.00,307.00,0,157636
57513,1272,647.00,316.00,0,157645
57643,1275,649.00,341.00,0,157655
57773,1278,738.00,308.00,0,157664
57905,1280,711.00,317.00,0,157673
58034,1282,551.00,308.00,0,157682
58163,1284,623.00,325.00,0,157691
58295,1286,714.00,308.00,0,157701
58425,1288,695.00,325.00,0,157709
58555,1291,596.00,308.00,0,157718
58683,1294,548.00,324.00,0,157727
58815,1297,713.00,325.00,0,157736
58947,1300,750.00,325.00,0,157746
59075,1301,645.00,308.00,0,157755
59205,1302,596.00,308.00,0,157764
59335,1304,624.00,323.00,0,157773
59466,1306,668.00,325.00,0,157782
59595,1308,639.00,325.00,0,157791
59724,1311,619.00,309.00,0,157800
59856,1314,596.00,308.00,0,157809
59987,1318,651.00,325.00,0,157818
60117,1321,680.00,308.00,0,157828
60247,1323,721.00,325.00,0,157837
60377,1324,642.00,317.00,0,157846
60507,1326,571.00,325.00,0,157855
60637,1328,653.00,325.00,0,157863
60767,1330,727.00,341.00,0,157873
60899,1332,689.00,308.00,0,157882
61029,1335,547.00,307.00,0,157891
61158,1338,619.00,324.00,0,157900
61288,1340,742.00,325.00,0,157910
61419,1342,692.00,308.00,0,157919
61549,1346,563.00,308.00,0,157928
61677,1348,542.00,308.00,0,157937
61809,1350,732.00,307.00,0,157945
61940,1352,727.00,325.00,0,157955
62069,1353,588.00,308.00,0,157964
62198,1355,596.00,308.00,0,157973
62329,1358,657.00,325.00,0,157982
62459,1360,687.00,308.00,0,157991
62589,1364,652.00,324.00,0,158001
62719,1367,622.00,324.00,0,158010
62850,1370,638.00,307.00,0,158019
62981,1372,665.00,325.00,0,158027
63111,1374,668.00,307.00,0,158036
63241,1375,688.00,308.00,0,158046
63371,1376,484.00,308.00,0,158055
63501,1378,589.00,308.00,0,158064
63631,1381,624.00,308.00,0,158073
63761,1384,708.00,307.00,0,158083
63891,1387,695.00,308.00,0,158092
64021,1390,574.00,324.00,0,158101
64151,1393,628.00,325.00,0,158109
64283,1396,726.00,308.00,0,158118
64412,1398,691.00,325.00,0,158128
64541,1400,565.00,341.00,0,158137
64671,1402,555.00,325.00,0,158146
64803,1404,734.00,308.00,0,158155
64934,1406,738.00,342.00,0,158164
65063,1408,616.00,341.00,0,158174
65193,1410,621.00,325.00,0,158183
65323,1412,662.00,326.00,0,158191
65454,1415,700.00,324.00,0,158200
65583,1418,642.00,309.00,0,158210
65713,1420,577.00,308.00,0,158219
65845,1424,640.00,308.00,0,158228
65974,1426,665.00,308.00,0,158237
66105,1428,669.00,308.00,0,158246
66235,1430,662.00,325.00,0,158256
66365,1432,492.00,308.00,0,158264
66494,1434,635.00,341.00,0,158273
66624,1436,643.00,307.00,0,158282
66755,1439,685.00,308.00,0,158291
66887,1442,673.00,325.00,0,158301
67015,1444,670.00,308.00,0,158310
67145,1446,634.00,325.00,0,158319
67276,1448,731.00,325.00,0,158328
67406,1450,676.00,324.00,0,158338
67536,1453,546.00,324.00,0,158346
67665,1456,584.00,341.00,0,158355
67797,1458,730.00,324.00,0,158364
67928,1460,720.00,307.00,0,158373
68056,1462,583.00,308.00,0,158383
68186,1464,529.00,341.00,0,158392
68317,1466,673.00,325.00,0,158401
68447,1468,681.00,324.00,0,158410
68576,1471,623.00,309.00,0,158419
68707,1474,595.00,342.00,0,158428
68839,1478,648.00,325.00,0,158437
68969,1480,692.00,308.00,0,158446
69098,1482,676.00,325.00,0,158455
69229,1484,676.00,328.00,0,158465
69359,1486,537.00,308.00,0,158474
69489,1487,635.00,325.00,0,158483
69618,1490,639.00,325.00,0,158492
69749,1492,693.00,325.00,0,158501
69880,1494,656.00,324.00,0,158510
70010,1498,553.00,324.00,0,158519
70139,1500,651.00,307.00,0,158528
70270,1503,736.00,308.00,0,158537
70400,1506,639.00,325.00,0,158546
70530,1508,520.00,308.00,0,158556
70659,1510,598.00,325.00,0,158565
70791,1512,740.00,341.00,0,158574
70921,1514,714.00,308.00,0,158583
71051,1516,577.00,325.00,0,158592
71181,1518,543.00,308.00,0,158601
71311,1520,701.00,324.00,0,158610
71442,1523,687.00,307.00,0,158619
71571,1526,617.00,308.00,0,158628
71701,1529,611.00,308.00,0,158638
71833,1532,683.00,325.00,0,158647
71963,1534,680.00,325.00,0,158656
72092,1536,630.00,324.00,0,158665
72222,1538,630.00,308.00,0,158673
72353,1540,561.00,325.00,0,158683
72482,1542,650.00,309.00,0,158692
72613,1546,662.00,325.00,0,158701
72742,1548,660.00,308.00,0,158710
72874,1552,665.00,324.00,0,158720
73004,1554,586.00,325.00,0,158729
73133,1556,659.00,324.00,0,158738
73263,1558,733.00,325.00,0,158746
73395,1559,639.00,308.00,0,158755
73523,1561,523.00,325.00,0,158765
73653,1563,592.00,307.00,0,158774
73785,1566,728.00,325.00,0,158783
73915,1568,720.00,329.00,0,158792
74044,1571,538.00,308.00,0,158801
74175,1574,555.00,324.00,0,158811
74305,1576,705.00,325.00,0,158820
74435,1578,702.00,341.00,0,158828
74565,1580,599.00,325.00,0,158837
74694,1583,462.00,324.00,0,158846
74826,1586,685.00,324.00,0,158856
74957,1588,723.00,341.00,0,158865
75085,1590,637.00,325.00,0,158874
75216,1592,605.00,308.00,0,158883
75347,1594,584.00,308.00,0,158893
75477,1596,654.00,324.00,0,158902
75606,1598,640.00,325.00,0,158910
75736,1600,632.00,325.00,0,158919
75868,1604,658.00,302.00,0,158928
75997,1606,596.00,341.00,0,158938
76127,1609,642.00,325.00,0,158947
76257,1612,709.00,308.00,0,158956
76388,1614,635.00,326.00,0,158965
76517,1615,549.00,325.00,0,158974
76647,1617,616.00,308.00,0,158984
76778,1619,694.00,308.00,0,158992
76909,1621,691.00,308.00,0,159001
77038,1624,537.00,307.00,0,159010
77169,1626,595.00,325.00,0,159020
77299,1629,709.00,308.00,0,159029
77429,1632,701.00,325.00,0,159038
77559,1634,591.00,325.00,0,159047
77688,1636,487.00,325.00,0,159056
77819,1638,679.00,325.00,0,159066
77951,1640,697.00,325.00,0,159074
78079,1641,613.00,325.00,0,159083
78209,1643,578.00,324.00,0,159092
78340,1646,586.00,324.00,0,159101
78470,1649,655.00,308.00,0,159111
78599,1652,662.00,324.00,0,159120
78730,1656,636.00,312.00,0,159129
78861,1658,559.00,324.00,0,159138
78991,1660,615.00,308.00,0,159147
79121,1662,651.00,308.00,0,159156
79251,1662,688.00,325.00,0,159165
79381,1664,608.00,307.00,0,159174
79512,1666,555.00,324.00,0,159183
79640,1670,611.00,308.00,0,159193
79771,1673,733.00,325.00,0,159202
79901,1676,683.00,308.00,0,159211
80030,1680,509.00,307.00,0,159220
80159,1682,583.00,308.00,0,159228
80291,1683,712.00,308.00,0,159238
80421,1684,662.00,325.00,0,159247
80550,1686,559.00,325.00,0,159256
80679,1688,490.00,308.00,0,159265
80811,1692,700.00,325.00,0,159275
80942,1695,707.00,325.00,0,159284
81072,1698,613.00,308.00,0,159293
81201,1701,593.00,325.00,0,159302
81332,1702,623.00,308.00,0,159310
81463,1704,657.00,326.00,0,159320
81592,1705,625.00,325.00,0,159329
81721,1707,578.00,308.00,0,159338
81853,1709,571.00,325.00,0,159347
81983,1712,608.00,325.00,0,159356
82113,1715,628.00,308.00,0,159366
82243,1718,702.00,324.00,0,159375
82373,1722,635.00,325.00,0,159384
82503,1724,569.00,308.00,0,159392
82633,1725,611.00,307.00,0,159401
82763,1726,688.00,324.00,0,159411
82895,1728,658.00,309.00,0,159420
83023,1730,517.00,341.00,0,159429
83153,1732,577.00,308.00,0,159438
83284,1735,711.00,325.00,0,159448
83415,1738,676.00,325.00,0,159457
83544,1742,540.00,308.00,0,159466
83674,1745,513.00,308.00,0,159474
83805,1747,699.00,325.00,0,159483
83936,1748,692.00,307.00,0,159493
84065,1750,556.00,307.00,0,159502
84195,1752,602.00,325.00,0,159511
84325,1754,625.00,308.00,0,159520
84455,1756,658.00,308.00,0,159529
84585,1760,623.00,325.00,0,159539
84715,1764,564.00,308.00,0,159548
84846,1766,603.00,325.00,0,159556
84977,1769,642.00,325.00,0,159565
85107,1771,651.00,308.00,0,159575
85237,1773,652.00,325.00,0,159584
85367,1775,458.00,308.00,0,159593
85497,1777,579.00,341.00,0,159602
85627,1779,608.00,325.00,0,159611
85757,1782,667.00,308.00,0,159621
85888,1784,653.00,325.00,0,159629
86017,1787,564.00,341.00,0,159638
86147,1790,600.00,308.00,0,159647
86279,1792,683.00,308.00,0,159656
86407,1794,651.00,326.00,0,159666
86538,1797,539.00,325.00,0,159675
86667,1800,532.00,325.00,0,159684
86799,1802,682.00,308.00,0,159693
86929,1804,698.00,325.00,0,159703
87059,1806,564.00,325.00,0,159711
87189,1808,610.00,325.00,0,159720
87320,1811,655.00,324.00,0,159729
87450,1814,667.00,308.00,0,159738
87579,1818,619.00,342.00,0,159748
87709,1820,551.00,325.00,0,159757
87841,1822,607.00,308.00,0,159766
87971,1824,644.00,308.00,0,159775
88100,1826,637.00,325.00,0,159784
88230,1828,621.00,308.00,0,159793
88361,1831,495.00,325.00,0,159802
88491,1834,620.00,325.00,0,159811
88620,1837,640.00,341.00,0,159820
88751,1840,670.00,325.00,0,159830
88883,1843,632.00,325.00,0,159839
89011,1844,515.00,325.00,0,159848
89141,1846,620.00,341.00,0,159857
89272,1847,703.00,325.00,0,159866
89402,1849,631.00,324.00,0,159875
89533,1852,518.00,324.00,0,159884
89661,1856,554.00,341.00,0,159893
89793,1859,698.00,325.00,0,159902
89924,1862,690.00,325.00,0,159911
90053,1864,536.00,308.00,0,159921
90183,1866,513.00,342.00,0,159930
90313,1868,651.00,325.00,0,159939
90444,1870,657.00,325.00,0,159948
90573,1872,615.00,316.00,0,159956
90703,1876,557.00,325.00,0,159966
90834,1879,620.00,324.00,0,159975
90965,1882,660.00,325.00,0,159984
91095,1884,614.00,315.00,0,159993
91225,1886,641.00,325.00,0,160003
91355,1888,509.00,308.00,0,160012
91485,1890,608.00,325.00,0,160021
91614,1893,625.00,307.00,0,160030
91745,1896,674.00,325.00,0,160038
91876,1899,620.00,325.00,0,160048
92006,1902,519.00,324.00,0,160057
92136,1904,620.00,308.00,0,160066
92266,1906,723.00,341.00,0,160075
92396,1908,613.00,308.00,0,160084
92526,1910,499.00,325.00,0,160094
92655,1912,560.00,325.00,0,160103
92787,1914,696.00,341.00,0,160111
92917,1917,682.00,325.00,0,160120
93047,1920,513.00,325.00,0,160130
93177,1922,525.00,324.00,0,160139
93307,1925,685.00,341.00,0,160148
93439,1927,660.00,326.00,0,160157
93567,1929,584.00,325.00,0,160166
93697,1931,623.00,324.00,0,160176
93827,1933,635.00,341.00,0,160185
93958,1936,637.00,308.00,0,160193
94088,1938,579.00,309.00,0,160202
94219,1941,580.00,308.00,0,160211
94349,1944,542.00,325.00,0,160221
94479,1947,617.00,325.00,0,160230
94608,1950,617.00,325.00,0,160239
94738,1952,629.00,325.00,0,160248
94869,1954,633.00,324.00,0,160258
94999,1956,543.00,307.00,0,160267
95129,1958,602.00,308.00,0,160275
95261,1960,676.00,308.00,0,160284
95390,1962,623.00,326.00,0,160293
95521,1966,519.00,308.00,0,160303
95650,1968,564.00,307.00,0,160312
95781,1971,679.00,325.00,0,160321
95911,1974,668.00,308.00,0,160330
96041,1976,501.00,326.00,0,160339
96171,1978,529.00,308.00,0,160349
96301,1980,677.00,325.00,0,160357
96432,1982,675.00,325.00,0,160366
96561,1985,561.00,307.00,0,160375
96690,1988,423.00,308.00,0,160385
96823,1990,646.00,325.00,0,160394
96953,1992,675.00,341.00,0,160403
97082,1995,586.00,324.00,0,160412
97213,1998,579.00,325.00,0,160421
97343,2000,559.00,325.00,0,160431
97473,2002,630.00,325.00,0,160439
97603,2005,619.00,323.00,0,160448
97733,2008,593.00,307.00,0,160457
97863,2010,507.00,324.00,0,160466
97993,2012,566.00,324.00,0,160476
98123,2014,613.00,308.00,0,160485
98253,2017,656.00,308.00,0,160494
98385,2020,599.00,324.00,0,160503
98513,2022,527.00,325.00,0,160513
98643,2025,600.00,325.00,0,160521
98774,2028,679.00,307.00,0,160530
98905,2030,660.00,325.00,0,160539
99034,2033,501.00,325.00,0,160548
99164,2035,566.00,341.00,0,160558
99295,2037,669.00,307.00,0,160567
99426,2039,652.00,311.00,0,160576
99555,2042,536.00,325.00,0,160585
99684,2044,472.00,342.00,0,160593
99815,2046,646.00,325.00,0,160603
99947,2049,658.00,325.00,0,160612
100075,2051,563.00,320.00,0,160621
100209,2053,545.00,324.00,0,160631
100344,2054,527.00,325.00,0,160641
100477,2056,588.00,325.00,0,160650
100611,2059,606.00,325.00,0,160659
100744,2062,616.00,325.00,0,160668
100879,2064,611.00,320.00,0,160677
101013,2066,475.00,309.00,0,160687
101147,2069,564.00,308.00,0,160697
101281,2071,672.00,325.00,0,160706
101415,2073,625.00,325.00,0,160715
101548,2075,490.00,308.00,0,160724
101681,2077,453.00,325.00,0,160734
101816,2080,618.00,325.00,0,160743
101951,2082,634.00,308.00,0,160752
102081,2084,542.00,308.00,0,160762
102215,2086,560.00,324.00,0,160772
102349,2089,507.00,325.00,0,160781
102484,2091,565.00,308.00,0,160790
102617,2094,591.00,325.00,0,160799
102751,2096,631.00,308.00,0,160808
102885,2100,601.00,308.00,0,160818
103019,2102,501.00,324.00,0,160827
103153,2104,544.00,308.00,0,160837
103287,2105,669.00,327.00,0,160846
103421,2106,603.00,325.00,0,160856
103554,2107,513.00,325.00,0,160865
103687,2109,395.00,342.00,0,160874
103822,2112,597.00,308.00,0,160883
103956,2115,612.00,325.00,0,160892
104090,2118,568.00,325.00,0,160903
104223,2122,591.00,341.00,0,160912
104358,2124,449.00,325.00,0,160921
104491,2125,554.00,325.00,0,160930
104625,2126,566.00,325.00,0,160940
104759,2127,609.00,325.00,0,160949
104893,2128,598.00,308.00,0,160958
105027,2131,440.00,325.00,0,160968
105135,2134,826.00,375.00,0,160977
105139,2138,826.00,443.00,0,160987
105049,2139,825.00,492.00,0,160996
104931,2140,805.00,493.00,0,161005
104802,2139,798.00,508.00,0,161014
104669,2138,790.00,509.00,0,161024
104532,2138,701.00,492.00,0,161034
104397,2138,660.00,509.00,0,161043
104264,2138,749.00,492.00,0,161052
104133,2138,790.00,500.00,0,161061
103999,2136,788.00,492.00,0,161071
103865,2134,784.00,492.00,0,161080
103731,2132,762.00,475.00,0,161089
103599,2130,783.00,509.00,0,161099
103465,2128,782.00,493.00,0,161108
103329,2127,783.00,493.00,0,161118
103197,2126,801.00,509.00,0,161127
103065,2124,784.00,475.00,0,161136
102933,2122,785.00,493.00,0,161145
102801,2120,793.00,475.00,0,161155
102668,2117,806.00,485.00,0,161165
102536,2114,807.00,492.00,0,161174
102403,2112,788.00,492.00,0,161183
102268,2111,794.00,509.00,0,161192
102137,2110,810.00,493.00,0,161202
102005,2108,801.00,492.00,0,161211
101871,2106,809.00,510.00,0,161220
101738,2102,799.00,492.00,0,161230
101606,2099,810.00,492.00,0,161240
101471,2096,813.00,493.00,0,161249
101335,2092,795.00,475.00,0,161258
101200,2090,806.00,492.00,0,161267
101067,2088,788.00,487.00,0,161276
100931,2086,793.00,491.00,0,161286
100798,2084,804.00,509.00,0,161296
100665,2082,811.00,491.00,0,161305
100534,2080,820.00,509.00,0,161314
100399,2076,799.00,493.00,0,161324
100265,2072,797.00,509.00,0,161333
100133,2067,809.00,492.00,0,161342
99998,2064,801.00,492.00,0,161351
99866,2063,805.00,509.00,0,161360
99736,2062,798.00,492.00,0,161370
99607,2060,798.00,476.00,0,161379
99477,2058,821.00,509.00,0,161388
99345,2055,806.00,510.00,0,161397
99217,2050,805.00,492.00,0,161405
99088,2046,805.00,493.00,0,161415
98958,2042,800.00,491.00,0,161424
98827,2040,822.00,509.00,0,161433
98697,2040,805.00,493.00,0,161442
98568,2039,806.00,475.00,0,161452
98438,2038,805.00,493.00,0,161461
98306,2034,802.00,492.00,0,161470
98177,2030,825.00,493.00,0,161479
98049,2026,808.00,509.00,0,161487
97917,2022,800.00,507.00,0,161497
97785,2020,802.00,492.00,0,161506
97656,2019,811.00,509.00,0,161515
97526,2018,816.00,475.00,0,161524
97394,2016,795.00,492.00,0,161533
97263,2014,795.00,492.00,0,161543
97135,2009,816.00,492.00,0,161552
97007,2004,811.00,509.00,0,161561
96877,2000,812.00,509.00,0,161569
96746,1999,806.00,493.00,0,161579
96617,1998,807.00,509.00,0,161588
96487,1998,821.00,508.00,0,161597
96355,1996,817.00,509.00,0,161606
96225,1993,808.00,492.00,0,161615
96096,1988,810.00,498.00,0,161625
95967,1984,802.00,493.00,0,161634
95835,1980,826.00,509.00,0,161642
95704,1978,810.00,509.00,0,161651
95575,1978,806.00,491.00,0,161660
95443,1977,798.00,492.00,0,161670
95312,1975,805.00,509.00,0,161679
95183,1972,825.00,492.00,0,161688
95055,1968,813.00,509.00,0,161697
94925,1964,808.00,493.00,0,161707
94795,1960,809.00,492.00,0,161716
94665,1958,819.00,492.00,0,161724
94535,1958,820.00,492.00,0,161733
94404,1956,798.00,508.00,0,161742
94271,1954,799.00,492.00,0,161752
94143,1952,821.00,493.00,0,161761
94013,1948,810.00,492.00,0,161770
93883,1944,805.00,509.00,0,161779
93751,1940,803.00,484.00,0,161788
93623,1938,812.00,509.00,0,161798
93492,1937,820.00,492.00,0,161806
93361,1936,804.00,509.00,0,161815
93229,1935,812.00,509.00,0,161824
93103,1932,814.00,508.00,0,161833
92973,1928,813.00,492.00,0,161843
92844,1924,825.00,509.00,0,161852
92715,1920,815.00,509.00,0,161861
92587,1918,817.00,494.00,0,161870
92455,1916,817.00,508.00,0,161880
92321,1914,801.00,509.00,0,161888
92190,1914,824.00,493.00,0,161897
92061,1911,801.00,492.00,0,161906
91929,1908,800.00,509.00,0,161915
91799,1904,813.00,509.00,0,161925
91669,1900,814.00,475.00,0,161934
91541,1898,823.00,493.00,0,161943
91409,1895,804.00,509.00,0,161952
91277,1894,798.00,508.00,0,161961
91148,1892,825.00,508.00,0,161970
91019,1890,812.00,492.00,0,161979
90889,1888,806.00,492.00,0,161988
90759,1885,809.00,493.00,0,161997
90633,1882,819.00,493.00,0,162007
90503,1878,826.00,475.00,0,162016
90371,1876,810.00,493.00,0,162025
90239,1874,806.00,509.00,0,162034
90110,1872,810.00,509.00,0,162043
89979,1870,807.00,509.00,0,162052
89847,1868,826.00,492.00,0,162061
89717,1866,806.00,492.00,0,162070
89589,1864,814.00,492.00,0,162079
89459,1860,820.00,509.00,0,162088
89327,1856,816.00,509.00,0,162098
89197,1854,823.00,509.00,0,162107
89069,1851,804.00,509.00,0,162116
88937,1850,802.00,493.00,0,162124
88807,1848,821.00,493.00,0,162134
88678,1847,823.00,508.00,0,162143
88550,1845,824.00,509.00,0,162152
88419,1842,810.00,492.00,0,162161
88288,1839,809.00,509.00,0,162170
88159,1836,825.00,492.00,0,162180
88029,1831,814.00,492.00,0,162189
87897,1828,806.00,493.00,0,162198
87765,1826,804.00,509.00,0,162206
87634,1824,809.00,509.00,0,162215
87503,1822,825.00,493.00,0,162225
87371,1821,796.00,492.00,0,162234
87241,1819,802.00,505.00,0,162243
87113,1816,810.00,492.00,0,162252
86985,1813,815.00,509.00,0,162262
86855,1809,823.00,492.00,0,162271
86727,1806,816.00,493.00,0,162280
86598,1803,816.00,492.00,0,162288
86467,1802,825.00,509.00,0,162297
86335,1800,816.00,509.00,0,162307
86204,1800,817.00,492.00,0,162316
86075,1798,807.00,504.00,0,162325
85945,1795,805.00,509.00,0,162334
85814,1792,821.00,493.00,0,162343
85685,1788,820.00,493.00,0,162353
85556,1784,817.00,492.00,0,162362
85425,1781,803.00,501.00,0,162370
85292,1779,805.00,492.00,0,162379
85161,1778,825.00,508.00,0,162388
85031,1776,808.00,508.00,0,162398
84902,1776,808.00,493.00,0,162407
84773,1774,815.00,509.00,0,162416
84645,1772,822.00,493.00,0,162425
84517,1770,825.00,493.00,0,162435
84387,1766,819.00,493.00,0,162444
84257,1762,815.00,509.00,0,162452
84127,1758,823.00,493.00,0,162461
83996,1756,815.00,492.00,0,162470
83863,1754,814.00,492.00,0,162480
83733,1754,807.00,492.00,0,162489
83603,1754,817.00,492.00,0,162498
83473,1752,825.00,493.00,0,162507
83342,1750,816.00,509.00,0,162516
83213,1746,824.00,492.00,0,162525
83085,1741,820.00,492.00,0,162534
82955,1737,817.00,493.00,0,162543
82825,1734,825.00,492.00,0,162552
82695,1734,820.00,493.00,0,162562
82565,1733,821.00,493.00,0,162571
82435,1733,815.00,492.00,0,162580
82302,1732,804.00,493.00,0,162589
82173,1728,825.00,493.00,0,162598
82044,1724,819.00,508.00,0,162607
81913,1719,814.00,509.00,0,162616
81781,1714,816.00,509.00,0,162625
81652,1712,814.00,492.00,0,162634
81521,1711,826.00,492.00,0,162643
81387,1710,796.00,493.00,0,162653
81256,1710,798.00,509.00,0,162662
81127,1708,816.00,493.00,0,162671
80998,1706,818.00,492.00,0,162680
80869,1702,824.00,509.00,0,162689
80741,1698,816.00,496.00,0,162698
80613,1695,822.00,509.00,0,162707
80485,1692,825.00,492.00,0,162716
80351,1691,823.00,509.00,0,162725
80220,1690,815.00,509.00,0,162735
80090,1688,810.00,509.00,0,162744
79959,1686,810.00,493.00,0,162753
79827,1683,825.00,509.00,0,162762
79697,1680,817.00,509.00,0,162770
79568,1676,811.00,508.00,0,162780
79437,1674,810.00,508.00,0,162789
79303,1672,802.00,508.00,0,162798
79174,1670,825.00,509.00,0,162807
79045,1669,814.00,492.00,0,162817
78915,1668,812.00,509.00,0,162826
78786,1666,818.00,492.00,0,162835
78659,1664,825.00,492.00,0,162844
78533,1662,825.00,509.00,0,162852
78403,1660,818.00,510.00,0,162862
78273,1656,822.00,492.00,0,162871
78144,1653,825.00,492.00,0,162880
78014,1650,821.00,493.00,0,162889
77881,1647,819.00,492.00,0,162898
77749,1646,817.00,493.00,0,162908
77619,1645,818.00,492.00,0,162917
77488,1644,826.00,509.00,0,162926
77356,1643,820.00,491.00,0,162934
77225,1640,822.00,506.00,0,162944
77097,1638,818.00,492.00,0,162953
76968,1634,819.00,509.00,0,162962
76839,1630,825.00,475.00,0,162971
76709,1627,824.00,509.00,0,162980
76581,1626,823.00,492.00,0,162990
76449,1624,821.00,493.00,0,162999
76317,1624,811.00,492.00,0,163008
76187,1622,825.00,493.00,0,163016
76057,1620,818.00,507.00,0,163025
75925,1616,810.00,509.00,0,163035
75795,1613,820.00,476.00,0,163044
75666,1610,825.00,509.00,0,163053
75537,1606,826.00,493.00,0,163062
75404,1604,805.00,492.00,0,163072
75271,1602,804.00,509.00,0,163081
75141,1600,822.00,493.00,0,163089
75011,1598,810.00,491.00,0,163098
74881,1596,811.00,475.00,0,163107
74751,1594,817.00,492.00,0,163117
74624,1592,820.00,492.00,0,163126
74495,1591,825.00,509.00,0,163135
74364,1589,818.00,492.00,0,163144
74234,1586,817.00,492.00,0,163153
74105,1584,822.00,492.00,0,163163
73975,1580,816.00,509.00,0,163171
73843,1577,826.00,509.00,0,163180
73713,1574,814.00,476.00,0,163189
73583,1572,822.00,509.00,0,163198
73451,1572,816.00,509.00,0,163208
73319,1570,806.00,509.00,0,163217
73189,1569,826.00,492.00,0,163226
73060,1567,814.00,492.00,0,163235
72931,1564,817.00,509.00,0,163245
72801,1562,826.00,492.00,0,163253
72674,1558,826.00,492.00,0,163262
72547,1555,825.00,492.00,0,163271
72415,1553,820.00,492.00,0,163280
72283,1551,812.00,493.00,0,163290
72153,1550,825.00,492.00,0,163299
72021,1548,819.00,492.00,0,163308
71890,1547,813.00,509.00,0,163317
71759,1545,815.00,509.00,0,163326
71632,1543,823.00,507.00,0,163335
71502,1541,825.00,492.00,0,163344
71371,1538,818.00,492.00,0,163353
71240,1534,817.00,503.00,0,163362
71111,1531,821.00,492.00,0,163372
70981,1528,822.00,494.00,0,163381
70850,1526,825.00,492.00,0,163390
70719,1524,817.00,492.00,0,163399
70592,1524,818.00,492.00,0,163408
70461,1523,826.00,492.00,0,163417
70329,1522,817.00,493.00,0,163426
70199,1520,825.00,492.00,0,163435
70071,1516,818.00,492.00,0,163444
69941,1513,818.00,492.00,0,163453
69811,1509,826.00,509.00,0,163463
69681,1506,826.00,493.00,0,163472
69551,1503,826.00,476.00,0,163481
69419,1502,809.00,492.00,0,163489
69285,1500,801.00,492.00,0,163499
69155,1500,825.00,509.00,0,163508
69025,1497,811.00,475.00,0,163517
68895,1494,816.00,506.00,0,163526
68765,1492,818.00,492.00,0,163535
68638,1489,825.00,493.00,0,163545
68509,1486,825.00,492.00,0,163554
68377,1484,818.00,509.00,0,163563
68245,1481,813.00,508.00,0,163571
68115,1479,814.00,493.00,0,163580
67985,1477,811.00,492.00,0,163590
67853,1475,825.00,507.00,0,163599
67722,1474,817.00,492.00,0,163608
67595,1472,823.00,508.00,0,163617
67465,1470,824.00,493.00,0,163627
67333,1468,816.00,493.00,0,163636
67204,1466,826.00,493.00,0,163645
67075,1462,819.00,508.00,0,163653
66947,1460,818.00,509.00,0,163662
66816,1456,824.00,475.00,0,163672
66688,1454,825.00,492.00,0,163681
66559,1452,825.00,493.00,0,163690
66428,1452,823.00,492.00,0,163699
66296,1450,815.00,476.00,0,163708
66165,1449,825.00,509.00,0,163718
66036,1447,819.00,492.00,0,163727
65905,1444,818.00,492.00,0,163735
65775,1442,823.00,493.00,0,163744
65647,1440,825.00,492.00,0,163753
65517,1436,825.00,509.00,0,163763
65385,1433,822.00,509.00,0,163772
65254,1430,813.00,483.00,0,163781
65123,1427,824.00,509.00,0,163790
64992,1425,814.00,509.00,0,163800
64860,1424,822.00,493.00,0,163809
64729,1422,821.00,492.00,0,163817
64601,1422,825.00,492.00,0,163826
64472,1420,825.00,491.00,0,163835
64342,1418,825.00,509.00,0,163845
64211,1414,825.00,492.00,0,163854
64083,1411,821.00,493.00,0,163863
63953,1408,818.00,492.00,0,163872
63821,1406,826.00,493.00,0,163881
63692,1404,821.00,475.00,0,163891
63563,1402,825.00,509.00,0,163899
63431,1400,822.00,509.00,0,163908
63299,1398,804.00,493.00,0,163917
63169,1396,825.00,492.00,0,163927
63039,1393,818.00,492.00,0,163936
62909,1390,818.00,493.00,0,163945
62779,1389,821.00,492.00,0,163954
62652,1388,826.00,492.00,0,163963
62525,1386,825.00,492.00,0,163972
62393,1385,821.00,492.00,0,163981
62264,1382,823.00,508.00,0,163990
62135,1380,824.00,492.00,0,163999
62005,1376,825.00,493.00,0,164008
61873,1372,826.00,493.00,0,164018
61743,1370,824.00,493.00,0,164027
61613,1368,824.00,492.00,0,164036
61483,1368,825.00,493.00,0,164045
61349,1367,821.00,493.00,0,164054
61218,1366,820.00,492.00,0,164063
61089,1364,816.00,491.00,0,164072
60960,1360,819.00,508.00,0,164081
60829,1356,825.00,508.00,0,164090
60702,1352,826.00,492.00,0,164100
60573,1349,828.00,493.00,0,164109
60443,1348,826.00,509.00,0,164118
60310,1347,818.00,509.00,0,164127
60179,1346,825.00,509.00,0,164135
60049,1345,817.00,509.00,0,164145
59917,1344,818.00,492.00,0,164154
59787,1340,822.00,492.00,0,164163
59659,1338,825.00,492.00,0,164172
59530,1334,826.00,509.00,0,164182
59399,1332,822.00,476.00,0,164191
59267,1328,816.00,509.00,0,164200
59135,1325,825.00,492.00,0,164209
59005,1324,819.00,493.00,0,164217
58873,1322,821.00,508.00,0,164227
58743,1322,820.00,509.00,0,164236
58615,1321,824.00,508.00,0,164245
58488,1320,825.00,492.00,0,164254
58357,1318,826.00,493.00,0,164263
58228,1314,825.00,492.00,0,164273
58100,1310,825.00,493.00,0,164282
57970,1306,824.00,510.00,0,164291
57838,1302,825.00,475.00,0,164299
57707,1300,823.00,493.00,0,164308
57578,1299,820.00,509.00,0,164318
57446,1298,823.00,509.00,0,164327
57313,1298,815.00,493.00,0,164336
57181,1296,827.00,509.00,0,164345
57052,1293,812.00,508.00,0,164355
56921,1290,811.00,493.00,0,164364
56792,1286,824.00,493.00,0,164373
56664,1284,826.00,492.00,0,164381
56536,1282,824.00,492.00,0,164390
56405,1280,820.00,505.00,0,164400
56274,1278,815.00,475.00,0,164409
56145,1276,825.00,492.00,0,164418
56013,1274,819.00,493.00,0,164427
55882,1272,815.00,509.00,0,164436
55751,1270,819.00,476.00,0,164446
55624,1268,823.00,492.00,0,164454
55493,1266,825.00,508.00,0,164463
55362,1265,819.00,492.00,0,164472
55231,1263,822.00,493.00,0,164482
55102,1260,821.00,492.00,0,164491
54971,1257,815.00,493.00,0,164500
54842,1254,825.00,493.00,0,164509
54713,1252,824.00,476.00,0,164518
54585,1250,825.00,476.00,0,164528
54456,1248,825.00,492.00,0,164536
54323,1248,821.00,493.00,0,164545
54193,1246,825.00,492.00,0,164554
54063,1244,822.00,505.00,0,164563
53932,1240,815.00,508.00,0,164573
53801,1238,826.00,509.00,0,164582
53673,1236,825.00,492.00,0,164591
53543,1234,827.00,492.00,0,164600
53411,1232,823.00,500.00,0,164610
53279,1230,818.00,493.00,0,164618
53149,1228,825.00,492.00,0,164627
53017,1225,816.00,492.00,0,164636
52887,1222,819.00,504.00,0,164645
52759,1220,821.00,509.00,0,164655
52631,1219,824.00,509.00,0,164664
52502,1218,825.00,492.00,0,164673
52371,1216,826.00,509.00,0,164682
52241,1214,825.00,509.00,0,164691
52112,1212,825.00,492.00,0,164700
51982,1209,819.00,475.00,0,164709
51851,1206,825.00,509.00,0,164718
51721,1204,824.00,507.00,0,164727
51593,1202,826.00,509.00,0,164737
51463,1201,826.00,493.00,0,164746
51329,1199,825.00,509.00,0,164755
51199,1197,825.00,493.00,0,164764
51069,1194,820.00,493.00,0,164773
50938,1190,820.00,510.00,0,164782
50806,1188,825.00,508.00,0,164791
50678,1186,825.00,492.00,0,164800
50550,1184,825.00,493.00,0,164809
50419,1184,817.00,492.00,0,164818
50287,1182,820.00,509.00,0,164828
50157,1180,825.00,509.00,0,164837
50028,1178,824.00,492.00,0,164846
49897,1174,823.00,504.00,0,164855
49766,1170,825.00,493.00,0,164864
49638,1166,824.00,492.00,0,164873
49509,1164,825.00,493.00,0,164882
49375,1162,819.00,509.00,0,164891
49242,1161,813.00,509.00,0,164900
49111,1160,815.00,493.00,0,164910
48979,1158,817.00,493.00,0,164919
48849,1156,825.00,509.00,0,164928
48720,1153,822.00,510.00,0,164936
48594,1151,825.00,509.00,0,164945
48465,1149,825.00,492.00,0,164955
48334,1146,825.00,509.00,0,164964
48204,1144,825.00,492.00,0,164973
48073,1142,816.00,496.00,0,164982
47943,1140,817.00,509.00,0,164992
47812,1138,826.00,509.00,0,165001
47683,1136,826.00,501.00,0,165010
47555,1134,825.00,509.00,0,165018
47424,1132,819.00,493.00,0,165027
47291,1130,819.00,509.00,0,165037
47161,1127,826.00,475.00,0,165046
47031,1125,822.00,492.00,0,165055
46900,1122,814.00,493.00,0,165064
46771,1121,826.00,509.00,0,165073
46643,1120,826.00,492.00,0,165083
46517,1120,825.00,492.00,0,165092
46387,1118,826.00,494.00,0,165100
46257,1116,824.00,509.00,0,165109
46127,1112,825.00,493.00,0,165118
45997,1108,825.00,492.00,0,165128
45866,1104,826.00,509.00,0,165137
45735,1102,823.00,509.00,0,165146
45607,1100,825.00,475.00,0,165155
45475,1100,826.00,509.00,0,165165
45342,1100,823.00,510.00,0,165174
45209,1098,826.00,507.00,0,165182
45079,1096,817.00,492.00,0,165191
44947,1092,815.00,493.00,0,165200
44819,1088,825.00,509.00,0,165210
44691,1086,825.00,492.00,0,165219
44563,1084,826.00,492.00,0,165228
44433,1082,825.00,493.00,0,165237
44301,1082,825.00,509.00,0,165246
44171,1080,826.00,476.00,0,165256
44040,1078,824.00,509.00,0,165264
43909,1076,818.00,509.00,0,165273
43778,1072,823.00,509.00,0,165282
43650,1070,825.00,492.00,0,165292
43521,1068,826.00,509.00,0,165301
43389,1066,820.00,509.00,0,165310
43257,1065,815.00,492.00,0,165319
43127,1062,825.00,509.00,0,165328
42996,1060,822.00,493.00,0,165337
42865,1058,825.00,493.00,0,165346
42737,1056,823.00,503.00,0,165355
42611,1056,826.00,492.00,0,165364
42483,1055,825.00,492.00,0,165373
42353,1054,826.00,492.00,0,165383
42223,1052,826.00,492.00,0,165392
42095,1049,826.00,493.00,0,165401
41965,1046,826.00,493.00,0,165410
41834,1042,826.00,509.00,0,165419
41704,1039,826.00,492.00,0,165428
41575,1038,825.00,509.00,0,165437
41445,1036,826.00,492.00,0,165446
41310,1035,822.00,492.00,0,165455
41178,1033,827.00,509.00,0,165465
41047,1031,817.00,483.00,0,165474
40914,1028,822.00,494.00,0,165483
40783,1026,825.00,492.00,0,165492
40655,1023,826.00,492.00,0,165500
40528,1021,826.00,491.00,0,165510
40397,1019,824.00,509.00,0,165519
40265,1017,821.00,492.00,0,165528
40135,1014,826.00,493.00,0,165537
40004,1010,822.00,475.00,0,165547
39872,1008,825.00,492.00,0,165556
39741,1005,820.00,493.00,0,165565
39613,1004,826.00,475.00,0,165574
39483,1003,825.00,492.00,0,165582
39351,1002,825.00,509.00,0,165592
39219,1000,825.00,496.00,0,165601
39090,996,814.00,492.00,0,165610
38963,992,818.00,475.00,0,165618
38837,989,825.00,492.00,0,165627
38713,986,826.00,493.00,0,165637
38591,984,825.00,493.00,0,165645
38466,984,825.00,492.00,0,165654
38338,983,826.00,493.00,0,165663
38211,982,826.00,476.00,0,165671
38085,980,825.00,492.00,0,165681
37957,978,820.00,493.00,0,165690
37829,975,826.00,491.00,0,165698
37704,972,825.00,508.00,0,165707
37579,970,826.00,492.00,0,165715
37454,968,826.00,509.00,0,165725
37323,966,820.00,492.00,0,165734
37196,964,826.00,510.00,0,165742
37069,960,812.00,509.00,0,165751
36939,958,815.00,509.00,0,165761
36813,956,825.00,509.00,0,165769
36688,954,826.00,508.00,0,165778
36565,952,825.00,475.00,0,165786
36439,952,825.00,497.00,0,165795
36313,951,824.00,509.00,0,165805
36186,950,825.00,509.00,0,165813
36059,946,823.00,510.00,0,165822
35933,944,817.00,493.00,0,165831
35806,940,826.00,495.00,0,165839
35681,938,825.00,492.00,0,165849
35557,936,826.00,492.00,0,165858
35431,934,826.00,493.00,0,165866
35301,933,821.00,492.00,0,165875
35174,931,826.00,492.00,0,165883
35046,928,819.00,492.00,0,165893
34918,925,818.00,493.00,0,165902
34791,922,826.00,508.00,0,165910
34668,921,826.00,493.00,0,165919
34545,920,825.00,492.00,0,165928
34420,920,826.00,493.00,0,165937
34291,919,825.00,492.00,0,165946
34166,917,826.00,492.00,0,165955
34040,914,825.00,493.00,0,165963
33912,910,824.00,492.00,0,165972
33785,906,826.00,499.00,0,165981
33661,904,825.00,493.00,0,165990
33535,901,826.00,493.00,0,165999
33407,900,822.00,492.00,0,166007
33276,898,812.00,492.00,0,166017
33148,896,825.00,504.00,0,166026
33019,894,822.00,509.00,0,166034
32892,891,819.00,509.00,0,166043
32766,889,824.00,509.00,0,166051
32643,887,826.00,493.00,0,166061
32521,886,825.00,491.00,0,166070
32395,885,825.00,493.00,0,166078
32268,884,823.00,492.00,0,166087
32142,881,826.00,494.00,0,166096
32015,878,826.00,493.00,0,166105
31887,874,825.00,494.00,0,166114
31759,870,824.00,492.00,0,166123
31635,867,826.00,476.00,0,166131
31509,865,826.00,492.00,0,166140
31381,864,817.00,509.00,0,166149
31251,862,815.00,492.00,0,166158
31123,861,817.00,492.00,0,166167
30994,859,819.00,509.00,0,166175
30867,857,825.00,509.00,0,166184
30743,855,825.00,492.00,0,166194
30623,854,825.00,493.00,0,166202
30501,852,825.00,492.00,0,166211
30376,852,826.00,509.00,0,166220
30249,850,825.00,509.00,0,166228
30123,847,826.00,509.00,0,166238
29995,844,826.00,508.00,0,166246
29867,840,825.00,495.00,0,166255
29741,836,825.00,509.00,0,166264
29615,834,825.00,492.00,0,166273
29489,832,825.00,492.00,0,166282
29359,832,820.00,492.00,0,166291
29228,830,815.00,493.00,0,166299
29099,828,809.00,492.00,0,166308
28971,826,811.00,493.00,0,166317
28845,824,825.00,509.00,0,166326
28722,821,825.00,492.00,0,166335
28602,819,825.00,493.00,0,166343
28479,818,825.00,492.00,0,166352
28353,816,825.00,492.00,0,166362
28226,814,825.00,506.00,0,166370
28098,812,826.00,509.00,0,166379
27970,810,822.00,509.00,0,166388
27841,806,826.00,493.00,0,166396
27715,804,823.00,492.00,0,166406
27591,802,825.00,493.00,0,166414
27463,800,825.00,493.00,0,166423
27333,798,823.00,509.00,0,166432
27204,796,826.00,509.00,0,166440
27076,794,813.00,508.00,0,166450
26948,790,812.00,509.00,0,166459
26823,788,825.00,492.00,0,166467
26701,786,825.00,492.00,0,166476
26581,784,825.00,493.00,0,166484
26458,784,826.00,492.00,0,166494
26331,783,825.00,492.00,0,166503
26204,782,825.00,509.00,0,166511
26077,778,825.00,492.00,0,166520
25949,775,823.00,508.00,0,166530
25821,772,826.00,509.00,0,166538
25695,768,825.00,508.00,0,166547
25569,766,825.00,509.00,0,166556
25441,764,822.00,475.00,0,166564
25310,763,817.00,492.00,0,166574
25180,761,825.00,509.00,0,166582
25051,759,808.00,492.00,0,166591
24924,756,810.00,493.00,0,166600
24799,754,825.00,492.00,0,166608
24678,753,825.00,509.00,0,166618
24559,752,825.00,494.00,0,166627
24437,751,825.00,493.00,0,166635
24310,750,825.00,492.00,0,166644
24183,748,825.00,509.00,0,166653
24056,744,826.00,509.00,0,166662
23925,740,822.00,492.00,0,166671
23797,736,826.00,509.00,0,166679
23673,734,825.00,509.00,0,166688
23546,731,826.00,492.00,0,166697
23417,730,823.00,492.00,0,166706
23285,729,803.00,492.00,0,166715
23155,728,823.00,492.00,0,166724
23026,726,809.00,491.00,0,166732
22899,724,812.00,492.00,0,166742
22776,722,825.00,491.00,0,166750
22657,720,826.00,493.00,0,166759
22539,719,825.00,493.00,0,166768
22417,718,826.00,509.00,0,166776
22291,717,825.00,509.00,0,166786
22164,714,826.00,509.00,0,166795
22035,711,825.00,509.00,0,166803
21905,707,824.00,508.00,0,166812
21775,704,825.00,509.00,0,166821
21650,700,825.00,475.00,0,166830
21523,698,826.00,493.00,0,166839
21393,698,821.00,509.00,0,166847
21261,696,803.00,493.00,0,166856
21131,694,812.00,492.00,0,166865
21002,692,815.00,493.00,0,166874
20876,690,825.00,492.00,0,166883
20755,688,826.00,493.00,0,166892
20638,688,826.00,493.00,0,166900
20520,686,825.00,493.00,0,166909
20397,686,826.00,489.00,0,166918
20271,684,826.00,508.00,0,166927
20143,682,825.00,493.00,0,166936
20013,678,826.00,509.00,0,166944
19883,674,825.00,508.00,0,166953
19754,669,826.00,492.00,0,166963
19629,666,826.00,493.00,0,166971
19501,664,825.00,493.00,0,166980
19369,662,819.00,509.00,0,166989
19236,661,800.00,492.00,0,166998
19105,660,801.00,492.00,0,167007
18977,659,808.00,509.00,0,167015
18852,658,825.00,493.00,0,167024
18733,656,825.00,493.00,0,167033
18618,656,825.00,509.00,0,167042
18501,656,825.00,508.00,0,167051
18377,655,825.00,510.00,0,167060
18249,654,826.00,509.00,0,167068
18121,650,825.00,509.00,0,167077
17989,646,825.00,509.00,0,167087
17860,640,826.00,493.00,0,167095
17731,636,825.00,492.00,0,167104
17607,632,825.00,475.00,0,167112
17479,630,826.00,493.00,0,167121
17347,628,820.00,509.00,0,167131
17213,627,806.00,493.00,0,167139
17082,626,795.00,509.00,0,167148
16953,624,806.00,509.00,0,167157
16829,623,825.00,493.00,0,167165
16713,622,825.00,492.00,0,167175
16600,622,825.00,492.00,0,167183
16481,622,825.00,509.00,0,167192
16353,620,826.00,509.00,0,167201
16221,618,825.00,509.00,0,167209
16091,614,821.00,493.00,0,167219
15957,610,811.00,492.00,0,167228
15825,604,825.00,509.00,0,167236
15699,600,825.00,509.00,0,167245
15575,597,826.00,493.00,0,167255
15447,595,825.00,509.00,0,167263
15316,594,808.00,475.00,0,167272
15185,594,820.00,492.00,0,167280
15055,592,799.00,492.00,0,167289
14931,592,817.00,493.00,0,167299
14811,590,825.00,492.00,0,167307
14699,590,825.00,492.00,0,167316
14584,590,825.00,492.00,0,167325
14459,590,826.00,493.00,0,167333
14327,589,825.00,508.00,0,167343
14195,587,825.00,508.00,0,167352
14059,583,808.00,492.00,0,167360
13925,578,798.00,509.00,0,167369
13795,572,817.00,493.00,0,167377
13671,568,824.00,475.00,0,167387
13549,564,826.00,493.00,0,167396
13421,561,820.00,493.00,0,167404
13290,560,804.00,492.00,0,167413
13159,558,819.00,492.00,0,167422
13032,557,809.00,509.00,0,167431
12909,556,824.00,492.00,0,167440
12795,556,825.00,476.00,0,167448
12685,556,825.00,493.00,0,167457
12563,556,825.00,475.00,0,167467
12433,556,825.00,493.00,0,167475
12299,556,818.00,509.00,0,167484
12162,554,825.00,509.00,0,167493
12026,550,788.00,509.00,0,167501
11891,544,789.00,508.00,0,167511
11765,540,808.00,509.00,0,167520
11645,534,825.00,492.00,0,167528
11525,532,826.00,476.00,0,167537
11399,530,822.00,492.00,0,167545
11271,528,815.00,509.00,0,167555
11143,528,826.00,509.00,0,167564
11017,526,824.00,492.00,0,167572
10897,526,825.00,492.00,0,167581
10785,526,826.00,492.00,0,167590
10670,526,825.00,476.00,0,167599
10541,526,825.00,492.00,0,167608
10409,526,825.00,509.00,0,167617
10271,525,806.00,509.00,0,167625
10133,522,794.00,509.00,0,167634
9995,518,784.00,492.00,0,167643
9866,514,797.00,509.00,0,167652
9746,508,811.00,493.00,0,167660
9632,504,826.00,492.00,0,167668
9517,500,825.00,509.00,0,167677
9397,498,825.00,492.00,0,167686
9273,496,819.00,475.00,0,167694
9150,494,825.00,492.00,0,167703
9029,494,825.00,492.00,0,167711
8915,493,825.00,509.00,0,167720
8806,493,825.00,493.00,0,167729
8689,493,825.00,476.00,0,167737
8565,493,824.00,476.00,0,167746
8437,493,826.00,509.00,0,167754
8302,493,808.00,508.00,0,167762
8165,491,809.00,509.00,0,167772
8031,488,761.00,509.00,0,167780
7901,483,775.00,492.00,0,167789
7781,478,809.00,509.00,0,167797
7669,473,825.00,493.00,0,167805
7558,469,825.00,492.00,0,167815
7443,465,826.00,492.00,0,167823
7321,463,825.00,510.00,0,167831
7197,461,826.00,493.00,0,167840
7077,459,825.00,492.00,0,167848
6962,459,825.00,475.00,0,167858
6850,459,825.00,509.00,0,167866
6729,459,825.00,493.00,0,167874
6605,461,825.00,492.00,0,167883
6478,461,825.00,509.00,0,167891
6344,462,824.00,508.00,0,167901
6207,462,800.00,508.00,0,167909
6070,460,675.00,509.00,0,167917
5939,456,768.00,492.00,0,167926
5817,451,814.00,475.00,0,167934
5705,446,826.00,493.00,0,167943
5597,441,825.00,493.00,0,167952
5486,436,826.00,492.00,0,167960
5363,433,825.00,492.00,0,167969
5238,430,826.00,509.00,0,167977
5115,428,825.00,492.00,0,167986
4999,428,825.00,492.00,0,167995
4887,427,826.00,493.00,0,168003
4767,427,825.00,509.00,0,168011
4644,429,825.00,509.00,0,168020
4517,431,826.00,509.00,0,168029
4385,432,825.00,509.00,0,168038
4248,433,796.00,525.00,0,168046
4111,433,733.00,509.00,0,168054
3977,431,777.00,492.00,0,168064
3853,426,813.00,493.00,0,168072
3740,420,826.00,475.00,0,168080
3633,414,824.00,493.00,0,168089
3523,409,826.00,492.00,0,168097
3401,403,825.00,492.00,0,168107
3275,399,826.00,492.00,0,168115
3154,396,825.00,492.00,0,168123
3041,394,825.00,493.00,0,168132
2927,394,826.00,492.00,0,168140
2805,394,826.00,509.00,0,168148
2683,396,826.00,493.00,0,168158
2557,400,825.00,509.00,0,168166
2427,403,825.00,509.00,0,168175
2291,405,809.00,509.00,0,168183
2152,405,790.00,508.00,0,168192
2017,405,775.00,509.00,0,168201
1891,401,793.00,492.00,0,168209
1777,395,825.00,475.00,0,168218
1671,387,825.00,459.00,0,168226
1559,381,826.00,493.00,0,168235
1438,373,825.00,491.00,0,168244
1311,367,825.00,509.00,0,168252
1188,363,826.00,509.00,0,168260
1074,360,825.00,492.00,0,168269
963,359,826.00,493.00,0,168278
846,359,825.00,492.00,0,168286
728,362,825.00,492.00,0,168294
609,366,825.00,492.00,0,168302
484,370,825.00,492.00,0,168310
353,375,825.00,510.00,0,168320
215,378,735.00,509.00,0,168328
79,380,489.00,510.00,0,168336
-28,380,0.00,458.00,0,168343
-62,378,0.00,408.00,0,168351
-24,372,0.00,341.00,0,168358
58,367,801.00,341.00,0,168367
139,360,373.00,341.00,0,168375
233,354,195.00,325.00,0,168384
342,350,367.00,325.00,0,168392
456,346,591.00,341.00,0,168400
574,346,779.00,325.00,0,168409
696,348,794.00,308.00,0,168417
826,351,825.00,308.00,0,168425
966,355,825.00,308.00,0,168433
1096,359,825.00,321.00,0,168442
1218,362,825.00,308.00,0,168451
1329,364,799.00,335.00,0,168459
1432,365,476.00,325.00,0,168468
1544,365,466.00,324.00,0,168476
1665,365,725.00,325.00,0,168485
1790,363,808.00,308.00,0,168494
1919,361,819.00,325.00,0,168502
2044,359,798.00,307.00,0,168511
2156,357,484.00,341.00,0,168519
2269,357,372.00,313.00,0,168527
2392,357,506.00,308.00,0,168537
2516,360,582.00,341.00,0,168545
2641,364,790.00,309.00,0,168554
2770,368,815.00,308.00,0,168562
2906,372,825.00,308.00,0,168570
3044,375,825.00,307.00,0,168580
3175,377,825.00,308.00,0,168588
3294,377,825.00,325.00,0,168596
3404,377,742.00,341.00,0,168605
3509,373,461.00,325.00,0,168613
3629,371,711.00,321.00,0,168623
3752,369,800.00,309.00,0,168631
3876,367,805.00,324.00,0,168639
3998,367,734.00,309.00,0,168648
4112,368,481.00,325.00,0,168656
4230,370,394.00,307.00,0,168665
4353,374,372.00,324.00,0,168674
4477,380,593.00,325.00,0,168682
4602,386,777.00,325.00,0,168691
4728,392,798.00,308.00,0,168699
4860,396,814.00,308.00,0,168708
4996,398,820.00,325.00,0,168717
5126,398,825.00,325.00,0,168725
5246,396,814.00,325.00,0,168734
5357,393,508.00,341.00,0,168742
5468,390,485.00,325.00,0,168751
5590,386,685.00,308.00,0,168760
5712,384,715.00,325.00,0,168768
5836,384,797.00,325.00,0,168776
5960,385,790.00,325.00,0,168785
6077,388,591.00,342.00,0,168794
6195,393,418.00,308.00,0,168803
6317,397,484.00,309.00,0,168811
6440,404,591.00,308.00,0,168819
6564,410,824.00,307.00,0,168828
6684,416,825.00,325.00,0,168837
6804,420,825.00,325.00,0,168845
6927,422,825.00,309.00,0,168854
7050,423,824.00,308.00,0,168862
7167,421,825.00,308.00,0,168871
7274,418,825.00,325.00,0,168880
7370,414,825.00,341.00,0,168888
7450,411,825.00,358.00,0,168897
7516,409,825.00,358.00,0,168905
7570,409,825.00,375.00,0,168913
7613,411,825.00,375.00,0,168923
7650,414,825.00,375.00,0,168931
7682,419,825.00,374.00,0,168940
7712,422,825.00,391.00,0,168948
7738,425,825.00,392.00,0,168956
7764,426,825.00,391.00,0,168966
7788,426,825.00,391.00,0,168974
7812,425,825.00,391.00,0,168983
7834,422,825.00,391.00,0,168991
7854,420,825.00,391.00,0,168999
7872,418,825.00,391.00,0,169009
7886,416,825.00,408.00,0,169017
7899,416,825.00,408.00,0,169025
7906,416,825.00,408.00,0,169034
7912,417,825.00,408.00,0,169042
7912,419,826.00,408.00,0,169052
7909,421,825.00,408.00,0,169060
7904,421,825.00,408.00,0,169068
7895,421,825.00,425.00,0,169077
7884,421,825.00,425.00,0,169085
7874,419,825.00,409.00,0,169094
7862,418,824.00,409.00,0,169103
7849,417,825.00,425.00,0,169111
7837,417,825.00,408.00,0,169120
7826,417,825.00,425.00,0,169128
7815,417,825.00,408.00,0,169137
7805,418,824.00,408.00,0,169146
7797,419,825.00,409.00,0,169154
7790,419,825.00,409.00,0,169162
7784,420,825.00,408.00,0,169171
7780,420,825.00,409.00,0,169180
7776,420,825.00,408.00,0,169189
7774,419,825.00,408.00,0,169197
7774,418,825.00,408.00,0,169205
7774,418,825.00,408.00,0,169214
7776,418,825.00,408.00,0,169223
7778,418,825.00,408.00,0,169232
7780,418,825.00,408.00,0,169240
7782,420,825.00,409.00,0,169248
7786,420,825.00,408.00,0,169257
7790,420,826.00,408.00,0,169266
7794,420,825.00,409.00,0,169274
7798,420,824.00,392.00,0,169283
7801,420,825.00,409.00,0,169291
7804,419,825.00,408.00,0,169300
7808,419,825.00,409.00,0,169309
7812,419,825.00,409.00,0,169317
7814,419,824.00,408.00,0,169326
7816,419,826.00,409.00,0,169334
7818,419,825.00,408.00,0,169342
7820,420,825.00,408.00,0,169352
7821,420,825.00,408.00,0,169360
7821,420,825.00,408.00,0,169369
7821,420,825.00,408.00,0,169377
7821,420,826.00,408.00,0,169385
7821,420,824.00,409.00,0,169395
7819,420,825.00,408.00,0,169403
7819,420,826.00,408.00,0,169411
7819,420,825.00,408.00,0,169420
7819,420,825.00,409.00,0,169428
7819,420,825.00,409.00,0,169438
7819,420,825.00,408.00,0,169446
7819,421,825.00,409.00,0,169454
7820,421,824.00,409.00,0,169463
7820,421,825.00,408.00,0,169472
7821,421,825.00,408.00,0,169480
7821,421,825.00,409.00,0,169489
7821,421,826.00,409.00,0,169497
7821,421,825.00,408.00,0,169506
7821,421,825.00,409.00,0,169515
7821,421,825.00,409.00,0,169523
7821,421,825.00,409.00,0,169532
7821,421,825.00,408.00,0,169540
7821,421,825.00,408.00,0,169549
7821,421,825.00,408.00,0,169558
7821,421,825.00,408.00,0,169566
7821,421,825.00,408.00,0,169575
7821,421,826.00,408.00,0,169583
7821,421,826.00,408.00,0,169591
7821,421,825.00,409.00,0,169601
7821,421,825.00,409.00,0,169609
7821,421,826.00,408.00,0,169618
7821,421,825.00,408.00,0,169626
7821,421,825.00,409.00,0,169634
7821,421,825.00,408.00,0,169644
7821,421,825.00,408.00,0,169652
7821,421,825.00,409.00,0,169660
7821,421,824.00,408.00,0,169669
7821,421,825.00,409.00,0,169677
7821,421,825.00,409.00,0,169687
7821,421,825.00,409.00,0,169695
7821,421,826.00,409.00,0,169703
7821,421,825.00,409.00,0,169712
7821,421,825.00,409.00,0,169720
7821,421,825.00,408.00,0,169729
7821,421,825.00,409.00,0,169738
7821,421,825.00,408.00,0,169746
7821,421,825.00,408.00,0,169755
7821,421,825.00,408.00,0,169763
7821,421,825.00,408.00,0,169772
7821,421,825.00,409.00,0,169781
7821,421,825.00,409.00,0,169789
7821,421,825.00,408.00,0,169798
7821,421,825.00,408.00,0,169806
7821,421,825.00,409.00,0,169815
7821,421,825.00,408.00,0,169824
7821,421,825.00,409.00,0,169832
7821,421,825.00,409.00,0,169840
7821,421,824.00,408.00,0,169849
7821,421,825.00,408.00,0,169858
7821,421,825.00,408.00,0,169867
7821,421,825.00,408.00,0,169875
7821,421,825.00,408.00,0,169883
7821,421,825.00,408.00,0,169892
7821,421,825.00,408.00,0,169901
7821,421,825.00,409.00,0,169909
7821,421,825.00,408.00,0,169918
7821,421,825.00,409.00,0,169926
7821,421,825.00,408.00,0,169935
7821,421,825.00,408.00,0,169944
7821,421,825.00,409.00,0,169952
7821,421,825.00,409.00,0,169961
7821,421,825.00,409.00,0,169969
7821,421,825.00,408.00,0,169977
7821,421,825.00,408.00,0,169987
7821,421,825.00,409.00,0,169995
7821,421,825.00,408.00,0,170004
7821,421,825.00,408.00,0,170012
7821,421,825.00,409.00,0,170020
7821,421,825.00,408.00,0,170030
7821,421,825.00,408.00,0,170038
7821,421,825.00,408.00,0,170046
7821,421,825.00,408.00,0,170055
7821,421,825.00,408.00,0,170063
7821,421,825.00,408.00,0,170073
7821,421,825.00,408.00,0,170081
7821,421,825.00,408.00,0,170089
7821,421,824.00,408.00,0,170098
7821,421,825.00,409.00,0,170106
7821,421,826.00,408.00,0,170116
7821,421,825.00,408.00,0,170124
7821,421,826.00,408.00,0,170132
7821,421,825.00,408.00,0,170141
7821,421,825.00,409.00,0,170149
7821,421,825.00,409.00,0,170158
7821,421,825.00,409.00,0,170167
7821,421,825.00,408.00,0,170175
7821,421,825.00,408.00,0,170184
7821,421,825.00,408.00,0,170192
7821,421,825.00,409.00,0,170201
7821,421,824.00,408.00,0,170210
7821,421,825.00,408.00,0,170218
7821,421,825.00,409.00,0,170226
7821,421,826.00,408.00,0,170235
7821,421,825.00,409.00,0,170244
7821,421,825.00,409.00,0,170253
7821,421,825.00,408.00,0,170261
7821,421,825.00,408.00,0,170269
7821,421,825.00,408.00,0,170278
7821,421,825.00,408.00,0,170287
7821,421,825.00,408.00,0,170295
7821,421,825.00,409.00,0,170304
7821,421,825.00,408.00,0,170312
7821,421,824.00,408.00,0,170321
7821,421,825.00,409.00,0,170330
7821,421,825.00,409.00,0,170338
7821,421,825.00,409.00,0,170347
7821,421,826.00,408.00,0,170355
7821,421,825.00,408.00,0,170364
7821,421,825.00,408.00,0,170373
7821,421,825.00,408.00,0,170381
7821,421,825.00,408.00,0,170390
7821,421,825.00,408.00,0,170398
7821,421,825.00,408.00,0,170406
7821,420,824.00,408.00,0,170416
7821,420,825.00,408.00,0,170424
7821,420,825.00,409.00,0,170433
7821,420,825.00,408.00,0,170441
7821,420,825.00,409.00,0,170449
7821,420,824.00,409.00,0,170459
7821,420,825.00,408.00,0,170467
7821,420,825.00,408.00,0,170475
7821,420,824.00,408.00,0,170484
7821,420,826.00,409.00,0,170492
7821,420,825.00,408.00,0,170502
7821,420,825.00,408.00,0,170510
7821,420,825.00,408.00,0,170518
7821,420,824.00,408.00,0,170527
7821,420,825.00,409.00,0,170535
7821,420,825.00,409.00,0,170544
7821,420,825.00,408.00,0,170553
7821,420,826.00,409.00,0,170561
7821,420,825.00,408.00,0,170570
7821,420,825.00,408.00,0,170578
7821,420,825.00,408.00,0,170587
7821,420,824.00,409.00,0,170596
7821,420,825.00,408.00,0,170604
7821,420,826.00,409.00,0,170613
7821,420,825.00,408.00,0,170621
7821,420,825.00,408.00,0,170630
7821,420,825.00,408.00,0,170639
7821,420,825.00,408.00,0,170647
7821,420,826.00,408.00,0,170655
7821,420,825.00,409.00,0,170664
7821,420,825.00,409.00,0,170673
7821,420,826.00,408.00,0,170682
7821,420,825.00,409.00,0,170690
7821,420,825.00,408.00,0,170698
7821,420,824.00,408.00,0,170707
7821,420,825.00,408.00,0,170716
7821,420,825.00,409.00,0,170724
7821,420,825.00,408.00,0,170733
7821,420,825.00,408.00,0,170741
7821,420,825.00,408.00,0,170750
7821,420,825.00,408.00,0,170759
7821,420,826.00,408.00,0,170767
7821,420,825.00,408.00,0,170776
7821,420,825.00,409.00,0,170784
7821,420,825.00,408.00,0,170792
7821,420,825.00,408.00,0,170802
7821,420,825.00,408.00,0,170810
7821,420,825.00,408.00,0,170819
7821,420,825.00,408.00,0,170827
7821,420,825.00,409.00,0,170835
7821,420,824.00,408.00,0,170845
7821,420,826.00,408.00,0,170853
7821,420,826.00,409.00,0,170861
7821,420,825.00,409.00,0,170870
7821,420,825.00,409.00,0,170878
7821,420,825.00,408.00,0,170888
7821,420,825.00,408.00,0,170896
7821,420,825.00,408.00,0,170904
7821,420,825.00,408.00,0,170913
7821,420,825.00,408.00,0,170921
7821,420,825.00,408.00,0,170931
7821,420,825.00,408.00,0,170939
7821,419,825.00,408.00,0,170947
7821,419,825.00,408.00,0,170956
7821,419,825.00,409.00,0,170964
7821,419,826.00,408.00,0,170973
7821,419,825.00,408.00,0,170982
7821,419,825.00,409.00,0,170990
7821,419,825.00,408.00,0,170999
7821,419,825.00,409.00,0,171008
7821,419,825.00,408.00,0,171016
7821,419,825.00,408.00,0,171025
7821,419,825.00,408.00,0,171033
7821,419,825.00,408.00,0,171041
7821,419,825.00,408.00,0,171051
7821,419,826.00,409.00,0,171059
7821,419,826.00,408.00,0,171068
7821,419,826.00,409.00,0,171076
7821,419,826.00,409.00,0,171084
7821,419,825.00,408.00,0,171094
7821,419,826.00,408.00,0,171102
7821,419,825.00,408.00,0,171110
7821,419,825.00,409.00,0,171119
7821,419,825.00,408.00,0,171127
7821,419,824.00,408.00,0,171137
7821,419,825.00,408.00,0,171145
7821,419,825.00,408.00,0,171153
7821,419,825.00,408.00,0,171162
7821,419,826.00,409.00,0,171170
7821,419,826.00,408.00,0,171180
7821,419,825.00,408.00,0,171188
7821,419,825.00,408.00,0,171196
7821,419,825.00,408.00,0,171205
7821,419,826.00,408.00,0,171213
7821,419,825.00,409.00,0,171222
7821,419,825.00,408.00,0,171231
7821,419,825.00,408.00,0,171239
7821,419,825.00,408.00,0,171248
7821,419,825.00,409.00,0,171256
7821,419,825.00,408.00,0,171265
7821,419,825.00,408.00,0,171274
7821,419,825.00,408.00,0,171282
7821,419,825.00,409.00,0,171290
7821,419,825.00,409.00,0,171299
7821,419,825.00,409.00,0,171308
7821,419,825.00,408.00,0,171317
7821,419,825.00,408.00,0,171325
7821,419,825.00,409.00,0,171333
7821,419,824.00,408.00,0,171342
7821,419,825.00,408.00,0,171351
7821,419,825.00,408.00,0,171359
7821,419,825.00,409.00,0,171368
7821,419,825.00,409.00,0,171376
7821,419,825.00,408.00,0,171385
7821,419,826.00,409.00,0,171394
7821,419,825.00,409.00,0,171402
7821,419,824.00,408.00,0,171411
7821,419,825.00,408.00,0,171419
7821,419,825.00,409.00,0,171428
7821,419,825.00,408.00,0,171437
7821,419,825.00,408.00,0,171445
7821,419,825.00,408.00,0,171454
7821,419,826.00,408.00,0,171462
7821,419,825.00,409.00,0,171470
7821,419,825.00,408.00,0,171480
7821,419,825.00,408.00,0,171488
7821,419,825.00,409.00,0,171497
7821,419,825.00,408.00,0,171505
7821,419,825.00,409.00,0,171513
7821,419,824.00,408.00,0,171523
7821,419,825.00,408.00,0,171531
7821,419,825.00,408.00,0,171539
7821,419,825.00,408.00,0,171548
7821,419,825.00,408.00,0,171556
7821,419,825.00,408.00,0,171566
7821,419,825.00,408.00,0,171574
7821,419,825.00,409.00,0,171582
7821,419,825.00,408.00,0,171591
7821,419,826.00,409.00,0,171599
7821,419,825.00,409.00,0,171608
7821,419,825.00,408.00,0,171617
7821,419,825.00,408.00,0,171625
7821,419,825.00,408.00,0,171634
7821,419,825.00,408.00,0,171642
7821,419,825.00,408.00,0,171651
7821,419,824.00,409.00,0,171660
7821,419,825.00,409.00,0,171668
7821,419,825.00,408.00,0,171676
7821,419,825.00,408.00,0,171685
7821,419,825.00,409.00,0,171694
7821,419,825.00,409.00,0,171703
7821,419,826.00,409.00,0,171711
7821,419,825.00,408.00,0,171719
7821,419,825.00,409.00,0,171728
7821,419,825.00,409.00,0,171737
7821,419,825.00,408.00,0,171746
7821,419,825.00,408.00,0,171754
7821,419,825.00,408.00,0,171762
7821,419,824.00,408.00,0,171771
7821,419,825.00,408.00,0,171780
7821,419,825.00,409.00,0,171788
7821,419,825.00,408.00,0,171797
7821,419,825.00,408.00,0,171805
7821,419,825.00,409.00,0,171814
7821,419,825.00,408.00,0,171823
7821,419,826.00,408.00,0,171831
7821,419,825.00,408.00,0,171840
7821,419,825.00,409.00,0,171848
7821,419,825.00,408.00,0,171856
7821,419,824.00,408.00,0,171866
7821,419,825.00,408.00,0,171874
7821,419,825.00,408.00,0,171883
7821,419,825.00,408.00,0,171891
7821,419,825.00,409.00,0,171899
7821,419,825.00,409.00,0,171909
7821,419,826.00,409.00,0,171917
7821,419,825.00,408.00,0,171925
7821,419,825.00,408.00,0,171934
7821,419,825.00,408.00,0,171942
7821,419,825.00,408.00,0,171952
7821,419,825.00,408.00,0,171960
7821,419,825.00,408.00,0,171968
7821,419,825.00,408.00,0,171977
7821,419,825.00,408.00,0,171985
7821,419,825.00,408.00,0,171995
7821,419,825.00,409.00,0,172003
7821,419,825.00,409.00,0,172011
7821,419,824.00,408.00,0,172020
7821,419,825.00,409.00,0,172028
7821,419,825.00,409.00,0,172037
7821,419,825.00,408.00,0,172046
7821,419,825.00,409.00,0,172054
7821,419,825.00,408.00,0,172063
7821,419,825.00,408.00,0,172071
7821,419,825.00,408.00,0,172080
7821,419,824.00,408.00,0,172089
7821,419,825.00,408.00,0,172097
7821,419,825.00,408.00,0,172105
7821,419,825.00,408.00,0,172114
7821,419,826.00,409.00,0,172123
7821,419,825.00,408.00,0,172132
7821,419,825.00,409.00,0,172140
7821,419,825.00,409.00,0,172148
7821,419,825.00,408.00,0,172157
7821,419,825.00,409.00,0,172166
7821,419,825.00,408.00,0,172174
7821,419,825.00,409.00,0,172183
7821,419,825.00,408.00,0,172191
7821,419,825.00,408.00,0,172200
7821,419,825.00,408.00,0,172209
7821,419,826.00,408.00,0,172217
7821,419,824.00,408.00,0,172226
7821,419,825.00,409.00,0,172234
7821,419,825.00,408.00,0,172242
7821,419,826.00,408.00,0,172252
7821,419,825.00,408.00,0,172260
7821,419,825.00,408.00,0,172269
7821,419,825.00,408.00,0,172277
7821,419,825.00,408.00,0,172285
7821,418,825.00,408.00,0,172295
7821,418,825.00,408.00,0,172303
7821,418,825.00,408.00,0,172312
7821,418,825.00,409.00,0,172320
7821,418,826.00,408.00,0,172328
7821,418,824.00,408.00,0,172338
7821,418,825.00,409.00,0,172346
7821,418,825.00,408.00,0,172354
7821,418,825.00,408.00,0,172363
7821,418,825.00,409.00,0,172371
7821,418,825.00,408.00,0,172381
7821,418,825.00,409.00,0,172389
7821,418,825.00,408.00,0,172397
7821,418,824.00,408.00,0,172406
7821,418,825.00,408.00,0,172414
7821,418,825.00,408.00,0,172423
7821,418,825.00,409.00,0,172432
7821,418,825.00,409.00,0,172440
7821,418,826.00,408.00,0,172449
7821,418,825.00,408.00,0,172457
7821,418,825.00,408.00,0,172466
7821,418,824.00,408.00,0,172475
7821,418,825.00,408.00,0,172483
7821,418,825.00,408.00,0,172491
7821,418,825.00,408.00,0,172500
7821,418,825.00,408.00,0,172509
7821,418,825.00,408.00,0,172518
7821,418,825.00,409.00,0,172526
7821,418,826.00,409.00,0,172534
7821,418,824.00,409.00,0,172544
7821,418,825.00,409.00,0,172552
7821,418,825.00,408.00,0,172561
7821,418,826.00,409.00,0,172569
7821,418,825.00,409.00,0,172577
7821,418,825.00,408.00,0,172587
7821,418,825