9.00,0,14693
-7,-4,826.00,408.00,0,14701
-7,-4,826.00,409.00,0,14708
-7,-4,826.00,409.00,0,14716
-7,-4,826.00,408.00,0,14724
-7,-4,826.00,409.00,0,14731
-7,-4,826.00,409.00,0,14739
-7,-4,826.00,409.00,0,14746
-7,-4,826.00,409.00,0,14753
-7,-4,826.00,409.00,0,14761
-7,-4,826.00,408.00,0,14769
-7,-4,826.00,409.00,0,14776
-7,-4,826.00,409.00,0,14784
-7,-4,826.00,409.00,0,14791
-7,-4,826.00,409.00,0,14799
-7,-4,825.00,408.00,0,14807
-7,-4,826.00,409.00,0,14814
-7,-4,826.00,409.00,0,14822
-7,-4,826.00,409.00,0,14829
-7,-4,826.00,409.00,0,14836
-7,-4,826.00,409.00,0,14844
-7,-4,826.00,409.00,0,14852
-7,-4,826.00,409.00,0,14859
-7,-4,826.00,409.00,0,14867
-7,-4,826.00,409.00,0,14874
-7,-4,826.00,409.00,0,14882
-7,-4,826.00,408.00,0,14889
-7,-4,826.00,409.00,0,14897
-7,-4,826.00,409.00,0,14905
-7,-4,826.00,409.00,0,14912
-7,-4,826.00,409.00,0,14919
-7,-4,826.00,409.00,0,14927
-7,-4,826.00,409.00,0,14935
-7,-4,826.00,409.00,0,14942
-7,-4,826.00,409.00,0,14950
-7,-4,826.00,409.00,0,14957
-7,-4,826.00,409.00,0,14965
-7,-4,825.00,409.00,0,14972
-7,-4,826.00,409.00,0,14980
-7,-4,826.00,409.00,0,14988
-7,-4,825.00,409.00,0,14995
-7,-4,826.00,409.00,0,15002
-7,-4,826.00,409.00,0,15010
-7,-4,826.00,409.00,0,15017
-7,-4,826.00,409.00,0,15025
-7,-4,826.00,409.00,0,15033
-7,-4,826.00,409.00,0,15040
-7,-4,826.00,409.00,0,15048
-7,-4,826.00,409.00,0,15055
-7,-4,826.00,409.00,0,15063
-7,-4,826.00,409.00,0,15071
-7,-4,825.00,409.00,0,15078
-7,-4,826.00,409.00,0,15085
-7,-4,826.00,409.00,0,15093
-7,-4,826.00,408.00,0,15100
-7,-4,826.00,409.00,0,15108
-7,-4,825.00,408.00,0,15116
-7,-4,826.00,409.00,0,15123
-7,-4,826.00,409.00,0,15131
-7,-4,825.00,408.00,0,15138
-7,-4,826.00,409.00,0,15145
-7,-4,826.00,409.00,0,15154
-7,-4,826.00,409.00,0,15161
-7,-4,826.00,409.00,0,15168
-7,-4,826.00,409.00,0,15176
-7,-4,826.00,409.00,0,15183
-7,-4,826.00,409.00,0,15191
-7,-4,826.00,408.00,0,15199
-7,-4,826.00,409.00,0,15206
-7,-4,826.00,409.00,0,15214
-7,-4,825.00,408.00,0,15221
-7,-4,826.00,409.00,0,15228
-7,-4,826.00,409.00,0,15237
-7,-4,825.00,409.00,0,15244
-7,-4,826.00,409.00,0,15251
-7,-4,826.00,409.00,0,15259
-7,-4,826.00,409.00,0,15266
-7,-4,826.00,409.00,0,15273
-7,-4,826.00,408.00,0,15282
-7,-4,826.00,409.00,0,15289
-7,-4,826.00,409.00,0,15297
-7,-4,826.00,409.00,0,15304
-7,-4,827.00,409.00,0,15311
-7,-4,826.00,409.00,0,15320
-7,-4,825.00,409.00,0,15327
-7,-4,826.00,409.00,0,15334
-7,-4,826.00,409.00,0,15342
-7,-4,826.00,409.00,0,15349
-7,-4,826.00,409.00,0,15356
-7,-4,826.00,409.00,0,15365
-7,-4,826.00,409.00,0,15372
-7,-4,826.00,409.00,0,15380
-7,-4,826.00,409.00,0,15387
-7,-4,826.00,409.00,0,15394
-7,-4,826.00,409.00,0,15403
-7,-4,825.00,409.00,0,15410
-7,-4,826.00,409.00,0,15417
-7,-4,826.00,409.00,0,15425
-7,-4,826.00,409.00,0,15432
-7,-4,826.00,409.00,0,15439
-7,-4,826.00,409.00,0,15448
-7,-4,826.00,409.00,0,15455
-7,-4,826.00,409.00,0,15463
-7,-4,826.00,409.00,0,15470
-7,-4,826.00,409.00,0,15477
-7,-4,826.00,409.00,0,15485
-7,-4,825.00,409.00,0,15493
-7,-4,826.00,409.00,0,15500
-7,-4,826.00,409.00,0,15508
-7,-4,826.00,409.00,0,15515
-7,-4,826.00,409.00,0,15522
-7,-4,826.00,408.00,0,15531
-7,-4,826.00,409.00,0,15538
-7,-4,826.00,409.00,0,15546
-7,-4,826.00,408.00,0,15553
-7,-4,826.00,409.00,0,15560
-7,-4,826.00,409.00,0,15568
-7,-4,825.00,409.00,0,15576
-7,-4,826.00,409.00,0,15583
-7,-4,826.00,409.00,0,15591
-7,-4,826.00,409.00,0,15598
-7,-4,826.00,409.00,0,15605
-7,-4,826.00,409.00,0,15613
-7,-4,826.00,409.00,0,15621
-7,-4,826.00,409.00,0,15629
-7,-4,825.00,408.00,0,15636
-7,-4,826.00,409.00,0,15643
-7,-4,826.00,409.00,0,15651
-7,-4,825.00,409.00,0,15659
-7,-4,826.00,409.00,0,15666
-7,-4,826.00,409.00,0,15674
-7,-4,825.00,409.00,0,15681
-7,-4,827.00,409.00,0,15688
-7,-4,826.00,409.00,0,15696
-7,-4,826.00,409.00,0,15704
-7,-4,826.00,409.00,0,15712
-7,-4,825.00,408.00,0,15719
-7,-4,826.00,409.00,0,15726
-7,-4,826.00,409.00,0,15734
-7,-4,826.00,409.00,0,15741
-7,-4,826.00,409.00,0,15749
-7,-4,826.00,409.00,0,15757
-7,-4,826.00,409.00,0,15764
-7,-4,826.00,409.00,0,15771
-7,-4,826.00,408.00,0,15779
-7,-4,826.00,409.00,0,15787
-7,-4,826.00,409.00,0,15795
-7,-4,826.00,409.00,0,15802
-7,-4,826.00,409.00,0,15809
-7,-4,826.00,409.00,0,15817
-7,-4,825.00,409.00,0,15824
-7,-4,826.00,409.00,0,15832
-7,-4,826.00,409.00,0,15840
-7,-4,826.00,409.00,0,15847
-7,-4,826.00,409.00,0,15854
-7,-4,826.00,408.00,0,15862
-7,-4,826.00,409.00,0,15869
-7,-4,825.00,409.00,0,15878
-7,-4,825.00,409.00,0,15885
-7,-4,826.00,409.00,0,15892
-7,-4,826.00,409.00,0,15900
-7,-4,825.00,409.00,0,15907
-7,-4,826.00,409.00,0,15915
-7,-4,826.00,409.00,0,15923
-7,-4,825.00,409.00,0,15930
-7,-4,826.00,409.00,0,15937
-7,-4,826.00,409.00,0,15945
-7,-4,825.00,409.00,0,15952
-7,-4,826.00,409.00,0,15960
-7,-4,826.00,408.00,0,15968
-7,-4,826.00,408.00,0,15975
-7,-4,826.00,409.00,0,15983
-7,-4,825.00,409.00,0,15990
-7,-4,826.00,409.00,0,15997
-7,-4,826.00,409.00,0,16006
-7,-4,825.00,409.00,0,16013
-7,-4,826.00,409.00,0,16020
-7,-4,826.00,409.00,0,16028
-7,-4,826.00,409.00,0,16035
-7,-4,826.00,409.00,0,16043
-7,-4,825.00,409.00,0,16051
-7,-4,825.00,409.00,0,16058
-7,-4,826.00,409.00,0,16066
-7,-4,825.00,409.00,0,16073
-7,-4,826.00,409.00,0,16080
-7,-4,826.00,409.00,0,16089
-7,-4,825.00,409.00,0,16096
-7,-4,826.00,409.00,0,16103
-7,-4,826.00,409.00,0,16111
-7,-4,826.00,409.00,0,16118
-8,-4,826.00,409.00,0,16125
-8,-4,826.00,409.00,0,16134
-8,-4,826.00,409.00,0,16141
-8,-4,826.00,409.00,0,16149
-8,-4,825.00,408.00,0,16156
-8,-4,826.00,409.00,0,16163
-8,-4,826.00,409.00,0,16172
-8,-4,825.00,409.00,0,16179
-8,-4,826.00,409.00,0,16186
-8,-4,826.00,408.00,0,16194
-8,-4,826.00,409.00,0,16201
-8,-4,826.00,409.00,0,16208
-8,-4,825.00,408.00,0,16217
-8,-4,826.00,408.00,0,16224
-8,-4,826.00,409.00,0,16232
-8,-4,825.00,409.00,0,16239
-8,-4,826.00,409.00,0,16246
-8,-4,826.00,409.00,0,16254
-8,-4,825.00,409.00,0,16262
-8,-4,826.00,409.00,0,16269
-8,-4,826.00,409.00,0,16277
-8,-4,826.00,409.00,0,16284
-8,-5,826.00,409.00,0,16291
-8,-5,826.00,409.00,0,16300
-8,-5,826.00,409.00,0,16307
-8,-5,826.00,408.00,0,16315
-8,-5,826.00,408.00,0,16322
-8,-5,826.00,409.00,0,16329
-8,-5,826.00,409.00,0,16337
-8,-5,826.00,409.00,0,16345
-8,-5,825.00,408.00,0,16352
-8,-5,826.00,409.00,0,16360
-8,-5,826.00,409.00,0,16367
-8,-5,826.00,408.00,0,16374
-8,-5,826.00,408.00,0,16382
-8,-5,826.00,409.00,0,16390
-8,-5,826.00,409.00,0,16398
-8,-5,825.00,408.00,0,16405
-8,-5,825.00,409.00,0,16412
-8,-5,826.00,409.00,0,16420
-8,-5,825.00,409.00,0,16428
-8,-5,826.00,409.00,0,16435
-8,-5,826.00,409.00,0,16443
-8,-5,826.00,409.00,0,16450
-8,-5,826.00,409.00,0,16457
-8,-5,826.00,408.00,0,16465
-8,-5,826.00,409.00,0,16473
-8,-5,826.00,409.00,0,16481
-8,-5,826.00,409.00,0,16488
-8,-5,826.00,409.00,0,16495
-8,-5,826.00,409.00,0,16503
-8,-5,825.00,409.00,0,16510
-8,-5,826.00,409.00,0,16518
-8,-5,826.00,408.00,0,16526
-8,-5,826.00,408.00,0,16533
-8,-5,826.00,409.00,0,16540
-8,-5,825.00,408.00,0,16548
-8,-5,825.00,408.00,0,16556
-8,-5,826.00,409.00,0,16564
-8,-5,825.00,408.00,0,16571
-8,-5,826.00,409.00,0,16578
-8,-5,826.00,409.00,0,16586
-8,-5,825.00,409.00,0,16593
-8,-5,826.00,409.00,0,16601
-8,-5,826.00,408.00,0,16609
-8,-5,827.00,409.00,0,16616
-8,-5,826.00,408.00,0,16623
-8,-5,826.00,408.00,0,16631
-8,-5,826.00,409.00,0,16638
-8,-5,826.00,409.00,0,16647
-8,-5,826.00,408.00,0,16654
-8,-5,826.00,409.00,0,16661
-8,-5,826.00,409.00,0,16669
-8,-5,825.00,409.00,0,16676
-8,-5,826.00,409.00,0,16684
-8,-5,826.00,409.00,0,16692
-8,-5,825.00,409.00,0,16699
-8,-5,826.00,409.00,0,16706
-8,-5,825.00,408.00,0,16714
-8,-5,826.00,409.00,0,16721
-8,-5,826.00,408.00,0,16730
-8,-5,825.00,408.00,0,16737
-8,-5,826.00,408.00,0,16744
-8,-5,826.00,409.00,0,16752
-8,-5,825.00,409.00,0,16759
-8,-5,826.00,409.00,0,16766
-8,-5,825.00,408.00,0,16775
-8,-5,826.00,409.00,0,16782
-8,-5,826.00,409.00,0,16789
-8,-5,825.00,408.00,0,16797
-8,-5,826.00,409.00,0,16804
-8,-5,826.00,408.00,0,16813
-8,-5,826.00,408.00,0,16820
-8,-5,826.00,409.00,0,16827
-8,-5,826.00,409.00,0,16835
-8,-5,825.00,409.00,0,16842
-8,-5,826.00,409.00,0,16849
-8,-5,826.00,409.00,0,16858
-8,-5,825.00,409.00,0,16865
-8,-5,826.00,409.00,0,16872
-8,-5,826.00,408.00,0,16880
-8,-5,826.00,409.00,0,16887
-8,-5,826.00,408.00,0,16896
-8,-5,825.00,408.00,0,16903
-8,-5,826.00,408.00,0,16910
-8,-5,826.00,409.00,0,16918
-8,-5,825.00,409.00,0,16925
-8,-5,826.00,409.00,0,16932
-8,-5,826.00,409.00,0,16941
-8,-5,826.00,409.00,0,16948
-8,-5,826.00,409.00,0,16955
-8,-5,825.00,409.00,0,16963
-8,-5,826.00,409.00,0,16970
-8,-5,826.00,409.00,0,16978
-8,-5,825.00,408.00,0,16986
-8,-5,825.00,409.00,0,16993
-8,-5,826.00,409.00,0,17001
-8,-5,825.00,409.00,0,17008
-8,-5,826.00,408.00,0,17015
-8,-5,826.00,409.00,0,17024
-8,-5,826.00,409.00,0,17031
-8,-5,826.00,409.00,0,17038
-8,-5,826.00,408.00,0,17046
-8,-5,826.00,408.00,0,17053
-8,-5,826.00,408.00,0,17061
-8,-5,825.00,408.00,0,17069
-8,-5,826.00,409.00,0,17076
-8,-5,826.00,409.00,0,17084
-8,-5,825.00,408.00,0,17091
-8,-5,826.00,409.00,0,17098
-8,-5,826.00,409.00,0,17106
-8,-5,826.00,408.00,0,17114
-8,-5,826.00,409.00,0,17121
-8,-5,825.00,409.00,0,17129
-8,-5,825.00,409.00,0,17136
-8,-5,826.00,409.00,0,17144
-8,-5,826.00,408.00,0,17152
-8,-5,825.00,408.00,0,17159
-8,-5,826.00,409.00,0,17167
-8,-5,825.00,409.00,0,17174
-8,-5,826.00,409.00,0,17181
-8,-5,826.00,409.00,0,17189
-8,-5,826.00,409.00,0,17197
-8,-5,826.00,409.00,0,17204
-8,-5,826.00,408.00,0,17212
-8,-5,826.00,409.00,0,17219
-8,-5,826.00,409.00,0,17227
-8,-5,825.00,408.00,0,17234
-8,-5,826.00,409.00,0,17242
-8,-5,825.00,409.00,0,17250
-8,-5,825.00,409.00,0,17257
-8,-5,826.00,409.00,0,17264
-8,-5,825.00,409.00,0,17272
-8,-5,825.00,409.00,0,17280
-8,-5,826.00,409.00,0,17287
-8,-5,825.00,409.00,0,17295
-8,-5,826.00,408.00,0,17302
-8,-5,826.00,409.00,0,17310
-8,-5,825.00,408.00,0,17317
-8,-5,826.00,409.00,0,17325
-8,-5,826.00,409.00,0,17333
-8,-5,825.00,408.00,0,17340
-8,-5,826.00,409.00,0,17347
-8,-5,826.00,409.00,0,17355
-8,-5,826.00,409.00,0,17362
-8,-5,826.00,409.00,0,17370
-8,-5,826.00,408.00,0,17378
-8,-5,826.00,409.00,0,17385
-8,-5,826.00,409.00,0,17393
-8,-5,826.00,409.00,0,17400
-8,-5,826.00,409.00,0,17408
-8,-5,826.00,409.00,0,17416
-8,-5,825.00,409.00,0,17423
-8,-5,826.00,409.00,0,17430
-8,-5,826.00,409.00,0,17438
-8,-5,826.00,409.00,0,17445
-8,-5,825.00,409.00,0,17453
-8,-5,826.00,408.00,0,17461
-8,-5,826.00,409.00,0,17468
-8,-5,826.00,409.00,0,17476
-8,-5,825.00,408.00,0,17483
-8,-5,826.00,409.00,0,17490
-8,-5,826.00,409.00,0,17499
-8,-5,825.00,409.00,0,17506
-8,-5,826.00,409.00,0,17513
-8,-5,826.00,409.00,0,17521
-8,-5,826.00,409.00,0,17528
-8,-5,826.00,409.00,0,17536
-8,-5,826.00,408.00,0,17544
-8,-5,826.00,409.00,0,17551
-8,-5,826.00,409.00,0,17559
-8,-5,826.00,408.00,0,17566
-8,-5,826.00,408.00,0,17573
-8,-5,826.00,409.00,0,17582
-8,-5,825.00,409.00,0,17589
-8,-5,826.00,409.00,0,17596
-8,-5,826.00,409.00,0,17604
-8,-5,825.00,408.00,0,17611
-8,-5,826.00,409.00,0,17618
-8,-5,826.00,409.00,0,17627
-8,-5,825.00,409.00,0,17634
-8,-5,826.00,409.00,0,17642
-8,-5,825.00,409.00,0,17649
-8,-5,826.00,409.00,0,17656
-8,-5,826.00,409.00,0,17665
-8,-5,826.00,409.00,0,17672
-8,-5,826.00,409.00,0,17679
-8,-5,826.00,409.00,0,17687
-8,-5,825.00,409.00,0,17694
-8,-5,826.00,409.00,0,17701
-8,-5,826.00,409.00,0,17710
-8,-5,825.00,409.00,0,17717
-8,-5,826.00,409.00,0,17725
-8,-5,825.00,408.00,0,17732
-8,-5,826.00,409.00,0,17739
-8,-5,826.00,408.00,0,17747
-8,-5,825.00,409.00,0,17755
-8,-5,826.00,409.00,0,17762
-8,-5,826.00,409.00,0,17770
-8,-5,825.00,409.00,0,17777
-8,-5,826.00,408.00,0,17784
-8,-5,825.00,408.00,0,17793
-8,-5,826.00,409.00,0,17800
-8,-5,826.00,409.00,0,17808
-8,-5,825.00,408.00,0,17815
-8,-5,826.00,408.00,0,17822
-8,-5,826.00,409.00,0,17830
-8,-5,825.00,409.00,0,17838
-8,-5,826.00,409.00,0,17845
-8,-5,825.00,409.00,0,17853
-8,-5,825.00,408.00,0,17860
-8,-5,826.00,409.00,0,17867
-8,-5,826.00,409.00,0,17875
-8,-5,826.00,409.00,0,17883
-8,-5,826.00,409.00,0,17890
-8,-5,825.00,408.00,0,17898
-8,-5,826.00,409.00,0,17905
-8,-5,826.00,409.00,0,17913
-8,-5,825.00,409.00,0,17921
-8,-5,826.00,409.00,0,17928
-8,-5,826.00,409.00,0,17936
-8,-5,826.00,409.00,0,17943
-8,-5,826.00,409.00,0,17950
-8,-5,826.00,408.00,0,17958
-8,-5,826.00,409.00,0,17966
-8,-5,826.00,409.00,0,17973
-8,-5,825.00,409.00,0,17981
-8,-5,826.00,409.00,0,17988
-8,-5,826.00,409.00,0,17996
-8,-5,825.00,408.00,0,18003
-8,-5,826.00,409.00,0,18011
-8,-5,826.00,409.00,0,18019
-8,-5,825.00,409.00,0,18026
-8,-5,826.00,409.00,0,18033
-8,-5,826.00,409.00,0,18041
-8,-5,826.00,409.00,0,18049
-8,-5,826.00,409.00,0,18056
-8,-5,826.00,409.00,0,18064
-8,-5,826.00,409.00,0,18071
-8,-5,826.00,409.00,0,18079
-8,-5,825.00,408.00,0,18086
-8,-5,826.00,409.00,0,18094
-8,-5,826.00,409.00,0,18102
-8,-5,826.00,409.00,0,18109
-8,-5,826.00,409.00,0,18116
-8,-5,826.00,409.00,0,18124
-8,-5,826.00,408.00,0,18131
-8,-5,825.00,409.00,0,18139
-8,-5,825.00,409.00,0,18147
-8,-5,825.00,409.00,0,18154
-8,-5,826.00,409.00,0,18162
-8,-5,825.00,408.00,0,18169
-8,-5,826.00,409.00,0,18177
-8,-5,826.00,409.00,0,18185
-8,-5,825.00,408.00,0,18192
-8,-5,826.00,409.00,0,18199
-8,-5,826.00,408.00,0,18207
-8,-5,826.00,409.00,0,18214
-8,-5,826.00,409.00,0,18222
-8,-5,825.00,408.00,0,18230
-8,-5,826.00,409.00,0,18237
-8,-5,826.00,409.00,0,18245
-8,-5,825.00,409.00,0,18252
-8,-5,826.00,409.00,0,18259
-8,-5,826.00,409.00,0,18268
-8,-5,826.00,408.00,0,18275
-8,-5,826.00,409.00,0,18282
-8,-5,826.00,409.00,0,18290
-8,-5,826.00,409.00,0,18297
-8,-5,826.00,409.00,0,18305
-8,-5,825.00,409.00,0,18313
-8,-5,826.00,409.00,0,18320
-8,-5,826.00,409.00,0,18328
-8,-5,825.00,408.00,0,18335
-8,-5,826.00,408.00,0,18342
-8,-5,826.00,409.00,0,18351
-8,-5,825.00,409.00,0,18358
-9,-5,826.00,409.00,0,18365
-9,-5,825.00,409.00,0,18373
-9,-5,826.00,409.00,0,18380
-9,-5,826.00,409.00,0,18387
-9,-5,825.00,408.00,0,18396
-9,-5,826.00,408.00,0,18403
-9,-5,826.00,409.00,0,18411
-9,-5,826.00,408.00,0,18418
-9,-5,826.00,409.00,0,18425
-9,-5,826.00,409.00,0,18434
-9,-5,826.00,409.00,0,18441
-9,-6,826.00,409.00,0,18448
-9,-6,826.00,409.00,0,18456
-9,-6,826.00,409.00,0,18463
-9,-6,826.00,409.00,0,18470
-9,-6,826.00,408.00,0,18479
-9,-6,825.00,409.00,0,18486
-9,-6,826.00,409.00,0,18494
-9,-6,825.00,408.00,0,18501
-9,-6,826.00,409.00,0,18508
-9,-6,826.00,409.00,0,18516
-9,-6,825.00,409.00,0,18524
-9,-6,825.00,409.00,0,18531
-9,-6,826.00,409.00,0,18539
-9,-6,826.00,409.00,0,18546
-9,-6,826.00,409.00,0,18553
-9,-6,826.00,408.00,0,18562
-9,-6,826.00,409.00,0,18569
-9,-6,826.00,409.00,0,18577
-9,-6,826.00,408.00,0,18584
-9,-6,826.00,409.00,0,18591
-9,-6,826.00,409.00,0,18599
-9,-6,825.00,409.00,0,18607
-9,-6,826.00,409.00,0,18614
-9,-6,826.00,409.00,0,18622
-9,-6,826.00,409.00,0,18629
-9,-6,826.00,409.00,0,18636
-9,-6,825.00,408.00,0,18644
-9,-6,826.00,409.00,0,18652
-9,-6,826.00,409.00,0,18660
-9,-6,825.00,408.00,0,18667
-9,-6,826.00,409.00,0,18674
-9,-6,826.00,409.00,0,18682
-9,-6,825.00,408.00,0,18690
-9,-6,825.00,409.00,0,18697
-9,-6,826.00,409.00,0,18705
-9,-6,825.00,409.00,0,18712
-9,-6,826.00,409.00,0,18719
-9,-6,825.00,409.00,0,18727
-9,-6,826.00,409.00,0,18735
-9,-6,825.00,409.00,0,18743
-9,-6,825.00,408.00,0,18750
-9,-6,826.00,409.00,0,18757
-9,-6,826.00,409.00,0,18765
-9,-6,825.00,408.00,0,18772
-9,-6,826.00,409.00,0,18780
-9,-6,826.00,409.00,0,18788
-9,-6,826.00,409.00,0,18795
-9,-6,826.00,409.00,0,18802
-9,-6,825.00,408.00,0,18810
-9,-6,826.00,409.00,0,18818
-9,-6,826.00,408.00,0,18826
-9,-6,825.00,408.00,0,18833
-9,-6,826.00,409.00,0,18840
-9,-6,825.00,409.00,0,18848
-9,-6,825.00,408.00,0,18855
-9,-6,826.00,408.00,0,18863
-9,-6,825.00,408.00,0,18871
-9,-6,826.00,409.00,0,18878
-9,-6,826.00,409.00,0,18885
-9,-6,825.00,408.00,0,18893
-9,-6,826.00,408.00,0,18900
-9,-6,826.00,409.00,0,18909
-9,-6,825.00,408.00,0,18916
-9,-6,825.00,408.00,0,18923
-9,-6,826.00,408.00,0,18931
-9,-6,825.00,408.00,0,18938
-9,-6,826.00,409.00,0,18946
-9,-6,826.00,409.00,0,18954
-9,-6,826.00,409.00,0,18961
-9,-6,826.00,409.00,0,18968
-9,-6,826.00,408.00,0,18976
-9,-6,826.00,409.00,0,18983
-9,-6,825.00,408.00,0,18992
-9,-6,825.00,408.00,0,18999
-9,-6,825.00,409.00,0,19006
-9,-6,826.00,409.00,0,19014
-9,-6,826.00,408.00,0,19021
-9,-6,826.00,408.00,0,19028
-9,-6,826.00,409.00,0,19037
-9,-6,826.00,408.00,0,19044
-9,-6,826.00,409.00,0,19051
-9,-6,826.00,408.00,0,19059
-9,-6,826.00,409.00,0,19066
-9,-6,826.00,409.00,0,19075
-9,-6,825.00,408.00,0,19082
-9,-6,826.00,408.00,0,19089
-9,-6,826.00,409.00,0,19097
-9,-6,825.00,408.00,0,19104
-9,-6,826.00,408.00,0,19111
-9,-6,826.00,409.00,0,19120
-9,-6,826.00,408.00,0,19127
-9,-6,826.00,409.00,0,19134
-9,-6,826.00,408.00,0,19142
-9,-6,826.00,408.00,0,19149
-9,-6,825.00,409.00,0,19158
-9,-6,826.00,409.00,0,19165
-9,-6,825.00,408.00,0,19172
-9,-6,826.00,409.00,0,19180
-9,-6,825.00,409.00,0,19187
-9,-6,826.00,408.00,0,19194
-9,-6,826.00,409.00,0,19203
-9,-6,825.00,408.00,0,19210
-9,-6,826.00,408.00,0,19217
-9,-6,825.00,408.00,0,19225
-9,-6,826.00,409.00,0,19232
-9,-6,825.00,409.00,0,19240
-9,-6,825.00,408.00,0,19248
-9,-6,826.00,409.00,0,19255
-9,-6,826.00,409.00,0,19263
-9,-6,825.00,408.00,0,19270
-9,-6,826.00,408.00,0,19277
-9,-6,826.00,409.00,0,19286
-9,-6,826.00,409.00,0,19293
-9,-6,825.00,409.00,0,19300
-9,-6,826.00,408.00,0,19308
-9,-6,826.00,408.00,0,19315
-9,-6,826.00,409.00,0,19323
-9,-6,826.00,408.00,0,19331
-9,-6,825.00,409.00,0,19338
-9,-6,826.00,409.00,0,19346
-9,-6,825.00,408.00,0,19353
-9,-6,826.00,409.00,0,19360
-9,-6,826.00,409.00,0,19368
-9,-6,825.00,409.00,0,19376
-9,-6,826.00,409.00,0,19383
-9,-6,826.00,408.00,0,19391
-9,-6,826.00,409.00,0,19398
-9,-6,826.00,409.00,0,19406
-9,-6,825.00,408.00,0,19414
-9,-6,826.00,409.00,0,19421
-9,-6,826.00,409.00,0,19429
-9,-6,825.00,409.00,0,19436
-9,-6,826.00,409.00,0,19443
-9,-6,825.00,409.00,0,19451
-9,-6,826.00,408.00,0,19459
-9,-6,825.00,409.00,0,19466
-9,-6,826.00,408.00,0,19474
-9,-6,826.00,409.00,0,19481
-9,-6,826.00,409.00,0,19489
-9,-6,825.00,408.00,0,19496
-9,-6,826.00,408.00,0,19504
-9,-6,826.00,409.00,0,19512
-9,-6,825.00,409.00,0,19519
-9,-6,826.00,409.00,0,19526
-9,-6,826.00,409.00,0,19534
-9,-6,825.00,409.00,0,19542
-9,-6,826.00,409.00,0,19549
-9,-6,826.00,409.00,0,19557
-9,-6,826.00,409.00,0,19564
-9,-6,826.00,409.00,0,19572
-9,-6,825.00,409.00,0,19579
-9,-6,826.00,409.00,0,19587
-9,-6,826.00,409.00,0,19595
-9,-6,825.00,408.00,0,19602
-9,-6,825.00,409.00,0,19609
-9,-6,825.00,409.00,0,19617
-9,-6,825.00,409.00,0,19624
-9,-6,826.00,408.00,0,19632
-9,-6,826.00,409.00,0,19640
-9,-6,825.00,409.00,0,19647
-9,-6,826.00,408.00,0,19655
-9,-6,825.00,408.00,0,19662
-9,-6,826.00,408.00,0,19670
-9,-6,826.00,409.00,0,19678
-9,-6,825.00,409.00,0,19685
-9,-6,826.00,408.00,0,19692
-9,-6,826.00,409.00,0,19700
-9,-6,825.00,409.00,0,19707
-9,-6,826.00,408.00,0,19715
-9,-6,826.00,408.00,0,19723
-9,-6,825.00,409.00,0,19730
-9,-6,826.00,409.00,0,19738
-9,-6,825.00,408.00,0,19745
-9,-6,826.00,408.00,0,19752
-9,-6,826.00,409.00,0,19761
-9,-6,825.00,409.00,0,19768
-9,-6,826.00,409.00,0,19775
-9,-6,826.00,409.00,0,19783
-9,-6,825.00,408.00,0,19790
-9,-6,826.00,409.00,0,19798
-9,-6,825.00,409.00,0,19806
-9,-6,825.00,408.00,0,19813
-9,-6,826.00,409.00,0,19820
-9,-6,825.00,408.00,0,19828
-9,-6,826.00,409.00,0,19835
-9,-6,826.00,409.00,0,19844
-9,-6,825.00,409.00,0,19851
-9,-6,826.00,409.00,0,19858
-9,-6,826.00,409.00,0,19866
-9,-6,825.00,409.00,0,19873
-9,-6,826.00,408.00,0,19880
-9,-6,825.00,409.00,0,19889
-9,-6,826.00,408.00,0,19896
-9,-6,825.00,409.00,0,19903
-9,-6,825.00,409.00,0,19911
-9,-6,825.00,409.00,0,19918
-9,-6,826.00,409.00,0,19927
-9,-6,826.00,408.00,0,19934
-9,-6,826.00,408.00,0,19941
-9,-6,826.00,409.00,0,19949
-9,-6,825.00,408.00,0,19956
-9,-6,826.00,409.00,0,19963
-9,-6,825.00,408.00,0,19972
-9,-6,826.00,409.00,0,19979
-9,-6,826.00,408.00,0,19986
-9,-6,825.00,408.00,0,19994
-9,-6,826.00,409.00,0,20001
-9,-6,825.00,408.00,0,20009
-9,-6,825.00,408.00,0,20017
-9,-6,826.00,409.00,0,20024
-9,-6,826.00,408.00,0,20032
-9,-6,826.00,409.00,0,20039
-9,-6,826.00,408.00,0,20046
-9,-6,826.00,409.00,0,20055
-9,-6,826.00,408.00,0,20062
-9,-6,826.00,408.00,0,20069
-9,-6,825.00,408.00,0,20077
-9,-6,825.00,409.00,0,20084
-9,-6,825.00,409.00,0,20092
-9,-6,825.00,408.00,0,20100
-9,-6,825.00,409.00,0,20107
-9,-6,826.00,409.00,0,20115
-9,-6,825.00,408.00,0,20122
-9,-6,825.00,408.00,0,20129
-9,-6,826.00,408.00,0,20137
-9,-6,825.00,409.00,0,20145
-9,-6,826.00,409.00,0,20152
-9,-6,825.00,408.00,0,20160
-9,-6,826.00,409.00,0,20167
-9,-6,825.00,409.00,0,20175
-9,-6,826.00,409.00,0,20183
-9,-6,825.00,409.00,0,20190
-9,-6,826.00,409.00,0,20198
-9,-6,826.00,409.00,0,20205
-9,-6,826.00,408.00,0,20212
-9,-6,826.00,408.00,0,20220
-9,-6,825.00,409.00,0,20228
-9,-6,826.00,408.00,0,20235
-9,-6,825.00,408.00,0,20243
-9,-6,825.00,408.00,0,20250
-9,-6,826.00,409.00,0,20258
-9,-6,825.00,408.00,0,20265
-9,-6,826.00,408.00,0,20273
-9,-6,826.00,409.00,0,20281
-9,-6,825.00,409.00,0,20288
-9,-6,826.00,409.00,0,20295
-9,-6,826.00,408.00,0,20303
-9,-6,825.00,409.00,0,20311
-9,-6,825.00,409.00,0,20318
-9,-6,826.00,408.00,0,20326
-9,-6,826.00,409.00,0,20333
-9,-6,826.00,409.00,0,20341
-9,-6,826.00,408.00,0,20348
-9,-6,826.00,409.00,0,20356
-9,-6,826.00,409.00,0,20364
-9,-6,825.00,409.00,0,20371
-9,-6,826.00,409.00,0,20378
-9,-6,826.00,408.00,0,20386
-9,-6,826.00,408.00,0,20393
-9,-6,826.00,409.00,0,20401
-9,-6,825.00,408.00,0,20409
-9,-6,826.00,409.00,0,20416
-9,-6,826.00,409.00,0,20424
-9,-6,825.00,408.00,0,20431
-9,-6,826.00,409.00,0,20439
-9,-6,826.00,409.00,0,20447
-9,-6,825.00,408.00,0,20454
-9,-6,826.00,409.00,0,20461
-9,-6,826.00,408.00,0,20469
-9,-6,826.00,409.00,0,20476
-9,-6,826.00,409.00,0,20484
-9,-6,825.00,409.00,0,20492
-9,-6,825.00,409.00,0,20499
-9,-6,826.00,409.00,0,20507
-9,-6,825.00,408.00,0,20514
-9,-6,825.00,409.00,0,20521
-9,-6,826.00,409.00,0,20530
-9,-6,826.00,409.00,0,20537
-9,-6,826.00,408.00,0,20544
-9,-6,826.00,409.00,0,20552
-9,-6,826.00,409.00,0,20559
-9,-6,826.00,409.00,0,20567
-9,-6,825.00,408.00,0,20575
-9,-6,826.00,409.00,0,20582
-9,-6,825.00,408.00,0,20590
-9,-6,825.00,408.00,0,20597
-9,-6,826.00,409.00,0,20604
-9,-6,826.00,409.00,0,20613
-9,-6,825.00,408.00,0,20620
-9,-6,825.00,409.00,0,20627
-9,-6,826.00,409.00,0,20635
-9,-6,826.00,409.00,0,20642
-9,-6,825.00,409.00,0,20649
-9,-6,826.00,408.00,0,20658
-9,-6,826.00,408.00,0,20665
-9,-6,826.00,409.00,0,20673
-9,-6,825.00,408.00,0,20680
-9,-6,825.00,409.00,0,20687
-9,-6,826.00,409.00,0,20696
-9,-6,825.00,409.00,0,20703
-9,-6,826.00,409.00,0,20710
-9,-6,826.00,409.00,0,20718
-9,-6,826.00,409.00,0,20725
-9,-6,826.00,409.00,0,20732
-9,-6,826.00,408.00,0,20741
-9,-6,826.00,409.00,0,20748
-9,-6,826.00,409.00,0,20756
-9,-6,826.00,408.00,0,20763
-9,-6,826.00,409.00,0,20770
-9,-6,826.00,409.00,0,20779
-9,-6,825.00,409.00,0,20786
-9,-6,826.00,409.00,0,20793
-9,-6,826.00,409.00,0,20801
-9,-6,826.00,409.00,0,20808
-9,-6,826.00,409.00,0,20815
-9,-6,826.00,408.00,0,20824
-9,-6,826.00,409.00,0,20831
-9,-6,826.00,409.00,0,20839
-9,-6,825.00,408.00,0,20846
-9,-6,826.00,409.00,0,20853
-9,-6,826.00,409.00,0,20861
-9,-6,825.00,409.00,0,20869
-9,-6,826.00,409.00,0,20876
-9,-6,826.00,409.00,0,20884
-9,-6,826.00,408.00,0,20891
-9,-6,826.00,409.00,0,20898
-9,-6,826.00,408.00,0,20907
-9,-6,826.00,409.00,0,20914
-9,-6,826.00,409.00,0,20922
-9,-6,825.00,408.00,0,20929
-9,-6,826.00,409.00,0,20936
-9,-6,826.00,409.00,0,20944
-9,-6,825.00,409.00,0,20952
-9,-6,826.00,409.00,0,20959
-9,-6,826.00,409.00,0,20967
-9,-6,825.00,409.00,0,20974
-9,-6,826.00,409.00,0,20981
-9,-6,825.00,408.00,0,20989
-9,-6,826.00,409.00,0,20997
-9,-6,826.00,409.00,0,21005
-9,-6,825.00,408.00,0,21012
-9,-6,826.00,409.00,0,21019
-9,-6,826.00,409.00,0,21027
-9,-6,825.00,408.00,0,21035
-9,-6,826.00,409.00,0,21042
-9,-6,826.00,409.00,0,21050
-9,-6,826.00,408.00,0,21057
-9,-6,826.00,409.00,0,21064
-9,-6,826.00,408.00,0,21072
-9,-6,826.00,409.00,0,21080
-9,-6,826.00,408.00,0,21088
-9,-6,825.00,408.00,0,21095
-9,-6,826.00,409.00,0,21102
-9,-6,826.00,408.00,0,21110
-9,-6,825.00,408.00,0,21117
-9,-6,826.00,409.00,0,21125
-9,-6,826.00,409.00,0,21133
-9,-6,826.00,409.00,0,21140
-9,-6,826.00,409.00,0,21147
-9,-6,826.00,408.00,0,21155
-9,-6,826.00,409.00,0,21163
-9,-6,826.00,409.00,0,21171
-9,-6,825.00,408.00,0,21178
-9,-6,826.00,409.00,0,21185
-9,-6,826.00,409.00,0,21193
-9,-6,825.00,409.00,0,21200
-9,-6,826.00,409.00,0,21208
-9,-6,826.00,409.00,0,21216
-9,-6,826.00,409.00,0,21223
-9,-6,826.00,409.00,0,21230
-1,-6,0.00,375.00,0,21237
51,-6,0.00,375.00,0,21244
139,-6,232.00,325.00,0,21253
242,-6,336.00,326.00,0,21260
341,-6,71.00,341.00,0,21268
446,-5,283.00,326.00,0,21275
562,-3,599.00,308.00,0,21283
678,-1,799.00,322.00,0,21292
804,2,825.00,309.00,0,21299
938,5,826.00,291.00,0,21306
1056,7,826.00,325.00,0,21314
1166,9,825.00,324.00,0,21322
1270,9,825.00,325.00,0,21329
1366,9,709.00,325.00,0,21338
1460,8,295.00,324.00,0,21345
1564,5,388.00,325.00,0,21353
1674,2,746.00,324.00,0,21361
1786,0,802.00,325.00,0,21368
1901,-2,806.00,325.00,0,21377
2018,-4,794.00,308.00,0,21385
2124,-4,413.00,325.00,0,21393
2230,-4,114.00,308.00,0,21401
2343,-2,282.00,325.00,0,21409
2461,1,433.00,308.00,0,21416
2576,5,570.00,309.00,0,21425
2692,11,789.00,308.00,0,21433
2818,16,826.00,308.00,0,21441
2956,21,825.00,308.00,0,21448
3088,25,826.00,308.00,0,21456
3203,27,826.00,309.00,0,21465
3308,29,810.00,325.00,0,21473
3402,29,200.00,325.00,0,21481
3506,28,393.00,325.00,0,21489
3620,26,671.00,308.00,0,21497
3734,22,687.00,323.00,0,21506
3850,20,804.00,308.00,0,21513
3967,16,805.00,325.00,0,21521
4077,15,486.00,325.00,0,21529
4184,14,175.00,325.00,0,21537
4296,14,240.00,308.00,0,21545
4412,16,372.00,325.00,0,21554
4529,19,464.00,325.00,0,21562
4648,24,756.00,308.00,0,21570
4770,29,809.00,326.00,0,21577
4900,35,825.00,291.00,0,21585
5036,39,826.00,308.00,0,21594
5160,43,825.00,325.00,0,21602
5269,47,815.00,325.00,0,21610
5363,49,323.00,358.00,0,21618
5464,49,254.00,324.00,0,21626
5578,49,537.00,309.00,0,21635
5692,48,653.00,308.00,0,21642
5808,46,797.00,325.00,0,21650
5925,44,804.00,325.00,0,21658
6038,42,622.00,325.00,0,21666
6146,41,361.00,325.00,0,21675
6256,40,187.00,325.00,0,21683
6370,40,188.00,309.00,0,21691
6486,40,394.00,325.00,0,21698
6606,44,585.00,325.00,0,21706
6726,47,692.00,311.00,0,21714
6850,52,819.00,308.00,0,21723
6983,57,826.00,308.00,0,21731
7112,62,826.00,307.00,0,21739
7228,68,824.00,325.00,0,21747
7326,74,493.00,325.00,0,21755
7422,79,65.00,324.00,0,21763
7532,84,496.00,314.00,0,21771
7648,90,698.00,308.00,0,21779
7763,96,739.00,324.00,0,21787
7881,101,799.00,308.00,0,21795
8003,106,803.00,326.00,0,21804
8118,111,674.00,325.00,0,21812
8228,116,353.00,325.00,0,21820
8346,120,437.00,325.00,0,21828
8465,124,534.00,308.00,0,21837
8586,129,516.00,307.00,0,21846
8707,134,687.00,325.00,0,21854
8832,138,814.00,308.00,0,21862
8964,142,826.00,308.00,0,21870
9093,145,826.00,325.00,0,21878
9212,148,813.00,308.00,0,21886
9318,150,600.00,325.00,0,21895
9424,152,249.00,341.00,0,21904
9544,152,597.00,324.00,0,21912
9662,154,684.00,325.00,0,21920
9782,156,793.00,325.00,0,21928
9904,158,800.00,312.00,0,21937
10025,160,795.00,325.00,0,21945
10142,163,625.00,324.00,0,21954
10260,166,383.00,341.00,0,21962
10381,170,398.00,325.00,0,21971
10505,175,553.00,325.00,0,21980
10630,180,676.00,325.00,0,21988
10754,186,771.00,325.00,0,21997
10884,192,811.00,324.00,0,22005
11016,198,813.00,308.00,0,22013
11144,202,819.00,325.00,0,22023
11261,204,779.00,325.00,0,22031
11371,206,299.00,325.00,0,22040
11491,208,568.00,307.00,0,22048
11614,210,679.00,341.00,0,22056
11736,210,669.00,325.00,0,22066
11862,212,803.00,308.00,0,22074
11987,214,804.00,341.00,0,22082
12108,216,735.00,326.00,0,22091
12224,218,507.00,308.00,0,22099
12346,221,534.00,308.00,0,22109
12468,224,602.00,325.00,0,22117
12592,229,596.00,325.00,0,22125
12716,234,645.00,325.00,0,22134
12844,239,808.00,308.00,0,22142
12974,244,816.00,308.00,0,22152
13102,246,806.00,325.00,0,22160
13221,249,691.00,325.00,0,22168
13334,250,497.00,308.00,0,22177
13453,252,533.00,314.00,0,22185
13576,252,543.00,322.00,0,22194
13698,254,624.00,325.00,0,22203
13824,256,802.00,325.00,0,22211
13950,258,802.00,313.00,0,22220
14072,262,708.00,324.00,0,22228
14190,264,526.00,325.00,0,22237
14310,268,597.00,325.00,0,22246
14434,272,578.00,325.00,0,22254
14556,276,520.00,325.00,0,22262
14680,281,687.00,324.00,0,22272
14806,285,803.00,307.00,0,22280
14934,289,811.00,308.00,0,22289
15060,292,784.00,325.00,0,22297
15180,294,749.00,325.00,0,22305
15296,294,596.00,326.00,0,22315
15416,294,523.00,307.00,0,22323
15539,295,526.00,308.00,0,22331
15662,296,653.00,325.00,0,22340
15786,298,787.00,325.00,0,22348
15912,302,802.00,308.00,0,22358
16036,306,751.00,325.00,0,22366
16156,309,675.00,308.00,0,22374
16275,313,594.00,325.00,0,22383
16397,316,433.00,308.00,0,22391
16520,320,616.00,325.00,0,22401
16644,324,699.00,308.00,0,22409
16768,328,773.00,308.00,0,22417
16894,331,789.00,308.00,0,22426
17021,333,797.00,326.00,0,22434
17142,334,765.00,325.00,0,22443
17258,334,539.00,308.00,0,22452
17380,334,484.00,324.00,0,22460
17502,335,596.00,325.00,0,22469
17625,338,615.00,308.00,0,22477
17748,341,667.00,325.00,0,22486
17874,345,769.00,308.00,0,22495
17999,350,795.00,325.00,0,22503
18120,354,701.00,325.00,0,22511
18239,358,559.00,341.00,0,22520
18362,361,611.00,309.00,0,22529
18484,364,674.00,325.00,0,22538
18607,366,649.00,324.00,0,22546
18730,369,546.00,307.00,0,22554
18857,372,804.00,325.00,0,22563
18982,373,807.00,325.00,0,22572
19104,374,752.00,325.00,0,22580
19222,374,444.00,325.00,0,22589
19343,376,622.00,325.00,0,22597
19465,377,629.00,325.00,0,22606
19588,380,555.00,308.00,0,22615
19712,384,579.00,324.00,0,22623
19837,389,797.00,308.00,0,22632
19962,394,801.00,325.00,0,22640
20084,398,683.00,325.00,0,22648
20203,402,559.00,325.00,0,22658
20326,404,694.00,325.00,0,22666
20448,406,676.00,342.00,0,22675
20570,408,560.00,307.00,0,22683
20694,410,657.00,308.00,0,22691
20819,412,800.00,308.00,0,22701
20944,414,801.00,309.00,0,22709
21068,415,690.00,325.00,0,22718
21186,416,602.00,308.00,0,22726
21307,418,668.00,308.00,0,22734
21429,420,593.00,308.00,0,22744
21552,423,511.00,341.00,0,22752
21675,427,668.00,308.00,0,22760
21800,432,799.00,325.00,0,22769
21924,436,803.00,325.00,0,22777
22047,439,667.00,308.00,0,22787
22168,442,670.00,324.00,0,22795
22290,444,692.00,324.00,0,22803
22412,444,613.00,308.00,0,22812
22534,446,582.00,325.00,0,22820
22658,448,694.00,325.00,0,22829
22781,450,784.00,325.00,0,22838
22907,453,784.00,325.00,0,22846
23030,455,749.00,341.00,0,22855
23150,457,692.00,308.00,0,22863
23272,459,639.00,325.00,0,22872
23394,462,481.00,308.00,0,22881
23516,464,610.00,308.00,0,22889
23639,468,681.00,325.00,0,22897
23762,472,717.00,325.00,0,22906
23888,475,716.00,325.00,0,22915
24011,478,772.00,325.00,0,22924
24132,480,720.00,308.00,0,22932
24254,481,615.00,309.00,0,22940
24376,482,576.00,308.00,0,22949
24498,484,648.00,308.00,0,22958
24621,486,668.00,325.00,0,22967
24744,488,631.00,309.00,0,22975
24870,492,767.00,308.00,0,22983
24994,494,780.00,308.00,0,22992
25114,497,698.00,342.00,0,23001
25234,499,581.00,325.00,0,23009
25357,501,644.00,325.00,0,23018
25480,503,676.00,325.00,0,23026
25602,506,626.00,325.00,0,23035
25726,509,520.00,308.00,0,23044
25850,512,790.00,325.00,0,23052
25975,516,799.00,325.00,0,23061
26096,518,681.00,307.00,0,23069
26216,520,560.00,325.00,0,23077
26340,522,693.00,308.00,0,23087
26462,524,691.00,308.00,0,23095
26585,526,589.00,308.00,0,23104
26707,528,598.00,325.00,0,23112
26832,532,796.00,308.00,0,23120
26957,534,798.00,325.00,0,23130
27078,536,649.00,325.00,0,23138
27199,538,603.00,325.00,0,23146
27321,540,704.00,325.00,0,23155
27443,542,650.00,325.00,0,23163
27566,544,525.00,325.00,0,23173
27689,547,633.00,325.00,0,23181
27814,551,795.00,325.00,0,23189
27938,554,785.00,308.00,0,23198
28060,558,616.00,308.00,0,23206
28181,560,667.00,308.00,0,23215
28304,562,746.00,325.00,0,23224
28426,563,669.00,325.00,0,23232
28548,565,611.00,326.00,0,23241
28672,567,673.00,325.00,0,23249
28796,570,791.00,325.00,0,23258
28920,572,777.00,315.00,0,23267
29042,574,641.00,321.00,0,23275
29164,576,677.00,326.00,0,23284
29285,578,690.00,309.00,0,23292
29408,580,638.00,326.00,0,23301
29530,582,610.00,329.00,0,23310
29652,586,687.00,324.00,0,23318
29776,589,745.00,308.00,0,23326
29901,592,628.00,321.00,0,23335
30024,596,708.00,325.00,0,23344
30146,598,699.00,325.00,0,23353
30268,600,677.00,308.00,0,23361
30390,601,543.00,308.00,0,23369
30512,602,670.00,314.00,0,23378
30635,604,693.00,325.00,0,23387
30758,608,682.00,308.00,0,23395
30882,610,715.00,318.00,0,23404
31006,613,755.00,309.00,0,23412
31128,616,697.00,325.00,0,23421
31250,618,619.00,325.00,0,23430
31371,620,588.00,308.00,0,23438
31494,622,675.00,308.00,0,23447
31616,624,672.00,316.00,0,23455
31739,628,640.00,341.00,0,23463
31864,630,769.00,341.00,0,23473
31988,634,796.00,325.00,0,23481
32109,636,679.00,308.00,0,23490
32231,638,602.00,325.00,0,23498
32354,639,665.00,325.00,0,23506
32477,641,696.00,316.00,0,23516
32599,643,614.00,308.00,0,23524
32721,646,541.00,308.00,0,23533
32846,649,784.00,325.00,0,23541
32970,652,801.00,341.00,0,23549
33091,654,641.00,308.00,0,23559
33213,656,564.00,307.00,0,23567
33336,658,704.00,325.00,0,23575
33458,660,677.00,324.00,0,23584
33580,662,561.00,325.00,0,23592
33702,665,603.00,325.00,0,23602
33827,668,780.00,308.00,0,23610
33952,672,785.00,308.00,0,23618
34073,674,624.00,325.00,0,23627
34194,676,637.00,308.00,0,23635
34318,678,748.00,325.00,0,23644
34440,679,687.00,308.00,0,23653
34562,681,550.00,308.00,0,23661
34686,684,642.00,325.00,0,23670
34810,686,791.00,327.00,0,23678
34934,688,767.00,309.00,0,23687
35055,690,606.00,308.00,0,23696
35176,692,670.00,341.00,0,23704
35299,694,724.00,308.00,0,23712
35422,696,639.00,325.00,0,23721
35544,698,628.00,308.00,0,23730
35666,702,688.00,325.00,0,23739
35790,705,751.00,308.00,0,23747
35915,708,741.00,308.00,0,23755
36038,711,657.00,325.00,0,23764
36160,713,687.00,307.00,0,23773
36281,714,724.00,325.00,0,23782
36404,716,514.00,325.00,0,23790
36526,718,644.00,308.00,0,23798
36649,720,686.00,308.00,0,23808
36772,722,724.00,325.00,0,23816
36896,725,648.00,308.00,0,23824
37019,728,692.00,324.00,0,23833
37140,730,686.00,325.00,0,23841
37263,732,674.00,325.00,0,23851
37385,734,578.00,325.00,0,23859
37508,736,667.00,308.00,0,23867
37630,738,689.00,308.00,0,23876
37754,742,639.00,308.00,0,23884
37878,745,691.00,308.00,0,23892
38002,748,752.00,325.00,0,23902
38123,750,699.00,325.00,0,23910
38244,751,626.00,308.00,0,23919
38367,752,654.00,308.00,0,23927
38490,754,721.00,325.00,0,23936
38612,756,673.00,325.00,0,23945
38734,759,637.00,307.00,0,23953
38859,762,751.00,308.00,0,23961
38984,764,782.00,325.00,0,23970
39104,766,653.00,324.00,0,23979
39226,768,556.00,308.00,0,23988
39349,770,681.00,308.00,0,23996
39472,772,710.00,325.00,0,24004
39594,774,625.00,341.00,0,24013
39716,778,567.00,325.00,0,24022
39840,781,780.00,325.00,0,24031
39965,784,795.00,325.00,0,24039
40087,786,637.00,308.00,0,24047
40209,788,588.00,325.00,0,24056
40332,789,724.00,325.00,0,24065
40454,790,689.00,308.00,0,24073
40576,792,584.00,308.00,0,24082
40698,795,615.00,325.00,0,24090
40822,798,794.00,342.00,0,24099
40946,800,788.00,325.00,0,24108
41068,802,578.00,324.00,0,24116
41190,804,642.00,325.00,0,24125
41313,806,733.00,308.00,0,24133
41436,808,665.00,308.00,0,24141
41558,811,537.00,324.00,0,24151
41680,814,648.00,325.00,0,24159
41804,817,783.00,308.00,0,24168
41928,820,750.00,308.00,0,24176
42050,822,674.00,341.00,0,24184
42172,824,685.00,325.00,0,24194
42295,825,733.00,308.00,0,24202
42418,826,660.00,325.00,0,24210
42540,828,580.00,325.00,0,24219
42662,831,669.00,308.00,0,24227
42786,834,741.00,325.00,0,24237
42910,837,720.00,324.00,0,24245
43032,840,656.00,308.00,0,24253
43154,842,685.00,325.00,0,24262
43276,843,711.00,308.00,0,24270
43399,844,516.00,325.00,0,24279
43522,847,627.00,323.00,0,24288
43644,850,676.00,307.00,0,24296
43767,852,679.00,308.00,0,24305
43892,856,635.00,308.00,0,24313
44014,858,715.00,324.00,0,24322
44136,860,716.00,325.00,0,24331
44258,862,677.00,325.00,0,24339
44381,863,615.00,316.00,0,24348
44504,865,682.00,321.00,0,24356
44626,868,673.00,308.00,0,24365
44749,870,634.00,308.00,0,24374
44874,873,700.00,308.00,0,24382
44996,876,740.00,324.00,0,24390
45118,878,658.00,308.00,0,24399
45240,879,630.00,325.00,0,24408
45362,880,659.00,308.00,0,24417
45485,882,702.00,324.00,0,24425
45608,885,642.00,325.00,0,24433
45730,888,665.00,308.00,0,24442
45854,892,739.00,315.00,0,24451
45978,894,764.00,308.00,0,24459
46100,896,664.00,308.00,0,24468
46222,898,538.00,325.00,0,24476
46346,900,738.00,326.00,0,24485
46468,902,727.00,308.00,0,24494
46590,904,619.00,325.00,0,24502
46712,906,560.00,315.00,0,24511
46836,908,759.00,308.00,0,24519
46960,910,772.00,307.00,0,24527
47082,913,601.00,307.00,0,24537
47203,914,601.00,325.00,0,24545
47327,916,736.00,310.00,0,24554
47450,919,705.00,342.00,0,24562
47572,922,565.00,308.00,0,24570
47694,924,625.00,325.00,0,24580
47818,928,774.00,325.00,0,24588
47942,930,759.00,325.00,0,24597
48064,932,588.00,325.00,0,24605
48186,934,652.00,325.00,0,24613
48309,936,746.00,308.00,0,24623
48431,937,678.00,325.00,0,24631
48554,939,580.00,341.00,0,24639
48676,942,651.00,308.00,0,24648
48799,944,760.00,307.00,0,24656
48923,946,741.00,325.00,0,24666
49046,949,582.00,325.00,0,24674
49167,951,684.00,326.00,0,24682
49290,952,737.00,308.00,0,24691
49413,954,637.00,308.00,0,24699
49536,957,612.00,325.00,0,24708
49658,960,677.00,324.00,0,24717
49780,963,734.00,325.00,0,24725
49905,966,704.00,308.00,0,24734
50027,968,674.00,325.00,0,24742
50150,970,697.00,308.00,0,24751
50272,971,702.00,308.00,0,24760
50396,972,543.00,325.00,0,24768
50517,974,664.00,308.00,0,24776
50640,976,679.00,308.00,0,24785
50762,980,666.00,325.00,0,24794
50886,982,666.00,342.00,0,24803
51010,984,711.00,341.00,0,24811
51131,986,687.00,325.00,0,24819
51253,988,637.00,308.00,0,24828
51377,990,606.00,308.00,0,24837
51499,992,692.00,308.00,0,24845
51621,995,655.00,308.00,0,24854
51744,998,590.00,309.00,0,24862
51868,1001,722.00,325.00,0,24871
51996,1004,735.00,320.00,0,24881
52120,1006,669.00,325.00,0,24889
52246,1007,623.00,308.00,0,24898
52374,1008,622.00,309.00,0,24906
52500,1010,704.00,325.00,0,24915
52626,1013,667.00,308.00,0,24925
52752,1016,626.00,307.00,0,24933
52880,1019,679.00,325.00,0,24942
53006,1022,722.00,313.00,0,24951
53132,1024,688.00,325.00,0,24960
53258,1026,656.00,308.00,0,24969
53384,1028,598.00,341.00,0,24977
53512,1030,698.00,341.00,0,24986
53637,1032,694.00,308.00,0,24995
53764,1036,668.00,308.00,0,25004
53892,1038,621.00,309.00,0,25013
54018,1040,683.00,308.00,0,25022
54144,1042,698.00,325.00,0,25030
54270,1044,696.00,325.00,0,25039
54396,1046,545.00,324.00,0,25049
54523,1048,649.00,308.00,0,25057
54649,1050,681.00,308.00,0,25066
54775,1054,719.00,326.00,0,25074
54902,1056,701.00,317.00,0,25083
55029,1058,649.00,325.00,0,25093
55154,1060,694.00,324.00,0,25101
55281,1062,726.00,325.00,0,25110
55407,1064,650.00,308.00,0,25119
55534,1066,615.00,308.00,0,25127
55660,1068,676.00,325.00,0,25137
55787,1072,725.00,309.00,0,25145
55915,1074,701.00,308.00,0,25154
56042,1077,596.00,309.00,0,25163
56167,1078,686.00,324.00,0,25171
56294,1080,753.00,325.00,0,25181
56420,1082,671.00,308.00,0,25190
56546,1084,623.00,325.00,0,25198
56672,1086,669.00,308.00,0,25207
56798,1089,766.00,325.00,0,25217
56926,1092,733.00,308.00,0,25225
57052,1094,622.00,341.00,0,25234
57178,1096,678.00,342.00,0,25242
57304,1098,747.00,308.00,0,25251
57430,1100,660.00,308.00,0,25261
57557,1102,535.00,323.00,0,25269
57683,1106,638.00,325.00,0,25278
57810,1108,751.00,308.00,0,25287
57938,1111,739.00,308.00,0,25295
58064,1114,568.00,308.00,0,25305
58190,1115,645.00,325.00,0,25314
58317,1116,755.00,324.00,0,25322
58443,1118,712.00,308.00,0,25331
58569,1120,570.00,325.00,0,25339
58694,1122,608.00,308.00,0,25349
58822,1125,764.00,325.00,0,25358
58950,1128,751.00,325.00,0,25366
59075,1130,581.00,309.00,0,25375
59201,1132,596.00,316.00,0,25384
59328,1134,741.00,324.00,0,25393
59454,1137,698.00,308.00,0,25402
59580,1140,571.00,307.00,0,25410
59706,1142,563.00,325.00,0,25419
59834,1145,756.00,325.00,0,25428
59961,1147,764.00,308.00,0,25437
60086,1149,613.00,325.00,0,25446
60213,1150,588.00,308.00,0,25455
60339,1152,724.00,325.00,0,25463
60466,1154,733.00,325.00,0,25473
60592,1157,615.00,325.00,0,25482
60718,1160,527.00,325.00,0,25490
60846,1162,746.00,325.00,0,25499
60973,1165,748.00,325.00,0,25507
61098,1167,623.00,325.00,0,25517
61224,1169,529.00,325.00,0,25526
61351,1170,697.00,325.00,0,25534
61477,1173,701.00,326.00,0,25543
61603,1176,637.00,308.00,0,25552
61730,1178,492.00,325.00,0,25561
61858,1181,714.00,325.00,0,25570
61984,1184,762.00,324.00,0,25579
62109,1186,652.00,324.00,0,25587
62236,1187,626.00,324.00,0,25596
62362,1188,673.00,325.00,0,25605
62490,1190,722.00,314.00,0,25614
62615,1192,665.00,341.00,0,25623
62740,1194,610.00,324.00,0,25631
62868,1198,687.00,324.00,0,25640
62996,1200,710.00,324.00,0,25650
63121,1203,654.00,324.00,0,25658
63248,1205,628.00,325.00,0,25667
63374,1207,618.00,308.00,0,25675
63500,1210,688.00,308.00,0,25684
63626,1212,659.00,324.00,0,25694
63752,1214,618.00,324.00,0,25702
63880,1216,653.00,308.00,0,25711
64007,1218,710.00,308.00,0,25720
64133,1220,675.00,338.00,0,25729
64260,1222,669.00,325.00,0,25738
64386,1224,605.00,325.00,0,25747
64513,1227,701.00,325.00,0,25755
64638,1230,678.00,308.00,0,25764
64764,1232,654.00,324.00,0,25773
64892,1234,604.00,308.00,0,25782
65018,1236,656.00,308.00,0,25791
65144,1238,654.00,314.00,0,25799
65270,1240,681.00,325.00,0,25808
65398,1242,514.00,325.00,0,25818
65523,1245,636.00,325.00,0,25826
65649,1248,676.00,308.00,0,25835
65776,1252,683.00,308.00,0,25843
65904,1254,691.00,325.00,0,25852
66030,1256,651.00,325.00,0,25862
66156,1258,689.00,341.00,0,25870
66282,1258,730.00,324.00,0,25879
66410,1260,638.00,324.00,0,25888
66536,1262,617.00,325.00,0,25896
66661,1264,663.00,325.00,0,25906
66788,1267,697.00,308.00,0,25915
66915,1270,689.00,324.00,0,25923
67042,1273,565.00,308.00,0,25932
67168,1276,664.00,325.00,0,25940
67294,1278,728.00,325.00,0,25950
67421,1280,643.00,308.00,0,25959
67546,1282,594.00,324.00,0,25967
67672,1284,653.00,308.00,0,25976
67798,1286,736.00,308.00,0,25986
67927,1288,731.00,342.00,0,25994
68053,1291,615.00,309.00,0,26003
68179,1293,669.00,308.00,0,26012
68306,1296,751.00,324.00,0,26020
68432,1298,686.00,324.00,0,26030
68558,1300,553.00,324.00,0,26038
68684,1303,616.00,307.00,0,26047
68811,1305,749.00,308.00,0,26056
68938,1308,726.00,308.00,0,26064
69064,1310,526.00,308.00,0,26074
69190,1311,635.00,307.00,0,26083
69318,1313,718.00,308.00,0,26091
69443,1316,692.00,325.00,0,26100
69569,1318,551.00,308.00,0,26108
69694,1322,619.00,325.00,0,26118
69822,1324,747.00,325.00,0,26127
69950,1327,749.00,325.00,0,26135
70076,1329,581.00,325.00,0,26144
70202,1331,609.00,308.00,0,26153
70329,1332,740.00,325.00,0,26162
70455,1334,713.00,325.00,0,26171
70581,1336,576.00,308.00,0,26180
70706,1338,553.00,341.00,0,26188
70834,1341,740.00,325.00,0,26198
70961,1344,737.00,308.00,0,26206
71087,1346,588.00,307.00,0,26215
71213,1348,573.00,307.00,0,26224
71339,1350,699.00,325.00,0,26232
71466,1352,727.00,325.00,0,26242
71592,1355,614.00,325.00,0,26251
71717,1358,542.00,325.00,0,26259
71846,1360,736.00,325.00,0,26268
71974,1363,752.00,308.00,0,26276
72098,1365,637.00,325.00,0,26286
72224,1366,650.00,325.00,0,26295
72351,1368,670.00,308.00,0,26303
72478,1370,707.00,325.00,0,26312
72604,1372,629.00,325.00,0,26321
72730,1374,453.00,325.00,0,26330
72858,1378,694.00,326.00,0,26339
72984,1380,717.00,325.00,0,26348
73109,1383,635.00,308.00,0,26356
73235,1386,614.00,308.00,0,26365
73362,1388,657.00,341.00,0,26374
73490,1390,705.00,341.00,0,26383
73615,1392,654.00,325.00,0,26392
73741,1394,582.00,309.00,0,26400
73868,1397,675.00,308.00,0,26409
73996,1399,709.00,324.00,0,26419
74122,1401,651.00,325.00,0,26427
74248,1404,624.00,325.00,0,26436
74374,1406,626.00,324.00,0,26445
74501,1408,692.00,308.00,0,26454
74627,1411,667.00,325.00,0,26463
74753,1413,610.00,325.00,0,26471
74880,1415,648.00,325.00,0,26480
75006,1417,688.00,325.00,0,26489
75132,1418,661.00,308.00,0,26498
75258,1420,668.00,325.00,0,26507
75385,1423,572.00,342.00,0,26516
75512,1426,657.00,325.00,0,26524
75638,1429,665.00,308.00,0,26533
75764,1432,640.00,308.00,0,26542
75892,1435,588.00,307.00,0,26551
76020,1438,660.00,325.00,0,26560
76143,1439,671.00,324.00,0,26568
76270,1440,693.00,325.00,0,26577
76396,1442,527.00,325.00,0,26587
76522,1444,639.00,325.00,0,26595
76648,1446,656.00,325.00,0,26604
76774,1449,682.00,308.00,0,26613
76902,1452,680.00,325.00,0,26621
77028,1454,624.00,341.00,0,26631
77154,1456,669.00,325.00,0,26639
77280,1459,721.00,324.00,0,26648
77408,1461,640.00,307.00,0,26657
77534,1464,601.00,325.00,0,26665
77659,1466,657.00,325.00,0,26675
77786,1469,699.00,324.00,0,26684
77914,1472,669.00,321.00,0,26692
78040,1474,573.00,308.00,0,26701
78166,1476,674.00,325.00,0,26711
78293,1478,734.00,308.00,0,26719
78420,1480,666.00,325.00,0,26728
78545,1482,646.00,325.00,0,26736
78670,1484,639.00,308.00,0,26745
78798,1486,734.00,308.00,0,26755
78926,1488,704.00,326.00,0,26763
79051,1490,579.00,325.00,0,26772
79177,1492,629.00,316.00,0,26781
79304,1495,715.00,325.00,0,26789
79430,1498,660.00,308.00,0,26799
79557,1500,540.00,325.00,0,26807
79683,1503,602.00,308.00,0,26816
79810,1506,715.00,308.00,0,26825
79937,1508,720.00,307.00,0,26833
80063,1510,548.00,308.00,0,26843
80190,1512,626.00,325.00,0,26852
80316,1514,744.00,325.00,0,26860
80442,1516,698.00,325.00,0,26869
80568,1518,564.00,325.00,0,26878
80694,1520,591.00,325.00,0,26887
80821,1522,736.00,325.00,0,26896
80949,1525,728.00,325.00,0,26904
81074,1528,563.00,325.00,0,26913
81200,1530,586.00,314.00,0,26923
81327,1532,705.00,308.00,0,26931
81454,1535,687.00,308.00,0,26940
81580,1538,562.00,308.00,0,26949
81706,1540,546.00,325.00,0,26957
81833,1542,726.00,325.00,0,26967
81960,1545,731.00,308.00,0,26975
82086,1547,591.00,307.00,0,26984
82212,1548,558.00,325.00,0,26993
82339,1550,713.00,307.00,0,27001
82466,1552,718.00,308.00,0,27011
82591,1554,604.00,341.00,0,27020
82717,1557,530.00,342.00,0,27028
82844,1560,719.00,325.00,0,27037
82972,1562,727.00,325.00,0,27046
83097,1565,599.00,325.00,0,27055
83224,1568,501.00,325.00,0,27064
83350,1570,682.00,325.00,0,27072
83477,1572,702.00,311.00,0,27081
83603,1574,618.00,324.00,0,27090
83728,1576,641.00,317.00,0,27099
83856,1578,680.00,308.00,0,27108
83982,1580,713.00,325.00,0,27117
84108,1583,646.00,325.00,0,27125
84236,1586,605.00,308.00,0,27134
84362,1588,671.00,341.00,0,27144
84489,1590,712.00,325.00,0,27152
84614,1592,637.00,308.00,0,27161
84740,1594,573.00,308.00,0,27169
84868,1596,657.00,325.00,0,27179
84995,1598,679.00,324.00,0,27188
85120,1601,625.00,325.00,0,27196
85246,1604,615.00,325.00,0,27205
85373,1606,596.00,325.00,0,27214
85500,1609,689.00,308.00,0,27223
85626,1612,669.00,325.00,0,27232
85752,1614,596.00,325.00,0,27240
85879,1616,612.00,308.00,0,27249
86006,1618,681.00,307.00,0,27258
86132,1620,671.00,341.00,0,27267
86258,1622,655.00,325.00,0,27276
86386,1625,571.00,324.00,0,27285
86512,1628,665.00,325.00,0,27293
86638,1630,649.00,325.00,0,27302
86764,1633,628.00,310.00,0,27312
86892,1635,569.00,309.00,0,27320
87018,1637,633.00,325.00,0,27329
87144,1639,634.00,308.00,0,27337
87270,1640,664.00,325.00,0,27346
87396,1643,486.00,325.00,0,27356
87523,1646,628.00,324.00,0,27364
87649,1648,651.00,308.00,0,27373
87775,1652,672.00,308.00,0,27382
87903,1654,671.00,325.00,0,27390
88029,1658,615.00,342.00,0,27400
88155,1660,662.00,309.00,0,27408
88282,1661,707.00,325.00,0,27417
88408,1662,647.00,324.00,0,27426
88534,1664,593.00,324.00,0,27435
88660,1666,633.00,324.00,0,27444
88787,1668,694.00,325.00,0,27453
88915,1672,664.00,308.00,0,27461
89040,1675,540.00,308.00,0,27470
89166,1678,645.00,325.00,0,27480
89294,1680,721.00,325.00,0,27488
89420,1683,631.00,325.00,0,27497
89546,1685,565.00,308.00,0,27505
89671,1687,632.00,325.00,0,27514
89798,1690,715.00,340.00,0,27524
89926,1692,690.00,341.00,0,27532
90052,1694,589.00,325.00,0,27541
90178,1696,644.00,325.00,0,27550
90305,1699,731.00,308.00,0,27558
90432,1702,655.00,325.00,0,27568
90557,1704,529.00,325.00,0,27577
90684,1706,594.00,309.00,0,27585
90810,1709,721.00,308.00,0,27594
90938,1712,674.00,308.00,0,27602
91064,1714,513.00,325.00,0,27612
91190,1715,601.00,326.00,0,27621
91316,1717,719.00,325.00,0,27629
91442,1720,662.00,308.00,0,27638
91568,1722,543.00,308.00,0,27648
91695,1726,588.00,325.00,0,27656
91822,1729,719.00,325.00,0,27665
91950,1732,715.00,308.00,0,27673
92076,1734,554.00,308.00,0,27682
92201,1736,561.00,308.00,0,27692
92328,1736,700.00,316.00,0,27700
92455,1738,674.00,324.00,0,27709
92580,1740,543.00,308.00,0,27718
92706,1743,536.00,325.00,0,27726
92834,1746,710.00,308.00,0,27736
92961,1750,716.00,325.00,0,27745
93086,1752,572.00,325.00,0,27753
93212,1755,535.00,308.00,0,27762
93340,1757,700.00,342.00,0,27770
93466,1760,695.00,325.00,0,27780
93592,1762,596.00,341.00,0,27789
93718,1764,480.00,326.00,0,27797
93846,1766,693.00,309.00,0,27806
93973,1769,700.00,307.00,0,27815
94098,1772,592.00,308.00,0,27824
94224,1774,605.00,325.00,0,27833
94352,1777,664.00,309.00,0,27842
94478,1779,685.00,325.00,0,27850
94604,1781,596.00,308.00,0,27859
94730,1783,647.00,325.00,0,27868
94857,1786,666.00,325.00,0,27877
94984,1788,703.00,325.00,0,27886
95109,1791,617.00,308.00,0,27894
95236,1794,592.00,308.00,0,27904
95362,1796,647.00,341.00,0,27913
95490,1799,665.00,309.00,0,27921
95615,1801,625.00,308.00,0,27930
95740,1803,556.00,308.00,0,27938
95868,1806,622.00,307.00,0,27948
95996,1808,667.00,325.00,0,27957
96122,1811,639.00,325.00,0,27965
96247,1814,607.00,308.00,0,27974
96375,1816,588.00,325.00,0,27983
96502,1818,664.00,308.00,0,27992
96627,1820,635.00,325.00,0,28001
96753,1822,584.00,325.00,0,28010
96880,1824,597.00,307.00,0,28018
97006,1826,632.00,340.00,0,28027
97132,1830,640.00,325.00,0,28036
97259,1832,640.00,325.00,0,28045
97386,1836,542.00,308.00,0,28054
97512,1838,648.00,325.00,0,28062
97638,1841,635.00,308.00,0,28071
97764,1843,611.00,307.00,0,28081
97892,1845,543.00,325.00,0,28089
98018,1847,601.00,308.00,0,28098
98144,1850,639.00,325.00,0,28106
98271,1852,670.00,308.00,0,28115
98398,1854,485.00,326.00,0,28125
98524,1856,612.00,324.00,0,28133
98649,1858,627.00,308.00,0,28142
98775,1860,654.00,325.00,0,28151
98903,1862,635.00,324.00,0,28160
99029,1865,561.00,325.00,0,28169
99155,1868,638.00,325.00,0,28178
99282,1870,692.00,324.00,0,28186
99408,1873,622.00,325.00,0,28195
99536,1876,553.00,315.00,0,28204
99661,1878,620.00,307.00,0,28213
99788,1881,658.00,309.00,0,28222
99916,1883,639.00,325.00,0,28230
100042,1886,519.00,325.00,0,28239
100170,1888,620.00,325.00,0,28249
100302,1890,722.00,325.00,0,28258
100432,1892,636.00,307.00,0,28267
100561,1895,505.00,325.00,0,28276
100690,1898,570.00,325.00,0,28285
100822,1900,694.00,307.00,0,28295
100953,1902,675.00,325.00,0,28303
101082,1904,530.00,324.00,0,28312
101212,1907,518.00,308.00,0,28321
101342,1910,655.00,325.00,0,28331
101473,1912,665.00,308.00,0,28340
101602,1916,588.00,308.00,0,28349
101732,1918,573.00,308.00,0,28358
101863,1920,644.00,341.00,0,28367
101994,1922,658.00,325.00,0,28377
102124,1924,619.00,314.00,0,28385
102253,1927,608.00,325.00,0,28394
102384,1930,542.00,341.00,0,28403
102514,1932,623.00,325.00,0,28412
102644,1935,621.00,325.00,0,28422
102774,1938,621.00,309.00,0,28431
102905,1940,636.00,325.00,0,28440
103034,1942,528.00,325.00,0,28449
103164,1945,611.00,308.00,0,28459
103294,1948,702.00,324.00,0,28467
103426,1950,647.00,341.00,0,28476
103555,1953,521.00,325.00,0,28485
103684,1956,583.00,324.00,0,28494
103815,1958,686.00,325.00,0,28504
103946,1960,678.00,342.00,0,28513
104076,1961,489.00,308.00,0,28522
104205,1963,537.00,324.00,0,28531
104336,1966,681.00,325.00,0,28540
104466,1968,676.00,325.00,0,28549
104596,1972,570.00,325.00,0,28558
104725,1974,423.00,308.00,0,28567
104857,1976,647.00,325.00,0,28576
104988,1978,660.00,325.00,0,28585
105116,1980,578.00,308.00,0,28595
105222,1981,826.00,358.00,0,28604
105234,1983,826.00,442.00,0,28613
105153,1984,826.00,492.00,0,28621
105038,1984,817.00,475.00,0,28631
104914,1983,800.00,493.00,0,28640
104784,1983,784.00,509.00,0,28649
104652,1982,728.00,509.00,0,28658
104520,1981,749.00,493.00,0,28667
104389,1981,791.00,493.00,0,28677
104260,1981,790.00,508.00,0,28686
104133,1979,786.00,493.00,0,28695
104004,1977,784.00,509.00,0,28703
103873,1976,808.00,492.00,0,28712
103742,1974,789.00,493.00,0,28722
103614,1972,788.00,509.00,0,28731
103483,1969,773.00,493.00,0,28740
103351,1967,780.00,493.00,0,28749
103222,1965,806.00,493.00,0,28759
103094,1963,788.00,493.00,0,28768
102964,1961,784.00,509.00,0,28777
102834,1958,798.00,492.00,0,28785
102706,1955,797.00,492.00,0,28794
102576,1953,806.00,509.00,0,28804
102446,1951,789.00,509.00,0,28813
102316,1950,790.00,509.00,0,28822
102189,1948,811.00,476.00,0,28831
102060,1945,806.00,476.00,0,28840
101931,1943,805.00,509.00,0,28850
101801,1939,801.00,509.00,0,28859
101672,1935,803.00,492.00,0,28867
101542,1933,824.00,475.00,0,28876
101410,1931,793.00,510.00,0,28886
101278,1929,794.00,509.00,0,28895
101149,1927,799.00,509.00,0,28904
101018,1925,798.00,492.00,0,28913
100887,1922,826.00,509.00,0,28922
100757,1919,801.00,509.00,0,28932
100629,1914,796.00,493.00,0,28941
100498,1911,794.00,475.00,0,28949
100366,1909,793.00,493.00,0,28958
100236,1908,809.00,493.00,0,28967
100108,1907,802.00,509.00,0,28977
99979,1905,796.00,475.00,0,28986
99854,1903,816.00,492.00,0,28994
99730,1900,813.00,475.00,0,29003
99605,1896,810.00,493.00,0,29012
99478,1892,801.00,509.00,0,29021
99350,1889,803.00,509.00,0,29030
99223,1887,819.00,493.00,0,29038
99096,1886,798.00,493.00,0,29047
98968,1885,799.00,509.00,0,29057
98840,1882,809.00,509.00,0,29065
98714,1879,815.00,492.00,0,29074
98589,1875,808.00,493.00,0,29083
98462,1871,798.00,492.00,0,29091
98334,1868,794.00,492.00,0,29101
98208,1866,823.00,493.00,0,29110
98082,1865,799.00,492.00,0,29118
97957,1864,798.00,493.00,0,29127
97831,1863,809.00,476.00,0,29135
97707,1860,820.00,493.00,0,29145
97582,1856,817.00,476.00,0,29154
97454,1851,802.00,493.00,0,29162
97327,1847,795.00,509.00,0,29171
97200,1845,823.00,509.00,0,29180
97072,1843,800.00,509.00,0,29189
96944,1842,797.00,509.00,0,29198
96816,1841,793.00,493.00,0,29207
96690,1838,803.00,492.00,0,29215
96565,1835,817.00,493.00,0,29224
96437,1831,790.00,476.00,0,29233
96310,1828,792.00,493.00,0,29242
96185,1825,819.00,508.00,0,29251
96060,1823,807.00,510.00,0,29259
95934,1821,804.00,493.00,0,29268
95808,1820,806.00,492.00,0,29278
95683,1817,814.00,492.00,0,29286
95557,1815,826.00,492.00,0,29295
95430,1811,798.00,509.00,0,29303
95302,1808,793.00,509.00,0,29313
95176,1805,812.00,493.00,0,29322
95048,1803,800.00,493.00,0,29330
94920,1801,797.00,509.00,0,29339
94793,1798,794.00,509.00,0,29348
94668,1795,799.00,492.00,0,29357
94542,1793,821.00,485.00,0,29366
94414,1791,796.00,493.00,0,29375
94287,1788,798.00,493.00,0,29383
94163,1785,810.00,493.00,0,29392
94038,1783,812.00,492.00,0,29401
93912,1780,812.00,503.00,0,29410
93786,1777,806.00,508.00,0,29419
93661,1775,814.00,493.00,0,29427
93535,1773,826.00,493.00,0,29436
93406,1771,798.00,509.00,0,29446
93278,1769,800.00,509.00,0,29454
93152,1766,804.00,510.00,0,29463
93025,1763,799.00,509.00,0,29472
92897,1759,803.00,481.00,0,29480
92770,1757,794.00,493.00,0,29490
92645,1755,799.00,475.00,0,29498
92518,1753,814.00,492.00,0,29507
92390,1751,803.00,492.00,0,29516
92264,1749,803.00,509.00,0,29524
92140,1747,807.00,509.00,0,29534
92016,1744,809.00,493.00,0,29543
91890,1741,826.00,508.00,0,29551
91765,1738,810.00,492.00,0,29560
91640,1735,816.00,492.00,0,29569
91513,1733,818.00,508.00,0,29578
91384,1732,807.00,493.00,0,29587
91256,1730,800.00,498.00,0,29595
91130,1727,802.00,510.00,0,29604
91003,1725,797.00,510.00,0,29614
90874,1721,814.00,476.00,0,29622
90748,1719,800.00,475.00,0,29631
90624,1716,806.00,508.00,0,29640
90496,1715,802.00,493.00,0,29648
90368,1713,800.00,492.00,0,29658
90243,1711,814.00,509.00,0,29666
90119,1710,812.00,492.00,0,29675
89994,1707,815.00,509.00,0,29684
89870,1705,824.00,476.00,0,29692
89744,1701,820.00,492.00,0,29702
89620,1698,824.00,499.00,0,29711
89492,1695,818.00,509.00,0,29719
89363,1693,805.00,493.00,0,29728
89234,1691,812.00,493.00,0,29736
89108,1689,799.00,509.00,0,29746
88980,1687,792.00,509.00,0,29755
88851,1685,813.00,509.00,0,29763
88726,1683,811.00,492.00,0,29772
88601,1680,815.00,509.00,0,29782
88474,1677,804.00,492.00,0,29790
88347,1675,800.00,509.00,0,29799
88222,1672,826.00,492.00,0,29808
88097,1670,812.00,509.00,0,29816
87972,1669,809.00,493.00,0,29826
87846,1667,824.00,493.00,0,29834
87720,1665,824.00,492.00,0,29843
87596,1663,825.00,493.00,0,29852
87468,1661,809.00,493.00,0,29860
87341,1657,802.00,509.00,0,29870
87214,1654,826.00,492.00,0,29879
87088,1651,802.00,493.00,0,29887
86959,1649,796.00,493.00,0,29896
86830,1647,808.00,493.00,0,29905
86705,1645,816.00,493.00,0,29914
86578,1643,820.00,509.00,0,29923
86452,1641,802.00,509.00,0,29931
86324,1639,800.00,493.00,0,29940
86201,1637,826.00,509.00,0,29949
86077,1634,819.00,493.00,0,29958
85951,1631,814.00,510.00,0,29967
85826,1629,825.00,509.00,0,29976
85702,1628,826.00,502.00,0,29984
85576,1627,826.00,509.00,0,29993
85448,1625,815.00,509.00,0,30002
85320,1623,810.00,492.00,0,30011
85194,1619,826.00,509.00,0,30020
85067,1616,816.00,508.00,0,30028
84939,1613,801.00,492.00,0,30038
84811,1609,802.00,475.00,0,30047
84684,1607,814.00,492.00,0,30055
84557,1606,826.00,509.00,0,30064
84429,1605,797.00,492.00,0,30073
84302,1603,794.00,492.00,0,30082
84178,1601,824.00,509.00,0,30091
84052,1599,816.00,493.00,0,30099
83928,1596,819.00,508.00,0,30108
83802,1593,823.00,493.00,0,30117
83678,1590,826.00,508.00,0,30126
83553,1587,826.00,509.00,0,30135
83424,1585,809.00,509.00,0,30144
83295,1583,802.00,509.00,0,30152
83168,1581,813.00,509.00,0,30161
83040,1579,807.00,493.00,0,30170
82912,1577,807.00,509.00,0,30179
82784,1574,805.00,509.00,0,30188
82660,1571,814.00,492.00,0,30196
82534,1569,823.00,508.00,0,30205
82406,1566,802.00,509.00,0,30215
82279,1564,800.00,509.00,0,30223
82155,1563,813.00,492.00,0,30232
82029,1561,818.00,492.00,0,30241
81904,1560,825.00,491.00,0,30249
81780,1559,822.00,502.00,0,30259
81656,1557,826.00,509.00,0,30267
81531,1554,825.00,492.00,0,30276
81404,1551,821.00,509.00,0,30285
81276,1547,816.00,510.00,0,30294
81150,1545,812.00,509.00,0,30303
81021,1541,806.00,493.00,0,30312
80890,1539,815.00,492.00,0,30320
80763,1537,801.00,509.00,0,30329
80636,1537,802.00,509.00,0,30339
80510,1535,814.00,509.00,0,30347
80382,1533,806.00,492.00,0,30356
80256,1531,813.00,509.00,0,30364
80132,1527,814.00,492.00,0,30373
80008,1525,819.00,510.00,0,30383
79882,1521,826.00,492.00,0,30391
79758,1519,818.00,493.00,0,30400
79634,1518,826.00,493.00,0,30409
79506,1517,825.00,509.00,0,30417
79379,1515,819.00,509.00,0,30427
79251,1513,814.00,493.00,0,30435
79124,1509,807.00,476.00,0,30444
78996,1506,807.00,492.00,0,30453
78868,1503,826.00,493.00,0,30461
78741,1499,810.00,509.00,0,30471
78614,1497,808.00,509.00,0,30480
78486,1495,803.00,492.00,0,30488
78358,1493,795.00,492.00,0,30497
78232,1491,815.00,492.00,0,30507
78107,1489,804.00,508.00,0,30515
77982,1488,803.00,493.00,0,30524
77856,1486,826.00,493.00,0,30532
77732,1485,820.00,492.00,0,30541
77608,1483,826.00,509.00,0,30551
77483,1481,819.00,509.00,0,30559
77355,1478,815.00,509.00,0,30568
77228,1475,826.00,493.00,0,30577
77102,1473,812.00,493.00,0,30585
76974,1469,812.00,509.00,0,30595
76845,1467,819.00,509.00,0,30603
76718,1465,824.00,492.00,0,30612
76592,1463,821.00,510.00,0,30621
76464,1461,796.00,492.00,0,30629
76336,1459,798.00,492.00,0,30639
76210,1457,826.00,492.00,0,30648
76086,1455,808.00,492.00,0,30656
75961,1453,810.00,509.00,0,30665
75836,1451,825.00,509.00,0,30674
75712,1449,825.00,492.00,0,30683
75588,1447,826.00,492.00,0,30692
75460,1445,813.00,509.00,0,30700
75332,1442,805.00,493.00,0,30709
75204,1439,826.00,493.00,0,30718
75077,1437,812.00,509.00,0,30727
74948,1434,802.00,509.00,0,30736
74820,1432,808.00,509.00,0,30745
74694,1430,816.00,493.00,0,30753
74568,1429,824.00,509.00,0,30763
74441,1427,801.00,509.00,0,30772
74314,1425,800.00,492.00,0,30780
74189,1421,826.00,493.00,0,30789
74064,1419,817.00,509.00,0,30797
73938,1415,808.00,492.00,0,30807
73813,1413,818.00,492.00,0,30816
73688,1412,823.00,510.00,0,30824
73563,1411,825.00,492.00,0,30833
73434,1410,810.00,509.00,0,30842
73306,1408,809.00,509.00,0,30851
73181,1405,826.00,493.00,0,30860
73054,1402,817.00,492.00,0,30868
72927,1399,811.00,509.00,0,30877
72799,1395,807.00,492.00,0,30886
72674,1393,820.00,509.00,0,30895
72546,1391,826.00,509.00,0,30904
72419,1389,801.00,509.00,0,30913
72290,1388,798.00,493.00,0,30921
72166,1387,813.00,475.00,0,30930
72041,1385,815.00,476.00,0,30940
71916,1383,819.00,493.00,0,30948
71791,1381,818.00,459.00,0,30957
71668,1379,826.00,508.00,0,30965
71544,1376,825.00,509.00,0,30974
71416,1373,818.00,493.00,0,30984
71287,1370,807.00,492.00,0,30992
71160,1367,820.00,493.00,0,31001
71031,1365,810.00,493.00,0,31010
70902,1362,813.00,509.00,0,31019
70774,1361,801.00,493.00,0,31028
70649,1359,809.00,509.00,0,31037
70522,1357,819.00,492.00,0,31045
70394,1355,813.00,492.00,0,31054
70268,1353,801.00,493.00,0,31063
70144,1349,814.00,492.00,0,31072
70018,1347,812.00,476.00,0,31081
69892,1343,825.00,487.00,0,31089
69767,1341,818.00,493.00,0,31098
69642,1340,822.00,476.00,0,31108
69516,1339,826.00,509.00,0,31116
69387,1338,817.00,509.00,0,31125
69260,1336,811.00,493.00,0,31133
69134,1333,815.00,509.00,0,31142
69007,1331,814.00,494.00,0,31152
68880,1327,826.00,509.00,0,31160
68754,1325,817.00,509.00,0,31169
68629,1322,817.00,509.00,0,31178
68503,1320,814.00,492.00,0,31186
68374,1319,811.00,493.00,0,31196
68247,1317,817.00,509.00,0,31205
68122,1315,814.00,509.00,0,31213
67996,1313,813.00,507.00,0,31222
67869,1311,826.00,492.00,0,31230
67745,1308,821.00,492.00,0,31240
67620,1306,826.00,492.00,0,31249
67494,1304,821.00,492.00,0,31257
67366,1302,816.00,502.00,0,31266
67238,1300,826.00,509.00,0,31276
67112,1297,812.00,493.00,0,31284
66984,1295,805.00,507.00,0,31293
66858,1293,826.00,509.00,0,31301
66732,1290,817.00,509.00,0,31310
66607,1288,821.00,509.00,0,31320
66480,1285,810.00,509.00,0,31328
66350,1283,804.00,480.00,0,31337
66224,1281,826.00,493.00,0,31346
66099,1279,807.00,493.00,0,31354
65973,1277,814.00,509.00,0,31364
65846,1276,826.00,492.00,0,31373
65722,1275,826.00,509.00,0,31381
65598,1273,824.00,493.00,0,31390
65472,1270,824.00,509.00,0,31398
65342,1267,811.00,492.00,0,31408
65216,1263,825.00,493.00,0,31417
65088,1260,808.00,509.00,0,31425
64960,1257,803.00,509.00,0,31434
64832,1255,808.00,493.00,0,31443
64706,1255,823.00,475.00,0,31452
64580,1254,825.00,493.00,0,31461
64453,1253,804.00,491.00,0,31470
64326,1251,802.00,492.00,0,31478
64202,1247,826.00,509.00,0,31488
64077,1244,821.00,509.00,0,31496
63952,1241,817.00,509.00,0,31505
63826,1238,823.00,492.00,0,31514
63701,1236,825.00,491.00,0,31522
63575,1235,825.00,492.00,0,31532
63446,1235,810.00,493.00,0,31541
63318,1233,801.00,492.00,0,31549
63192,1231,826.00,509.00,0,31558
63065,1228,815.00,492.00,0,31566
62938,1225,810.00,493.00,0,31576
62811,1222,811.00,476.00,0,31585
62687,1219,822.00,492.00,0,31593
62562,1218,826.00,475.00,0,31602
62434,1217,810.00,509.00,0,31611
62305,1215,807.00,509.00,0,31620
62179,1212,825.00,492.00,0,31629
62053,1209,816.00,493.00,0,31638
61926,1207,815.00,508.00,0,31646
61800,1205,812.00,493.00,0,31655
61676,1203,823.00,493.00,0,31664
61550,1201,826.00,509.00,0,31673
61422,1200,810.00,492.00,0,31682
61294,1198,803.00,493.00,0,31690
61168,1195,818.00,493.00,0,31699
61042,1192,818.00,493.00,0,31709
60914,1189,815.00,493.00,0,31717
60787,1185,813.00,492.00,0,31726
60663,1183,817.00,492.00,0,31734
60536,1181,826.00,509.00,0,31744
60408,1181,807.00,492.00,0,31753
60280,1179,804.00,491.00,0,31761
60154,1177,818.00,508.00,0,31770
60028,1175,816.00,493.00,0,31779
59902,1173,825.00,509.00,0,31788
59778,1171,822.00,502.00,0,31797
59655,1169,823.00,493.00,0,31806
59530,1166,824.00,507.00,0,31814
59401,1164,817.00,493.00,0,31823
59274,1161,813.00,509.00,0,31832
59146,1159,810.00,493.00,0,31841
59018,1157,814.00,509.00,0,31850
58890,1154,826.00,509.00,0,31858
58764,1152,813.00,509.00,0,31867
58639,1151,817.00,492.00,0,31877
58512,1149,824.00,508.00,0,31885
58384,1147,816.00,509.00,0,31894
58258,1145,814.00,493.00,0,31903
58133,1143,809.00,492.00,0,31911
58008,1140,819.00,493.00,0,31921
57882,1138,825.00,510.00,0,31929
57756,1136,823.00,509.00,0,31938
57632,1135,824.00,492.00,0,31947
57506,1133,826.00,509.00,0,31955
57378,1131,819.00,493.00,0,31965
57250,1128,816.00,492.00,0,31974
57124,1125,813.00,493.00,0,31982
56995,1121,808.00,492.00,0,31991
56867,1119,825.00,492.00,0,32000
56741,1117,819.00,509.00,0,32009
56616,1117,820.00,509.00,0,32018
56490,1116,819.00,509.00,0,32026
56362,1115,819.00,509.00,0,32035
56236,1113,826.00,509.00,0,32045
56112,1110,821.00,493.00,0,32053
55988,1107,819.00,509.00,0,32062
55862,1103,826.00,493.00,0,32071
55736,1100,825.00,492.00,0,32079
55612,1097,826.00,492.00,0,32089
55484,1096,822.00,509.00,0,32097
55353,1095,803.00,475.00,0,32106
55225,1093,826.00,509.00,0,32115
55096,1091,803.00,509.00,0,32123
54968,1088,801.00,492.00,0,32133
54841,1085,815.00,509.00,0,32142
54717,1083,826.00,508.00,0,32150
54593,1081,826.00,509.00,0,32159
54466,1079,810.00,492.00,0,32168
54338,1077,807.00,492.00,0,32177
54212,1075,826.00,493.00,0,32186
54087,1071,812.00,493.00,0,32194
53960,1069,811.00,509.00,0,32203
53834,1067,817.00,493.00,0,32212
53710,1065,825.00,509.00,0,32221
53584,1064,826.00,510.00,0,32230
53456,1063,810.00,492.00,0,32239
53328,1061,808.00,508.00,0,32247
53202,1058,826.00,492.00,0,32257
53074,1055,816.00,509.00,0,32265
52948,1052,808.00,492.00,0,32274
52821,1049,815.00,509.00,0,32283
52697,1047,822.00,493.00,0,32291
52572,1045,826.00,493.00,0,32301
52444,1044,810.00,509.00,0,32310
52316,1043,803.00,492.00,0,32318
52191,1041,827.00,492.00,0,32327
52064,1038,816.00,492.00,0,32336
51938,1035,810.00,492.00,0,32345
51812,1033,821.00,492.00,0,32354
51688,1032,826.00,492.00,0,32362
51563,1031,825.00,492.00,0,32371
51436,1030,812.00,475.00,0,32380
51308,1028,809.00,492.00,0,32389
51182,1025,826.00,492.00,0,32398
51056,1023,823.00,493.00,0,32407
50928,1019,819.00,501.00,0,32415
50802,1016,822.00,492.00,0,32424
50678,1013,825.00,509.00,0,32433
50551,1011,825.00,491.00,0,32442
50422,1010,806.00,493.00,0,32451
50294,1009,802.00,493.00,0,32459
50168,1007,814.00,492.00,0,32468
50040,1005,813.00,475.00,0,32478
49914,1002,819.00,510.00,0,32486
49788,999,825.00,509.00,0,32495
49668,997,825.00,509.00,0,32503
49546,996,825.00,509.00,0,32512
49422,994,811.00,509.00,0,32521
49298,992,805.00,493.00,0,32529
49174,989,826.00,509.00,0,32538
49052,987,812.00,492.00,0,32546
48927,984,812.00,509.00,0,32555
48804,982,816.00,509.00,0,32564
48685,980,825.00,493.00,0,32572
48564,979,826.00,509.00,0,32580
48440,977,811.00,492.00,0,32589
48316,976,814.00,509.00,0,32598
48194,974,826.00,492.00,0,32607
48072,971,820.00,492.00,0,32615
47950,969,822.00,493.00,0,32623
47828,967,826.00,493.00,0,32632
47707,965,826.00,491.00,0,32641
47587,963,826.00,493.00,0,32649
47462,962,816.00,492.00,0,32658
47338,961,813.00,492.00,0,32666
47214,958,826.00,492.00,0,32675
47090,955,813.00,492.00,0,32684
46966,951,808.00,492.00,0,32692
46842,949,826.00,509.00,0,32701
46721,947,821.00,492.00,0,32709
46600,945,826.00,509.00,0,32718
46476,945,820.00,509.00,0,32727
46352,943,813.00,493.00,0,32735
46230,942,826.00,493.00,0,32744
46108,940,813.00,492.00,0,32752
45986,937,819.00,511.00,0,32760
45864,935,826.00,508.00,0,32770
45745,933,826.00,492.00,0,32778
45625,932,825.00,475.00,0,32787
45504,931,826.00,492.00,0,32795
45380,929,824.00,493.00,0,32803
45256,927,826.00,509.00,0,32813
45132,923,821.00,492.00,0,32821
45008,919,819.00,493.00,0,32829
44885,916,826.00,491.00,0,32838
44762,913,819.00,493.00,0,32846
44640,911,826.00,509.00,0,32856
44516,911,825.00,509.00,0,32864
44391,910,816.00,509.00,0,32872
44266,909,814.00,510.00,0,32881
44144,907,815.00,509.00,0,32889
44022,904,816.00,493.00,0,32898
43899,901,825.00,491.00,0,32907
43778,897,820.00,493.00,0,32915
43658,895,826.00,493.00,0,32924
43537,893,825.00,492.00,0,32932
43412,891,816.00,493.00,0,32941
43286,889,811.00,492.00,0,32950
43163,886,816.00,492.00,0,32958
43039,884,817.00,502.00,0,32967
42914,881,814.00,505.00,0,32975
42791,879,810.00,492.00,0,32984
42672,878,826.00,507.00,0,32993
42551,877,826.00,503.00,0,33001
42428,876,816.00,509.00,0,33009
42305,875,817.00,507.00,0,33018
42184,873,826.00,510.00,0,33027
42063,869,826.00,507.00,0,33036
41940,867,824.00,493.00,0,33044
41818,863,827.00,509.00,0,33052
41698,861,826.00,492.00,0,33061
41577,859,826.00,509.00,0,33070
41453,858,822.00,509.00,0,33078
41326,856,811.00,492.00,0,33087
41202,854,826.00,494.00,0,33095
41077,851,811.00,508.00,0,33104
40952,849,804.00,509.00,0,33113
40828,847,815.00,510.00,0,33121
40708,845,825.00,475.00,0,33130
40588,843,826.00,510.00,0,33138
40464,843,816.00,493.00,0,33146
40341,841,809.00,492.00,0,33156
40219,839,826.00,492.00,0,33164
40097,837,821.00,492.00,0,33173
39975,833,820.00,505.00,0,33181
39854,831,826.00,476.00,0,33189
39734,828,826.00,493.00,0,33199
39612,826,825.00,493.00,0,33207
39490,825,826.00,510.00,0,33216
39364,823,818.00,509.00,0,33224
39238,821,826.00,509.00,0,33232
39114,819,809.00,492.00,0,33242
38990,816,808.00,509.00,0,33250
38866,813,826.00,509.00,0,33258
38744,812,825.00,509.00,0,33267
38625,811,824.00,493.00,0,33275
38503,809,824.00,492.00,0,33285
38380,808,819.00,509.00,0,33293
38256,806,824.00,509.00,0,33301
38134,803,822.00,509.00,0,33310
38012,801,822.00,493.00,0,33318
37890,797,826.00,509.00,0,33327
37769,795,826.00,492.00,0,33336
37650,793,826.00,507.00,0,33344
37527,793,827.00,492.00,0,33353
37402,791,818.00,492.00,0,33361
37277,789,810.00,492.00,0,33370
37154,787,822.00,509.00,0,33379
37029,784,814.00,493.00,0,33387
36904,781,826.00,509.00,0,33395
36782,778,824.00,509.00,0,33404
36664,776,826.00,493.00,0,33413
36543,775,826.00,475.00,0,33422
36418,773,817.00,475.00,0,33430
36294,772,811.00,493.00,0,33438
36172,770,826.00,509.00,0,33447
36049,767,821.00,509.00,0,33456
35926,765,821.00,493.00,0,33464
35804,763,825.00,509.00,0,33473
35685,761,826.00,491.00,0,33481
35565,759,826.00,493.00,0,33490
35442,758,822.00,492.00,0,33499
35316,757,814.00,493.00,0,33507
35193,754,826.00,508.00,0,33516
35068,751,822.00,508.00,0,33524
34945,748,815.00,509.00,0,33533
34821,745,818.00,492.00,0,33542
34700,743,826.00,492.00,0,33550
34580,741,826.00,493.00,0,33559
34456,740,818.00,493.00,0,33567
34332,739,815.00,493.00,0,33575
34208,737,826.00,492.00,0,33585
34086,735,816.00,492.00,0,33593
33964,733,813.00,492.00,0,33602
33841,729,825.00,492.00,0,33610
33721,727,826.00,510.00,0,33618
33602,725,826.00,510.00,0,33628
33480,724,825.00,509.00,0,33636
33355,722,819.00,509.00,0,33644
33230,719,826.00,509.00,0,33653
33105,715,818.00,508.00,0,33661
32980,712,812.00,509.00,0,33671
32856,709,825.00,509.00,0,33679
32735,706,826.00,492.00,0,33687
32614,705,826.00,509.00,0,33696
32492,705,823.00,492.00,0,33704
32367,704,816.00,509.00,0,33713
32243,703,823.00,492.00,0,33722
32121,701,820.00,509.00,0,33730
31998,698,819.00,509.00,0,33739
31878,695,825.00,492.00,0,33747
31760,692,826.00,509.00,0,33756
31640,690,826.00,492.00,0,33765
31520,688,826.00,492.00,0,33773
31396,687,826.00,509.00,0,33782
31270,684,823.00,508.00,0,33790
31145,681,816.00,509.00,0,33799
31018,677,813.00,509.00,0,33808
30894,675,826.00,509.00,0,33816
30772,672,824.00,493.00,0,33824
30653,671,825.00,492.00,0,33833
30531,670,826.00,492.00,0,33842
30408,669,819.00,509.00,0,33851
30283,669,815.00,508.00,0,33859
30160,666,822.00,492.00,0,33867
30037,663,819.00,509.00,0,33876
29914,660,826.00,493.00,0,33885
29794,657,827.00,493.00,0,33893
29676,655,826.00,492.00,0,33902
29556,653,826.00,493.00,0,33910
29432,652,825.00,509.00,0,33920
29306,650,811.00,509.00,0,33928
29181,647,827.00,492.00,0,33936
29055,645,817.00,509.00,0,33945
28930,641,812.00,493.00,0,33953
28808,639,821.00,493.00,0,33961
28688,637,826.00,492.00,0,33971
28570,635,826.00,493.00,0,33979
28448,635,817.00,493.00,0,33988
28322,633,817.00,508.00,0,33996
28198,631,825.00,509.00,0,34004
28075,629,816.00,509.00,0,34014
27950,626,813.00,492.00,0,34022
27830,623,826.00,492.00,0,34030
27710,621,826.00,509.00,0,34039
27592,619,826.00,493.00,0,34048
27469,618,825.00,502.00,0,34057
27344,617,814.00,492.00,0,34065
27218,615,825.00,496.00,0,34073
27093,611,814.00,509.00,0,34082
26968,608,808.00,505.00,0,34091
26844,605,823.00,495.00,0,34100
26726,603,826.00,492.00,0,34108
26608,601,826.00,475.00,0,34116
26488,599,826.00,493.00,0,34125
26363,598,819.00,509.00,0,34134
26238,597,826.00,509.00,0,34142
26113,594,812.00,508.00,0,34151
25988,591,806.00,509.00,0,34159
25864,589,825.00,509.00,0,34168
25744,586,825.00,482.00,0,34177
25624,585,826.00,508.00,0,34185
25504,583,826.00,496.00,0,34194
25378,581,820.00,493.00,0,34202
25252,579,820.00,509.00,0,34210
25126,577,803.00,492.00,0,34220
25001,573,803.00,508.00,0,34228
24878,570,826.00,493.00,0,34237
24760,567,825.00,508.00,0,34245
24644,566,825.00,493.00,0,34253
24525,565,826.00,475.00,0,34263
24403,564,825.00,509.00,0,34271
24278,563,824.00,493.00,0,34279
24154,561,822.00,492.00,0,34288
24029,558,819.00,493.00,0,34296
23904,555,825.00,509.00,0,34306
23782,552,825.00,493.00,0,34314
23663,549,825.00,493.00,0,34322
23542,548,826.00,493.00,0,34331
23416,547,821.00,509.00,0,34339
23289,545,807.00,509.00,0,34349
23162,543,807.00,509.00,0,34357
23036,539,806.00,493.00,0,34365
22913,537,813.00,493.00,0,34374
22793,534,822.00,492.00,0,34382
22678,533,826.00,492.00,0,34391
22562,531,826.00,509.00,0,34400
22442,531,826.00,475.00,0,34408
22318,530,826.00,493.00,0,34417
22194,528,825.00,492.00,0,34425
22069,525,819.00,492.00,0,34434
21944,522,821.00,509.00,0,34443
21821,519,826.00,492.00,0,34451
21701,515,826.00,492.00,0,34459
21582,513,825.00,508.00,0,34468
21457,511,824.00,509.00,0,34477
21328,509,809.00,509.00,0,34486
21200,506,816.00,491.00,0,34494
21071,503,795.00,509.00,0,34502
20946,500,792.00,492.00,0,34511
20825,497,820.00,492.00,0,34520
20710,495,826.00,492.00,0,34528
20596,495,826.00,493.00,0,34537
20479,494,826.00,492.00,0,34545
20356,493,826.00,509.00,0,34554
20232,492,825.00,492.00,0,34563
20107,490,824.00,509.00,0,34571
19982,487,825.00,510.00,0,34580
19858,483,825.00,492.00,0,34588
19738,481,826.00,509.00,0,34596
19619,477,825.00,492.00,0,34606
19497,476,826.00,492.00,0,34614
19369,474,820.00,509.00,0,34623
19240,472,818.00,509.00,0,34631
19113,470,794.00,509.00,0,34639
18986,467,796.00,509.00,0,34649
18864,465,826.00,509.00,0,34657
18747,462,826.00,493.00,0,34666
18635,461,826.00,491.00,0,34674
18519,460,826.00,493.00,0,34682
18398,459,826.00,493.00,0,34692
18273,458,825.00,492.00,0,34700
18146,455,826.00,493.00,0,34708
18020,453,825.00,509.00,0,34717
17894,449,826.00,509.00,0,34725
17773,445,826.00,493.00,0,34735
17654,443,825.00,492.00,0,34743
17532,441,826.00,509.00,0,34751
17406,439,817.00,494.00,0,34760
17278,437,803.00,493.00,0,34768
17148,435,798.00,509.00,0,34777
17021,433,801.00,508.00,0,34786
16898,430,826.00,493.00,0,34794
16782,429,826.00,492.00,0,34803
16672,427,825.00,475.00,0,34811
16560,427,826.00,492.00,0,34820
16441,427,826.00,492.00,0,34829
16316,426,826.00,509.00,0,34837
16189,424,826.00,509.00,0,34845
16060,421,822.00,492.00,0,34854
15933,417,822.00,509.00,0,34863
15808,413,826.00,509.00,0,34872
15689,409,825.00,492.00,0,34880
15569,406,825.00,493.00,0,34888
15444,403,820.00,492.00,0,34897
15313,401,796.00,492.00,0,34906
15183,398,804.00,509.00,0,34915
15054,396,793.00,491.00,0,34923
14932,394,815.00,509.00,0,34931
14817,393,826.00,492.00,0,34940
14709,392,825.00,492.00,0,34949
14598,391,826.00,509.00,0,34957
14478,391,826.00,508.00,0,34966
14350,391,826.00,509.00,0,34974
14220,390,826.00,492.00,0,34983
14090,387,807.00,492.00,0,34992
13960,383,802.00,509.00,0,35000
13835,379,823.00,492.00,0,35009
13717,375,826.00,508.00,0,35017
13599,371,825.00,492.00,0,35025
13478,367,826.00,509.00,0,35035
13350,364,815.00,509.00,0,35043
13222,361,818.00,509.00,0,35052
13094,359,794.00,493.00,0,35060
12971,357,811.00,493.00,0,35068
12856,355,826.00,492.00,0,35078
12750,354,826.00,491.00,0,35086
12638,354,826.00,492.00,0,35094
12516,354,826.00,509.00,0,35103
12386,354,826.00,509.00,0,35111
12252,354,814.00,524.00,0,35121
12118,352,779.00,492.00,0,35129
11988,349,779.00,502.00,0,35137
11862,345,816.00,492.00,0,35146
11744,339,824.00,493.00,0,35154
11630,335,826.00,492.00,0,35164
11513,331,826.00,509.00,0,35172
11390,327,826.00,493.00,0,35180
11262,323,810.00,492.00,0,35189
11135,321,802.00,492.00,0,35197
11012,319,820.00,510.00,0,35206
10898,317,826.00,492.00,0,35215
10792,317,825.00,493.00,0,35223
10679,317,826.00,492.00,0,35232
10554,317,826.00,492.00,0,35240
10422,319,825.00,526.00,0,35249
10285,319,786.00,509.00,0,35258
10148,319,696.00,507.00,0,35266
10018,316,778.00,509.00,0,35274
9894,312,824.00,500.00,0,35283
9782,307,824.00,492.00,0,35292
9676,303,826.00,507.00,0,35300
9569,297,826.00,492.00,0,35308
9455,293,826.00,509.00,0,35316
9334,290,826.00,492.00,0,35324
9211,287,826.00,509.00,0,35333
9090,285,826.00,492.00,0,35341
8974,283,826.00,492.00,0,35350
8868,281,825.00,475.00,0,35358
8756,281,825.00,492.00,0,35366
8637,281,826.00,509.00,0,35375
8512,281,826.00,509.00,0,35383
8381,283,819.00,492.00,0,35391
8246,283,776.00,526.00,0,35399
8114,283,606.00,508.00,0,35407
7990,281,780.00,492.00,0,35417
7873,277,825.00,508.00,0,35425
7765,271,825.00,475.00,0,35433
7662,267,825.00,492.00,0,35441
7554,261,826.00,492.00,0,35449
7435,257,826.00,492.00,0,35458
7310,253,826.00,503.00,0,35466
7184,249,826.00,509.00,0,35474
7063,247,825.00,491.00,0,35483
6952,245,826.00,492.00,0,35491
6849,245,825.00,492.00,0,35500
6735,244,826.00,476.00,0,35508
6613,244,826.00,509.00,0,35516
6488,246,826.00,509.00,0,35524
6354,246,800.00,526.00,0,35532
6218,247,749.00,509.00,0,35540
6088,247,675.00,492.00,0,35550
5967,245,790.00,492.00,0,35558
5855,241,825.00,510.00,0,35566
5752,236,826.00,476.00,0,35574
5648,231,826.00,510.00,0,35582
5532,225,826.00,509.00,0,35591
5410,219,826.00,492.00,0,35599
5282,215,823.00,509.00,0,35607
5160,210,826.00,509.00,0,35616
5046,207,825.00,458.00,0,35624
4944,203,826.00,460.00,0,35633
4833,203,826.00,492.00,0,35641
4714,202,826.00,475.00,0,35649
4592,202,826.00,492.00,0,35657
4466,204,825.00,509.00,0,35665
4332,206,798.00,509.00,0,35674
4194,206,715.00,509.00,0,35683
4065,206,766.00,508.00,0,35691
3947,205,802.00,493.00,0,35699
3838,202,826.00,492.00,0,35707
3738,198,826.00,492.00,0,35716
3629,194,826.00,475.00,0,35724
3510,188,826.00,509.00,0,35732
3385,182,826.00,509.00,0,35740
3259,176,826.00,509.00,0,35749
3141,170,826.00,492.00,0,35758
3036,164,825.00,492.00,0,35766
2928,160,826.00,493.00,0,35774
2812,158,825.00,509.00,0,35782
2693,156,826.00,493.00,0,35790
2570,156,826.00,509.00,0,35799
2442,156,826.00,492.00,0,35807
2304,157,758.00,525.00,0,35816
2166,158,515.00,508.00,0,35824
2041,158,795.00,509.00,0,35832
1927,158,824.00,493.00,0,35841
1825,157,826.00,475.00,0,35849
1724,154,827.00,475.00,0,35857
1608,152,826.00,492.00,0,35865
1484,147,827.00,492.00,0,35873
1354,142,814.00,509.00,0,35883
1228,136,825.00,508.00,0,35891
1114,131,825.00,476.00,0,35899
1013,125,826.00,475.00,0,35907
906,120,826.00,509.00,0,35915
792,115,826.00,509.00,0,35923
678,111,825.00,509.00,0,35932
558,108,826.00,509.00,0,35939
432,105,826.00,509.00,0,35947
295,102,559.00,493.00,0,35955
160,100,357.00,525.00,0,35963
44,98,795.00,493.00,0,35971
-47,96,0.00,458.00,0,35979
-74,92,0.00,408.00,0,35986
-35,89,27.00,341.00,0,35993
44,86,781.00,341.00,0,36000
122,82,406.00,341.00,0,36008
206,78,19.00,341.00,0,36016
302,74,243.00,325.00,0,36024
408,70,144.00,307.00,0,36032
517,66,531.00,315.00,0,36039
630,64,800.00,308.00,0,36047
748,61,801.00,291.00,0,36055
878,60,825.00,308.00,0,36063
1012,58,825.00,308.00,0,36071
1132,57,825.00,325.00,0,36079
1240,56,824.00,325.00,0,36087
1338,55,683.00,341.00,0,36096
1432,54,167.00,324.00,0,36103
1544,53,458.00,308.00,0,36111
1658,52,763.00,325.00,0,36119
1773,50,799.00,325.00,0,36127
1893,50,807.00,325.00,0,36135
2013,48,808.00,341.00,0,36144
2122,48,610.00,325.00,0,36152
2223,48,0.00,325.00,0,36159
2324,48,825.00,341.00,0,36167
2409,48,826.00,341.00,0,36175
2467,49,825.00,376.00,0,36184
2503,51,825.00,391.00,0,36191
2522,54,825.00,408.00,0,36199
2526,57,825.00,409.00,0,36207
2518,60,825.00,408.00,0,36215
2496,63,826.00,425.00,0,36224
2462,67,825.00,443.00,0,36232
2410,69,825.00,459.00,0,36240
2344,71,826.00,459.00,0,36248
2263,73,826.00,475.00,0,36255
2171,74,826.00,458.00,0,36263
2074,74,825.00,492.00,0,36272
1981,74,826.00,475.00,0,36280
1898,72,825.00,474.00,0,36288
1828,68,826.00,476.00,0,36296
1771,64,825.00,442.00,0,36304
1722,60,825.00,442.00,0,36313
1678,54,825.00,442.00,0,36320
1636,49,826.00,442.00,0,36328
1592,43,825.00,442.00,0,36336
1542,38,826.00,459.00,0,36344
1484,33,826.00,442.00,0,36353
1416,29,825.00,458.00,0,36361
1342,26,825.00,458.00,0,36369
1268,24,825.00,475.00,0,36376
1198,24,825.00,459.00,0,36384
1142,24,826.00,442.00,0,36392
1101,26,825.00,425.00,0,36401
1082,28,825.00,425.00,0,36409
1083,30,825.00,391.00,0,36417
1104,33,825.00,391.00,0,36425
1137,36,825.00,375.00,0,36433
1179,38,825.00,391.00,0,36441
1221,40,825.00,375.00,0,36449
1261,41,826.00,391.00,0,36457
1294,42,825.00,375.00,0,36465
1319,42,825.00,391.00,0,36473
1332,42,825.00,408.00,0,36482
1335,40,825.00,409.00,0,36490
1326,38,825.00,425.00,0,36498
1310,36,825.00,425.00,0,36505
1286,34,825.00,425.00,0,36513
1262,32,826.00,438.00,0,36521
1240,31,826.00,425.00,0,36530
1222,30,826.00,425.00,0,36538
1211,30,825.00,409.00,0,36546
1206,30,826.00,408.00,0,36554
1208,30,825.00,404.00,0,36562
1217,31,825.00,408.00,0,36570
1229,31,825.00,408.00,0,36578
1241,33,825.00,391.00,0,36586
1251,34,826.00,408.00,0,36594
1257,35,825.00,408.00,0,36602
1259,35,825.00,408.00,0,36611
1257,35,825.00,425.00,0,36619
1253,35,825.00,408.00,0,36626
1246,35,825.00,425.00,0,36634
1239,34,826.00,408.00,0,36642
1235,33,825.00,409.00,0,36651
1233,32,825.00,409.00,0,36659
1234,31,825.00,409.00,0,36667
1237,31,825.00,408.00,0,36675
1241,30,825.00,408.00,0,36683
1245,30,825.00,408.00,0,36690
1247,30,825.00,408.00,0,36699
1249,30,825.00,409.00,0,36707
1249,30,825.00,409.00,0,36715
1246,31,826.00,408.00,0,36723
1244,32,826.00,408.00,0,36731
1242,32,825.00,408.00,0,36740
1242,32,825.00,408.00,0,36748
1242,32,825.00,408.00,0,36755
1242,32,825.00,408.00,0,36763
1244,32,825.00,409.00,0,36771
1245,32,825.00,408.00,0,36780
1245,31,825.00,409.00,0,36788
1245,30,825.00,408.00,0,36796
1245,30,825.00,408.00,0,36804
1245,30,825.00,408.00,0,36812
1244,29,825.00,408.00,0,36819
1244,29,825.00,408.00,0,36828
1244,29,825.00,408.00,0,36836
1244,29,825.00,408.00,0,36844
1244,29,826.00,409.00,0,36852
1244,30,826.00,408.00,0,36860
1244,31,825.00,408.00,0,36869
1244,31,825.00,408.00,0,36876
1244,31,825.00,408.00,0,36884
1244,31,825.00,408.00,0,36892
1244,31,826.00,408.00,0,36900
1244,31,825.00,409.00,0,36909
1244,31,825.00,409.00,0,36917
1244,30,826.00,408.00,0,36925
1244,30,825.00,408.00,0,36933
1244,29,825.00,408.00,0,36940
1244,29,826.00,408.00,0,36948
1244,28,825.00,408.00,0,36957
1244,28,825.00,408.00,0,36965
1244,28,826.00,409.00,0,36973
1244,28,826.00,409.00,0,36981
1244,28,826.00,408.00,0,36989
1244,28,825.00,408.00,0,36998
1244,28,825.00,408.00,0,37005
1244,29,826.00,409.00,0,37013
1244,30,826.00,408.00,0,37021
1244,30,826.00,408.00,0,37029
1244,30,825.00,408.00,0,37038
1244,30,825.00,409.00,0,37046
1244,30,826.00,409.00,0,37054
1244,30,825.00,408.00,0,37062
1244,30,825.00,408.00,0,37069
1244,29,826.00,408.00,0,37078
1244,28,826.00,408.00,0,37086
1244,28,826.00,408.00,0,37094
1244,28,826.00,409.00,0,37102
1244,28,825.00,409.00,0,37110
1244,28,825.00,409.00,0,37118
1244,28,825.00,408.00,0,37126
1244,28,826.00,408.00,0,37134
1244,28,826.00,408.00,0,37142
1244,28,826.00,408.00,0,37150
1244,28,826.00,408.00,0,37158
1244,28,825.00,409.00,0,37167
1244,28,825.00,409.00,0,37175
1244,28,825.00,409.00,0,37183
1244,28,826.00,408.00,0,37190
1244,28,825.00,408.00,0,37198
1244,27,826.00,409.00,0,37207
1244,26,825.00,408.00,0,37215
1244,26,825.00,408.00,0,37223
1244,26,825.00,408.00,0,37231
1244,26,825.00,409.00,0,37239
1244,26,825.00,408.00,0,37248
1244,26,825.00,408.00,0,37255
1244,26,825.00,408.00,0,37263
1244,26,827.00,409.00,0,37271
1244,26,825.00,409.00,0,37279
1244,26,825.00,409.00,0,37287
1244,26,826.00,409.00,0,37296
1244,26,825.00,409.00,0,37304
1244,26,825.00,408.00,0,37312
1244,26,825.00,408.00,0,37319
1244,26,827.00,408.00,0,37327
1244,26,826.00,409.00,0,37336
1244,26,826.00,408.00,0,37344
1244,26,826.00,408.00,0,37352
1244,26,825.00,408.00,0,37360
1244,26,825.00,408.00,0,37368
1244,26,825.00,408.00,0,37377
1244,26,825.00,408.00,0,37384
1244,26,826.00,409.00,0,37392
1244,26,826.00,408.00,0,37400
1244,26,825.00,408.00,0,37408
1244,26,826.00,409.00,0,37416
1244,26,825.00,409.00,0,37425
1244,26,825.00,408.00,0,37433
1244,26,825.00,409.00,0,37440
1244,26,825.00,408.00,0,37448
1244,26,826.00,408.00,0,37456
1244,26,826.00,409.00,0,37465
1244,26,826.00,408.00,0,37473
1244,26,826.00,409.00,0,37481
1244,26,825.00,408.00,0,37489
1244,26,825.00,408.00,0,37497
1244,26,825.00,408.00,0,37505
1244,26,826.00,408.00,0,37513
1244,26,826.00,408.00,0,37521
1244,26,826.00,408.00,0,37529
1244,26,825.00,409.00,0,37537
1244,26,825.00,408.00,0,37545
1244,26,826.00,408.00,0,37554
1244,26,825.00,408.00,0,37562
1244,26,825.00,408.00,0,37569
1244,26,825.00,408.00,0,37577
1244,26,826.00,409.00,0,37585
1244,26,826.00,408.00,0,37594
1244,26,825.00,408.00,0,37602
1244,26,826.00,409.00,0,37610
1244,26,825.00,409.00,0,37618
1244,26,825.00,408.00,0,37626
1244,26,825.00,408.00,0,37634
1244,26,826.00,408.00,0,37642
1244,26,826.00,409.00,0,37650
1244,26,825.00,408.00,0,37658
1244,26,826.00,409.00,0,37666
1244,26,826.00,408.00,0,37675
1244,26,825.00,408.00,0,37683
1244,27,825.00,408.00,0,37690
1244,27,825.00,408.00,0,37698
1244,27,825.00,409.00,0,37706
1244,27,826.00,408.00,0,37714
1244,27,826.00,409.00,0,37723
1244,27,825.00,409.00,0,37731
1244,27,825.00,408.00,0,37739
1244,27,825.00,408.00,0,37747
1244,26,825.00,408.00,0,37754
1244,26,825.00,408.00,0,37763
1244,26,826.00,409.00,0,37771
1244,26,825.00,408.00,0,37779
1244,26,825.00,408.00,0,37787
1244,26,825.00,409.00,0,37795
1244,26,825.00,409.00,0,37804
1244,26,825.00,408.00,0,37812
1244,26,825.00,408.00,0,37819
1244,26,826.00,408.00,0,37827
1244,26,826.00,408.00,0,37835
1244,26,825.00,408.00,0,37843
1244,26,825.00,409.00,0,37852
1244,26,825.00,408.00,0,37860
1244,25,825.00,408.00,0,37868
1244,25,826.00,409.00,0,37876
1244,24,825.00,408.00,0,37883
1244,24,826.00,409.00,0,37892
1244,24,826.00,408.00,0,37900
1244,24,825.00,409.00,0,37908
1244,24,825.00,408.00,0,37916
1244,24,826.00,409.00,0,37924
1244,24,826.00,408.00,0,37933
1244,24,825.00,409.00,0,37940
1244,24,825.00,408.00,0,37948
1244,24,825.00,408.00,0,37956
1244,24,826.00,408.00,0,37964
1244,24,826.00,409.00,0,37972
1244,24,825.00,408.00,0,37981
1244,24,825.00,409.00,0,37989
1244,24,826.00,409.00,0,37997
1244,23,825.00,408.00,0,38004
1244,23,825.00,408.00,0,38012
1244,23,826.00,408.00,0,38021
1244,23,826.00,409.00,0,38029
1244,23,826.00,408.00,0,38037
1244,23,826.00,409.00,0,38045
1244,23,826.00,409.00,0,38053
1244,23,825.00,409.00,0,38062
1244,23,825.00,408.00,0,38069
1244,23,825.00,408.00,0,38077
1244,23,826.00,409.00,0,38085
1244,23,825.00,408.00,0,38093
1244,23,826.00,408.00,0,38102
1244,23,825.00,408.00,0,38110
1244,23,825.00,408.00,0,38118
1244,23,826.00,409.00,0,38126
1244,23,826.00,408.00,0,38133
1244,23,826.00,408.00,0,38141
1244,23,826.00,409.00,0,38150
1244,23,826.00,409.00,0,38158
1244,23,826.00,408.00,0,38166
1244,23,826.00,408.00,0,38174
1244,23,825.00,408.00,0,38182
1244,23,825.00,409.00,0,38190
1244,23,825.00,408.00,0,38198
1244,23,826.00,409.00,0,38206
1244,23,826.00,408.00,0,38214
1244,23,826.00,408.00,0,38222
1244,23,825.00,408.00,0,38231
1244,23,825.00,408.00,0,38239
1244,23,826.00,409.00,0,38247
1244,23,825.00,408.00,0,38254
1244,23,825.00,408.00,0,38262
1244,23,826.00,408.00,0,38270
1244,23,826.00,408.00,0,38279
1244,23,826.00,408.00,0,38287
1244,23,825.00,409.00,0,38295
1244,23,825.00,408.00,0,38303
1244,23,825.00,408.00,0,38311
1244,23,825.00,408.00,0,38319
1244,23,826.00,408.00,0,38327
1244,23,826.00,408.00,0,38335
1244,23,826.00,409.00,0,38343
1244,23,826.00,409.00,0,38351
1244,23,826.00,408.00,0,38360
1244,23,826.00,408.00,0,38368
1244,23,825.00,408.00,0,38376
1244,23,825.00,408.00,0,38383
1244,23,826.00,408.00,0,38391
1244,23,825.00,408.00,0,38400
1244,23,826.00,408.00,0,38408
1244,23,826.00,408.00,0,38416
1244,23,826.00,409.00,0,38424
1244,23,825.00,408.00,0,38432
1244,23,825.00,409.00,0,38439
1244,23,825.00,408.00,0,38448
1244,23,825.00,408.00,0,38456
1244,23,826.00,408.00,0,38464
1244,23,826.00,409.00,0,38472
1244,23,826.00,408.00,0,38480
1244,23,826.00,409.00,0,38489
1244,23,826.00,408.00,0,38497
1244,23,825.00,408.00,0,38504
1244,23,826.00,408.00,0,38512
1244,23,825.00,409.00,0,38520
1244,23,826.00,408.00,0,38529
1244,23,826.00,409.00,0,38537
1244,23,826.00,408.00,0,38545
1244,23,825.00,409.00,0,38553
1244,23,825.00,409.00,0,38561
1244,23,825.00,408.00,0,38568
1244,23,825.00,408.00,0,38577
1244,23,826.00,409.00,0,38585
1244,23,825.00,408.00,0,38593
1244,23,825.00,409.00,0,38601
1244,23,826.00,408.00,0,38609
1244,23,825.00,409.00,0,38618
1244,23,825.00,409.00,0,38626
1244,23,826.00,408.00,0,38633
1244,23,825.00,408.00,0,38641
1244,23,826.00,408.00,0,38649
1244,23,826.00,409.00,0,38658
1244,23,825.00,409.00,0,38666
1244,23,826.00,408.00,0,38674
1244,23,826.00,408.00,0,38682
1244,23,825.00,409.00,0,38689
1244,23,825.00,408.00,0,38697
1244,23,826.00,408.00,0,38706
1244,23,826.00,408.00,0,38714
1244,23,826.00,408.00,0,38722
1244,23,826.00,409.00,0,38730
1244,23,825.00,408.00,0,38738
1244,23,825.00,408.00,0,38747
1244,23,825.00,408.00,0,38754
1244,23,825.00,408.00,0,38762
1244,23,826.00,409.00,0,38770
1244,23,826.00,408.00,0,38778
1244,23,826.00,409.00,0,38787
1244,22,825.00,408.00,0,38795
1244,22,826.00,408.00,0,38803
1244,22,825.00,409.00,0,38811
1244,22,825.00,409.00,0,38818
1244,22,825.00,408.00,0,38827
1244,22,826.00,408.00,0,38835
1244,22,826.00,408.00,0,38843
1244,22,826.00,408.00,0,38851
1244,22,825.00,408.00,0,38859
1244,22,826.00,408.00,0,38867
1244,22,825.00,409.00,0,38876
1244,22,825.00,409.00,0,38883
1244,22,826.00,408.00,0,38891
1244,22,826.00,408.00,0,38899
1244,22,826.00,408.00,0,38907
1244,22,826.00,408.00,0,38916
1244,22,826.00,409.00,0,38924
1244,22,826.00,409.00,0,38932
1244,22,825.00,408.00,0,38939
1244,22,825.00,408.00,0,38947
1244,22,825.00,409.00,0,38956
1244,22,826.00,409.00,0,38964
1244,22,826.00,408.00,0,38972
1244,22,826.00,409.00,0,38980
1244,22,826.00,408.00,0,38988
1244,22,826.00,408.00,0,38996
1244,22,825.00,408.00,0,39004
1244,22,826.00,409.00,0,39012
1244,22,825.00,409.00,0,39020
1244,22,826.00,408.00,0,39028
1244,22,826.00,408.00,0,39036
1244,21,826.00,409.00,0,39045
1244,21,825.00,408.00,0,39053
1244,21,825.00,408.00,0,39061
1244,21,825.00,409.00,0,39068
1244,21,825.00,409.00,0,39076
1244,21,825.00,408.00,0,39085
1244,21,826.00,409.00,0,39093
1244,21,826.00,408.00,0,39101
1244,21,826.00,409.00,0,39109
1244,21,825.00,408.00,0,39117
1244,21,825.00,408.00,0,39126
1244,21,825.00,408.00,0,39133
1244,21,825.00,408.00,0,39141
1244,21,826.00,409.00,0,39149
1244,21,826.00,408.00,0,39157
1244,21,826.00,409.00,0,39165
1244,21,826.00,409.00,0,39174
1244,21,825.00,409.00,0,39182
1244,21,825.00,409.00,0,39189
1244,21,825.00,408.00,0,39197
1244,21,826.00,409.00,0,39205
1244,21,826.00,408.00,0,39214
1244,21,826.00,408.00,0,39222
1244,21,826.00,409.00,0,39230
1244,21,826.00,409.00,0,39238
1244,21,826.00,409.00,0,39246
1244,21,825.00,408.00,0,39254
1244,21,825.00,409.00,0,39262
1244,21,826.00,408.00,0,39270
1244,21,825.00,408.00,0,39278
1244,21,826.00,409.00,0,39286
1244,21,826.00,409.00,0,39294
1244,21,826.00,408.00,0,39303
1244,21,825.00,409.00,0,39311
1244,21,825.00,408.00,0,39318
1244,21,826.00,408.00,0,39326
1244,21,825.00,408.00,0,39334
1244,21,826.00,408.00,0,39343
1244,21,826.00,408.00,0,39351
1244,21,826.00,409.00,0,39359
1244,21,825.00,408.00,0,39367
1244,21,825.00,409.00,0,39375
1244,21,825.00,408.00,0,39383
1244,21,826.00,408.00,0,39391
1244,21,826.00,408.00,0,39399
1244,21,825.00,409.00,0,39407
1244,21,826.00,409.00,0,39415
1244,21,826.00,409.00,0,39424
1244,21,826.00,408.00,0,39432
1244,21,825.00,408.00,0,39440
1244,21,825.00,408.00,0,39447
1244,21,825.00,408.00,0,39455
1244,21,826.00,408.00,0,39463
1244,21,826.00,408.00,0,39472
1244,21,826.00,408.00,0,39480
1244,21,826.00,408.00,0,39488
1244,21,826.00,409.00,0,39496
1244,21,826.00,408.00,0,39503
1244,21,825.00,408.00,0,39512
1244,21,825.00,408.00,0,39520
1244,21,826.00,409.00,0,39528
1244,21,826.00,409.00,0,39536
1244,21,826.00,409.00,0,39544
1244,21,825.00,408.00,0,39553
1244,21,825.00,409.00,0,39561
1244,21,825.00,408.00,0,39568
1244,21,825.00,409.00,0,39576
1244,21,826.00,408.00,0,39584
1244,21,826.00,408.00,0,39592
1244,21,826.00,408.00,0,39601
1244,21,826.00,409.00,0,39609
1244,21,825.00,408.00,0,39617
1244,21,825.00,408.00,0,39625
1244,21,825.00,409.00,0,39632
1244,21,825.00,409.00,0,39641
1244,21,826.00,408.00,0,39649
1244,21,825.00,408.00,0,39657
1244,21,826.00,408.00,0,39665
1244,21,826.00,408.00,0,39673
1244,21,825.00,408.00,0,39682
1244,21,825.00,408.00,0,39690
1244,21,825.00,408.00,0,39697
1244,21,826.00,409.00,0,39705
1244,21,826.00,408.00,0,39713
1244,21,825.00,408.00,0,39721
1244,21,825.00,409.00,0,39730
1244,21,826.00,409.00,0,39738
1244,21,826.00,408.00,0,39746
1244,21,825.00,408.00,0,39753
1244,21,826.00,408.00,0,39761
1244,21,826.00,408.00,0,39770
1244,21,826.00,408.00,0,39778
1244,21,826.00,408.00,0,39786
1244,21,826.00,408.00,0,39794
1244,21,825.00,409.00,0,39802
1244,21,825.00,409.00,0,39811
1244,21,825.00,408.00,0,39818
1244,21,825.00,408.00,0,39826
1244,21,825.00,409.00,0,39834
1244,21,826.00,408.00,0,39842
1244,21,825.00,409.00,0,39851
1244,21,826.00,408.00,0,39859
1244,21,826.00,408.00,0,39867
1244,20,825.00,408.00,0,39875
1244,20,825.00,408.00,0,39882
1244,20,826.00,409.00,0,39890
1244,20,826.00,408.00,0,39899
1244,20,825.00,408.00,0,39907
1244,20,825.00,408.00,0,39915
1244,20,826.00,408.00,0,39923
1244,20,826.00,408.00,0,39931
1244,20,825.00,408.00,0,39940
1244,20,825.00,408.00,0,39947
1244,20,825.00,409.00,0,39955
1244,20,825.00,409.00,0,39963
1244,20,826.00,408.00,0,39971
1244,20,826.00,408.00,0,39980
1244,20,826.00,408.00,0,39988
1244,20,825.00,408.00,0,39996
1244,20,825.00,408.00,0,40003
1244,20,825.00,408.00,0,40011
1244,20,826.00,408.00,0,40019
1244,20,826.00,409.00,0,40028
1244,20,825.00,408.00,0,40036
1244,20,826.00,408.00,0,40044
1244,20,826.00,408.00,0,40052
1244,20,826.00,408.00,0,40060
1244,20,825.00,408.00,0,40068
1244,20,826.00,408.00,0,40076
1244,20,826.00,409.00,0,40084
1244,20,826.00,409.00,0,40092
1244,20,826.00,408.00,0,40100
1244,20,826.00,408.00,0,40109
1244,20,826.00,408.00,0,40117
1244,20,826.00,408.00,0,40125
1244,20,825.00,408.00,0,40132
1244,20,825.00,408.00,0,40140
1244,20,826.00,408.00,0,40148
1244,20,825.00,408.00,0,40157
1244,20,826.00,409.00,0,40165
1244,19,825.00,409.00,0,40173
1244,19,825.00,408.00,0,40181
1244,19,825.00,408.00,0,40189
1244,19,825.00,408.00,0,40197
1244,19,826.00,408.00,0,40205
1244,19,826.00,408.00,0,40213
1245,19,826.00,408.00,0,40221
1245,19,826.00,408.00,0,40229
1245,19,826.00,409.00,0,40238
1245,19,825.00,408.00,0,40246
1245,19,825.00,408.00,0,40253
1245,19,825.00,408.00,0,40261
1245,19,826.00,408.00,0,40269
1245,19,825.00,408.00,0,40278
1245,19,826.00,408.00,0,40286
1245,19,826.00,408.00,0,40294
1245,19,826.00,408.00,0,40302
1245,19,826.00,408.00,0,40310
1245,19,825.00,408.00,0,40317
1245,19,825.00,408.00,0,40326
1245,19,825.00,409.00,0,40334
1245,19,825.00,408.00,0,40342
1245,19,825.00,408.00,0,40350
1245,19,825.00,408.00,0,40358
1245,19,826.00,408.00,0,40367
1245,19,825.00,408.00,0,40375
1245,19,825.00,408.00,0,40382
1245,19,826.00,408.00,0,40390
1245,19,825.00,408.00,0,40398
1245,19,826.00,408.00,0,40407
1245,19,826.00,408.00,0,40415
1245,19,826.00,408.00,0,40423
1245,19,826.00,409.00,0,40431
1245,19,825.00,408.00,0,40439
1245,19,825.00,408.00,0,40446
1245,19,826.00,408.00,0,40455
1245,19,826.00,409.00,0,40463
1245,19,825.00,408.00,0,40471
1245,19,826.00,409.00,0,40479
1245,19,825.00,408.00,0,40487
1245,19,826.00,409.00,0,40496
1245,19,825.00,408.00,0,40503
1245,19,825.00,408.00,0,40511
1245,19,826.00,409.00,0,40519
1245,19,825.00,409.00,0,40527
1245,19,826.00,408.00,0,40536
1245,19,825.00,408.00,0,40544
1245,19,826.00,408.00,0,40552
1245,19,826.00,408.00,0,40560
1245,19,825.00,408.00,0,40567
1245,19,825.00,408.00,0,40576
1245,19,826.00,409.00,0,40584
1245,19,825.00,409.00,0,40592
1245,19,825.00,409.00,0,40600
1245,19,826.00,408.00,0,40608
1245,19,826.00,408.00,0,40616
1245,19,826.00,409.00,0,40625
1245,19,825.00,408.00,0,40632
1245,19,826.00,408.00,0,40640
1245,19,825.00,409.00,0,40648
1245,19,826.00,409.00,0,40656
1245,19,826.00,408.00,0,40665
