8617
-2,-4,825.00,409.00,0,8625
-2,-4,826.00,409.00,0,8632
-2,-4,825.00,408.00,0,8639
-2,-4,826.00,409.00,0,8646
-2,-4,826.00,409.00,0,8653
-2,-4,826.00,409.00,0,8662
-2,-4,826.00,409.00,0,8669
-2,-4,826.00,408.00,0,8676
-2,-4,825.00,409.00,0,8683
-2,-4,826.00,409.00,0,8690
-2,-4,826.00,409.00,0,8697
-2,-4,826.00,409.00,0,8705
-2,-4,826.00,409.00,0,8712
-2,-4,826.00,409.00,0,8719
-2,-4,826.00,409.00,0,8727
-2,-4,826.00,409.00,0,8734
-2,-4,826.00,409.00,0,8741
-2,-4,825.00,408.00,0,8749
-2,-4,825.00,409.00,0,8756
-2,-4,825.00,409.00,0,8763
-2,-4,826.00,409.00,0,8770
-2,-4,826.00,409.00,0,8777
-2,-4,826.00,409.00,0,8784
-2,-4,825.00,409.00,0,8793
-2,-4,826.00,409.00,0,8800
-2,-4,826.00,408.00,0,8807
-2,-4,826.00,409.00,0,8814
-2,-4,825.00,409.00,0,8821
-2,-4,826.00,409.00,0,8828
-2,-4,825.00,409.00,0,8836
-2,-4,826.00,409.00,0,8843
-2,-4,826.00,409.00,0,8850
-2,-4,826.00,409.00,0,8858
-2,-4,825.00,409.00,0,8865
-2,-4,826.00,408.00,0,8872
-2,-4,825.00,408.00,0,8880
-2,-4,826.00,409.00,0,8887
-2,-4,826.00,409.00,0,8894
-2,-4,825.00,409.00,0,8901
-2,-4,826.00,409.00,0,8908
-2,-4,826.00,409.00,0,8915
-2,-4,826.00,408.00,0,8924
-2,-4,826.00,409.00,0,8931
-2,-4,825.00,409.00,0,8938
-2,-4,826.00,408.00,0,8945
-2,-4,825.00,409.00,0,8952
-2,-4,825.00,409.00,0,8960
-2,-4,826.00,409.00,0,8967
-2,-4,826.00,409.00,0,8974
-2,-4,826.00,409.00,0,8981
-2,-4,826.00,409.00,0,8989
-2,-4,826.00,408.00,0,8996
-2,-4,826.00,409.00,0,9004
-2,-4,826.00,408.00,0,9011
-2,-4,825.00,409.00,0,9018
-2,-4,826.00,409.00,0,9025
-2,-4,826.00,409.00,0,9032
-2,-4,825.00,409.00,0,9039
-2,-4,826.00,409.00,0,9047
-2,-4,826.00,409.00,0,9055
-2,-4,826.00,408.00,0,9062
-2,-4,826.00,409.00,0,9069
-2,-4,826.00,408.00,0,9076
-2,-4,826.00,408.00,0,9083
-2,-4,825.00,409.00,0,9091
-2,-4,826.00,409.00,0,9098
-2,-4,826.00,409.00,0,9105
-2,-4,826.00,409.00,0,9112
-2,-4,826.00,409.00,0,9119
-2,-4,826.00,409.00,0,9127
-2,-4,826.00,408.00,0,9135
-2,-4,826.00,408.00,0,9142
-2,-4,825.00,409.00,0,9149
-2,-4,826.00,409.00,0,9156
-2,-4,826.00,409.00,0,9163
-2,-4,826.00,409.00,0,9170
-2,-4,826.00,409.00,0,9178
-2,-4,825.00,409.00,0,9185
-2,-4,826.00,408.00,0,9193
-2,-4,825.00,409.00,0,9200
-2,-4,826.00,409.00,0,9207
-2,-4,825.00,408.00,0,9214
-2,-4,825.00,409.00,0,9222
-2,-4,825.00,409.00,0,9229
-2,-4,826.00,408.00,0,9236
-2,-4,826.00,409.00,0,9243
-2,-4,826.00,409.00,0,9250
-2,-4,826.00,408.00,0,9259
-2,-5,826.00,409.00,0,9266
-2,-5,825.00,409.00,0,9273
-2,-5,825.00,409.00,0,9280
-2,-5,825.00,408.00,0,9287
-2,-5,826.00,409.00,0,9294
-2,-5,825.00,409.00,0,9302
-2,-5,826.00,409.00,0,9309
-2,-5,826.00,409.00,0,9316
-2,-5,825.00,409.00,0,9324
-2,-5,826.00,409.00,0,9331
-2,-5,826.00,408.00,0,9338
-2,-5,825.00,409.00,0,9346
-2,-5,826.00,409.00,0,9353
-2,-5,826.00,409.00,0,9360
-2,-5,826.00,409.00,0,9367
-2,-5,826.00,409.00,0,9374
-2,-5,826.00,408.00,0,9381
-2,-5,826.00,409.00,0,9390
-2,-5,826.00,408.00,0,9397
-2,-5,826.00,409.00,0,9404
-2,-5,825.00,408.00,0,9411
-2,-5,826.00,409.00,0,9418
-2,-5,826.00,409.00,0,9425
-2,-5,826.00,409.00,0,9433
-2,-5,825.00,409.00,0,9440
-2,-5,826.00,409.00,0,9447
-2,-5,826.00,409.00,0,9455
-2,-5,826.00,409.00,0,9462
-2,-5,825.00,409.00,0,9469
-2,-5,825.00,409.00,0,9477
-2,-5,825.00,409.00,0,9484
-2,-5,826.00,409.00,0,9491
-2,-5,825.00,409.00,0,9498
-2,-5,826.00,409.00,0,9505
-2,-5,826.00,409.00,0,9512
-2,-5,825.00,409.00,0,9521
-2,-5,826.00,409.00,0,9528
-2,-5,825.00,409.00,0,9535
-2,-5,826.00,409.00,0,9542
-2,-5,826.00,408.00,0,9549
-2,-5,826.00,409.00,0,9556
-2,-5,826.00,409.00,0,9564
-2,-5,826.00,409.00,0,9571
-2,-5,826.00,409.00,0,9578
-2,-5,826.00,409.00,0,9585
-2,-5,826.00,408.00,0,9593
-2,-5,825.00,409.00,0,9601
-2,-5,826.00,408.00,0,9608
-2,-5,825.00,408.00,0,9615
-2,-5,825.00,409.00,0,9622
-2,-5,826.00,409.00,0,9629
-2,-5,825.00,409.00,0,9636
-2,-5,826.00,409.00,0,9644
-2,-5,826.00,409.00,0,9651
-2,-5,826.00,409.00,0,9659
-2,-5,826.00,409.00,0,9666
-2,-5,825.00,409.00,0,9673
-2,-5,825.00,408.00,0,9680
-2,-5,826.00,409.00,0,9688
-2,-5,826.00,408.00,0,9695
-2,-5,826.00,409.00,0,9702
-2,-5,826.00,409.00,0,9709
-2,-5,825.00,409.00,0,9716
-2,-5,826.00,408.00,0,9724
-2,-5,826.00,409.00,0,9732
-2,-5,826.00,409.00,0,9739
-2,-5,826.00,408.00,0,9746
-2,-5,825.00,409.00,0,9753
-2,-5,825.00,409.00,0,9760
-2,-5,826.00,409.00,0,9767
-2,-5,826.00,409.00,0,9775
-2,-5,826.00,408.00,0,9782
-2,-5,826.00,409.00,0,9790
-2,-5,826.00,409.00,0,9797
-2,-5,826.00,409.00,0,9804
-2,-5,825.00,408.00,0,9811
-2,-5,825.00,408.00,0,9819
-2,-5,826.00,409.00,0,9826
-2,-5,825.00,409.00,0,9833
-2,-5,826.00,409.00,0,9840
-2,-5,826.00,408.00,0,9847
-2,-5,826.00,409.00,0,9856
-2,-5,826.00,409.00,0,9863
-2,-5,826.00,408.00,0,9870
-2,-5,825.00,408.00,0,9877
-2,-5,825.00,409.00,0,9884
-2,-5,826.00,409.00,0,9891
-2,-5,825.00,409.00,0,9899
-2,-5,826.00,409.00,0,9906
-2,-5,826.00,409.00,0,9913
-2,-5,826.00,409.00,0,9921
-2,-5,826.00,409.00,0,9928
-2,-5,826.00,409.00,0,9935
-2,-5,826.00,409.00,0,9943
-2,-5,826.00,409.00,0,9950
-2,-5,826.00,409.00,0,9957
-2,-5,826.00,409.00,0,9964
-2,-5,826.00,409.00,0,9971
-2,-5,826.00,409.00,0,9978
-2,-5,826.00,409.00,0,9987
-2,-5,826.00,409.00,0,9994
-2,-5,826.00,409.00,0,10001
-2,-5,825.00,409.00,0,10008
-2,-5,826.00,409.00,0,10015
-2,-5,825.00,408.00,0,10023
-2,-5,826.00,409.00,0,10031
-2,-5,825.00,408.00,0,10039
-2,-5,825.00,409.00,0,10046
-2,-5,826.00,409.00,0,10053
-2,-5,826.00,408.00,0,10061
-2,-5,825.00,409.00,0,10068
-2,-5,826.00,409.00,0,10076
-2,-5,826.00,409.00,0,10084
-2,-5,825.00,409.00,0,10091
-2,-5,826.00,409.00,0,10098
-2,-5,826.00,409.00,0,10106
-2,-5,826.00,409.00,0,10114
-2,-5,825.00,409.00,0,10122
-2,-5,825.00,409.00,0,10129
-2,-5,826.00,409.00,0,10136
-2,-5,826.00,409.00,0,10144
-2,-5,825.00,409.00,0,10151
-2,-5,826.00,409.00,0,10159
-2,-5,826.00,409.00,0,10167
-2,-5,826.00,409.00,0,10174
-2,-5,826.00,409.00,0,10181
-2,-5,826.00,409.00,0,10189
-2,-5,825.00,409.00,0,10196
-2,-5,825.00,409.00,0,10205
-2,-5,825.00,408.00,0,10212
-2,-5,826.00,409.00,0,10219
-2,-5,826.00,409.00,0,10227
-2,-5,825.00,408.00,0,10234
-2,-5,825.00,409.00,0,10242
-2,-5,826.00,409.00,0,10250
-2,-5,826.00,409.00,0,10257
-2,-5,826.00,409.00,0,10264
-2,-5,826.00,409.00,0,10272
-2,-5,826.00,409.00,0,10279
-2,-5,826.00,409.00,0,10288
-2,-5,825.00,408.00,0,10295
-2,-5,826.00,408.00,0,10302
-2,-5,826.00,409.00,0,10310
-2,-5,825.00,409.00,0,10317
-2,-5,826.00,409.00,0,10324
-2,-5,826.00,409.00,0,10333
-2,-5,826.00,408.00,0,10340
-2,-5,826.00,409.00,0,10347
-2,-5,826.00,408.00,0,10355
-2,-5,825.00,408.00,0,10362
-2,-5,826.00,409.00,0,10371
-2,-5,826.00,408.00,0,10378
-2,-5,826.00,408.00,0,10385
-2,-5,826.00,409.00,0,10393
-2,-5,825.00,408.00,0,10400
-2,-5,826.00,409.00,0,10407
-2,-5,826.00,409.00,0,10416
-2,-5,825.00,408.00,0,10423
-2,-5,825.00,409.00,0,10430
-2,-5,825.00,409.00,0,10438
-2,-5,826.00,409.00,0,10445
-2,-5,826.00,409.00,0,10454
-2,-5,826.00,408.00,0,10461
-2,-5,825.00,409.00,0,10468
-2,-5,825.00,409.00,0,10476
-2,-5,825.00,409.00,0,10483
-2,-5,826.00,409.00,0,10490
-2,-5,825.00,409.00,0,10499
-2,-5,826.00,409.00,0,10506
-2,-5,826.00,409.00,0,10513
-2,-5,826.00,408.00,0,10521
-2,-5,826.00,409.00,0,10528
-2,-5,826.00,408.00,0,10536
-2,-5,825.00,408.00,0,10544
-2,-5,826.00,408.00,0,10551
-2,-5,826.00,409.00,0,10559
-2,-5,825.00,409.00,0,10566
-2,-5,826.00,409.00,0,10573
-2,-5,825.00,409.00,0,10582
-2,-5,825.00,409.00,0,10589
-2,-5,826.00,408.00,0,10596
-2,-5,825.00,408.00,0,10604
-2,-5,826.00,409.00,0,10611
-2,-5,825.00,409.00,0,10619
-2,-5,825.00,409.00,0,10627
-2,-5,826.00,409.00,0,10634
-2,-5,826.00,409.00,0,10642
-2,-5,826.00,409.00,0,10649
-2,-5,826.00,408.00,0,10656
-2,-5,826.00,409.00,0,10664
-2,-5,825.00,409.00,0,10672
-2,-5,826.00,409.00,0,10679
-2,-5,826.00,408.00,0,10687
-2,-5,825.00,409.00,0,10694
-2,-5,826.00,409.00,0,10702
-2,-5,825.00,408.00,0,10710
-2,-5,826.00,409.00,0,10717
-2,-5,826.00,409.00,0,10725
-2,-5,825.00,409.00,0,10732
-2,-5,826.00,409.00,0,10739
-2,-5,826.00,409.00,0,10747
-2,-5,825.00,409.00,0,10755
-2,-5,826.00,409.00,0,10762
-2,-5,825.00,408.00,0,10770
-2,-5,825.00,409.00,0,10777
-2,-5,825.00,408.00,0,10785
-2,-5,826.00,409.00,0,10792
-2,-5,825.00,409.00,0,10800
-2,-5,826.00,409.00,0,10808
-2,-5,825.00,409.00,0,10815
-2,-5,825.00,409.00,0,10822
-2,-5,826.00,409.00,0,10830
-2,-5,825.00,409.00,0,10838
-2,-5,825.00,409.00,0,10845
-2,-5,825.00,409.00,0,10853
-2,-5,825.00,409.00,0,10860
-2,-5,826.00,409.00,0,10867
-2,-5,825.00,409.00,0,10875
-2,-5,826.00,409.00,0,10883
-2,-5,826.00,409.00,0,10891
-2,-5,825.00,409.00,0,10898
-2,-5,826.00,409.00,0,10905
-2,-5,826.00,409.00,0,10913
-2,-5,825.00,409.00,0,10920
-2,-5,826.00,409.00,0,10928
-2,-5,826.00,408.00,0,10936
-2,-5,826.00,408.00,0,10943
-2,-5,825.00,409.00,0,10950
-2,-5,825.00,408.00,0,10958
-2,-5,825.00,409.00,0,10966
-2,-5,826.00,409.00,0,10974
-2,-5,825.00,408.00,0,10981
-2,-5,826.00,408.00,0,10988
-2,-5,825.00,409.00,0,10996
-2,-5,825.00,409.00,0,11003
-2,-5,826.00,409.00,0,11011
-2,-5,825.00,408.00,0,11019
-2,-5,825.00,408.00,0,11026
-2,-5,826.00,409.00,0,11033
-2,-5,825.00,409.00,0,11041
-2,-5,826.00,409.00,0,11048
-2,-5,825.00,409.00,0,11057
-2,-5,826.00,408.00,0,11064
-2,-5,826.00,409.00,0,11071
-2,-5,825.00,409.00,0,11079
-2,-5,826.00,408.00,0,11086
-2,-5,825.00,408.00,0,11094
-2,-5,826.00,408.00,0,11102
-2,-5,825.00,408.00,0,11109
-2,-5,826.00,409.00,0,11116
-2,-5,826.00,408.00,0,11124
-2,-5,825.00,408.00,0,11131
-2,-5,826.00,408.00,0,11140
-2,-5,825.00,408.00,0,11147
-2,-5,826.00,409.00,0,11154
-2,-5,826.00,409.00,0,11162
-2,-5,825.00,409.00,0,11169
-2,-5,826.00,409.00,0,11176
-2,-5,826.00,408.00,0,11185
-2,-5,826.00,409.00,0,11192
-2,-5,825.00,409.00,0,11199
-2,-5,825.00,408.00,0,11207
-2,-5,825.00,409.00,0,11214
-2,-5,826.00,408.00,0,11223
-2,-5,826.00,408.00,0,11230
-2,-5,825.00,409.00,0,11237
-2,-5,826.00,409.00,0,11245
-2,-5,826.00,408.00,0,11252
-2,-5,826.00,409.00,0,11259
-2,-5,826.00,409.00,0,11268
-2,-5,825.00,409.00,0,11275
-2,-5,826.00,409.00,0,11282
-2,-5,825.00,408.00,0,11290
-2,-5,825.00,409.00,0,11297
-2,-5,826.00,409.00,0,11305
-2,-5,825.00,408.00,0,11313
-2,-5,825.00,408.00,0,11320
-2,-5,826.00,408.00,0,11328
-2,-5,825.00,409.00,0,11335
-2,-5,826.00,409.00,0,11342
-2,-5,825.00,409.00,0,11351
-2,-5,825.00,409.00,0,11358
-2,-5,826.00,409.00,0,11365
-2,-5,825.00,408.00,0,11373
-2,-5,826.00,409.00,0,11380
-2,-5,825.00,409.00,0,11388
-2,-5,825.00,408.00,0,11396
-2,-5,825.00,409.00,0,11403
-2,-5,826.00,408.00,0,11411
-2,-5,825.00,409.00,0,11418
-2,-5,826.00,408.00,0,11425
-2,-5,826.00,408.00,0,11433
-2,-5,826.00,409.00,0,11441
-2,-5,826.00,409.00,0,11448
-2,-5,826.00,408.00,0,11456
-2,-5,826.00,409.00,0,11463
-2,-5,826.00,408.00,0,11471
-2,-5,826.00,409.00,0,11479
-2,-5,826.00,409.00,0,11486
-2,-5,825.00,409.00,0,11494
-2,-5,825.00,409.00,0,11501
-2,-5,825.00,409.00,0,11508
-2,-5,825.00,409.00,0,11516
-2,-5,825.00,409.00,0,11524
-2,-5,825.00,409.00,0,11531
-2,-5,825.00,409.00,0,11539
-2,-5,825.00,409.00,0,11546
-2,-5,826.00,409.00,0,11554
-2,-5,825.00,408.00,0,11561
-2,-5,826.00,409.00,0,11569
-2,-5,826.00,409.00,0,11577
-2,-5,825.00,409.00,0,11584
-2,-5,826.00,409.00,0,11591
-2,-5,826.00,409.00,0,11599
-2,-5,826.00,409.00,0,11607
-2,-5,826.00,409.00,0,11614
-2,-5,825.00,408.00,0,11622
-2,-5,826.00,409.00,0,11629
-2,-5,825.00,409.00,0,11637
-2,-5,825.00,409.00,0,11644
-2,-5,825.00,409.00,0,11652
-2,-5,825.00,409.00,0,11660
-2,-5,825.00,409.00,0,11667
-2,-5,825.00,409.00,0,11674
-2,-5,826.00,409.00,0,11682
-2,-5,826.00,408.00,0,11689
-2,-5,826.00,409.00,0,11697
-2,-5,825.00,409.00,0,11705
-2,-5,826.00,408.00,0,11712
-2,-5,825.00,409.00,0,11720
-2,-5,825.00,408.00,0,11727
-2,-5,826.00,409.00,0,11735
-2,-5,826.00,409.00,0,11743
-2,-5,825.00,409.00,0,11750
-2,-5,826.00,408.00,0,11757
-2,-5,826.00,409.00,0,11765
-2,-5,826.00,408.00,0,11772
-2,-5,826.00,409.00,0,11780
-2,-5,826.00,409.00,0,11788
-2,-5,826.00,409.00,0,11795
-2,-5,826.00,408.00,0,11803
-2,-5,826.00,408.00,0,11810
-2,-5,825.00,408.00,0,11817
-2,-5,826.00,409.00,0,11826
-2,-5,825.00,408.00,0,11833
-2,-5,826.00,409.00,0,11840
-2,-5,826.00,409.00,0,11848
-2,-5,0.00,409.00,0,11855
30,-5,0.00,358.00,0,11862
106,-5,0.00,325.00,0,11870
206,-5,518.00,341.00,0,11877
303,-5,108.00,325.00,0,11885
406,-5,35.00,325.00,0,11892
514,-4,498.00,308.00,0,11900
630,-3,734.00,308.00,0,11908
746,-1,788.00,308.00,0,11916
874,0,826.00,308.00,0,11923
1006,2,826.00,292.00,0,11931
1124,3,825.00,325.00,0,11939
1234,4,826.00,326.00,0,11947
1334,4,816.00,341.00,0,11955
1426,4,294.00,326.00,0,11962
1524,2,342.00,325.00,0,11970
1633,0,626.00,325.00,0,11978
1743,-1,663.00,325.00,0,11986
1861,-2,811.00,309.00,0,11994
1980,-4,812.00,307.00,0,12002
2092,-4,694.00,325.00,0,12010
2195,-4,199.00,325.00,0,12018
2303,-3,186.00,341.00,0,12026
2420,-1,201.00,325.00,0,12035
2538,3,504.00,324.00,0,12042
2653,7,760.00,325.00,0,12050
2770,11,795.00,325.00,0,12058
2902,15,826.00,308.00,0,12066
3039,19,826.00,308.00,0,12075
3164,21,826.00,324.00,0,12082
3274,23,826.00,326.00,0,12090
3371,23,605.00,342.00,0,12098
3468,23,224.00,325.00,0,12106
3579,21,466.00,325.00,0,12114
3694,19,714.00,325.00,0,12123
3808,16,797.00,308.00,0,12131
3926,14,804.00,311.00,0,12139
4042,13,777.00,325.00,0,12146
4149,12,368.00,308.00,0,12154
4257,12,151.00,325.00,0,12163
4371,12,278.00,325.00,0,12171
4488,14,437.00,325.00,0,12179
4606,18,560.00,342.00,0,12187
4726,23,770.00,308.00,0,12195
4850,28,818.00,308.00,0,12204
4984,32,826.00,292.00,0,12211
5114,36,826.00,308.00,0,12219
5232,39,826.00,325.00,0,12227
5331,42,671.00,342.00,0,12235
5426,42,0.00,324.00,0,12242
5530,42,465.00,308.00,0,12251
5646,42,668.00,325.00,0,12259
5758,40,667.00,308.00,0,12267
5877,39,803.00,308.00,0,12275
5995,38,801.00,324.00,0,12283
6106,36,561.00,325.00,0,12292
6213,36,210.00,308.00,0,12300
6324,36,279.00,307.00,0,12307
6440,37,285.00,308.00,0,12315
6556,40,395.00,325.00,0,12323
6675,43,729.00,309.00,0,12332
6796,47,801.00,325.00,0,12340
6924,52,823.00,292.00,0,12348
7057,56,826.00,292.00,0,12356
7182,61,826.00,308.00,0,12363
7289,66,803.00,325.00,0,12371
7381,70,70.00,341.00,0,12380
7484,75,255.00,325.00,0,12388
7600,80,549.00,325.00,0,12396
7715,85,648.00,308.00,0,12404
7831,90,800.00,325.00,0,12411
7950,94,807.00,342.00,0,12420
8068,100,785.00,325.00,0,12428
8180,104,544.00,341.00,0,12437
8292,109,327.00,308.00,0,12445
8410,114,341.00,324.00,0,12453
8530,118,534.00,325.00,0,12462
8650,124,660.00,307.00,0,12470
8773,129,778.00,325.00,0,12478
8900,134,812.00,291.00,0,12486
9031,138,822.00,292.00,0,12494
9158,142,825.00,325.00,0,12504
9272,146,806.00,325.00,0,12512
9375,148,280.00,325.00,0,12520
9487,150,404.00,308.00,0,12528
9607,152,581.00,325.00,0,12536
9726,154,616.00,318.00,0,12545
9846,155,801.00,325.00,0,12553
9969,158,808.00,326.00,0,12561
10090,160,789.00,325.00,0,12570
10206,162,515.00,325.00,0,12578
10323,165,477.00,308.00,0,12588
10446,168,495.00,309.00,0,12596
10570,172,502.00,308.00,0,12604
10693,178,709.00,325.00,0,12613
10820,182,803.00,308.00,0,12621
10950,188,815.00,325.00,0,12630
11081,192,801.00,308.00,0,12639
11204,196,808.00,308.00,0,12647
11316,198,552.00,325.00,0,12656
11431,201,517.00,325.00,0,12664
11554,204,562.00,309.00,0,12673
11676,206,679.00,325.00,0,12682
11800,208,778.00,326.00,0,12690
11926,210,755.00,308.00,0,12699
12052,212,789.00,308.00,0,12707
12171,215,676.00,325.00,0,12716
12288,218,467.00,308.00,0,12725
12410,220,458.00,341.00,0,12733
12533,224,611.00,342.00,0,12741
12657,228,704.00,308.00,0,12750
12782,232,768.00,309.00,0,12759
12910,236,807.00,325.00,0,12768
13037,240,805.00,325.00,0,12776
13161,242,806.00,325.00,0,12784
13277,244,602.00,326.00,0,12793
13393,246,406.00,325.00,0,12802
13515,247,626.00,325.00,0,12810
13638,249,633.00,325.00,0,12819
13760,251,649.00,325.00,0,12827
13886,254,801.00,341.00,0,12836
14012,258,799.00,324.00,0,12845
14132,260,721.00,308.00,0,12853
14251,264,492.00,308.00,0,12862
14373,267,566.00,307.00,0,12870
14496,270,634.00,325.00,0,12878
14618,274,620.00,325.00,0,12888
14742,278,623.00,308.00,0,12896
14869,282,804.00,325.00,0,12905
14997,285,809.00,308.00,0,12913
15122,287,799.00,325.00,0,12921
15238,288,553.00,325.00,0,12931
15356,289,568.00,324.00,0,12939
15478,290,602.00,325.00,0,12947
15600,291,527.00,308.00,0,12956
15724,294,601.00,308.00,0,12964
15849,296,799.00,308.00,0,12974
15974,300,803.00,326.00,0,12982
16098,304,721.00,309.00,0,12990
16216,308,571.00,308.00,0,12999
16337,312,662.00,325.00,0,13007
16459,315,598.00,325.00,0,13017
16582,318,520.00,308.00,0,13025
16706,322,683.00,308.00,0,13033
16831,324,799.00,308.00,0,13042
16958,327,805.00,308.00,0,13050
17082,328,775.00,325.00,0,13059
17201,330,655.00,308.00,0,13068
17318,330,612.00,325.00,0,13076
17442,330,560.00,309.00,0,13085
17563,332,515.00,325.00,0,13093
17686,336,669.00,325.00,0,13102
17812,340,773.00,308.00,0,13111
17937,344,802.00,309.00,0,13119
18061,348,739.00,307.00,0,13127
18180,352,700.00,325.00,0,13136
18300,356,647.00,325.00,0,13145
18423,358,443.00,325.00,0,13154
18546,361,620.00,308.00,0,13162
18668,364,697.00,308.00,0,13170
18792,366,761.00,309.00,0,13179
18918,368,767.00,308.00,0,13188
19042,369,789.00,322.00,0,13196
19162,370,723.00,325.00,0,13205
19281,371,569.00,324.00,0,13213
19402,372,515.00,325.00,0,13222
19525,374,612.00,308.00,0,13231
19648,378,649.00,318.00,0,13239
19772,382,667.00,308.00,0,13248
19898,388,755.00,322.00,0,13256
20022,392,793.00,308.00,0,13265
20144,396,725.00,325.00,0,13274
20263,398,585.00,308.00,0,13282
20386,401,620.00,341.00,0,13291
20508,402,679.00,308.00,0,13299
20630,404,658.00,309.00,0,13307
20754,406,674.00,308.00,0,13317
20879,408,803.00,308.00,0,13325
21004,410,805.00,322.00,0,13334
21126,411,721.00,307.00,0,13342
21245,412,454.00,325.00,0,13350
21367,414,633.00,308.00,0,13360
21489,417,669.00,336.00,0,13368
21612,420,593.00,325.00,0,13376
21735,425,579.00,317.00,0,13385
21860,429,796.00,308.00,0,13393
21985,433,801.00,308.00,0,13403
22108,436,703.00,325.00,0,13411
22228,438,578.00,325.00,0,13419
22349,440,702.00,325.00,0,13428
22472,440,678.00,325.00,0,13436
22594,442,568.00,325.00,0,13445
22717,444,658.00,325.00,0,13454
22842,446,801.00,325.00,0,13462
22968,449,800.00,325.00,0,13471
23089,452,658.00,308.00,0,13479
23210,454,607.00,307.00,0,13488
23332,456,696.00,325.00,0,13497
23454,458,632.00,326.00,0,13505
23575,461,523.00,308.00,0,13514
23698,465,675.00,324.00,0,13522
23823,468,799.00,341.00,0,13531
23948,472,799.00,325.00,0,13540
24070,474,725.00,325.00,0,13548
24192,476,685.00,308.00,0,13556
24314,477,713.00,325.00,0,13565
24435,478,622.00,325.00,0,13574
24558,480,576.00,308.00,0,13583
24680,482,692.00,325.00,0,13591
24804,484,766.00,308.00,0,13599
24930,488,773.00,308.00,0,13608
25052,490,715.00,342.00,0,13617
25173,493,718.00,325.00,0,13625
25294,495,672.00,308.00,0,13634
25417,497,464.00,308.00,0,13642
25539,500,620.00,325.00,0,13651
25662,502,673.00,309.00,0,13660
25785,506,725.00,325.00,0,13668
25910,510,699.00,309.00,0,13677
26034,512,753.00,308.00,0,13685
26155,514,719.00,325.00,0,13693
26276,516,655.00,325.00,0,13703
26400,518,585.00,326.00,0,13711
26522,520,673.00,308.00,0,13720
26644,522,660.00,326.00,0,13728
26767,524,658.00,325.00,0,13736
26892,527,753.00,325.00,0,13746
27016,530,777.00,323.00,0,13754
27137,532,698.00,325.00,0,13762
27258,534,611.00,341.00,0,13771
27380,536,632.00,308.00,0,13779
27504,538,669.00,308.00,0,13789
27626,540,610.00,326.00,0,13797
27748,544,522.00,325.00,0,13805
27874,548,767.00,308.00,0,13814
27998,550,792.00,308.00,0,13822
28120,554,694.00,325.00,0,13832
28240,556,565.00,325.00,0,13840
28363,557,719.00,342.00,0,13848
28486,558,705.00,325.00,0,13857
28608,560,605.00,308.00,0,13865
28730,563,585.00,308.00,0,13874
28856,566,797.00,308.00,0,13883
28980,568,797.00,308.00,0,13891
29101,570,635.00,325.00,0,13900
29222,572,602.00,325.00,0,13908
29344,574,714.00,325.00,0,13917
29466,576,669.00,342.00,0,13926
29588,578,544.00,325.00,0,13934
29712,582,629.00,325.00,0,13942
29837,585,800.00,325.00,0,13952
29962,588,794.00,325.00,0,13960
30083,592,612.00,325.00,0,13969
30205,594,657.00,325.00,0,13977
30327,595,738.00,325.00,0,13985
30450,596,664.00,308.00,0,13995
30571,598,588.00,342.00,0,14003
30694,600,685.00,325.00,0,14011
30818,603,776.00,308.00,0,14020
30942,606,781.00,325.00,0,14028
31065,608,629.00,308.00,0,14038
31186,610,683.00,325.00,0,14046
31308,613,719.00,325.00,0,14054
31430,614,629.00,325.00,0,14063
31553,618,612.00,308.00,0,14071
31676,620,692.00,325.00,0,14081
31799,624,737.00,325.00,0,14089
31924,626,719.00,324.00,0,14097
32047,630,709.00,326.00,0,14106
32169,632,715.00,308.00,0,14114
32291,633,698.00,308.00,0,14123
32413,634,543.00,308.00,0,14132
32535,636,646.00,325.00,0,14140
32658,638,690.00,308.00,0,14149
32781,642,687.00,325.00,0,14157
32906,644,698.00,326.00,0,14166
33029,647,757.00,342.00,0,14175
33150,649,717.00,308.00,0,14183
33272,651,639.00,308.00,0,14191
33394,652,599.00,325.00,0,14200
33517,654,674.00,325.00,0,14209
33640,658,658.00,326.00,0,14218
33762,660,633.00,310.00,0,14226
33887,664,740.00,308.00,0,14234
34011,666,783.00,325.00,0,14243
34132,669,693.00,325.00,0,14252
34254,670,615.00,321.00,0,14260
34378,672,687.00,309.00,0,14269
34500,674,710.00,309.00,0,14277
34622,676,637.00,308.00,0,14286
34744,678,540.00,316.00,0,14295
34869,681,783.00,308.00,0,14303
34993,684,792.00,325.00,0,14312
35114,686,666.00,341.00,0,14320
35234,688,552.00,308.00,0,14328
35358,689,716.00,308.00,0,14338
35482,691,685.00,309.00,0,14346
35604,694,597.00,325.00,0,14355
35725,697,574.00,308.00,0,14363
35850,700,784.00,324.00,0,14371
35974,704,789.00,308.00,0,14381
36096,706,624.00,325.00,0,14389
36217,708,647.00,325.00,0,14398
36340,709,754.00,308.00,0,14406
36462,710,705.00,325.00,0,14414
36586,712,555.00,325.00,0,14424
36708,714,629.00,308.00,0,14432
36832,717,775.00,308.00,0,14440
36956,720,765.00,325.00,0,14449
37078,722,601.00,325.00,0,14457
37199,724,673.00,326.00,0,14467
37322,726,760.00,341.00,0,14475
37444,728,669.00,325.00,0,14483
37566,730,589.00,308.00,0,14492
37690,733,685.00,326.00,0,14500
37814,736,745.00,308.00,0,14509
37938,740,734.00,308.00,0,14518
38060,742,639.00,325.00,0,14526
38182,744,699.00,308.00,0,14535
38304,746,728.00,309.00,0,14543
38427,746,786.00,341.00,0,14552
38549,748,652.00,325.00,0,14561
38671,751,688.00,308.00,0,14569
38795,754,737.00,308.00,0,14577
38920,756,637.00,308.00,0,14586
39042,759,680.00,308.00,0,14595
39164,761,699.00,325.00,0,14604
39286,762,671.00,308.00,0,14612
39408,764,572.00,308.00,0,14620
39530,766,683.00,325.00,0,14629
39652,769,691.00,324.00,0,14638
39776,772,676.00,308.00,0,14647
39900,775,696.00,308.00,0,14655
40024,778,741.00,308.00,0,14663
40146,780,702.00,325.00,0,14672
40268,782,636.00,308.00,0,14681
40390,783,629.00,325.00,0,14689
40514,784,710.00,325.00,0,14698
40636,786,662.00,325.00,0,14706
40758,789,637.00,325.00,0,14715
40882,792,756.00,308.00,0,14724
41006,794,771.00,325.00,0,14732
41128,796,679.00,325.00,0,14741
41250,798,635.00,325.00,0,14749
41372,800,686.00,325.00,0,14757
41494,802,694.00,325.00,0,14767
41617,805,621.00,308.00,0,14775
41740,808,545.00,342.00,0,14784
41864,812,776.00,325.00,0,14792
41988,814,790.00,342.00,0,14800
42109,816,638.00,308.00,0,14810
42232,818,587.00,325.00,0,14818
42354,818,737.00,325.00,0,14826
42478,820,705.00,325.00,0,14835
42600,822,574.00,308.00,0,14843
42722,825,594.00,308.00,0,14853
42846,828,788.00,325.00,0,14861
42970,831,767.00,325.00,0,14869
43090,833,597.00,325.00,0,14878
43213,836,640.00,309.00,0,14886
43336,837,744.00,325.00,0,14896
43459,839,678.00,325.00,0,14904
43581,841,535.00,326.00,0,14912
43703,844,637.00,308.00,0,14921
43828,846,764.00,309.00,0,14929
43952,849,752.00,309.00,0,14938
44074,852,628.00,326.00,0,14947
44195,853,681.00,341.00,0,14955
44317,854,745.00,308.00,0,14964
44441,856,653.00,308.00,0,14972
44564,858,596.00,324.00,0,14981
44686,861,673.00,308.00,0,14990
44809,864,751.00,308.00,0,14998
44934,867,728.00,308.00,0,15006
45056,870,639.00,325.00,0,15015
45177,871,702.00,309.00,0,15024
45300,872,725.00,325.00,0,15033
45422,874,500.00,324.00,0,15041
45545,876,635.00,325.00,0,15049
45668,879,672.00,309.00,0,15058
45790,882,684.00,325.00,0,15067
45914,885,620.00,325.00,0,15075
46038,888,692.00,325.00,0,15084
46160,890,706.00,325.00,0,15092
46282,891,690.00,325.00,0,15101
46404,893,603.00,325.00,0,15110
46526,894,691.00,308.00,0,15118
46649,897,681.00,308.00,0,15127
46772,900,636.00,308.00,0,15135
46896,902,685.00,308.00,0,15143
47020,904,731.00,325.00,0,15153
47142,906,672.00,324.00,0,15161
47263,908,609.00,308.00,0,15170
47386,910,661.00,308.00,0,15178
47509,912,705.00,342.00,0,15186
47630,915,670.00,308.00,0,15196
47753,918,631.00,309.00,0,15204
47878,922,739.00,308.00,0,15213
48002,924,766.00,308.00,0,15221
48124,926,663.00,308.00,0,15229
48246,928,641.00,308.00,0,15239
48368,928,708.00,325.00,0,15247
48492,930,730.00,308.00,0,15255
48613,932,633.00,325.00,0,15264
48735,934,564.00,308.00,0,15272
48859,938,765.00,323.00,0,15282
48984,940,772.00,324.00,0,15290
49105,942,625.00,308.00,0,15298
49227,944,596.00,324.00,0,15307
49350,946,715.00,314.00,0,15315
49472,948,688.00,308.00,0,15324
49594,950,583.00,320.00,0,15333
49717,953,613.00,341.00,0,15341
49841,956,775.00,326.00,0,15350
49964,959,764.00,325.00,0,15358
50087,961,584.00,325.00,0,15367
50209,963,646.00,325.00,0,15376
50332,964,758.00,308.00,0,15384
50455,966,695.00,308.00,0,15392
50577,968,568.00,324.00,0,15401
50699,970,660.00,308.00,0,15410
50822,972,779.00,325.00,0,15419
50947,975,752.00,313.00,0,15427
51068,978,684.00,315.00,0,15435
51191,980,673.00,325.00,0,15444
51314,981,754.00,325.00,0,15453
51436,983,632.00,325.00,0,15462
51558,986,584.00,307.00,0,15470
51681,988,680.00,325.00,0,15478
51804,991,717.00,308.00,0,15488
51928,994,712.00,325.00,0,15496
52051,996,648.00,325.00,0,15504
52173,998,699.00,308.00,0,15513
52296,1000,715.00,324.00,0,15521
52422,1001,526.00,325.00,0,15531
52548,1003,658.00,325.00,0,15540
52674,1006,688.00,325.00,0,15548
52800,1008,729.00,325.00,0,15557
52928,1012,694.00,308.00,0,15566
53055,1014,633.00,308.00,0,15575
53180,1016,696.00,325.00,0,15584
53307,1018,731.00,325.00,0,15592
53433,1020,636.00,325.00,0,15601
53559,1022,583.00,308.00,0,15610
53686,1026,677.00,309.00,0,15619
53812,1028,756.00,308.00,0,15628
53940,1031,721.00,325.00,0,15637
54066,1033,590.00,308.00,0,15645
54192,1034,691.00,325.00,0,15654
54318,1036,750.00,315.00,0,15664
54445,1038,682.00,341.00,0,15672
54571,1040,616.00,342.00,0,15681
54696,1042,668.00,325.00,0,15689
54824,1046,765.00,308.00,0,15698
54952,1048,728.00,308.00,0,15708
55078,1050,570.00,325.00,0,15716
55204,1052,665.00,326.00,0,15725
55330,1054,728.00,309.00,0,15734
55456,1056,664.00,308.00,0,15742
55582,1058,532.00,308.00,0,15752
55708,1061,613.00,308.00,0,15761
55836,1064,762.00,325.00,0,15769
55963,1066,769.00,325.00,0,15778
56089,1068,592.00,308.00,0,15787
56214,1070,647.00,325.00,0,15796
56342,1072,760.00,342.00,0,15805
56468,1074,724.00,342.00,0,15813
56594,1076,568.00,325.00,0,15822
56720,1078,611.00,325.00,0,15832
56848,1081,765.00,325.00,0,15840
56976,1084,756.00,325.00,0,15849
57100,1086,589.00,325.00,0,15857
57226,1088,585.00,308.00,0,15866
57353,1090,719.00,308.00,0,15876
57480,1092,696.00,308.00,0,15884
57606,1094,602.00,323.00,0,15893
57732,1097,556.00,308.00,0,15902
57858,1100,755.00,308.00,0,15910
57987,1102,772.00,341.00,0,15920
58112,1104,631.00,308.00,0,15929
58238,1106,577.00,308.00,0,15937
58365,1108,732.00,326.00,0,15946
58492,1110,720.00,309.00,0,15954
58618,1112,634.00,325.00,0,15964
58744,1114,510.00,325.00,0,15973
58871,1116,738.00,325.00,0,15981
58998,1119,747.00,325.00,0,15990
59124,1121,635.00,324.00,0,16000
59250,1123,625.00,325.00,0,16008
59376,1126,687.00,325.00,0,16017
59504,1128,711.00,309.00,0,16026
59629,1130,659.00,309.00,0,16034
59754,1134,622.00,325.00,0,16044
59882,1136,726.00,308.00,0,16052
60010,1139,758.00,325.00,0,16061
60136,1140,694.00,342.00,0,16070
60261,1142,644.00,307.00,0,16078
60388,1143,654.00,308.00,0,16088
60514,1145,702.00,308.00,0,16097
60640,1147,655.00,325.00,0,16105
60766,1150,602.00,308.00,0,16114
60894,1153,680.00,319.00,0,16122
61021,1156,713.00,325.00,0,16132
61147,1158,672.00,308.00,0,16141
61273,1160,649.00,325.00,0,16149
61400,1162,603.00,325.00,0,16158
61526,1164,687.00,325.00,0,16167
61652,1166,691.00,308.00,0,16176
61778,1169,659.00,308.00,0,16185
61906,1172,654.00,325.00,0,16194
62033,1174,708.00,325.00,0,16202
62158,1176,703.00,325.00,0,16211
62285,1178,700.00,308.00,0,16220
62411,1180,572.00,325.00,0,16229
62538,1182,663.00,311.00,0,16238
62664,1184,671.00,325.00,0,16246
62790,1186,674.00,325.00,0,16256
62918,1188,585.00,309.00,0,16265
63044,1190,647.00,325.00,0,16273
63170,1192,696.00,325.00,0,16282
63296,1195,711.00,325.00,0,16291
63422,1198,503.00,325.00,0,16300
63549,1200,626.00,325.00,0,16309
63675,1203,689.00,326.00,0,16317
63801,1206,731.00,342.00,0,16326
63929,1208,696.00,325.00,0,16335
64056,1210,627.00,325.00,0,16344
64182,1211,677.00,310.00,0,16353
64308,1212,735.00,308.00,0,16362
64434,1214,649.00,308.00,0,16370
64561,1216,599.00,308.00,0,16379
64686,1220,666.00,325.00,0,16388
64814,1222,729.00,312.00,0,16397
64941,1225,716.00,309.00,0,16406
65067,1228,579.00,308.00,0,16414
65192,1230,673.00,325.00,0,16423
65319,1231,750.00,308.00,0,16433
65446,1233,669.00,325.00,0,16441
65572,1235,559.00,325.00,0,16450
65698,1238,655.00,325.00,0,16458
65826,1241,745.00,308.00,0,16467
65953,1244,739.00,325.00,0,16477
66079,1246,580.00,308.00,0,16485
66204,1248,648.00,325.00,0,16494
66332,1250,752.00,308.00,0,16503
66458,1252,710.00,325.00,0,16512
66584,1254,552.00,308.00,0,16521
66710,1256,627.00,325.00,0,16530
66838,1258,759.00,326.00,0,16538
66964,1260,737.00,308.00,0,16547
67089,1262,554.00,325.00,0,16556
67215,1264,632.00,308.00,0,16565
67342,1266,745.00,325.00,0,16574
67469,1269,699.00,326.00,0,16582
67595,1272,583.00,325.00,0,16591
67721,1276,611.00,325.00,0,16601
67848,1278,741.00,308.00,0,16609
67976,1280,766.00,325.00,0,16618
68102,1282,600.00,309.00,0,16627
68228,1282,607.00,326.00,0,16635
68354,1284,727.00,307.00,0,16645
68481,1286,713.00,325.00,0,16653
68607,1288,599.00,308.00,0,16662
68732,1291,550.00,309.00,0,16671
68860,1294,738.00,308.00,0,16679
68988,1298,751.00,309.00,0,16689
69112,1300,624.00,342.00,0,16698
69239,1302,572.00,341.00,0,16706
69365,1304,726.00,342.00,0,16715
69492,1306,703.00,308.00,0,16723
69618,1308,631.00,325.00,0,16733
69744,1310,493.00,320.00,0,16742
69872,1312,722.00,325.00,0,16750
69999,1315,750.00,325.00,0,16759
70124,1318,655.00,325.00,0,16769
70250,1320,623.00,341.00,0,16777
70378,1322,700.00,325.00,0,16786
70504,1324,729.00,324.00,0,16795
70629,1326,665.00,325.00,0,16803
70755,1328,614.00,309.00,0,16813
70884,1330,707.00,325.00,0,16821
71010,1333,722.00,325.00,0,16830
71136,1335,657.00,325.00,0,16839
71262,1337,622.00,308.00,0,16847
71389,1340,641.00,308.00,0,16857
71515,1342,697.00,325.00,0,16866
71641,1344,656.00,309.00,0,16874
71767,1348,598.00,308.00,0,16883
71896,1350,662.00,308.00,0,16892
72022,1352,711.00,325.00,0,16901
72148,1353,688.00,308.00,0,16910
72274,1355,655.00,324.00,0,16918
72400,1357,617.00,308.00,0,16927
72526,1360,693.00,308.00,0,16936
72652,1362,678.00,325.00,0,16945
72778,1364,645.00,342.00,0,16954
72906,1366,634.00,341.00,0,16963
73034,1368,664.00,308.00,0,16971
73158,1370,680.00,308.00,0,16980
73285,1372,666.00,308.00,0,16989
73411,1376,549.00,325.00,0,16998
73538,1378,646.00,326.00,0,17007
73664,1382,686.00,325.00,0,17015
73790,1384,682.00,325.00,0,17025
73918,1387,578.00,308.00,0,17034
74045,1388,642.00,308.00,0,17042
74171,1390,688.00,308.00,0,17051
74296,1391,724.00,325.00,0,17060
74424,1393,524.00,324.00,0,17069
74550,1395,636.00,325.00,0,17078
74676,1398,677.00,342.00,0,17086
74802,1401,712.00,325.00,0,17095
74930,1404,694.00,325.00,0,17104
75056,1406,596.00,325.00,0,17113
75182,1409,676.00,325.00,0,17122
75308,1411,731.00,317.00,0,17131
75434,1412,642.00,325.00,0,17139
75561,1414,587.00,325.00,0,17148
75687,1417,647.00,325.00,0,17158
75814,1420,722.00,308.00,0,17166
75942,1422,702.00,325.00,0,17175
76067,1424,552.00,310.00,0,17183
76193,1427,667.00,308.00,0,17192
76320,1429,764.00,325.00,0,17202
76447,1431,689.00,341.00,0,17210
76573,1433,585.00,342.00,0,17219
76698,1435,642.00,308.00,0,17228
76826,1438,745.00,308.00,0,17236
76954,1440,707.00,325.00,0,17246
77079,1442,549.00,325.00,0,17254
77205,1444,631.00,325.00,0,17263
77332,1447,726.00,326.00,0,17272
77458,1450,671.00,309.00,0,17281
77584,1452,548.00,308.00,0,17290
77710,1455,610.00,308.00,0,17299
77838,1457,740.00,326.00,0,17307
77965,1460,743.00,308.00,0,17316
78090,1462,578.00,325.00,0,17326
78216,1464,629.00,324.00,0,17334
78344,1465,740.00,325.00,0,17343
78470,1467,703.00,309.00,0,17351
78596,1470,581.00,325.00,0,17360
78721,1472,566.00,308.00,0,17370
78850,1474,737.00,308.00,0,17378
78976,1477,723.00,325.00,0,17387
79102,1479,565.00,324.00,0,17396
79228,1481,579.00,325.00,0,17404
79356,1484,719.00,325.00,0,17414
79481,1486,692.00,308.00,0,17422
79608,1488,593.00,309.00,0,17431
79734,1490,540.00,308.00,0,17440
79860,1493,737.00,325.00,0,17448
79988,1495,749.00,325.00,0,17458
80114,1498,642.00,325.00,0,17467
80239,1500,554.00,339.00,0,17475
80367,1501,726.00,325.00,0,17484
80493,1504,708.00,325.00,0,17494
80619,1506,617.00,307.00,0,17502
80744,1508,488.00,325.00,0,17511
80872,1510,709.00,307.00,0,17519
81000,1512,717.00,325.00,0,17528
81125,1515,616.00,308.00,0,17538
81251,1517,613.00,325.00,0,17546
81378,1520,672.00,325.00,0,17555
81504,1522,710.00,325.00,0,17564
81630,1525,654.00,308.00,0,17572
81756,1528,607.00,325.00,0,17582
81884,1530,692.00,328.00,0,17590
82011,1532,721.00,308.00,0,17599
82136,1534,650.00,325.00,0,17608
82262,1536,612.00,325.00,0,17616
82390,1538,635.00,308.00,0,17626
82516,1540,702.00,325.00,0,17635
82642,1542,645.00,325.00,0,17643
82768,1545,595.00,308.00,0,17652
82896,1547,620.00,308.00,0,17661
83022,1549,684.00,308.00,0,17670
83148,1552,650.00,325.00,0,17679
83274,1554,641.00,325.00,0,17687
83400,1556,585.00,309.00,0,17696
83527,1559,676.00,325.00,0,17705
83653,1562,690.00,325.00,0,17714
83780,1565,637.00,308.00,0,17723
83908,1567,614.00,325.00,0,17732
84034,1569,663.00,308.00,0,17740
84160,1570,685.00,325.00,0,17750
84286,1572,685.00,325.00,0,17759
84413,1574,536.00,325.00,0,17767
84539,1576,649.00,325.00,0,17776
84665,1578,646.00,325.00,0,17784
84792,1581,653.00,325.00,0,17794
84919,1584,561.00,301.00,0,17803
85046,1587,625.00,308.00,0,17811
85171,1590,678.00,311.00,0,17820
85297,1592,708.00,325.00,0,17829
85424,1594,489.00,325.00,0,17838
85550,1596,610.00,325.00,0,17847
85676,1598,674.00,325.00,0,17855
85804,1600,704.00,326.00,0,17864
85931,1603,656.00,325.00,0,17873
86058,1606,594.00,325.00,0,17882
86183,1608,661.00,325.00,0,17891
86310,1610,729.00,325.00,0,17900
86436,1612,641.00,308.00,0,17908
86562,1614,575.00,325.00,0,17917
86688,1616,647.00,325.00,0,17927
86816,1618,715.00,308.00,0,17935
86942,1620,684.00,308.00,0,17944
87068,1623,677.00,308.00,0,17952
87194,1626,646.00,308.00,0,17961
87322,1628,750.00,342.00,0,17971
87448,1632,674.00,342.00,0,17979
87574,1634,540.00,325.00,0,17988
87700,1636,623.00,325.00,0,17997
87827,1638,719.00,308.00,0,18006
87954,1640,693.00,325.00,0,18015
88080,1642,528.00,325.00,0,18024
88206,1644,618.00,326.00,0,18032
88333,1646,734.00,325.00,0,18041
88460,1648,681.00,309.00,0,18050
88586,1652,550.00,325.00,0,18059
88711,1654,596.00,326.00,0,18068
88838,1657,736.00,308.00,0,18076
88966,1659,716.00,308.00,0,18085
89090,1660,524.00,309.00,0,18095
89217,1662,610.00,325.00,0,18103
89344,1664,721.00,325.00,0,18112
89471,1667,680.00,325.00,0,18120
89597,1670,567.00,325.00,0,18129
89722,1674,554.00,324.00,0,18139
89850,1676,719.00,308.00,0,18147
89978,1680,727.00,325.00,0,18156
90103,1682,590.00,325.00,0,18165
90230,1683,571.00,325.00,0,18173
90356,1684,709.00,308.00,0,18183
90483,1686,691.00,308.00,0,18192
90608,1689,586.00,308.00,0,18200
90734,1691,513.00,314.00,0,18209
90862,1694,726.00,325.00,0,18217
90988,1696,726.00,325.00,0,18227
91114,1700,603.00,325.00,0,18236
91240,1702,530.00,325.00,0,18244
91368,1704,689.00,320.00,0,18253
91494,1707,691.00,325.00,0,18263
91620,1710,617.00,325.00,0,18271
91746,1712,468.00,325.00,0,18280
91874,1714,689.00,308.00,0,18289
92000,1716,702.00,324.00,0,18297
92126,1718,620.00,308.00,0,18307
92252,1720,601.00,324.00,0,18315
92379,1724,662.00,314.00,0,18324
92506,1726,704.00,308.00,0,18333
92632,1728,636.00,309.00,0,18341
92757,1730,581.00,325.00,0,18351
92885,1732,678.00,341.00,0,18360
93012,1734,674.00,325.00,0,18368
93137,1736,617.00,308.00,0,18377
93263,1738,604.00,325.00,0,18385
93390,1741,604.00,325.00,0,18395
93517,1744,677.00,325.00,0,18404
93644,1748,634.00,325.00,0,18412
93769,1750,577.00,308.00,0,18421
93897,1753,628.00,308.00,0,18430
94024,1755,672.00,320.00,0,18439
94149,1757,655.00,326.00,0,18448
94275,1759,640.00,309.00,0,18457
94402,1761,577.00,308.00,0,18465
94528,1764,674.00,325.00,0,18475
94654,1766,646.00,325.00,0,18483
94780,1769,624.00,324.00,0,18492
94908,1772,583.00,325.00,0,18501
95035,1774,633.00,325.00,0,18509
95160,1776,646.00,325.00,0,18519
95287,1778,657.00,308.00,0,18528
95414,1780,521.00,308.00,0,18536
95540,1783,613.00,325.00,0,18545
95666,1786,647.00,310.00,0,18553
95792,1789,656.00,308.00,0,18563
95920,1792,529.00,308.00,0,18572
96046,1794,620.00,325.00,0,18580
96172,1796,660.00,308.00,0,18589
96299,1798,696.00,325.00,0,18598
96425,1800,484.00,325.00,0,18607
96552,1802,616.00,341.00,0,18616
96678,1804,636.00,309.00,0,18625
96804,1808,682.00,308.00,0,18633
96932,1811,656.00,308.00,0,18642
97058,1814,546.00,308.00,0,18651
97184,1816,635.00,325.00,0,18660
97310,1818,704.00,325.00,0,18669
97437,1820,617.00,326.00,0,18677
97563,1822,636.00,308.00,0,18686
97689,1824,623.00,325.00,0,18696
97816,1828,683.00,325.00,0,18704
97943,1830,672.00,308.00,0,18713
98069,1834,646.00,325.00,0,18721
98196,1836,647.00,325.00,0,18731
98322,1838,725.00,325.00,0,18740
98448,1840,650.00,309.00,0,18748
98575,1842,532.00,308.00,0,18757
98700,1844,593.00,325.00,0,18766
98828,1846,715.00,326.00,0,18775
98956,1849,671.00,308.00,0,18784
99080,1851,509.00,323.00,0,18793
99206,1854,598.00,308.00,0,18801
99334,1856,716.00,308.00,0,18810
99460,1858,656.00,325.00,0,18819
99586,1860,517.00,308.00,0,18828
99712,1863,581.00,325.00,0,18837
99839,1866,728.00,325.00,0,18845
99966,1868,698.00,325.00,0,18854
100092,1871,533.00,325.00,0,18864
100222,1874,561.00,325.00,0,18873
100353,1876,709.00,325.00,0,18882
100484,1878,684.00,308.00,0,18891
100612,1880,575.00,308.00,0,18899
100742,1882,475.00,308.00,0,18909
100874,1885,667.00,326.00,0,18918
101004,1888,693.00,308.00,0,18927
101132,1890,606.00,325.00,0,18936
101264,1893,606.00,308.00,0,18946
101394,1895,573.00,325.00,0,18955
101524,1898,650.00,325.00,0,18964
101653,1900,645.00,308.00,0,18973
101784,1902,607.00,325.00,0,18981
101915,1906,531.00,308.00,0,18991
102046,1908,600.00,309.00,0,19000
102174,1910,663.00,324.00,0,19009
102305,1913,701.00,326.00,0,19018
102435,1916,611.00,308.00,0,19027
102566,1918,543.00,308.00,0,19037
102694,1920,610.00,342.00,0,19046
102826,1922,699.00,322.00,0,19054
102956,1924,670.00,325.00,0,19063
103086,1927,504.00,325.00,0,19073
103215,1930,576.00,325.00,0,19082
103346,1932,701.00,312.00,0,19091
103477,1935,656.00,308.00,0,19100
103606,1938,565.00,325.00,0,19109
103735,1940,498.00,341.00,0,19119
103867,1943,671.00,308.00,0,19128
103998,1946,706.00,325.00,0,19136
104128,1948,605.00,325.00,0,19145
104257,1950,575.00,308.00,0,19154
104388,1952,612.00,325.00,0,19164
104518,1954,669.00,325.00,0,19173
104648,1956,605.00,326.00,0,19182
104776,1958,566.00,308.00,0,19191
104908,1960,562.00,325.00,0,19201
105038,1962,590.00,325.00,0,19210
105140,1966,826.00,375.00,0,19218
105142,1968,827.00,442.00,0,19227
105055,1968,827.00,493.00,0,19236
104943,1969,822.00,493.00,0,19246
104825,1967,810.00,493.00,0,19255
104701,1967,813.00,493.00,0,19264
104571,1966,814.00,493.00,0,19273
104435,1965,761.00,493.00,0,19282
104299,1965,702.00,511.00,0,19292
104170,1964,779.00,493.00,0,19300
104038,1963,783.00,492.00,0,19309
103907,1961,808.00,509.00,0,19318
103777,1959,779.00,510.00,0,19328
103649,1957,777.00,493.00,0,19337
103519,1954,787.00,476.00,0,19346
103387,1952,791.00,509.00,0,19355
103258,1950,797.00,493.00,0,19364
103130,1948,786.00,493.00,0,19374
103001,1946,784.00,509.00,0,19382
102870,1943,797.00,509.00,0,19391
102741,1941,792.00,493.00,0,19400
102613,1938,794.00,509.00,0,19409
102483,1935,787.00,508.00,0,19419
102351,1932,789.00,493.00,0,19428
102222,1929,812.00,493.00,0,19437
102093,1928,796.00,492.00,0,19446
101963,1926,792.00,509.00,0,19456
101833,1925,792.00,509.00,0,19464
101706,1922,805.00,493.00,0,19473
101576,1919,815.00,493.00,0,19482
101445,1915,796.00,509.00,0,19491
101314,1911,791.00,493.00,0,19501
101185,1908,800.00,493.00,0,19510
101053,1905,800.00,510.00,0,19519
100921,1904,803.00,510.00,0,19528
100791,1903,785.00,476.00,0,19536
100661,1901,795.00,493.00,0,19546
100532,1899,804.00,493.00,0,19555
100402,1896,801.00,509.00,0,19564
100273,1892,804.00,492.00,0,19573
100146,1889,801.00,476.00,0,19582
100017,1885,805.00,510.00,0,19592
99886,1884,814.00,493.00,0,19600
99759,1883,803.00,493.00,0,19609
99635,1881,803.00,493.00,0,19618
99507,1879,802.00,509.00,0,19627
99379,1876,798.00,509.00,0,19636
99254,1872,812.00,510.00,0,19645
99128,1868,798.00,495.00,0,19653
99000,1865,791.00,493.00,0,19662
98871,1863,808.00,510.00,0,19672
98744,1861,797.00,509.00,0,19680
98618,1861,797.00,493.00,0,19689
98491,1859,793.00,493.00,0,19697
98364,1855,790.00,493.00,0,19706
98239,1851,823.00,510.00,0,19716
98115,1847,807.00,507.00,0,19724
97989,1844,802.00,509.00,0,19733
97862,1842,806.00,493.00,0,19742
97737,1841,807.00,493.00,0,19750
97611,1840,808.00,509.00,0,19760
97483,1838,792.00,510.00,0,19768
97356,1835,791.00,509.00,0,19777
97230,1831,827.00,493.00,0,19786
97103,1827,798.00,476.00,0,19794
96976,1824,795.00,492.00,0,19804
96848,1821,794.00,507.00,0,19813
96722,1820,802.00,509.00,0,19821
96595,1819,799.00,493.00,0,19830
96467,1816,787.00,493.00,0,19840
96340,1813,789.00,509.00,0,19848
96215,1810,815.00,493.00,0,19857
96090,1807,806.00,509.00,0,19865
95964,1805,798.00,509.00,0,19874
95838,1803,799.00,509.00,0,19884
95714,1801,811.00,509.00,0,19892
95587,1799,817.00,492.00,0,19901
95461,1796,791.00,493.00,0,19910
95333,1793,798.00,492.00,0,19918
95207,1790,816.00,493.00,0,19928
95080,1787,805.00,509.00,0,19937
94951,1784,793.00,493.00,0,19945
94823,1781,790.00,493.00,0,19954
94699,1779,798.00,509.00,0,19962
94571,1777,815.00,509.00,0,19972
94443,1774,784.00,493.00,0,19981
94317,1771,790.00,493.00,0,19989
94192,1769,809.00,499.00,0,19998
94067,1767,808.00,511.00,0,20007
93941,1765,804.00,492.00,0,20016
93816,1763,801.00,510.00,0,20025
93691,1760,810.00,509.00,0,20033
93567,1757,826.00,509.00,0,20042
93438,1755,798.00,492.00,0,20051
93309,1753,790.00,476.00,0,20060
93184,1750,806.00,493.00,0,20069
93057,1748,807.00,493.00,0,20078
92929,1745,803.00,492.00,0,20086
92801,1743,795.00,509.00,0,20096
92677,1740,803.00,509.00,0,20105
92551,1737,816.00,509.00,0,20113
92423,1735,798.00,508.00,0,20122
92296,1733,793.00,493.00,0,20130
92171,1731,800.00,493.00,0,20140
92046,1729,808.00,509.00,0,20149
91921,1727,812.00,509.00,0,20157
91795,1725,804.00,510.00,0,20166
91671,1722,810.00,494.00,0,20175
91545,1719,826.00,510.00,0,20184
91416,1717,816.00,493.00,0,20193
91288,1714,805.00,509.00,0,20201
91161,1711,802.00,493.00,0,20210
91034,1710,800.00,493.00,0,20219
90906,1708,820.00,493.00,0,20228
90779,1706,796.00,493.00,0,20237
90655,1703,801.00,493.00,0,20246
90529,1701,813.00,509.00,0,20254
90401,1697,806.00,509.00,0,20263
90275,1694,809.00,510.00,0,20273
90150,1691,805.00,509.00,0,20281
90024,1689,804.00,510.00,0,20290
89897,1688,826.00,509.00,0,20298
89771,1687,803.00,509.00,0,20307
89647,1685,808.00,493.00,0,20317
89521,1683,811.00,493.00,0,20325
89393,1681,812.00,494.00,0,20334
89266,1677,813.00,493.00,0,20343
89141,1674,803.00,493.00,0,20352
89013,1671,799.00,493.00,0,20361
88885,1669,813.00,493.00,0,20370
88759,1667,803.00,509.00,0,20378
88633,1665,798.00,510.00,0,20387
88505,1663,799.00,493.00,0,20396
88379,1662,794.00,493.00,0,20405
88253,1659,819.00,510.00,0,20414
88129,1657,806.00,493.00,0,20422
88004,1653,809.00,509.00,0,20431
87878,1651,823.00,493.00,0,20441
87753,1649,814.00,509.00,0,20449
87627,1647,812.00,509.00,0,20458
87500,1645,801.00,475.00,0,20466
87371,1643,807.00,509.00,0,20475
87244,1641,821.00,509.00,0,20485
87117,1639,810.00,509.00,0,20493
86990,1635,801.00,492.00,0,20502
86862,1633,803.00,493.00,0,20511
86737,1629,810.00,492.00,0,20519
86611,1627,811.00,493.00,0,20529
86483,1626,797.00,492.00,0,20538
86356,1625,799.00,492.00,0,20546
86231,1623,826.00,492.00,0,20555
86107,1621,814.00,493.00,0,20563
85982,1619,807.00,493.00,0,20573
85857,1616,817.00,493.00,0,20582
85732,1613,820.00,493.00,0,20590
85607,1611,823.00,509.00,0,20599
85479,1608,807.00,476.00,0,20609
85349,1605,801.00,502.00,0,20617
85222,1603,826.00,493.00,0,20626
85095,1601,806.00,493.00,0,20634
84965,1599,800.00,508.00,0,20643
84838,1597,799.00,509.00,0,20653
84713,1595,808.00,509.00,0,20661
84587,1592,821.00,509.00,0,20670
84461,1589,796.00,493.00,0,20679
84333,1586,796.00,476.00,0,20687
84208,1583,824.00,493.00,0,20697
84083,1581,812.00,493.00,0,20706
83957,1580,811.00,493.00,0,20714
83831,1579,810.00,493.00,0,20723
83707,1577,820.00,493.00,0,20731
83582,1576,826.00,493.00,0,20741
83455,1573,818.00,510.00,0,20750
83327,1570,814.00,508.00,0,20758
83201,1566,825.00,509.00,0,20767
83074,1563,814.00,493.00,0,20776
82945,1560,800.00,493.00,0,20785
82817,1559,799.00,510.00,0,20794
82690,1557,800.00,510.00,0,20803
82564,1557,823.00,492.00,0,20811
82436,1555,803.00,475.00,0,20820
82309,1553,807.00,493.00,0,20829
82187,1551,817.00,475.00,0,20838
82065,1547,819.00,478.00,0,20847
81939,1544,823.00,493.00,0,20855
81813,1541,816.00,493.00,0,20865
81689,1539,816.00,475.00,0,20874
81563,1537,826.00,491.00,0,20882
81433,1537,806.00,509.00,0,20891
81305,1535,803.00,493.00,0,20899
81178,1533,811.00,493.00,0,20909
81051,1529,810.00,509.00,0,20918
80923,1527,810.00,493.00,0,20926
80796,1523,799.00,492.00,0,20935
80671,1521,804.00,493.00,0,20944
80545,1518,816.00,509.00,0,20953
80415,1517,814.00,493.00,0,20962
80289,1515,805.00,493.00,0,20971
80165,1513,812.00,492.00,0,20979
80040,1511,815.00,493.00,0,20988
79914,1509,826.00,485.00,0,20997
79789,1507,817.00,509.00,0,21006
79666,1505,821.00,493.00,0,21015
79540,1502,826.00,493.00,0,21023
79412,1499,821.00,509.00,0,21032
79283,1497,806.00,493.00,0,21042
79156,1493,808.00,493.00,0,21050
79028,1491,802.00,509.00,0,21059
78899,1488,814.00,493.00,0,21068
78771,1486,799.00,492.00,0,21076
78645,1485,805.00,510.00,0,21086
78517,1483,807.00,503.00,0,21094
78390,1481,799.00,492.00,0,21103
78265,1479,812.00,492.00,0,21112
78142,1477,811.00,494.00,0,21121
78017,1475,817.00,493.00,0,21130
77893,1473,825.00,492.00,0,21139
77768,1471,820.00,493.00,0,21147
77645,1469,822.00,510.00,0,21156
77517,1467,827.00,492.00,0,21165
77389,1464,817.00,509.00,0,21174
77261,1461,817.00,493.00,0,21183
77133,1459,809.00,509.00,0,21191
77005,1456,800.00,493.00,0,21200
76875,1454,807.00,510.00,0,21210
76749,1452,810.00,509.00,0,21218
76624,1450,806.00,510.00,0,21227
76496,1449,801.00,509.00,0,21236
76369,1447,801.00,493.00,0,21244
76244,1444,825.00,492.00,0,21254
76119,1441,811.00,493.00,0,21262
75994,1439,815.00,509.00,0,21271
75868,1437,821.00,509.00,0,21280
75743,1435,817.00,493.00,0,21288
75619,1433,823.00,493.00,0,21298
75492,1431,816.00,509.00,0,21307
75363,1429,809.00,509.00,0,21315
75236,1427,826.00,509.00,0,21324
75110,1425,806.00,493.00,0,21332
74982,1421,804.00,509.00,0,21342
74854,1419,806.00,507.00,0,21351
74727,1415,816.00,492.00,0,21359
74602,1413,816.00,492.00,0,21368
74474,1411,795.00,510.00,0,21378
74345,1409,796.00,493.00,0,21386
74220,1408,826.00,493.00,0,21395
74095,1406,808.00,493.00,0,21404
73969,1405,806.00,475.00,0,21412
73845,1403,814.00,493.00,0,21422
73721,1401,821.00,493.00,0,21430
73597,1399,826.00,493.00,0,21439
73469,1395,816.00,510.00,0,21448
73341,1393,810.00,509.00,0,21456
73215,1389,825.00,493.00,0,21466
73087,1387,808.00,493.00,0,21475
72957,1385,799.00,492.00,0,21483
72829,1383,796.00,492.00,0,21492
72703,1382,808.00,493.00,0,21501
72577,1381,826.00,509.00,0,21510
72451,1379,806.00,509.00,0,21519
72325,1377,809.00,509.00,0,21527
72201,1373,826.00,493.00,0,21536
72076,1371,820.00,493.00,0,21545
71951,1367,819.00,493.00,0,21554
71825,1365,815.00,493.00,0,21563
71701,1363,821.00,492.00,0,21572
71574,1361,826.00,509.00,0,21580
71445,1360,807.00,493.00,0,21590
71316,1359,801.00,508.00,0,21598
71189,1356,811.00,475.00,0,21607
71063,1353,814.00,476.00,0,21616
70935,1351,815.00,509.00,0,21624
70807,1347,801.00,493.00,0,21634
70683,1345,812.00,511.00,0,21643
70557,1342,825.00,493.00,0,21651
70428,1339,803.00,509.00,0,21660
70301,1338,803.00,493.00,0,21669
70175,1337,812.00,509.00,0,21678
70050,1335,815.00,510.00,0,21687
69923,1333,823.00,493.00,0,21695
69799,1331,813.00,493.00,0,21704
69676,1330,818.00,493.00,0,21713
69551,1328,826.00,510.00,0,21722
69423,1325,821.00,509.00,0,21731
69297,1323,814.00,493.00,0,21740
69170,1319,818.00,510.00,0,21748
69042,1317,815.00,493.00,0,21757
68913,1314,826.00,510.00,0,21767
68786,1312,801.00,493.00,0,21775
68660,1311,809.00,509.00,0,21784
68533,1309,817.00,509.00,0,21792
68405,1307,809.00,509.00,0,21801
68278,1305,813.00,510.00,0,21811
68154,1302,813.00,493.00,0,21819
68028,1299,814.00,507.00,0,21828
67902,1297,826.00,493.00,0,21837
67777,1295,818.00,509.00,0,21846
67654,1294,816.00,494.00,0,21855
67528,1293,826.00,509.00,0,21863
67400,1291,819.00,493.00,0,21872
67272,1288,823.00,492.00,0,21881
67146,1285,809.00,493.00,0,21890
67017,1281,807.00,493.00,0,21899
66889,1278,823.00,509.00,0,21908
66763,1276,805.00,492.00,0,21916
66637,1275,811.00,493.00,0,21925
66509,1275,807.00,493.00,0,21935
66381,1273,808.00,493.00,0,21943
66256,1271,824.00,493.00,0,21952
66132,1269,813.00,493.00,0,21960
66007,1265,815.00,496.00,0,21969
65881,1261,826.00,510.00,0,21979
65756,1259,819.00,493.00,0,21987
65631,1257,821.00,493.00,0,21996
65503,1255,815.00,509.00,0,22005
65373,1254,803.00,509.00,0,22013
65246,1253,823.00,509.00,0,22023
65119,1251,804.00,493.00,0,22031
64991,1247,806.00,509.00,0,22040
64864,1245,809.00,493.00,0,22049
64739,1242,821.00,493.00,0,22057
64615,1239,817.00,493.00,0,22067
64487,1237,806.00,493.00,0,22076
64359,1235,799.00,509.00,0,22084
64233,1233,827.00,501.00,0,22093
64109,1232,808.00,493.00,0,22103
63981,1230,805.00,475.00,0,22111
63856,1229,816.00,493.00,0,22120
63733,1227,822.00,496.00,0,22128
63608,1225,825.00,493.00,0,22137
63482,1223,815.00,493.00,0,22147
63353,1221,814.00,492.00,0,22155
63227,1217,826.00,493.00,0,22164
63100,1215,815.00,509.00,0,22173
62971,1211,805.00,493.00,0,22181
62843,1209,806.00,510.00,0,22191
62717,1207,815.00,509.00,0,22199
62591,1205,821.00,509.00,0,22208
62463,1204,805.00,509.00,0,22217
62335,1203,799.00,476.00,0,22225
62209,1201,823.00,493.00,0,22235
62085,1198,817.00,494.00,0,22244
61959,1195,812.00,476.00,0,22252
61834,1193,814.00,476.00,0,22261
61710,1191,825.00,493.00,0,22270
61585,1189,825.00,475.00,0,22279
61458,1187,814.00,476.00,0,22288
61329,1185,813.00,493.00,0,22296
61201,1181,821.00,492.00,0,22305
61074,1179,810.00,510.00,0,22315
60945,1176,804.00,493.00,0,22323
60819,1175,800.00,510.00,0,22332
60693,1173,810.00,493.00,0,22341
60568,1173,826.00,509.00,0,22349
60441,1171,808.00,493.00,0,22359
60313,1169,807.00,476.00,0,22368
60190,1166,825.00,493.00,0,22376
60065,1163,822.00,476.00,0,22385
59939,1160,822.00,476.00,0,22393
59813,1157,817.00,475.00,0,22403
59689,1155,821.00,476.00,0,22412
59563,1155,825.00,476.00,0,22420
59433,1153,815.00,509.00,0,22429
59305,1151,807.00,493.00,0,22438
59179,1149,817.00,509.00,0,22447
59051,1145,813.00,509.00,0,22456
58923,1143,814.00,493.00,0,22464
58797,1140,806.00,493.00,0,22473
58673,1139,813.00,492.00,0,22482
58547,1137,826.00,493.00,0,22491
58419,1136,811.00,476.00,0,22500
58292,1135,812.00,493.00,0,22509
58167,1132,817.00,475.00,0,22517
58041,1129,820.00,492.00,0,22526
57915,1127,826.00,493.00,0,22536
57789,1123,814.00,493.00,0,22544
57665,1121,820.00,493.00,0,22553
57539,1119,826.00,494.00,0,22561
57409,1118,817.00,509.00,0,22571
57281,1116,805.00,493.00,0,22580
57154,1114,807.00,510.00,0,22588
57027,1112,805.00,509.00,0,22597
56899,1109,826.00,493.00,0,22606
56774,1107,806.00,492.00,0,22615
56651,1105,812.00,493.00,0,22624
56525,1104,822.00,510.00,0,22633
56398,1101,816.00,475.00,0,22641
56271,1099,818.00,476.00,0,22650
56145,1096,815.00,493.00,0,22659
56019,1093,815.00,492.00,0,22668
55891,1091,826.00,493.00,0,22677
55765,1089,817.00,509.00,0,22685
55640,1089,817.00,493.00,0,22694
55513,1087,820.00,493.00,0,22704
55383,1085,809.00,493.00,0,22712
55257,1083,823.00,493.00,0,22721
55131,1079,808.00,509.00,0,22729
55003,1075,802.00,493.00,0,22738
54876,1073,815.00,476.00,0,22748
54751,1069,809.00,476.00,0,22756
54627,1068,816.00,493.00,0,22765
54499,1067,812.00,493.00,0,22774
54371,1065,808.00,509.00,0,22782
54244,1063,826.00,493.00,0,22792
54118,1061,808.00,493.00,0,22801
53991,1059,809.00,493.00,0,22809
53866,1057,824.00,509.00,0,22818
53742,1055,818.00,493.00,0,22827
53619,1053,824.00,502.00,0,22836
53491,1051,825.00,509.00,0,22845
53363,1049,811.00,493.00,0,22853
53236,1047,826.00,509.00,0,22862
53110,1043,808.00,493.00,0,22872
52982,1040,803.00,509.00,0,22880
52854,1037,809.00,493.00,0,22889
52729,1035,821.00,493.00,0,22897
52604,1035,823.00,493.00,0,22906
52477,1033,812.00,493.00,0,22916
52349,1033,810.00,509.00,0,22924
52223,1031,826.00,509.00,0,22933
52098,1029,816.00,493.00,0,22942
51972,1025,818.00,492.00,0,22950
51847,1023,822.00,493.00,0,22960
51723,1021,826.00,493.00,0,22969
51599,1020,826.00,510.00,0,22977
51472,1018,819.00,493.00,0,22986
51343,1016,813.00,492.00,0,22994
51216,1013,826.00,509.00,0,23004
51088,1009,813.00,493.00,0,23013
50959,1006,810.00,493.00,0,23021
50831,1003,807.00,493.00,0,23030
50705,1002,816.00,493.00,0,23040
50579,1001,826.00,510.00,0,23048
50452,1000,810.00,509.00,0,23057
50324,999,806.00,509.00,0,23065
50203,997,826.00,493.00,0,23074
50081,993,818.00,509.00,0,23083
49959,991,816.00,493.00,0,23091
49839,987,818.00,509.00,0,23100
49718,985,825.00,508.00,0,23108
49597,984,826.00,493.00,0,23117
49473,983,822.00,510.00,0,23126
49347,981,811.00,493.00,0,23134
49223,979,826.00,493.00,0,23143
49100,977,809.00,493.00,0,23151
48975,973,804.00,493.00,0,23159
48851,971,812.00,494.00,0,23169
48732,969,819.00,509.00,0,23177
48611,967,824.00,510.00,0,23186
48487,967,810.00,493.00,0,23194
48363,965,809.00,493.00,0,23202
48241,963,826.00,494.00,0,23212
48119,961,816.00,493.00,0,23220
47998,959,819.00,509.00,0,23228
47875,955,825.00,476.00,0,23237
47755,953,824.00,510.00,0,23245
47634,952,822.00,492.00,0,23255
47511,950,826.00,508.00,0,23263
47385,949,815.00,509.00,0,23271
47261,946,823.00,510.00,0,23280
47137,943,811.00,509.00,0,23288
47012,941,804.00,510.00,0,23298
46889,938,826.00,509.00,0,23306
46767,937,814.00,493.00,0,23314
46647,935,820.00,493.00,0,23323
46525,935,823.00,493.00,0,23331
46402,934,823.00,509.00,0,23340
46279,933,825.00,509.00,0,23349
46159,930,822.00,510.00,0,23357
46037,927,824.00,494.00,0,23366
45915,925,826.00,492.00,0,23374
45795,921,823.00,509.00,0,23383
45674,919,827.00,493.00,0,23392
45552,917,826.00,493.00,0,23400
45425,915,822.00,509.00,0,23408
45299,913,809.00,493.00,0,23417
45175,911,810.00,509.00,0,23426
45050,909,808.00,509.00,0,23435
44924,906,812.00,492.00,0,23443
44801,904,811.00,510.00,0,23451
44681,902,817.00,493.00,0,23460
44560,901,827.00,509.00,0,23469
44435,899,815.00,510.00,0,23477
44313,897,804.00,476.00,0,23486
44191,895,823.00,509.00,0,23494
44069,891,819.00,510.00,0,23503
43945,888,814.00,493.00,0,23512
43824,885,818.00,509.00,0,23520
43704,883,822.00,493.00,0,23529
43582,882,826.00,492.00,0,23537
43458,881,815.00,493.00,0,23545
43332,879,809.00,509.00,0,23555
43209,877,819.00,476.00,0,23563
43085,875,809.00,493.00,0,23572
42961,871,805.00,493.00,0,23580
42839,869,812.00,494.00,0,23588
42718,867,819.00,492.00,0,23598
42601,865,826.00,492.00,0,23606
42477,865,820.00,493.00,0,23615
42353,863,815.00,493.00,0,23623
42231,861,827.00,494.00,0,23631
42109,858,815.00,493.00,0,23641
41986,855,810.00,493.00,0,23649
41863,852,824.00,493.00,0,23657
41743,850,826.00,492.00,0,23666
41622,849,826.00,510.00,0,23674
41497,847,824.00,509.00,0,23684
41372,846,813.00,509.00,0,23692
41247,844,826.00,510.00,0,23700
41125,841,806.00,493.00,0,23709
41001,839,803.00,492.00,0,23717
40877,836,821.00,476.00,0,23726
40757,833,816.00,492.00,0,23735
40637,832,824.00,510.00,0,23743
40515,831,826.00,510.00,0,23752
40391,829,822.00,493.00,0,23760
40267,827,827.00,493.00,0,23769
40145,825,820.00,509.00,0,23778
40023,821,817.00,510.00,0,23786
39899,819,826.00,476.00,0,23794
39779,817,822.00,509.00,0,23803
39657,815,822.00,492.00,0,23812
39534,814,826.00,509.00,0,23821
39409,813,823.00,493.00,0,23829
39284,811,813.00,493.00,0,23837
39161,809,814.00,510.00,0,23846
39037,806,813.00,493.00,0,23855
38914,803,827.00,493.00,0,23863
38793,800,815.00,492.00,0,23872
38674,798,824.00,510.00,0,23880
38552,797,827.00,509.00,0,23889
38429,796,818.00,493.00,0,23898
38304,795,814.00,509.00,0,23906
38182,793,826.00,509.00,0,23915
38059,790,822.00,509.00,0,23923
37936,787,822.00,493.00,0,23932
37814,785,819.00,493.00,0,23941
37695,783,824.00,509.00,0,23949
37573,781,826.00,492.00,0,23958
37449,780,819.00,509.00,0,23966
37323,778,810.00,508.00,0,23974
37199,775,822.00,492.00,0,23984
37075,773,814.00,494.00,0,23992
36951,769,808.00,493.00,0,24001
36828,767,808.00,493.00,0,24009
36709,765,822.00,493.00,0,24017
36588,763,827.00,477.00,0,24027
36464,763,819.00,509.00,0,24035
36340,761,813.00,509.00,0,24043
36217,760,826.00,504.00,0,24052
36095,757,817.00,493.00,0,24060
35973,755,816.00,493.00,0,24070
35851,752,823.00,493.00,0,24078
35732,750,827.00,476.00,0,24086
35612,748,826.00,509.00,0,24095
35488,747,825.00,493.00,0,24103
35363,745,818.00,493.00,0,24112
35237,743,826.00,506.00,0,24121
35113,739,805.00,509.00,0,24129
34987,737,801.00,503.00,0,24138
34863,733,811.00,509.00,0,24146
34743,731,825.00,493.00,0,24155
34623,730,825.00,493.00,0,24164
34501,729,822.00,493.00,0,24172
34375,728,816.00,476.00,0,24181
34253,727,826.00,475.00,0,24189
34131,724,812.00,492.00,0,24198
34008,721,812.00,510.00,0,24207
33885,717,826.00,493.00,0,24215
33766,715,819.00,493.00,0,24223
33647,713,825.00,493.00,0,24232
33525,711,826.00,494.00,0,24241
33399,709,819.00,493.00,0,24250
33274,707,813.00,475.00,0,24258
33149,704,797.00,475.00,0,24266
33023,701,799.00,493.00,0,24275
32898,699,824.00,493.00,0,24284
32777,696,813.00,493.00,0,24292
32658,695,822.00,493.00,0,24301
32538,694,827.00,510.00,0,24309
32414,693,826.00,493.00,0,24318
32291,692,823.00,493.00,0,24327
32169,689,816.00,493.00,0,24335
32045,686,817.00,493.00,0,24344
31923,683,827.00,493.00,0,24352
31802,679,823.00,509.00,0,24360
31684,677,826.00,509.00,0,24370
31563,675,826.00,509.00,0,24378
31438,674,825.00,509.00,0,24387
31311,673,810.00,493.00,0,24395
31185,670,811.00,509.00,0,24403
31059,667,810.00,509.00,0,24413
30934,665,810.00,493.00,0,24421
30812,662,814.00,509.00,0,24430
30695,660,822.00,492.00,0,24438
30575,659,826.00,493.00,0,24446
30452,658,819.00,493.00,0,24456
30328,657,817.00,509.00,0,24464
30205,655,826.00,494.00,0,24472
30081,652,816.00,493.00,0,24481
29958,649,817.00,508.00,0,24489
29837,646,822.00,493.00,0,24499
29718,643,826.00,492.00,0,24507
29599,641,826.00,492.00,0,24515
29475,641,827.00,510.00,0,24524
29348,639,815.00,509.00,0,24532
29223,637,826.00,494.00,0,24541
29097,633,806.00,509.00,0,24550
28971,631,802.00,509.00,0,24558
28849,627,813.00,493.00,0,24567
28730,625,826.00,493.00,0,24576
28612,624,826.00,493.00,0,24584
28491,623,826.00,493.00,0,24593
28366,623,821.00,493.00,0,24601
28243,621,827.00,509.00,0,24609
28119,619,816.00,492.00,0,24619
27995,615,818.00,510.00,0,24627
27874,613,826.00,510.00,0,24636
27754,610,826.00,476.00,0,24644
27635,609,827.00,476.00,0,24652
27513,607,826.00,493.00,0,24662
27387,605,822.00,509.00,0,24670
27262,603,824.00,509.00,0,24679
27135,600,801.00,493.00,0,24687
27009,597,800.00,509.00,0,24695
26885,593,821.00,493.00,0,24705
26766,590,824.00,509.00,0,24713
26649,589,826.00,475.00,0,24721
26528,587,827.00,493.00,0,24730
26404,587,826.00,509.00,0,24738
26279,586,824.00,493.00,0,24748
26155,584,810.00,508.00,0,24756
26030,581,813.00,510.00,0,24764
25907,578,826.00,509.00,0,24773
25787,575,825.00,493.00,0,24781
25669,573,827.00,493.00,0,24790
25549,571,827.00,492.00,0,24799
25424,569,826.00,510.00,0,24807
25297,567,811.00,510.00,0,24816
25171,565,801.00,492.00,0,24824
25045,562,800.00,476.00,0,24833
24921,559,818.00,493.00,0,24842
24801,556,819.00,493.00,0,24850
24684,555,826.00,492.00,0,24858
24566,553,826.00,476.00,0,24867
24445,553,826.00,509.00,0,24876
24320,552,822.00,509.00,0,24885
24195,550,825.00,509.00,0,24893
24071,547,819.00,509.00,0,24901
23945,545,822.00,509.00,0,24910
23824,541,822.00,493.00,0,24919
23706,539,826.00,493.00,0,24927
23586,537,826.00,492.00,0,24936
23462,535,825.00,493.00,0,24944
23334,533,808.00,509.00,0,24953
23207,531,815.00,493.00,0,24962
23080,529,804.00,509.00,0,24970
22955,525,800.00,493.00,0,24979
22835,523,817.00,493.00,0,24987
22719,521,826.00,493.00,0,24996
22603,520,826.00,510.00,0,25005
22484,519,826.00,476.00,0,25013
22361,519,827.00,509.00,0,25022
22236,517,826.00,509.00,0,25030
22111,514,819.00,509.00,0,25038
21985,511,814.00,493.00,0,25048
21863,507,826.00,493.00,0,25056
21743,503,826.00,492.00,0,25065
21623,501,826.00,493.00,0,25073
21501,499,826.00,509.00,0,25081
21372,497,812.00,493.00,0,25091
21243,494,822.00,494.00,0,25099
21115,491,790.00,497.00,0,25107
20988,489,792.00,496.00,0,25116
20867,487,815.00,493.00,0,25124
20751,485,826.00,489.00,0,25134
20637,484,826.00,502.00,0,25142
20521,484,826.00,493.00,0,25150
20399,483,827.00,493.00,0,25159
20277,482,826.00,475.00,0,25167
20153,480,825.00,494.00,0,25176
20027,477,827.00,504.00,0,25185
19903,473,826.00,492.00,0,25193
19783,469,827.00,493.00,0,25202
19665,467,826.00,500.00,0,25210
19543,464,826.00,493.00,0,25219
19415,462,826.00,509.00,0,25228
19285,461,808.00,509.00,0,25236
19157,458,792.00,509.00,0,25244
19027,455,793.00,497.00,0,25253
18904,453,826.00,493.00,0,25262
18787,451,824.00,493.00,0,25271
18673,449,825.00,493.00,0,25279
18558,449,826.00,493.00,0,25287
18439,447,826.00,492.00,0,25296
18313,447,826.00,485.00,0,25305
18189,445,826.00,502.00,0,25314
18062,442,801.00,509.00,0,25322
17937,439,827.00,509.00,0,25330
17815,435,824.00,476.00,0,25339
17698,432,826.00,492.00,0,25348
17579,430,826.00,492.00,0,25356
17453,428,827.00,493.00,0,25365
17327,426,811.00,509.00,0,25373
17197,424,808.00,510.00,0,25382
17069,421,802.00,509.00,0,25391
16944,419,806.00,493.00,0,25399
16826,417,826.00,494.00,0,25408
16715,415,826.00,475.00,0,25416
16603,415,827.00,509.00,0,25424
16485,414,826.00,493.00,0,25434
16362,413,827.00,493.00,0,25442
16236,411,826.00,493.00,0,25451
16108,409,825.00,492.00,0,25459
15980,406,823.00,493.00,0,25467
15856,402,826.00,492.00,0,25477
15737,399,826.00,493.00,0,25485
15619,395,826.00,493.00,0,25493
15495,393,826.00,509.00,0,25502
15365,391,812.00,493.00,0,25510
15234,389,821.00,475.00,0,25520
15104,386,792.00,509.00,0,25528
14977,383,802.00,509.00,0,25536
14859,381,825.00,493.00,0,25545
14748,380,826.00,494.00,0,25553
14639,379,826.00,476.00,0,25563
14524,379,826.00,509.00,0,25571
14399,379,826.00,493.00,0,25579
14269,377,826.00,493.00,0,25588
14139,375,814.00,509.00,0,25596
14010,372,802.00,510.00,0,25605
13885,368,826.00,509.00,0,25614
13766,364,827.00,493.00,0,25622
13650,360,826.00,476.00,0,25631
13530,357,826.00,493.00,0,25639
13404,354,827.00,510.00,0,25648
13273,351,815.00,510.00,0,25657
13143,348,789.00,510.00,0,25665
13017,345,799.00,509.00,0,25673
12897,343,826.00,493.00,0,25682
12788,341,826.00,493.00,0,25691
12679,341,827.00,492.00,0,25700
12561,341,817.00,509.00,0,25708
12435,341,826.00,493.00,0,25716
12303,341,814.00,510.00,0,25725
12169,339,798.00,510.00,0,25734
12038,337,793.00,509.00,0,25742
11911,333,826.00,509.00,0,25751
11794,329,824.00,493.00,0,25759
11681,325,827.00,493.00,0,25768
11565,321,826.00,493.00,0,25777
11443,317,827.00,476.00,0,25785
11315,313,820.00,509.00,0,25794
11185,311,810.00,492.00,0,25802
11059,308,820.00,509.00,0,25811
10939,305,826.00,509.00,0,25820
10830,304,827.00,493.00,0,25828
10723,303,825.00,492.00,0,25837
10600,303,826.00,493.00,0,25845
10471,303,826.00,509.00,0,25853
10335,303,798.00,510.00,0,25863
10198,303,780.00,509.00,0,25871
10065,301,787.00,509.00,0,25880
9940,298,800.00,492.00,0,25888
9826,294,819.00,492.00,0,25896
9720,289,826.00,493.00,0,25905
9615,284,826.00,493.00,0,25913
9503,281,827.00,493.00,0,25921
9381,277,826.00,476.00,0,25929
9257,274,826.00,509.00,0,25937
9133,271,820.00,509.00,0,25947
9013,268,826.00,494.00,0,25955
8905,266,826.00,493.00,0,25963
8799,266,826.00,476.00,0,25971
8683,266,826.00,493.00,0,25979
8559,266,826.00,493.00,0,25988
8429,266,820.00,509.00,0,25996
8293,267,739.00,510.00,0,26004
8159,267,591.00,509.00,0,26013
8035,265,788.00,509.00,0,26021
7919,261,825.00,476.00,0,26030
7812,257,826.00,475.00,0,26038
7710,253,827.00,493.00,0,26046
7601,248,826.00,492.00,0,26054
7481,244,826.00,509.00,0,26062
7355,239,825.00,509.00,0,26071
7229,236,826.00,509.00,0,26080
7105,233,824.00,509.00,0,26088
6991,230,825.00,492.00,0,26096
6889,228,827.00,476.00,0,26104
6779,227,826.00,493.00,0,26113
6659,227,826.00,509.00,0,26121
6534,227,827.00,509.00,0,26129
6401,228,807.00,493.00,0,26137
6263,228,670.00,526.00,0,26146
6134,228,608.00,509.00,0,26155
6013,226,791.00,494.00,0,26163
5901,223,826.00,476.00,0,26171
5799,218,826.00,476.00,0,26179
5695,214,826.00,493.00,0,26187
5579,209,826.00,509.00,0,26195
5455,204,827.00,510.00,0,26204
5327,199,809.00,509.00,0,26213
5201,194,820.00,493.00,0,26221
5083,190,826.00,493.00,0,26229
4980,187,826.00,493.00,0,26237
4877,184,826.00,509.00,0,26246
4759,184,826.00,509.00,0,26254
4637,183,826.00,509.00,0,26262
4511,183,826.00,509.00,0,26270
4379,184,802.00,493.00,0,26279
4241,185,721.00,509.00,0,26288
4111,185,674.00,510.00,0,26296
3993,185,803.00,493.00,0,26304
3885,183,827.00,475.00,0,26312
3785,180,826.00,493.00,0,26320
3677,176,826.00,493.00,0,26329
3555,171,826.00,509.00,0,26337
3428,166,823.00,492.00,0,26346
3299,160,806.00,509.00,0,26354
3177,155,826.00,493.00,0,26362
3069,150,827.00,460.00,0,26371
2969,145,826.00,493.00,0,26379
2855,142,827.00,510.00,0,26387
2737,138,826.00,493.00,0,26395
2615,137,827.00,492.00,0,26403
2489,136,826.00,509.00,0,26413
2353,136,786.00,509.00,0,26421
2215,136,648.00,509.00,0,26429
2088,136,777.00,493.00,0,26437
1972,135,819.00,493.00,0,26445
1869,134,827.00,492.00,0,26454
1770,132,826.00,493.00,0,26462
1655,128,826.00,493.00,0,26470
1531,125,826.00,509.00,0,26479
1400,120,817.00,492.00,0,26487
1271,116,814.00,509.00,0,26496
1154,110,826.00,492.00,0,26504
1051,104,827.00,493.00,0,26512
949,100,827.00,476.00,0,26520
837,94,827.00,504.00,0,26528
727,90,825.00,509.00,0,26535
613,86,826.00,509.00,0,26544
493,82,826.00,525.00,0,26551
365,79,782.00,526.00,0,26559
231,76,517.00,510.00,0,26567
111,72,656.00,509.00,0,26574
5,70,824.00,476.00,0,26582
-73,66,0.00,459.00,0,26589
-93,62,0.00,408.00,0,26597
-51,57,0.00,341.00,0,26604
33,52,812.00,342.00,0,26611
119,47,707.00,342.00,0,26619
201,42,78.00,344.00,0,26627
295,36,104.00,325.00,0,26635
401,32,248.00,307.00,0,26642
510,28,477.00,324.00,0,26650
623,26,702.00,309.00,0,26657
741,26,792.00,325.00,0,26665
867,26,826.00,291.00,0,26674
1005,27,826.00,308.00,0,26682
1127,29,826.00,325.00,0,26689
1237,33,825.00,324.00,0,26697
1336,36,778.00,342.00,0,26705
1429,39,15.00,342.00,0,26714
1534,42,451.00,324.00,0,26722
1649,45,717.00,308.00,0,26730
1763,46,736.00,341.00,0,26737
1884,47,816.00,308.00,0,26745
2007,48,821.00,325.00,0,26754
2122,48,799.00,326.00,0,26762
2223,48,206.00,341.00,0,26770
2329,48,185.00,308.00,0,26778
2446,48,407.00,309.00,0,26786
2563,47,515.00,325.00,0,26795
2681,46,795.00,325.00,0,26802
2805,46,815.00,308.00,0,26810
2939,46,826.00,292.00,0,26818
3075,46,826.00,308.00,0,26826
3194,46,826.00,308.00,0,26834
3298,46,809.00,329.00,0,26843
3389,46,158.00,325.00,0,26851
3493,46,290.00,325.00,0,26859
3609,46,584.00,325.00,0,26866
3723,46,675.00,342.00,0,26874
3840,46,802.00,308.00,0,26883
3961,47,816.00,308.00,0,26891
4078,47,787.00,308.00,0,26899
4183,49,389.00,325.00,0,26907
4288,51,82.00,325.00,0,26914
4399,53,266.00,325.00,0,26923
4517,55,495.00,341.00,0,26931
4634,59,642.00,325.00,0,26939
4754,63,735.00,308.00,0,26947
4881,67,825.00,308.00,0,26955
5017,72,825.00,308.00,0,26963
5151,77,825.00,308.00,0,26971
5273,81,825.00,325.00,0,26979
5377,86,826.00,341.00,0,26987
5459,90,825.00,358.00,0,26995
5521,94,826.00,375.00,0,27003
5567,97,825.00,375.00,0,27012
5597,101,825.00,392.00,0,27020
5616,103,826.00,409.00,0,27028
5625,105,825.00,408.00,0,27036
5623,107,826.00,409.00,0,27044
5613,108,826.00,425.00,0,27053
5593,109,826.00,425.00,0,27062
5564,109,825.00,443.00,0,27070
5524,108,825.00,459.00,0,27078
5471,106,826.00,459.00,0,27086
5407,103,826.00,458.00,0,27095
5333,99,826.00,476.00,0,27103
5255,95,826.00,476.00,0,27111
5179,91,825.00,459.00,0,27119
5111,87,825.00,459.00,0,27127
5055,83,825.00,459.00,0,27134
5017,79,826.00,426.00,0,27143
4998,75,826.00,426.00,0,27151
4996,72,826.00,409.00,0,27159
5013,70,826.00,392.00,0,27167
5044,69,826.00,375.00,0,27175
5086,67,826.00,375.00,0,27184
5132,67,825.00,375.00,0,27191
5176,67,826.00,375.00,0,27199
5214,67,826.00,375.00,0,27207
5240,68,826.00,409.00,0,27215
5252,69,826.00,391.00,0,27224
5253,71,826.00,409.00,0,27232
5238,73,826.00,425.00,0,27240
5215,75,826.00,415.00,0,27248
5185,77,825.00,442.00,0,27255
5154,77,826.00,425.00,0,27264
5126,78,826.00,442.00,0,27272
5104,79,825.00,409.00,0,27280
5092,79,826.00,414.00,0,27288
5090,79,825.00,409.00,0,27296
5097,79,826.00,409.00,0,27304
5113,78,826.00,408.00,0,27313
5133,77,825.00,409.00,0,27320
5155,75,826.00,393.00,0,27328
5175,74,826.00,392.00,0,27336
5191,73,826.00,409.00,0,27344
5199,71,826.00,408.00,0,27353
5201,71,826.00,409.00,0,27361
5195,70,826.00,425.00,0,27369
5184,70,825.00,408.00,0,27377
5170,70,825.00,425.00,0,27384
5154,70,826.00,408.00,0,27393
5142,70,826.00,425.00,0,27401
5132,70,826.00,409.00,0,27409
5128,72,825.00,409.00,0,27417
5130,72,826.00,409.00,0,27425
5136,74,825.00,409.00,0,27433
5144,74,825.00,408.00,0,27441
5154,75,825.00,391.00,0,27449
5164,75,826.00,408.00,0,27457
5172,76,826.00,409.00,0,27465
5176,76,826.00,408.00,0,27473
5177,76,825.00,409.00,0,27482
5175,76,826.00,409.00,0,27490
5169,76,825.00,409.00,0,27498
5163,75,825.00,408.00,0,27505
5156,74,825.00,425.00,0,27513
5151,73,826.00,409.00,0,27522
5147,72,826.00,409.00,0,27530
5147,72,825.00,409.00,0,27538
5149,72,825.00,408.00,0,27546
5152,71,825.00,409.00,0,27554
5156,71,825.00,409.00,0,27563
5159,71,825.00,408.00,0,27570
5163,71,826.00,391.00,0,27578
5165,71,826.00,408.00,0,27586
5165,71,826.00,408.00,0,27594
5165,71,825.00,409.00,0,27602
5163,72,826.00,409.00,0,27611
5161,73,825.00,409.00,0,27619
5159,73,826.00,409.00,0,27627
5159,73,825.00,409.00,0,27634
5159,74,826.00,409.00,0,27642
5159,74,826.00,409.00,0,27651
5160,74,826.00,408.00,0,27659
5161,74,826.00,409.00,0,27667
5161,74,826.00,409.00,0,27675
5161,74,826.00,410.00,0,27683
5161,74,825.00,408.00,0,27692
5161,74,825.00,408.00,0,27699
5160,73,826.00,409.00,0,27707
5160,72,826.00,409.00,0,27715
5160,72,826.00,409.00,0,27723
5160,72,826.00,408.00,0,27731
5160,71,826.00,408.00,0,27740
5160,71,825.00,409.00,0,27748
5160,71,825.00,409.00,0,27755
5160,71,826.00,408.00,0,27763
5160,71,826.00,409.00,0,27771
5160,71,826.00,409.00,0,27780
5160,71,826.00,409.00,0,27788
5160,71,826.00,408.00,0,27796
5160,71,826.00,409.00,0,27804
5160,71,825.00,409.00,0,27812
5160,71,825.00,409.00,0,27820
5160,72,825.00,408.00,0,27828
5160,72,826.00,409.00,0,27836
5160,72,826.00,409.00,0,27844
5160,72,826.00,409.00,0,27852
5160,72,826.00,408.00,0,27860
5160,72,826.00,409.00,0,27869
5160,72,825.00,409.00,0,27877
5160,72,825.00,408.00,0,27884
5160,72,826.00,408.00,0,27892
5160,72,826.00,409.00,0,27900
5160,72,826.00,409.00,0,27909
5160,71,826.00,408.00,0,27917
5160,71,826.00,409.00,0,27925
5160,71,826.00,409.00,0,27933
5160,71,825.00,409.00,0,27941
5160,71,825.00,408.00,0,27949
5160,71,826.00,409.00,0,27957
5160,71,826.00,408.00,0,27965
5160,71,826.00,408.00,0,27973
5160,71,825.00,409.00,0,27981
5160,71,826.00,409.00,0,27990
5160,71,826.00,409.00,0,27998
5160,71,825.00,409.00,0,28005
5160,71,826.00,408.00,0,28013
5160,71,826.00,409.00,0,28021
5160,71,826.00,409.00,0,28029
5160,71,826.00,408.00,0,28038
5160,71,826.00,409.00,0,28046
5160,71,825.00,409.00,0,28054
5160,71,826.00,408.00,0,28062
5160,71,825.00,408.00,0,28069
5160,71,826.00,408.00,0,28078
5160,71,826.00,409.00,0,28086
5160,70,826.00,409.00,0,28094
5160,70,826.00,409.00,0,28102
5160,70,826.00,409.00,0,28110
5160,70,826.00,409.00,0,28119
5160,70,825.00,409.00,0,28127
5160,70,825.00,408.00,0,28134
5160,70,826.00,409.00,0,28142
5160,70,826.00,408.00,0,28150
5160,70,825.00,409.00,0,28158
5160,70,826.00,409.00,0,28167
5160,70,826.00,409.00,0,28175
5160,70,826.00,409.00,0,28183
5160,70,825.00,408.00,0,28191
5160,70,825.00,408.00,0,28198
5160,70,826.00,408.00,0,28207
5160,70,826.00,409.00,0,28215
5160,71,826.00,409.00,0,28223
5160,71,826.00,409.00,0,28231
5160,71,826.00,409.00,0,28239
5160,71,826.00,408.00,0,28248
5160,71,825.00,409.00,0,28255
5160,71,826.00,409.00,0,28263
5160,71,825.00,409.00,0,28271
5160,71,826.00,408.00,0,28279
5160,71,826.00,409.00,0,28288
5160,71,826.00,408.00,0,28296
5160,71,825.00,409.00,0,28304
5160,71,826.00,409.00,0,28312
5160,71,825.00,408.00,0,28319
5160,70,826.00,408.00,0,28327
5160,70,825.00,409.00,0,28336
5160,70,826.00,409.00,0,28344
5160,70,826.00,409.00,0,28352
5160,70,826.00,408.00,0,28360
5160,70,826.00,409.00,0,28368
5160,70,825.00,409.00,0,28377
5160,70,825.00,408.00,0,28384
5160,70,826.00,408.00,0,28392
5160,70,826.00,409.00,0,28400
5160,70,826.00,409.00,0,28408
5160,70,826.00,409.00,0,28417
5160,70,826.00,409.00,0,28425
5160,70,825.00,408.00,0,28433
5160,70,825.00,409.00,0,28441
5160,70,825.00,408.00,0,28448
5160,70,825.00,408.00,0,28456
5160,70,826.00,409.00,0,28465
5160,70,826.00,409.00,0,28473
5160,70,826.00,409.00,0,28481
5160,70,826.00,409.00,0,28489
5160,69,826.00,409.00,0,28497
5160,69,826.00,409.00,0,28505
5160,69,825.00,408.00,0,28513
5160,69,826.00,409.00,0,28521
5160,69,826.00,409.00,0,28529
5160,69,826.00,409.00,0,28537
5160,69,826.00,409.00,0,28546
5160,69,825.00,409.00,0,28554
5160,69,826.00,408.00,0,28562
5160,69,825.00,409.00,0,28569
5160,69,826.00,408.00,0,28577
5160,69,826.00,409.00,0,28585
5160,69,826.00,409.00,0,28594
5160,69,826.00,409.00,0,28602
5160,69,826.00,409.00,0,28610
5160,69,826.00,408.00,0,28618
5160,69,825.00,409.00,0,28626
5160,69,825.00,409.00,0,28634
5160,69,826.00,409.00,0,28642
5160,69,826.00,409.00,0,28650
5160,69,826.00,408.00,0,28658
5160,69,826.00,409.00,0,28666
5160,69,826.00,409.00,0,28675
5160,69,826.00,409.00,0,28683
5160,69,825.00,409.00,0,28691
5160,69,825.00,409.00,0,28698
5160,69,826.00,409.00,0,28706
5160,69,826.00,409.00,0,28715
5160,69,826.00,409.00,0,28723
5160,69,826.00,409.00,0,28731
5160,69,826.00,408.00,0,28739
5160,69,825