5.00,409.00,0,18829
0,-2,826.00,408.00,0,18836
0,-2,826.00,408.00,0,18843
0,-2,825.00,409.00,0,18850
0,-2,825.00,408.00,0,18859
0,-2,826.00,408.00,0,18866
0,-2,825.00,408.00,0,18873
0,-2,825.00,409.00,0,18880
0,-2,826.00,409.00,0,18887
0,-2,825.00,408.00,0,18894
0,-2,826.00,408.00,0,18902
0,-2,825.00,408.00,0,18909
0,-2,826.00,408.00,0,18916
0,-2,826.00,408.00,0,18924
0,-2,825.00,408.00,0,18931
0,-2,826.00,408.00,0,18938
0,-2,826.00,409.00,0,18946
0,-2,825.00,408.00,0,18953
0,-2,826.00,408.00,0,18960
0,-2,826.00,408.00,0,18967
0,-2,825.00,409.00,0,18974
0,-2,826.00,408.00,0,18981
0,-2,826.00,408.00,0,18990
0,-2,825.00,408.00,0,18997
0,-2,825.00,409.00,0,19004
0,-2,826.00,409.00,0,19011
0,-2,825.00,408.00,0,19018
0,-2,826.00,408.00,0,19025
0,-2,826.00,408.00,0,19033
0,-2,826.00,409.00,0,19040
0,-2,826.00,408.00,0,19047
0,-2,826.00,408.00,0,19054
0,-2,825.00,409.00,0,19062
0,-2,825.00,408.00,0,19069
0,-2,825.00,408.00,0,19077
0,-2,826.00,409.00,0,19084
0,-2,826.00,408.00,0,19091
0,-2,825.00,408.00,0,19098
0,-2,825.00,408.00,0,19105
0,-2,826.00,409.00,0,19112
0,-2,825.00,409.00,0,19120
0,-2,825.00,408.00,0,19128
0,-2,825.00,408.00,0,19135
0,-2,825.00,409.00,0,19142
0,-2,826.00,409.00,0,19149
0,-2,825.00,408.00,0,19156
0,-2,825.00,408.00,0,19164
0,-2,826.00,408.00,0,19171
0,-2,825.00,409.00,0,19178
0,-2,826.00,408.00,0,19185
0,-2,826.00,408.00,0,19193
0,-2,825.00,408.00,0,19201
0,-2,826.00,408.00,0,19208
0,-2,825.00,408.00,0,19215
0,-2,826.00,408.00,0,19222
0,-2,826.00,409.00,0,19229
0,-2,826.00,408.00,0,19236
0,-2,826.00,409.00,0,19244
0,-2,826.00,408.00,0,19251
0,-2,825.00,408.00,0,19259
0,-2,826.00,408.00,0,19266
0,-2,825.00,408.00,0,19273
0,-2,825.00,408.00,0,19280
0,-2,826.00,408.00,0,19288
0,-2,826.00,408.00,0,19295
0,-2,826.00,408.00,0,19302
0,-2,826.00,409.00,0,19309
0,-2,826.00,408.00,0,19316
0,-2,826.00,408.00,0,19324
0,-2,825.00,408.00,0,19332
0,-2,825.00,408.00,0,19339
0,-2,826.00,409.00,0,19346
0,-2,826.00,409.00,0,19353
0,-2,826.00,408.00,0,19360
0,-2,826.00,409.00,0,19367
0,-2,825.00,408.00,0,19375
0,-2,826.00,408.00,0,19382
0,-2,825.00,408.00,0,19390
0,-2,825.00,408.00,0,19397
0,-2,825.00,408.00,0,19404
0,-2,826.00,408.00,0,19411
0,-2,825.00,409.00,0,19419
0,-2,826.00,409.00,0,19426
0,-2,826.00,408.00,0,19433
0,-2,826.00,409.00,0,19440
0,-2,826.00,408.00,0,19447
0,-2,826.00,408.00,0,19456
0,-2,825.00,408.00,0,19463
0,-2,825.00,408.00,0,19470
0,-2,825.00,409.00,0,19477
0,-2,825.00,408.00,0,19484
0,-2,825.00,408.00,0,19491
0,-2,826.00,408.00,0,19499
0,-2,826.00,408.00,0,19506
0,-2,825.00,408.00,0,19513
0,-2,825.00,408.00,0,19520
0,-2,825.00,408.00,0,19528
0,-2,825.00,409.00,0,19535
0,-2,825.00,408.00,0,19543
0,-2,825.00,408.00,0,19550
0,-2,826.00,408.00,0,19557
0,-2,826.00,409.00,0,19564
0,-2,826.00,409.00,0,19571
0,-2,826.00,408.00,0,19578
0,-2,826.00,409.00,0,19586
0,-2,826.00,408.00,0,19594
0,-2,825.00,408.00,0,19601
0,-2,825.00,408.00,0,19608
0,-2,826.00,408.00,0,19615
0,-2,825.00,408.00,0,19622
0,-2,825.00,408.00,0,19630
0,-2,826.00,408.00,0,19637
0,-2,826.00,409.00,0,19644
0,-2,826.00,409.00,0,19651
0,-2,825.00,408.00,0,19659
0,-2,825.00,409.00,0,19666
0,-2,826.00,408.00,0,19674
0,-2,825.00,408.00,0,19681
0,-2,826.00,408.00,0,19688
0,-2,825.00,409.00,0,19695
0,-2,826.00,409.00,0,19702
0,-2,826.00,409.00,0,19709
0,-2,825.00,408.00,0,19717
0,-2,826.00,408.00,0,19725
0,-2,825.00,408.00,0,19732
0,-2,825.00,408.00,0,19739
0,-2,826.00,409.00,0,19746
0,-2,826.00,408.00,0,19753
0,-2,825.00,409.00,0,19761
0,-2,826.00,408.00,0,19768
0,-2,825.00,408.00,0,19775
0,-2,825.00,409.00,0,19782
0,-2,826.00,408.00,0,19790
0,-2,825.00,408.00,0,19798
0,-2,826.00,408.00,0,19805
0,-2,826.00,408.00,0,19812
0,-2,826.00,409.00,0,19819
0,-2,826.00,408.00,0,19826
0,-2,826.00,408.00,0,19833
0,-2,826.00,408.00,0,19841
0,-2,826.00,408.00,0,19848
0,-2,826.00,408.00,0,19856
0,-2,825.00,408.00,0,19863
0,-2,825.00,408.00,0,19870
0,-2,825.00,408.00,0,19877
0,-2,826.00,409.00,0,19885
0,-2,826.00,408.00,0,19892
0,-2,825.00,409.00,0,19899
0,-2,826.00,408.00,0,19906
0,-2,825.00,408.00,0,19913
0,-2,825.00,408.00,0,19921
0,-2,826.00,408.00,0,19929
0,-2,825.00,408.00,0,19936
0,-2,825.00,409.00,0,19943
0,-2,825.00,408.00,0,19950
0,-2,825.00,408.00,0,19957
0,-2,826.00,408.00,0,19964
0,-2,825.00,408.00,0,19972
0,-2,826.00,408.00,0,19979
0,-2,826.00,409.00,0,19986
0,-2,825.00,408.00,0,19994
0,-2,825.00,409.00,0,20001
0,-2,826.00,408.00,0,20008
0,-2,826.00,409.00,0,20016
0,-2,826.00,409.00,0,20023
0,-2,825.00,409.00,0,20030
0,-2,826.00,408.00,0,20037
0,-2,826.00,408.00,0,20044
0,-2,826.00,409.00,0,20051
0,-2,826.00,408.00,0,20060
0,-2,825.00,408.00,0,20067
0,-2,825.00,408.00,0,20074
0,-2,826.00,408.00,0,20081
0,-2,826.00,408.00,0,20088
0,-2,826.00,409.00,0,20096
0,-2,826.00,408.00,0,20103
0,-2,825.00,409.00,0,20110
0,-2,826.00,408.00,0,20117
0,-2,825.00,408.00,0,20125
0,-2,825.00,408.00,0,20132
0,-2,826.00,408.00,0,20140
0,-2,826.00,409.00,0,20147
0,-2,826.00,408.00,0,20154
0,-2,826.00,408.00,0,20161
0,-2,826.00,409.00,0,20168
0,-2,826.00,408.00,0,20175
0,-2,825.00,408.00,0,20183
0,-2,825.00,408.00,0,20191
0,-2,825.00,408.00,0,20198
0,-2,825.00,408.00,0,20205
0,-2,825.00,408.00,0,20212
0,-2,826.00,408.00,0,20219
0,-2,826.00,408.00,0,20227
0,-2,826.00,408.00,0,20234
0,-2,826.00,408.00,0,20241
0,-2,826.00,408.00,0,20248
0,-2,825.00,408.00,0,20256
0,-2,825.00,408.00,0,20263
0,-2,825.00,409.00,0,20271
0,-2,825.00,409.00,0,20278
0,-2,826.00,408.00,0,20285
0,-2,826.00,409.00,0,20292
0,-2,826.00,409.00,0,20299
0,-2,825.00,408.00,0,20306
0,-2,826.00,409.00,0,20314
0,-2,825.00,409.00,0,20322
0,-2,825.00,408.00,0,20329
0,-2,825.00,408.00,0,20336
0,-2,826.00,408.00,0,20343
0,-2,826.00,408.00,0,20350
0,-2,826.00,408.00,0,20358
0,-2,825.00,408.00,0,20365
0,-2,826.00,409.00,0,20372
0,-2,826.00,408.00,0,20379
0,-2,826.00,408.00,0,20387
0,-2,825.00,408.00,0,20395
0,-2,825.00,409.00,0,20402
0,-2,826.00,409.00,0,20409
0,-2,825.00,408.00,0,20416
0,-2,826.00,408.00,0,20423
0,-2,826.00,408.00,0,20430
0,-2,826.00,409.00,0,20438
0,-2,826.00,409.00,0,20445
0,-2,826.00,408.00,0,20452
0,-2,825.00,408.00,0,20460
0,-2,825.00,409.00,0,20467
0,-2,826.00,408.00,0,20474
0,-2,826.00,409.00,0,20482
0,-2,826.00,408.00,0,20489
0,-2,826.00,408.00,0,20496
0,-2,826.00,409.00,0,20503
0,-2,825.00,409.00,0,20510
0,-2,826.00,409.00,0,20517
0,-2,825.00,408.00,0,20526
0,-2,825.00,408.00,0,20533
0,-2,825.00,408.00,0,20540
0,-2,826.00,408.00,0,20547
0,-2,826.00,409.00,0,20554
0,-2,826.00,409.00,0,20561
0,-2,826.00,408.00,0,20569
0,-2,826.00,408.00,0,20576
0,-2,826.00,408.00,0,20583
0,-2,826.00,408.00,0,20591
0,-2,825.00,408.00,0,20598
0,-2,825.00,408.00,0,20605
0,-2,826.00,409.00,0,20613
0,-2,826.00,409.00,0,20620
0,-2,826.00,409.00,0,20627
0,-2,825.00,408.00,0,20634
0,-2,826.00,409.00,0,20641
0,-2,826.00,409.00,0,20648
0,-2,825.00,408.00,0,20657
0,-2,825.00,408.00,0,20664
0,-2,825.00,408.00,0,20671
0,-2,826.00,408.00,0,20678
0,-2,826.00,408.00,0,20685
0,-2,826.00,408.00,0,20692
0,-2,826.00,408.00,0,20700
0,-2,826.00,408.00,0,20707
0,-2,826.00,408.00,0,20714
0,-2,825.00,408.00,0,20722
0,-2,825.00,409.00,0,20729
0,-2,825.00,408.00,0,20737
0,-2,825.00,408.00,0,20744
0,-2,825.00,408.00,0,20751
0,-2,826.00,408.00,0,20758
0,-2,826.00,408.00,0,20765
0,-2,825.00,408.00,0,20772
0,-2,826.00,408.00,0,20780
0,-2,826.00,409.00,0,20788
0,-2,826.00,408.00,0,20795
0,-2,825.00,408.00,0,20802
0,-2,826.00,409.00,0,20809
0,-2,826.00,408.00,0,20816
0,-2,825.00,408.00,0,20824
0,-2,826.00,408.00,0,20831
0,-2,825.00,408.00,0,20838
0,-2,825.00,409.00,0,20845
0,-2,825.00,409.00,0,20853
0,-2,825.00,408.00,0,20860
0,-2,825.00,408.00,0,20868
0,-2,825.00,408.00,0,20875
0,-2,826.00,409.00,0,20882
0,-2,826.00,409.00,0,20889
0,-2,826.00,408.00,0,20896
0,-2,825.00,409.00,0,20903
0,-2,826.00,408.00,0,20911
0,-2,826.00,408.00,0,20918
0,-2,825.00,409.00,0,20926
0,-2,826.00,408.00,0,20933
0,-2,826.00,408.00,0,20940
0,-2,825.00,408.00,0,20947
0,-2,826.00,408.00,0,20955
0,-2,826.00,409.00,0,20962
0,-2,826.00,408.00,0,20969
0,-2,825.00,408.00,0,20976
0,-2,826.00,408.00,0,20983
0,-2,826.00,408.00,0,20992
0,-2,825.00,408.00,0,20999
0,-2,825.00,408.00,0,21006
0,-2,826.00,409.00,0,21013
0,-2,826.00,408.00,0,21020
0,-2,826.00,408.00,0,21027
0,-2,826.00,408.00,0,21035
0,-2,826.00,409.00,0,21042
0,-2,826.00,409.00,0,21049
0,-2,825.00,408.00,0,21057
0,-2,825.00,408.00,0,21064
0,-2,825.00,408.00,0,21071
0,-2,825.00,409.00,0,21079
0,-2,826.00,409.00,0,21086
0,-2,825.00,408.00,0,21093
0,-2,826.00,408.00,0,21100
0,-2,826.00,409.00,0,21107
0,-2,826.00,409.00,0,21114
0,-2,825.00,408.00,0,21123
0,-2,825.00,408.00,0,21130
0,-2,825.00,409.00,0,21137
0,-2,826.00,408.00,0,21144
0,-2,826.00,408.00,0,21151
0,-2,826.00,409.00,0,21158
0,-2,826.00,409.00,0,21166
0,-2,826.00,409.00,0,21173
0,-2,826.00,408.00,0,21180
0,-2,826.00,408.00,0,21188
0,-2,825.00,408.00,0,21195
0,-2,825.00,408.00,0,21202
0,-2,825.00,409.00,0,21210
0,-2,825.00,408.00,0,21217
0,-2,826.00,409.00,0,21224
0,-2,826.00,409.00,0,21231
0,-2,825.00,408.00,0,21238
0,-2,826.00,409.00,0,21245
0,-2,826.00,408.00,0,21254
0,-2,825.00,408.00,0,21261
0,-2,825.00,408.00,0,21268
0,-2,825.00,408.00,0,21275
0,-2,826.00,408.00,0,21282
0,-2,826.00,408.00,0,21289
0,-2,826.00,409.00,0,21297
0,-2,826.00,409.00,0,21304
0,-2,825.00,409.00,0,21311
0,-2,825.00,408.00,0,21319
0,-2,825.00,408.00,0,21326
0,-2,825.00,408.00,0,21334
0,-2,825.00,409.00,0,21341
0,-2,825.00,409.00,0,21348
0,-2,825.00,409.00,0,21355
0,-2,825.00,408.00,0,21362
0,-2,826.00,408.00,0,21369
0,-2,826.00,408.00,0,21377
0,-2,825.00,408.00,0,21384
0,-2,825.00,408.00,0,21392
0,-2,825.00,408.00,0,21399
0,-2,826.00,408.00,0,21406
0,-2,825.00,409.00,0,21413
0,-2,825.00,408.00,0,21421
0,-2,826.00,408.00,0,21428
0,-2,826.00,408.00,0,21435
0,-2,826.00,408.00,0,21442
0,-2,826.00,408.00,0,21449
0,-2,826.00,408.00,0,21457
0,-2,825.00,409.00,0,21465
0,-2,825.00,409.00,0,21472
0,-2,825.00,408.00,0,21479
0,-2,826.00,408.00,0,21486
0,-2,826.00,408.00,0,21493
0,-2,826.00,408.00,0,21500
0,-2,825.00,409.00,0,21508
0,-2,826.00,409.00,0,21515
0,-2,825.00,408.00,0,21523
0,-2,825.00,408.00,0,21530
0,-2,825.00,408.00,0,21537
0,-2,825.00,408.00,0,21544
0,-2,826.00,408.00,0,21552
0,-2,826.00,408.00,0,21559
0,-2,826.00,408.00,0,21566
0,-2,826.00,408.00,0,21573
0,-2,825.00,409.00,0,21580
0,-2,826.00,408.00,0,21588
0,-2,825.00,408.00,0,21596
0,-2,825.00,408.00,0,21603
0,-2,826.00,409.00,0,21610
0,-2,825.00,408.00,0,21617
0,-2,826.00,408.00,0,21624
0,-2,826.00,408.00,0,21632
0,-2,825.00,409.00,0,21639
0,-2,826.00,408.00,0,21646
0,-2,825.00,408.00,0,21654
0,-2,825.00,408.00,0,21661
0,-2,826.00,409.00,0,21668
0,-2,825.00,408.00,0,21676
0,-2,825.00,408.00,0,21683
0,-2,826.00,408.00,0,21690
0,-2,825.00,409.00,0,21697
0,-2,826.00,408.00,0,21704
0,-2,825.00,408.00,0,21711
0,-2,826.00,409.00,0,21720
0,-2,825.00,408.00,0,21727
0,-2,825.00,409.00,0,21734
0,-2,825.00,409.00,0,21741
0,-2,826.00,408.00,0,21748
0,-2,826.00,409.00,0,21755
0,-2,826.00,408.00,0,21763
0,-2,826.00,409.00,0,21770
0,-2,826.00,408.00,0,21777
0,-2,826.00,408.00,0,21785
0,-2,825.00,408.00,0,21792
0,-2,825.00,408.00,0,21799
0,-2,826.00,409.00,0,21807
0,-2,825.00,409.00,0,21814
0,-2,826.00,408.00,0,21821
0,-2,826.00,408.00,0,21828
0,-2,825.00,409.00,0,21835
0,-2,826.00,408.00,0,21842
0,-2,825.00,408.00,0,21850
0,-2,825.00,408.00,0,21858
0,-2,825.00,408.00,0,21865
0,-2,826.00,409.00,0,21872
0,-2,826.00,408.00,0,21879
0,-2,826.00,409.00,0,21886
0,-2,825.00,409.00,0,21894
0,-2,826.00,408.00,0,21901
0,-2,826.00,408.00,0,21908
0,-2,826.00,409.00,0,21915
0,-2,826.00,408.00,0,21923
0,-2,825.00,408.00,0,21931
0,-2,825.00,408.00,0,21938
0,-2,826.00,408.00,0,21945
0,-2,826.00,409.00,0,21952
0,-2,826.00,408.00,0,21959
0,-2,826.00,409.00,0,21966
0,-2,826.00,409.00,0,21974
0,-2,826.00,409.00,0,21981
0,-2,826.00,409.00,0,21989
0,-2,825.00,408.00,0,21996
0,-2,825.00,408.00,0,22003
0,-2,826.00,409.00,0,22010
0,-2,826.00,408.00,0,22018
0,-2,826.00,409.00,0,22025
0,-2,825.00,408.00,0,22032
0,-2,826.00,408.00,0,22039
0,-2,826.00,409.00,0,22046
0,-2,825.00,408.00,0,22054
0,-2,825.00,408.00,0,22062
0,-2,825.00,408.00,0,22069
0,-2,826.00,409.00,0,22076
0,-2,826.00,408.00,0,22083
0,-2,826.00,408.00,0,22090
0,-2,826.00,408.00,0,22097
0,-2,825.00,409.00,0,22105
0,-2,826.00,408.00,0,22112
0,-2,825.00,408.00,0,22120
0,-2,825.00,408.00,0,22127
0,-2,825.00,408.00,0,22134
0,-2,825.00,408.00,0,22141
0,-2,826.00,408.00,0,22149
0,-2,826.00,409.00,0,22156
0,-2,826.00,408.00,0,22163
0,-2,826.00,409.00,0,22170
0,-2,825.00,408.00,0,22177
0,-2,826.00,408.00,0,22185
0,-2,826.00,408.00,0,22193
0,-2,825.00,408.00,0,22200
0,-2,826.00,409.00,0,22207
0,-2,825.00,408.00,0,22214
0,-2,826.00,408.00,0,22221
0,-2,826.00,409.00,0,22228
0,-2,826.00,409.00,0,22236
0,-2,826.00,408.00,0,22243
0,-2,826.00,408.00,0,22251
0,-2,825.00,409.00,0,22258
0,-2,825.00,408.00,0,22265
0,-2,826.00,409.00,0,22273
0,-2,826.00,409.00,0,22280
0,-2,826.00,408.00,0,22287
0,-2,825.00,408.00,0,22294
0,-2,825.00,408.00,0,22301
0,-2,826.00,408.00,0,22308
0,-2,826.00,408.00,0,22316
0,-2,825.00,408.00,0,22324
0,-2,825.00,409.00,0,22331
0,-2,825.00,408.00,0,22338
0,-2,826.00,409.00,0,22345
0,-2,826.00,408.00,0,22352
0,-2,825.00,408.00,0,22360
0,-2,826.00,409.00,0,22367
0,-2,826.00,409.00,0,22374
0,-2,826.00,408.00,0,22381
0,-2,825.00,408.00,0,22389
0,-2,825.00,408.00,0,22396
0,-2,826.00,408.00,0,22404
0,-2,825.00,408.00,0,22411
0,-2,826.00,408.00,0,22418
0,-2,826.00,408.00,0,22425
0,-2,826.00,409.00,0,22432
0,-2,826.00,409.00,0,22439
0,-2,826.00,408.00,0,22447
0,-2,825.00,408.00,0,22455
0,-2,825.00,408.00,0,22462
0,-2,825.00,408.00,0,22469
0,-2,825.00,408.00,0,22476
0,-2,826.00,408.00,0,22483
0,-2,825.00,409.00,0,22491
0,-2,825.00,409.00,0,22498
0,-2,826.00,409.00,0,22505
0,-2,826.00,408.00,0,22512
0,-2,826.00,408.00,0,22520
0,-2,826.00,408.00,0,22528
0,-2,825.00,408.00,0,22535
0,-2,826.00,408.00,0,22542
0,-2,826.00,409.00,0,22549
0,-2,826.00,408.00,0,22556
0,-2,826.00,408.00,0,22563
0,-2,826.00,408.00,0,22571
0,-2,826.00,408.00,0,22578
0,-2,826.00,408.00,0,22586
0,-2,825.00,408.00,0,22593
0,-2,826.00,409.00,0,22600
0,-2,825.00,408.00,0,22607
0,-2,826.00,409.00,0,22615
0,-2,826.00,408.00,0,22622
0,-2,826.00,408.00,0,22629
0,-2,826.00,409.00,0,22636
0,-2,825.00,408.00,0,22643
0,-2,826.00,408.00,0,22651
0,-2,825.00,408.00,0,22659
0,-2,825.00,409.00,0,22666
0,-2,826.00,409.00,0,22673
0,-2,826.00,408.00,0,22680
0,-2,826.00,408.00,0,22687
0,-2,826.00,408.00,0,22694
0,-2,826.00,408.00,0,22702
0,-2,826.00,408.00,0,22709
0,-2,826.00,408.00,0,22717
0,-2,825.00,409.00,0,22724
0,-2,825.00,409.00,0,22731
0,-2,826.00,408.00,0,22738
0,-2,826.00,408.00,0,22746
0,-2,826.00,408.00,0,22753
0,-2,826.00,409.00,0,22760
0,-2,826.00,408.00,0,22767
0,-2,825.00,408.00,0,22774
7,-2,0.00,391.00,0,22781
54,-2,0.00,341.00,0,22789
146,-2,592.00,308.00,0,22796
254,-2,807.00,324.00,0,22804
356,0,581.00,325.00,0,22811
454,1,635.00,341.00,0,22819
559,3,735.00,324.00,0,22827
666,4,756.00,325.00,0,22835
775,4,808.00,307.00,0,22842
886,2,811.00,325.00,0,22849
998,0,793.00,308.00,0,22857
1107,-2,809.00,309.00,0,22864
1218,-3,795.00,341.00,0,22873
1324,-2,524.00,325.00,0,22881
1438,1,699.00,308.00,0,22889
1550,4,753.00,341.00,0,22896
1661,6,712.00,308.00,0,22904
1774,6,805.00,308.00,0,22913
1890,4,803.00,308.00,0,22920
2006,1,789.00,291.00,0,22928
2119,-2,807.00,325.00,0,22936
2228,-2,730.00,325.00,0,22944
2338,-1,486.00,325.00,0,22952
2454,3,738.00,324.00,0,22960
2566,7,795.00,325.00,0,22968
2677,9,719.00,326.00,0,22975
2791,10,804.00,325.00,0,22983
2910,8,809.00,308.00,0,22991
3026,4,797.00,325.00,0,23000
3138,2,804.00,308.00,0,23007
3245,0,789.00,324.00,0,23015
3351,1,467.00,325.00,0,23022
3461,5,720.00,325.00,0,23030
3574,9,788.00,342.00,0,23038
3684,11,662.00,325.00,0,23046
3802,11,802.00,325.00,0,23054
3922,9,807.00,308.00,0,23062
4036,6,796.00,325.00,0,23070
4146,4,800.00,308.00,0,23077
4253,3,727.00,325.00,0,23086
4360,3,433.00,308.00,0,23093
4473,7,729.00,307.00,0,23101
4585,10,786.00,307.00,0,23109
4700,12,729.00,308.00,0,23117
4817,13,800.00,308.00,0,23126
4938,12,804.00,308.00,0,23134
5055,9,803.00,309.00,0,23141
5164,7,764.00,325.00,0,23149
5271,7,700.00,308.00,0,23156
5380,7,623.00,325.00,0,23164
5492,11,708.00,307.00,0,23173
5608,14,784.00,308.00,0,23181
5723,16,785.00,308.00,0,23189
5841,16,799.00,325.00,0,23196
5960,14,803.00,307.00,0,23204
6078,12,805.00,325.00,0,23213
6190,11,746.00,325.00,0,23221
6300,11,672.00,342.00,0,23229
6414,13,702.00,325.00,0,23237
6530,17,689.00,325.00,0,23245
6645,19,757.00,325.00,0,23254
6761,20,804.00,341.00,0,23261
6880,20,809.00,308.00,0,23269
6999,18,792.00,325.00,0,23277
7114,16,802.00,325.00,0,23285
7225,15,715.00,325.00,0,23293
7336,16,542.00,325.00,0,23302
7452,19,742.00,325.00,0,23310
7567,23,773.00,325.00,0,23318
7682,25,636.00,308.00,0,23325
7800,25,802.00,325.00,0,23333
7919,24,808.00,308.00,0,23342
8038,21,795.00,325.00,0,23350
8152,20,801.00,325.00,0,23358
8263,19,748.00,308.00,0,23366
8375,19,601.00,308.00,0,23374
8490,23,721.00,341.00,0,23383
8606,26,784.00,325.00,0,23390
8720,28,777.00,325.00,0,23398
8838,28,803.00,325.00,0,23406
8958,27,801.00,325.00,0,23414
9074,25,801.00,341.00,0,23422
9186,24,721.00,324.00,0,23431
9297,24,675.00,325.00,0,23439
9411,27,711.00,308.00,0,23446
9526,31,656.00,307.00,0,23454
9642,33,742.00,325.00,0,23462
9758,35,800.00,325.00,0,23471
9878,35,802.00,308.00,0,23479
9996,33,785.00,308.00,0,23487
10112,31,808.00,325.00,0,23495
10229,31,792.00,325.00,0,23503
10342,32,547.00,325.00,0,23512
10461,35,735.00,308.00,0,23520
10580,39,763.00,325.00,0,23528
10698,41,726.00,341.00,0,23537
10820,41,799.00,325.00,0,23545
10942,40,802.00,308.00,0,23554
11063,38,801.00,325.00,0,23562
11179,37,662.00,325.00,0,23570
11294,37,688.00,325.00,0,23578
11412,40,707.00,325.00,0,23586
11531,43,688.00,317.00,0,23595
11650,46,731.00,325.00,0,23604
11771,48,799.00,325.00,0,23612
11894,48,802.00,308.00,0,23620
12016,47,785.00,308.00,0,23628
12135,45,800.00,341.00,0,23636
12251,44,787.00,325.00,0,23645
12365,44,665.00,312.00,0,23653
12484,48,703.00,308.00,0,23661
12604,50,770.00,325.00,0,23670
12722,52,771.00,324.00,0,23678
12844,52,793.00,325.00,0,23687
12965,51,795.00,308.00,0,23695
13085,50,800.00,325.00,0,23703
13200,50,679.00,325.00,0,23711
13316,50,647.00,308.00,0,23719
13436,54,753.00,325.00,0,23728
13554,56,742.00,325.00,0,23737
13673,59,656.00,308.00,0,23745
13794,60,799.00,309.00,0,23753
13916,60,801.00,307.00,0,23761
14038,59,790.00,308.00,0,23770
14156,57,792.00,325.00,0,23778
14272,57,763.00,308.00,0,23786
14388,58,677.00,325.00,0,23794
14506,61,685.00,316.00,0,23803
14626,64,763.00,325.00,0,23812
14745,66,796.00,325.00,0,23820
14867,66,799.00,308.00,0,23828
14988,66,788.00,325.00,0,23836
15107,66,801.00,325.00,0,23844
15222,65,691.00,308.00,0,23853
15339,66,618.00,312.00,0,23861
15458,69,750.00,308.00,0,23870
15578,71,760.00,324.00,0,23878
15696,73,703.00,309.00,0,23886
15817,74,801.00,308.00,0,23895
15940,74,801.00,308.00,0,23903
16060,73,799.00,308.00,0,23911
16177,72,704.00,308.00,0,23919
16293,72,718.00,308.00,0,23927
16411,73,734.00,308.00,0,23937
16529,76,676.00,325.00,0,23945
16648,78,714.00,325.00,0,23953
16768,80,798.00,325.00,0,23961
16890,80,801.00,308.00,0,23969
17011,79,775.00,325.00,0,23977
17128,79,780.00,325.00,0,23986
17244,79,738.00,325.00,0,23994
17362,80,529.00,324.00,0,24003
17481,83,713.00,308.00,0,24011
17600,86,744.00,306.00,0,24019
17719,88,766.00,329.00,0,24028
17840,88,791.00,307.00,0,24036
17963,88,795.00,308.00,0,24044
18082,87,801.00,308.00,0,24052
18198,87,720.00,325.00,0,24060
18316,87,690.00,325.00,0,24070
18434,89,753.00,308.00,0,24078
18552,92,719.00,308.00,0,24086
18671,94,637.00,308.00,0,24094
18792,95,797.00,325.00,0,24102
18914,95,802.00,313.00,0,24111
19034,95,780.00,325.00,0,24119
19150,95,702.00,325.00,0,24127
19267,95,750.00,324.00,0,24136
19386,97,724.00,341.00,0,24144
19504,100,658.00,324.00,0,24153
19627,103,742.00,309.00,0,24161
19750,105,791.00,308.00,0,24170
19876,105,797.00,308.00,0,24178
20001,105,780.00,325.00,0,24187
20122,104,787.00,309.00,0,24196
20242,104,743.00,307.00,0,24204
20364,105,531.00,325.00,0,24213
20486,107,723.00,340.00,0,24221
20609,110,761.00,325.00,0,24229
20732,112,764.00,308.00,0,24239
20856,113,728.00,308.00,0,24247
20981,113,785.00,308.00,0,24256
21103,113,785.00,326.00,0,24264
21223,113,684.00,312.00,0,24272
21345,114,630.00,341.00,0,24282
21468,116,747.00,342.00,0,24290
21590,120,757.00,308.00,0,24299
21713,122,725.00,308.00,0,24307
21838,123,793.00,324.00,0,24315
21963,123,795.00,325.00,0,24325
22086,123,800.00,325.00,0,24333
22206,123,684.00,325.00,0,24341
22328,123,669.00,325.00,0,24350
22450,125,761.00,309.00,0,24358
22572,128,735.00,325.00,0,24368
22694,131,678.00,308.00,0,24376
22820,132,797.00,309.00,0,24384
22944,132,798.00,308.00,0,24393
23067,132,785.00,308.00,0,24401
23186,132,656.00,324.00,0,24410
23309,132,702.00,308.00,0,24419
23432,135,757.00,325.00,0,24427
23554,138,690.00,308.00,0,24436
23676,141,630.00,325.00,0,24444
23801,142,797.00,324.00,0,24453
23926,142,799.00,325.00,0,24462
24049,142,793.00,325.00,0,24470
24170,141,642.00,325.00,0,24478
24292,141,752.00,308.00,0,24487
24414,142,751.00,308.00,0,24496
24536,145,646.00,308.00,0,24505
24658,147,678.00,324.00,0,24513
24782,149,795.00,325.00,0,24521
24908,150,794.00,324.00,0,24530
25030,150,739.00,325.00,0,24539
25150,150,678.00,325.00,0,24548
25272,150,757.00,324.00,0,24556
25395,151,727.00,308.00,0,24564
25518,154,612.00,325.00,0,24573
25640,157,708.00,325.00,0,24582
25764,159,793.00,325.00,0,24590
25889,160,797.00,308.00,0,24599
26013,160,739.00,325.00,0,24607
26134,160,743.00,341.00,0,24616
26254,160,761.00,309.00,0,24625
26378,161,709.00,308.00,0,24633
26500,164,636.00,325.00,0,24642
26622,166,722.00,308.00,0,24650
26746,168,783.00,308.00,0,24658
26871,170,797.00,325.00,0,24668
26994,170,755.00,325.00,0,24676
27115,170,743.00,326.00,0,24685
27236,170,735.00,308.00,0,24693
27359,171,562.00,308.00,0,24701
27482,174,699.00,308.00,0,24711
27604,176,740.00,308.00,0,24719
27727,178,755.00,325.00,0,24727
27852,180,714.00,325.00,0,24736
27976,180,774.00,325.00,0,24744
28098,180,768.00,308.00,0,24754
28218,180,705.00,341.00,0,24762
28340,180,650.00,308.00,0,24770
28464,182,746.00,308.00,0,24779
28586,185,731.00,325.00,0,24787
28708,188,691.00,308.00,0,24797
28833,189,769.00,326.00,0,24805
28958,190,791.00,308.00,0,24813
29080,190,759.00,325.00,0,24822
29199,190,647.00,308.00,0,24830
29322,190,695.00,325.00,0,24839
29445,192,763.00,341.00,0,24848
29567,195,716.00,308.00,0,24856
29690,198,697.00,308.00,0,24865
29815,200,793.00,324.00,0,24873
29939,200,796.00,309.00,0,24882
30062,200,752.00,325.00,0,24891
30182,200,665.00,308.00,0,24899
30305,200,749.00,325.00,0,24907
30427,202,779.00,324.00,0,24916
30550,204,678.00,325.00,0,24925
30672,208,629.00,325.00,0,24934
30796,209,798.00,308.00,0,24942
30921,210,799.00,325.00,0,24950
31044,210,711.00,308.00,0,24960
31164,210,629.00,325.00,0,24968
31286,210,763.00,308.00,0,24976
31409,212,740.00,308.00,0,24985
31531,215,629.00,325.00,0,24993
31653,218,685.00,341.00,0,25003
31777,220,797.00,309.00,0,25011
31902,221,799.00,308.00,0,25019
32025,221,713.00,325.00,0,25028
32146,221,681.00,324.00,0,25036
32268,221,767.00,319.00,0,25044
32392,222,727.00,325.00,0,25054
32513,224,607.00,325.00,0,25062
32636,227,724.00,325.00,0,25071
32760,230,797.00,325.00,0,25079
32884,230,802.00,313.00,0,25088
33006,231,743.00,309.00,0,25097
33128,231,715.00,325.00,0,25105
33250,232,765.00,325.00,0,25114
33372,232,682.00,318.00,0,25122
33495,236,649.00,319.00,0,25131
33618,238,731.00,325.00,0,25140
33740,241,786.00,339.00,0,25148
33865,242,763.00,310.00,0,25156
33988,242,752.00,325.00,0,25165
34110,242,756.00,325.00,0,25174
34232,242,731.00,308.00,0,25183
34354,243,587.00,312.00,0,25191
34477,245,703.00,310.00,0,25199
34599,248,717.00,326.00,0,25208
34722,250,732.00,325.00,0,25217
34848,252,716.00,324.00,0,25225
34970,253,774.00,324.00,0,25234
35092,254,758.00,326.00,0,25242
35213,254,693.00,325.00,0,25251
35336,254,652.00,307.00,0,25260
35459,256,733.00,308.00,0,25268
35581,259,726.00,325.00,0,25277
35704,262,660.00,326.00,0,25285
35828,263,749.00,308.00,0,25293
35952,264,791.00,325.00,0,25303
36074,264,751.00,341.00,0,25311
36195,264,653.00,308.00,0,25320
36318,264,709.00,307.00,0,25328
36442,266,770.00,325.00,0,25336
36564,270,698.00,325.00,0,25346
36685,272,546.00,308.00,0,25354
36810,274,795.00,324.00,0,25363
36934,275,790.00,308.00,0,25371
37055,276,711.00,326.00,0,25379
37176,276,598.00,341.00,0,25389
37299,276,751.00,326.00,0,25397
37422,278,760.00,308.00,0,25405
37544,281,648.00,308.00,0,25414
37667,284,627.00,325.00,0,25422
37792,286,793.00,326.00,0,25432
37916,287,796.00,325.00,0,25440
38038,288,679.00,308.00,0,25448
38160,288,643.00,326.00,0,25457
38282,288,774.00,325.00,0,25465
38405,290,764.00,325.00,0,25474
38526,292,617.00,325.00,0,25483
38648,294,675.00,308.00,0,25491
38773,297,794.00,325.00,0,25500
38898,298,797.00,325.00,0,25508
39020,299,638.00,324.00,0,25517
39141,300,682.00,325.00,0,25526
39263,300,776.00,325.00,0,25534
39386,302,732.00,325.00,0,25542
39508,304,596.00,308.00,0,25551
39630,307,708.00,308.00,0,25560
39754,309,791.00,325.00,0,25569
39879,310,782.00,325.00,0,25577
40002,311,670.00,325.00,0,25585
40123,311,728.00,324.00,0,25594
40246,312,759.00,325.00,0,25603
40368,313,690.00,324.00,0,25612
40490,315,677.00,324.00,0,25620
40612,318,719.00,307.00,0,25628
40735,320,757.00,325.00,0,25637
40860,322,737.00,308.00,0,25646
40984,323,713.00,308.00,0,25654
41105,324,727.00,325.00,0,25663
41226,324,718.00,308.00,0,25671
41349,325,587.00,308.00,0,25680
41472,327,707.00,325.00,0,25689
41594,330,727.00,325.00,0,25697
41716,332,695.00,325.00,0,25706
41841,334,720.00,326.00,0,25714
41965,335,772.00,308.00,0,25722
42087,335,730.00,308.00,0,25732
42208,336,672.00,307.00,0,25740
42332,336,660.00,308.00,0,25749
42454,338,738.00,324.00,0,25757
42576,340,694.00,325.00,0,25765
42698,344,648.00,325.00,0,25775
42823,346,761.00,324.00,0,25783
42947,347,792.00,325.00,0,25791
43068,348,714.00,307.00,0,25800
43190,348,643.00,325.00,0,25808
43314,350,715.00,325.00,0,25818
43436,351,743.00,308.00,0,25826
43558,354,674.00,308.00,0,25834
43680,356,556.00,325.00,0,25843
43805,358,786.00,307.00,0,25851
43929,360,798.00,325.00,0,25861
44050,360,703.00,341.00,0,25869
44172,360,613.00,325.00,0,25877
44296,362,747.00,325.00,0,25886
44418,363,751.00,325.00,0,25894
44540,366,617.00,325.00,0,25903
44662,368,614.00,308.00,0,25912
44786,371,787.00,325.00,0,25920
44910,372,793.00,308.00,0,25929
45032,374,630.00,325.00,0,25937
45153,374,657.00,341.00,0,25946
45277,374,766.00,308.00,0,25955
45400,376,713.00,324.00,0,25963
45522,378,591.00,308.00,0,25971
45644,380,655.00,308.00,0,25980
45768,383,780.00,325.00,0,25989
45892,385,780.00,325.00,0,25998
46014,386,644.00,308.00,0,26006
46136,386,711.00,327.00,0,26014
46258,387,791.00,341.00,0,26023
46381,388,706.00,325.00,0,26032
46504,390,642.00,325.00,0,26040
46626,393,693.00,325.00,0,26049
46750,396,767.00,308.00,0,26057
46874,398,749.00,311.00,0,26066
46996,399,647.00,320.00,0,26075
47118,400,712.00,317.00,0,26083
47240,400,765.00,341.00,0,26092
47363,402,539.00,325.00,0,26100
47485,404,673.00,325.00,0,26108
47608,406,719.00,308.00,0,26118
47731,408,736.00,309.00,0,26126
47855,410,640.00,324.00,0,26135
47978,412,718.00,325.00,0,26143
48100,412,726.00,308.00,0,26151
48222,413,708.00,326.00,0,26161
48346,414,630.00,325.00,0,26169
48468,416,731.00,325.00,0,26178
48590,419,715.00,308.00,0,26186
48712,422,669.00,325.00,0,26194
48837,424,706.00,308.00,0,26204
48960,425,760.00,308.00,0,26212
49082,426,699.00,325.00,0,26220
49204,426,646.00,308.00,0,26229
49326,427,679.00,325.00,0,26237
49450,429,739.00,325.00,0,26247
49572,432,694.00,308.00,0,26255
49693,434,625.00,308.00,0,26263
49818,436,742.00,308.00,0,26272
49942,438,779.00,308.00,0,26280
50064,439,701.00,325.00,0,26289
50185,440,635.00,308.00,0,26298
50309,440,724.00,326.00,0,26306
50432,442,752.00,325.00,0,26315
50554,444,648.00,325.00,0,26323
50676,447,580.00,326.00,0,26332
50800,449,788.00,325.00,0,26341
50923,451,790.00,308.00,0,26349
51045,452,632.00,308.00,0,26357
51168,453,619.00,325.00,0,26366
51290,454,766.00,325.00,0,26375
51413,456,719.00,308.00,0,26384
51535,458,602.00,309.00,0,26392
51657,460,625.00,341.00,0,26400
51782,462,794.00,325.00,0,26409
51906,464,782.00,325.00,0,26418
52028,466,633.00,308.00,0,26426
52150,466,660.00,325.00,0,26435
52272,468,776.00,324.00,0,26443
52395,469,708.00,308.00,0,26452
52518,471,584.00,325.00,0,26461
52639,474,651.00,308.00,0,26469
52762,476,776.00,308.00,0,26478
52887,478,765.00,325.00,0,26486
53008,478,656.00,341.00,0,26496
53130,480,685.00,308.00,0,26504
53254,480,755.00,325.00,0,26512
53376,482,667.00,308.00,0,26521
53499,484,606.00,308.00,0,26529
53621,487,691.00,325.00,0,26537
53744,490,744.00,324.00,0,26547
53869,492,723.00,325.00,0,26555
53992,494,673.00,325.00,0,26564
54113,494,729.00,342.00,0,26572
54236,495,755.00,325.00,0,26580
54359,496,572.00,325.00,0,26590
54481,497,665.00,308.00,0,26598
54604,499,691.00,309.00,0,26606
54726,502,685.00,308.00,0,26615
54850,504,639.00,325.00,0,26624
54973,506,685.00,307.00,0,26633
55095,508,700.00,324.00,0,26641
55217,508,697.00,325.00,0,26649
55340,510,629.00,325.00,0,26658
55463,512,725.00,325.00,0,26667
55585,515,700.00,308.00,0,26675
55707,517,639.00,325.00,0,26684
55832,519,687.00,307.00,0,26692
55956,520,752.00,324.00,0,26701
56077,521,687.00,325.00,0,26710
56199,522,623.00,308.00,0,26718
56322,523,691.00,324.00,0,26727
56445,525,739.00,308.00,0,26735
56567,527,685.00,325.00,0,26744
56689,530,591.00,310.00,0,26753
56814,532,736.00,309.00,0,26761
56937,534,767.00,325.00,0,26770
57059,536,653.00,325.00,0,26778
57180,538,548.00,325.00,0,26786
57304,538,738.00,307.00,0,26796
57426,540,752.00,325.00,0,26804
57548,542,649.00,325.00,0,26813
57671,544,575.00,324.00,0,26821
57795,546,763.00,325.00,0,26829
57919,548,778.00,325.00,0,26839
58041,550,634.00,324.00,0,26847
58162,551,614.00,308.00,0,26855
58286,552,756.00,325.00,0,26864
58409,554,743.00,325.00,0,26872
58531,556,595.00,325.00,0,26882
58652,558,632.00,308.00,0,26890
58776,560,764.00,307.00,0,26898
58900,562,782.00,325.00,0,26907
59022,564,588.00,308.00,0,26915
59144,566,650.00,308.00,0,26924
59268,566,759.00,308.00,0,26933
59390,568,679.00,308.00,0,26941
59512,570,580.00,308.00,0,26950
59634,572,689.00,341.00,0,26958
59758,575,762.00,342.00,0,26967
59882,577,742.00,308.00,0,26976
60004,579,601.00,308.00,0,26984
60127,580,705.00,325.00,0,26993
60250,582,749.00,324.00,0,27001
60372,583,672.00,325.00,0,27010
60495,584,630.00,308.00,0,27019
60617,587,706.00,325.00,0,27027
60739,590,726.00,309.00,0,27035
60864,592,702.00,325.00,0,27044
60986,594,656.00,307.00,0,27053
61108,595,705.00,308.00,0,27062
61231,596,709.00,308.00,0,27070
61354,597,543.00,323.00,0,27078
61476,598,670.00,325.00,0,27087
61598,601,678.00,308.00,0,27096
61721,603,673.00,325.00,0,27104
61845,606,647.00,308.00,0,27113
61968,608,725.00,325.00,0,27121
62090,610,708.00,308.00,0,27130
62213,612,679.00,309.00,0,27139
62336,613,635.00,308.00,0,27147
62459,614,718.00,325.00,0,27156
62582,616,681.00,325.00,0,27164
62702,618,610.00,315.00,0,27172
62827,620,689.00,324.00,0,27182
62950,622,739.00,326.00,0,27190
63072,624,673.00,325.00,0,27199
63194,626,620.00,325.00,0,27207
63317,628,692.00,325.00,0,27215
63441,630,743.00,320.00,0,27225
63562,632,666.00,327.00,0,27233
63684,634,499.00,308.00,0,27241
63808,636,733.00,322.00,0,27250
63932,638,768.00,325.00,0,27258
64054,638,647.00,325.00,0,27268
64176,640,569.00,325.00,0,27276
64300,642,750.00,325.00,0,27284
64422,643,726.00,307.00,0,27293
64544,646,619.00,308.00,0,27301
64666,648,578.00,325.00,0,27311
64790,650,755.00,325.00,0,27319
64914,652,749.00,308.00,0,27327
65036,654,573.00,309.00,0,27336
65158,655,612.00,325.00,0,27344
65282,657,753.00,325.00,0,27353
65404,659,726.00,308.00,0,27362
65526,662,584.00,325.00,0,27370
65648,664,628.00,308.00,0,27379
65772,666,748.00,308.00,0,27387
65896,668,732.00,308.00,0,27396
66018,668,593.00,341.00,0,27405
66140,670,644.00,308.00,0,27413
66263,671,745.00,307.00,0,27421
66386,672,695.00,325.00,0,27430
66508,675,612.00,325.00,0,27439
66630,678,671.00,325.00,0,27448
66754,680,747.00,325.00,0,27456
66878,683,710.00,308.00,0,27464
67000,685,591.00,325.00,0,27473
67122,686,691.00,325.00,0,27482
67245,688,727.00,325.00,0,27490
67368,688,660.00,317.00,0,27499
67489,690,629.00,325.00,0,27507
67612,692,696.00,325.00,0,27516
67734,695,691.00,325.00,0,27525
67859,698,577.00,308.00,0,27533
67982,700,670.00,325.00,0,27542
68104,702,693.00,308.00,0,27550
68226,704,708.00,308.00,0,27559
68349,704,567.00,308.00,0,27568
68472,706,683.00,325.00,0,27576
68594,708,705.00,341.00,0,27585
68716,710,647.00,308.00,0,27593
68840,712,656.00,308.00,0,27601
68964,714,713.00,325.00,0,27611
69086,716,672.00,309.00,0,27619
69208,718,651.00,325.00,0,27628
69332,720,646.00,309.00,0,27636
69454,722,705.00,325.00,0,27644
69576,724,667.00,308.00,0,27654
69698,726,604.00,325.00,0,27662
69822,728,705.00,341.00,0,27670
69945,730,745.00,324.00,0,27679
70067,732,668.00,308.00,0,27687
70190,734,607.00,325.00,0,27697
70314,736,688.00,325.00,0,27705
70436,738,719.00,307.00,0,27713
70558,739,630.00,308.00,0,27722
70680,740,521.00,324.00,0,27730
70804,742,742.00,325.00,0,27739
70927,744,756.00,341.00,0,27748
71048,746,618.00,325.00,0,27756
71172,748,570.00,308.00,0,27765
71295,751,725.00,308.00,0,27773
71418,754,717.00,308.00,0,27782
71540,756,599.00,308.00,0,27791
71662,758,578.00,308.00,0,27799
71786,760,751.00,325.00,0,27807
71910,762,738.00,309.00,0,27816
72031,762,578.00,341.00,0,27825
72153,764,627.00,325.00,0,27834
72276,765,740.00,308.00,0,27842
72400,767,693.00,326.00,0,27850
72522,770,552.00,308.00,0,27859
72644,772,615.00,308.00,0,27868
72768,776,757.00,325.00,0,27877
72892,778,724.00,325.00,0,27885
73013,780,577.00,308.00,0,27893
73135,782,668.00,325.00,0,27902
73258,782,750.00,325.00,0,27911
73380,783,651.00,308.00,0,27919
73504,784,623.00,325.00,0,27928
73626,787,656.00,325.00,0,27936
73748,790,702.00,308.00,0,27945
73872,793,675.00,308.00,0,27954
73996,796,604.00,325.00,0,27962
74118,799,679.00,309.00,0,27971
74240,801,747.00,326.00,0,27979
74363,802,509.00,325.00,0,27987
74485,804,649.00,324.00,0,27997
74608,804,674.00,308.00,0,28005
74730,806,660.00,325.00,0,28014
74854,808,573.00,325.00,0,28022
74977,811,633.00,325.00,0,28030
75099,814,670.00,325.00,0,28040
75222,816,675.00,325.00,0,28048
75344,818,598.00,308.00,0,28056
75468,821,692.00,341.00,0,28065
75590,824,700.00,307.00,0,28073
75712,826,625.00,310.00,0,28083
75836,827,626.00,325.00,0,28091
75960,829,706.00,325.00,0,28099
76081,830,660.00,308.00,0,28108
76204,832,615.00,325.00,0,28116
76326,834,643.00,309.00,0,28126
76449,836,708.00,341.00,0,28134
76572,838,657.00,341.00,0,28142
76692,840,621.00,325.00,0,28151
76817,843,691.00,308.00,0,28160
76942,846,735.00,326.00,0,28168
77063,848,616.00,324.00,0,28177
77185,850,646.00,325.00,0,28185
77308,852,694.00,325.00,0,28194
77431,854,703.00,323.00,0,28203
77553,856,623.00,325.00,0,28211
77676,858,540.00,325.00,0,28220
77799,860,731.00,325.00,0,28228
77922,862,750.00,325.00,0,28236
78044,864,609.00,315.00,0,28246
78167,866,584.00,323.00,0,28254
78290,868,721.00,308.00,0,28263
78414,871,711.00,309.00,0,28271
78536,874,584.00,310.00,0,28279
78657,876,610.00,341.00,0,28289
78781,878,744.00,320.00,0,28297
78904,880,732.00,308.00,0,28305
79026,881,543.00,324.00,0,28314
79149,882,622.00,308.00,0,28322
79272,884,723.00,308.00,0,28332
79394,886,672.00,325.00,0,28340
79517,889,545.00,324.00,0,28348
79639,892,636.00,325.00,0,28357
79762,895,720.00,308.00,0,28365
79886,898,714.00,325.00,0,28375
80008,900,650.00,324.00,0,28383
80130,902,657.00,308.00,0,28391
80254,904,736.00,308.00,0,28400
80377,906,646.00,325.00,0,28408
80499,907,568.00,307.00,0,28417
80621,909,639.00,308.00,0,28426
80744,912,694.00,325.00,0,28434
80868,914,670.00,308.00,0,28443
80990,917,610.00,325.00,0,28451
81112,920,690.00,324.00,0,28460
81235,922,711.00,325.00,0,28469
81358,924,497.00,308.00,0,28477
81481,925,655.00,325.00,0,28485
81603,927,666.00,325.00,0,28494
81726,929,628.00,308.00,0,28503
81850,931,571.00,308.00,0,28512
81972,933,651.00,308.00,0,28520
82094,936,696.00,342.00,0,28528
82217,938,679.00,325.00,0,28537
82340,940,599.00,325.00,0,28546
82463,942,688.00,325.00,0,28554
82586,944,643.00,308.00,0,28563
82707,946,579.00,325.00,0,28571
82832,948,643.00,307.00,0,28580
82954,950,676.00,325.00,0,28589
83076,952,633.00,308.00,0,28597
83198,954,615.00,342.00,0,28606
83322,956,647.00,341.00,0,28614
83444,959,705.00,308.00,0,28622
83567,962,635.00,308.00,0,28632
83689,964,656.00,342.00,0,28640
83813,967,700.00,325.00,0,28649
83936,969,719.00,325.00,0,28657
84058,971,617.00,308.00,0,28665
84180,973,649.00,324.00,0,28675
84304,974,702.00,308.00,0,28683
84426,976,713.00,325.00,0,28692
84548,978,602.00,325.00,0,28700
84671,980,518.00,308.00,0,28708
84794,982,722.00,307.00,0,28718
84918,984,704.00,308.00,0,28726
85040,987,555.00,324.00,0,28734
85162,990,570.00,325.00,0,28743
85286,992,726.00,308.00,0,28751
85408,995,699.00,325.00,0,28761
85530,998,580.00,324.00,0,28769
85652,1000,595.00,308.00,0,28778
85780,1001,723.00,309.00,0,28786
85908,1002,713.00,325.00,0,28795
86032,1004,544.00,325.00,0,28804
86159,1006,578.00,307.00,0,28813
86286,1008,715.00,325.00,0,28822
86413,1012,679.00,308.00,0,28830
86538,1014,560.00,324.00,0,28839
86664,1018,536.00,308.00,0,28849
86792,1020,720.00,308.00,0,28857
86919,1022,718.00,308.00,0,28866
87044,1024,557.00,324.00,0,28875
87171,1026,541.00,308.00,0,28883
87297,1028,709.00,325.00,0,28893
87424,1030,707.00,325.00,0,28901
87550,1034,596.00,325.00,0,28910
87676,1036,520.00,324.00,0,28919
87804,1040,718.00,325.00,0,28928
87930,1042,724.00,325.00,0,28937
88056,1044,601.00,325.00,0,28946
88182,1046,623.00,308.00,0,28954
88309,1048,669.00,308.00,0,28963
88436,1050,689.00,308.00,0,28973
88562,1052,601.00,325.00,0,28981
88687,1056,450.00,325.00,0,28990
88816,1058,693.00,308.00,0,28998
88942,1061,709.00,308.00,0,29007
89067,1063,633.00,325.00,0,29017
89192,1065,582.00,308.00,0,29025
89320,1066,649.00,308.00,0,29034
89447,1068,687.00,325.00,0,29043
89573,1070,649.00,341.00,0,29051
89698,1074,579.00,324.00,0,29061
89826,1076,646.00,308.00,0,29069
89953,1079,689.00,325.00,0,29078
90080,1082,635.00,325.00,0,29087
90206,1084,606.00,327.00,0,29095
90332,1086,587.00,308.00,0,29105
90459,1088,671.00,308.00,0,29114
90585,1090,629.00,308.00,0,29122
90710,1092,565.00,308.00,0,29131
90838,1094,608.00,324.00,0,29140
90964,1097,660.00,324.00,0,29149
91090,1100,633.00,324.00,0,29158
91216,1102,633.00,325.00,0,29166
91344,1104,563.00,325.00,0,29175
91470,1106,650.00,325.00,0,29185
91596,1109,667.00,325.00,0,29193
91722,1112,611.00,308.00,0,29202
91850,1114,559.00,325.00,0,29211
91976,1116,626.00,326.00,0,29219
92102,1118,641.00,336.00,0,29229
92228,1121,660.00,308.00,0,29237
92356,1124,497.00,325.00,0,29246
92482,1126,615.00,308.00,0,29255
92608,1128,641.00,324.00,0,29263
92734,1131,656.00,308.00,0,29273
92862,1133,650.00,325.00,0,29282
92988,1136,583.00,325.00,0,29290
93114,1138,641.00,326.00,0,29299
93240,1140,695.00,325.00,0,29308
93366,1142,632.00,324.00,0,29317
93493,1145,565.00,308.00,0,29326
93619,1148,633.00,325.00,0,29334
93746,1150,676.00,308.00,0,29343
93873,1153,634.00,308.00,0,29352
94000,1156,523.00,308.00,0,29361
94125,1158,622.00,325.00,0,29370
94252,1160,711.00,325.00,0,29379
94379,1163,625.00,308.00,0,29387
94504,1165,652.00,325.00,0,29396
94630,1168,619.00,325.00,0,29406
94757,1170,698.00,325.00,0,29414
94885,1172,670.00,341.00,0,29423
95010,1174,578.00,342.00,0,29431
95136,1178,610.00,324.00,0,29441
95263,1180,722.00,325.00,0,29450
95390,1182,634.00,325.00,0,29458
95516,1185,492.00,325.00,0,29467
95642,1188,587.00,325.00,0,29476
95770,1190,702.00,308.00,0,29485
95896,1192,662.00,308.00,0,29494
96022,1194,497.00,308.00,0,29502
96148,1196,576.00,325.00,0,29511
96276,1198,708.00,308.00,0,29520
96402,1201,657.00,308.00,0,29529
96527,1204,516.00,307.00,0,29538
96652,1206,577.00,325.00,0,29547
96780,1209,713.00,341.00,0,29555
96908,1211,684.00,325.00,0,29564
97034,1213,513.00,308.00,0,29574
97160,1215,548.00,325.00,0,29582
97286,1217,688.00,308.00,0,29591
97413,1219,641.00,308.00,0,29599
97539,1222,534.00,308.00,0,29608
97665,1225,512.00,308.00,0,29618
97792,1228,681.00,308.00,0,29626
97920,1232,695.00,308.00,0,29635
98046,1234,556.00,308.00,0,29644
98172,1236,520.00,308.00,0,29652
98298,1238,684.00,325.00,0,29662
98425,1240,664.00,325.00,0,29670
98550,1241,542.00,308.00,0,29679
98676,1242,476.00,341.00,0,29688
98804,1245,659.00,309.00,0,29697
98931,1248,666.00,325.00,0,29706
99057,1252,554.00,308.00,0,29715
99184,1255,470.00,325.00,0,29723
99310,1258,644.00,311.00,0,29732
99437,1261,661.00,308.00,0,29742
99562,1263,586.00,308.00,0,29750
99688,1265,635.00,325.00,0,29759
99816,1267,631.00,325.00,0,29767
99942,1270,672.00,308.00,0,29776
100068,1272,599.00,325.00,0,29786
100198,1275,579.00,325.00,0,29795
100329,1278,589.00,326.00,0,29804
100459,1280,642.00,325.00,0,29813
100588,1282,625.00,325.00,0,29822
100718,1284,578.00,341.00,0,29831
100849,1286,524.00,325.00,0,29840
100980,1288,562.00,325.00,0,29849
101109,1292,617.00,308.00,0,29858
101239,1294,677.00,325.00,0,29868
101370,1298,581.00,325.00,0,29877
101500,1301,523.00,309.00,0,29886
101630,1304,608.00,325.00,0,29895
101760,1306,688.00,325.00,0,29904
101892,1308,626.00,326.00,0,29913
102021,1310,482.00,307.00,0,29922
102150,1312,568.00,325.00,0,29931
102282,1314,694.00,341.00,0,29940
102412,1318,638.00,325.00,0,29949
102542,1321,524.00,308.00,0,29959
102671,1324,475.00,308.00,0,29968
102802,1327,674.00,325.00,0,29977
102933,1330,642.00,308.00,0,29985
103062,1332,539.00,324.00,0,29995
103192,1334,565.00,325.00,0,30004
103322,1336,602.00,341.00,0,30013
103452,1338,629.00,325.00,0,30022
103582,1342,590.00,309.00,0,30031
103712,1346,556.00,307.00,0,30041
103843,1349,552.00,325.00,0,30050
103974,1352,597.00,325.00,0,30059
104104,1354,619.00,308.00,0,30067
104234,1356,636.00,308.00,0,30076
104364,1358,426.00,325.00,0,30086
104494,1360,534.00,325.00,0,30095
104623,1361,581.00,326.00,0,30104
104754,1363,628.00,308.00,0,30113
104886,1366,624.00,324.00,0,30123
105014,1369,488.00,311.00,0,30132
105121,1372,825.00,358.00,0,30141
105130,1375,826.00,425.00,0,30149
105046,1376,826.00,492.00,0,30158
104934,1376,811.00,492.00,0,30168
104811,1375,813.00,493.00,0,30177
104682,1373,793.00,493.00,0,30186
104550,1373,737.00,509.00,0,30195
104416,1372,605.00,510.00,0,30204
104286,1372,765.00,509.00,0,30214
104158,1371,805.00,509.00,0,30223
104029,1370,782.00,492.00,0,30231
103898,1369,744.00,492.00,0,30240
103767,1366,764.00,509.00,0,30249
103638,1364,786.00,509.00,0,30259
103508,1362,805.00,493.00,0,30268
103377,1361,757.00,493.00,0,30277
103247,1359,768.00,493.00,0,30286
103119,1357,791.00,492.00,0,30296
102990,1355,795.00,493.00,0,30305
102862,1353,800.00,492.00,0,30313
102732,1349,787.00,492.00,0,30322
102604,1345,795.00,493.00,0,30331
102474,1341,803.00,493.00,0,30341
102342,1338,795.00,509.00,0,30350
102210,1336,789.00,493.00,0,30359
102082,1335,790.00,509.00,0,30368
101952,1334,789.00,492.00,0,30377
101821,1333,805.00,493.00,0,30386
101693,1331,797.00,493.00,0,30395
101566,1327,796.00,493.00,0,30404
101437,1322,799.00,492.00,0,30413
101305,1317,794.00,492.00,0,30423
101175,1312,817.00,493.00,0,30432
101045,1310,788.00,493.00,0,30441
100913,1309,788.00,509.00,0,30450
100780,1309,790.00,493.00,0,30459
100653,1309,797.00,492.00,0,30468
100525,1307,814.00,492.00,0,30477
100396,1303,802.00,494.00,0,30486
100266,1299,802.00,493.00,0,30495
100139,1293,826.00,510.00,0,30504
100010,1288,815.00,509.00,0,30514
99879,1285,801.00,492.00,0,30523
99751,1284,796.00,509.00,0,30531
99625,1284,797.00,476.00,0,30540
99498,1283,827.00,493.00,0,30548
99370,1281,799.00,492.00,0,30558
99242,1277,801.00,510.00,0,30567
99119,1272,811.00,509.00,0,30575
98992,1267,805.00,493.00,0,30584
98865,1263,803.00,492.00,0,30594
98736,1261,791.00,508.00,0,30602
98610,1259,794.00,493.00,0,30611
98483,1258,805.00,492.00,0,30620
98354,1257,798.00,492.00,0,30628
98228,1253,800.00,493.00,0,30638
98104,1249,797.00,476.00,0,30646
97978,1245,802.00,492.00,0,30655
97852,1241,815.00,509.00,0,30664
97726,1239,800.00,493.00,0,30672
97601,1237,803.00,493.00,0,30682
97474,1235,819.00,509.00,0,30691
97346,1233,801.00,492.00,0,30699
97219,1231,800.00,493.00,0,30708
97094,1227,797.00,493.00,0,30716
96967,1222,799.00,509.00,0,30726
96840,1218,818.00,492.00,0,30735
96713,1215,793.00,493.00,0,30743
96587,1214,791.00,493.00,0,30752
96460,1213,798.00,493.00,0,30761
96332,1212,799.00,509.00,0,30770
96206,1210,809.00,509.00,0,30779
96083,1207,804.00,476.00,0,30788
95958,1202,808.00,508.00,0,30796
95832,1197,826.00,493.00,0,30806
95706,1193,809.00,493.00,0,30814
95581,1191,805.00,493.00,0,30823
95452,1189,805.00,509.00,0,30832
95322,1189,794.00,509.00,0,30840
95196,1189,811.00,510.00,0,30850
95070,1186,797.00,492.00,0,30859
94944,1183,795.00,510.00,0,30867
94818,1178,813.00,493.00,0,30876
94693,1173,803.00,493.00,0,30884
94568,1170,805.00,509.00,0,30894
94441,1168,798.00,509.00,0,30903
94312,1167,801.00,492.00,0,30911
94185,1166,819.00,493.00,0,30920
94060,1164,803.00,493.00,0,30929
93934,1161,800.00,493.00,0,30938
93808,1157,812.00,492.00,0,30947
93682,1153,816.00,510.00,0,30956
93556,1149,806.00,492.00,0,30964
93428,1147,797.00,509.00,0,30973
93300,1145,797.00,509.00,0,30982
93172,1144,825.00,500.00,0,30991
93047,1143,798.00,509.00,0,31000
92920,1140,798.00,509.00,0,31008
92794,1137,805.00,507.00,0,31017
92670,1133,811.00,493.00,0,31027
92546,1130,814.00,508.00,0,31035
92418,1127,799.00,493.00,0,31044
92290,1123,800.00,492.00,0,31053
92164,1121,826.00,492.00,0,31062
92038,1119,802.00,493.00,0,31071
91910,1119,802.00,510.00,0,31079
91784,1117,807.00,509.00,0,31088
91659,1115,817.00,509.00,0,31097
91534,1113,825.00,492.00,0,31106
91408,1110,810.00,493.00,0,31115
91281,1107,803.00,493.00,0,31124
91156,1103,826.00,500.00,0,31132
91030,1101,808.00,492.00,0,31141
90902,1097,804.00,509.00,0,31150
90775,1095,801.00,492.00,0,31159
90650,1093,811.00,509.00,0,31168
90522,1093,817.00,493.00,0,31176
90395,1091,802.00,492.00,0,31185
90268,1089,805.00,509.00,0,31195
90144,1087,823.00,476.00,0,31203
90019,1083,819.00,509.00,0,31212
89893,1080,811.00,493.00,0,31221
89766,1077,812.00,492.00,0,31229
89642,1074,820.00,493.00,0,31239
89516,1072,826.00,505.00,0,31247
89387,1071,808.00,508.00,0,31256
89258,1069,808.00,509.00,0,31265
89132,1068,817.00,509.00,0,31273
89006,1065,812.00,493.00,0,31283
88880,1062,808.00,493.00,0,31292
88754,1059,801.00,492.00,0,31300
88628,1055,815.00,493.00,0,31309
88502,1052,826.00,475.00,0,31318
88374,1051,803.00,493.00,0,31327
88246,1049,803.00,493.00,0,31336
88121,1049,819.00,509.00,0,31344
87996,1047,816.00,508.00,0,31353
87870,1045,821.00,493.00,0,31363
87744,1042,817.00,493.00,0,31371
87621,1039,824.00,493.00,0,31380
87496,1035,827.00,493.00,0,31389
87368,1032,814.00,493.00,0,31397
87240,1029,809.00,493.00,0,31407
87112,1027,818.00,509.00,0,31415
86985,1025,810.00,492.00,0,31424
86857,1024,814.00,476.00,0,31433
86730,1023,801.00,493.00,0,31441
86605,1021,813.00,492.00,0,31451
86479,1019,824.00,493.00,0,31460
86352,1015,817.00,492.00,0,31468
86225,1012,812.00,491.00,0,31477
86100,1009,819.00,509.00,0,31486
85975,1005,815.00,509.00,0,31495
85848,1003,827.00,493.00,0,31504
85722,1001,815.00,508.00,0,31512
85596,1000,815.00,502.00,0,31521
85470,999,826.00,510.00,0,31529
85344,997,816.00,492.00,0,31539
85222,995,814.00,493.00,0,31547
85100,991,815.00,509.00,0,31556
84977,989,811.00,492.00,0,31564
84854,986,827.00,493.00,0,31572
84731,983,803.00,492.00,0,31582
84610,981,812.00,493.00,0,31590
84486,980,826.00,492.00,0,31598
84362,979,805.00,493.00,0,31607
84239,977,805.00,493.00,0,31616
84118,975,823.00,493.00,0,31625
83997,973,820.00,509.00,0,31633
83874,971,827.00,509.00,0,31641
83752,968,819.00,492.00,0,31650
83632,965,823.00,492.00,0,31659
83510,963,826.00,510.00,0,31667
83386,961,819.00,509.00,0,31676
83262,959,817.00,509.00,0,31684
83139,957,826.00,509.00,0,31693
83016,955,820.00,509.00,0,31702
82892,953,816.00,493.00,0,31710
82768,951,810.00,493.00,0,31719
82647,949,819.00,493.00,0,31727
82525,947,826.00,492.00,0,31736
82401,945,805.00,493.00,0,31745
82277,943,807.00,493.00,0,31753
82155,941,825.00,492.00,0,31762
82034,938,822.00,509.00,0,31770
81912,935,820.00,492.00,0,31778
81789,933,823.00,493.00,0,31788
81668,931,826.00,493.00,0,31796
81548,929,826.00,493.00,0,31805
81422,927,813.00,509.00,0,31813
81298,925,810.00,509.00,0,31821
81174,921,826.00,493.00,0,31831
81052,919,811.00,491.00,0,31839
80927,916,806.00,509.00,0,31847
80802,914,810.00,494.00,0,31856
80680,913,815.00,493.00,0,31864
80558,911,817.00,507.00,0,31874
80435,909,810.00,509.00,0,31882
80311,907,807.00,497.00,0,31890
80189,905,827.00,475.00,0,31899
80069,903,818.00,497.00,0,31907
79947,900,817.00,492.00,0,31916
79824,897,826.00,509.00,0,31925
79704,895,825.00,496.00,0,31933
79584,893,825.00,508.00,0,31942
79460,891,826.00,476.00,0,31950
79336,890,820.00,493.00,0,31959
79212,889,822.00,493.00,0,31968
79090,886,818.00,492.00,0,31976
78966,884,815.00,493.00,0,31985
78842,881,826.00,493.00,0,31993
78719,879,815.00,504.00,0,32002
78598,877,819.00,509.00,0,32011
78475,874,826.00,509.00,0,32019
78350,872,819.00,494.00,0,32027
78226,869,809.00,509.00,0,32036
78104,868,813.00,493.00,0,32045
77983,867,822.00,509.00,0,32054
77860,865,824.00,506.00,0,32062
77738,863,820.00,509.00,0,32070
77618,861,825.00,493.00,0,32079
77496,859,826.00,492.00,0,32088
77374,857,821.00,475.00,0,32096
77250,853,813.00,475.00,0,32105
77127,850,825.00,509.00,0,32113
77004,847,820.00,509.00,0,32122
76879,845,814.00,509.00,0,32131
76754,845,810.00,509.00,0,32139
76632,843,817.00,494.00,0,32148
76510,842,825.00,509.00,0,32156
76386,841,814.00,509.00,0,32164
76262,837,809.00,493.00,0,32174
76142,835,826.00,492.00,0,32182
76021,832,819.00,475.00,0,32191
75898,829,820.00,492.00,0,32199
75776,827,823.00,509.00,0,32207
75654,827,826.00,509.00,0,32217
75534,825,827.00,492.00,0,32225
75411,824,824.00,509.00,0,32234
75287,822,819.00,509.00,0,32242
75164,819,826.00,493.00,0,32250
75042,816,820.00,492.00,0,32260
74918,813,808.00,475.00,0,32268
74794,811,818.00,509.00,0,32276
74671,809,821.00,493.00,0,32285
74548,808,824.00,510.00,0,32293
74424,807,806.00,493.00,0,32303
74300,806,810.00,509.00,0,32311
74178,803,826.00,510.00,0,32319
74057,801,820.00,492.00,0,32328
73936,798,820.00,493.00,0,32336
73814,795,826.00,493.00,0,32345
73693,793,826.00,509.00,0,32354
73572,791,826.00,493.00,0,32362
73448,790,827.00,510.00,0,32371
73324,789,825.00,509.00,0,32379
73201,787,827.00,510.00,0,32388
73078,785,826.00,509.00,0,32397
72955,781,817.00,493.00,0,32405
72831,778,826.00,509.00,0,32413
72708,775,817.00,492.00,0,32422
72586,773,818.00,493.00,0,32431
72462,773,821.00,509.00,0,32440
72337,771,813.00,492.00,0,32448
72214,771,817.00,508.00,0,32456
72092,769,815.00,509.00,0,32465
71971,767,819.00,493.00,0,32474
71850,765,826.00,509.00,0,32482
71729,762,824.00,493.00,0,32491
71609,760,827.00,493.00,0,32499
71487,758,827.00,510.00,0,32508
71362,756,823.00,509.00,0,32517
71239,754,824.00,509.00,0,32525
71116,753,826.00,509.00,0,32534
70992,751,820.00,492.00,0,32542
70868,749,826.00,493.00,0,32551
70744,747,818.00,492.00,0,32560
70624,745,826.00,509.00,0,32568
70501,743,826.00,475.00,0,32577
70377,741,816.00,493.00,0,32585
70253,739,814.00,508.00,0,32593
70132,737,826.00,492.00,0,32603
70009,735,821.00,493.00,0,32611
69887,733,827.00,509.00,0,32620
69764,731,824.00,492.00,0,32628
69644,730,826.00,511.00,0,32636
69523,729,827.00,493.00,0,32646
69399,727,819.00,492.00,0,32654
69276,725,822.00,492.00,0,32662
69154,723,826.00,509.00,0,32671
69032,721,826.00,492.00,0,32679
68908,717,822.00,492.00,0,32689
68784,715,825.00,509.00,0,32697
68662,713,827.00,493.00,0,32705
68540,712,826.00,494.00,0,32714
68416,711,822.00,492.00,0,32722
68290,709,812.00,492.00,0,32731
68168,708,826.00,493.00,0,32740
68046,706,823.00,492.00,0,32748
67922,704,817.00,492.00,0,32757
67801,701,826.00,493.00,0,32765
67680,699,827.00,492.00,0,32774
67560,698,826.00,493.00,0,32783
67436,696,827.00,509.00,0,32791
67312,694,822.00,492.00,0,32800
67190,692,826.00,476.00,0,32808
67067,690,822.00,510.00,0,32817
66943,688,819.00,509.00,0,32826
66818,686,826.00,492.00,0,32834
66695,685,825.00,493.00,0,32842
66574,683,826.00,509.00,0,32851
66451,681,825.00,492.00,0,32860
66326,679,821.00,493.00,0,32869
66204,677,826.00,493.00,0,32877
66083,675,824.00,493.00,0,32885
65960,673,822.00,476.00,0,32894
65838,671,826.00,493.00,0,32903
65716,670,826.00,493.00,0,32911
65596,669,826.00,492.00,0,32920
65474,668,827.00,509.00,0,32928
65350,665,826.00,507.00,0,32937
65227,663,826.00,492.00,0,32946
65105,660,824.00,475.00,0,32954
64982,657,824.00,509.00,0,32963
64856,655,826.00,476.00,0,32971
64733,655,820.00,502.00,0,32979
64610,654,824.00,492.00,0,32989
64488,653,826.00,504.00,0,32997
64364,652,822.00,493.00,0,33006
64240,649,820.00,509.00,0,33014
64120,647,826.00,494.00,0,33022
63998,643,826.00,493.00,0,33032
63876,641,826.00,493.00,0,33040
63754,638,825.00,508.00,0,33048
63632,637,825.00,492.00,0,33057
63510,637,826.00,509.00,0,33065
63386,637,823.00,509.00,0,33075
63262,635,821.00,525.00,0,33083
63141,633,827.00,493.00,0,33091
63018,630,826.00,509.00,0,33100
62895,627,824.00,493.00,0,33108
62772,625,826.00,475.00,0,33118
62650,623,826.00,493.00,0,33126
62527,621,826.00,492.00,0,33134
62402,621,817.00,493.00,0,33143
62278,619,817.00,493.00,0,33152
62155,617,826.00,492.00,0,33160
62032,615,824.00,509.00,0,33169
61910,613,826.00,510.00,0,33177
61788,611,827.00,510.00,0,33186
61668,609,826.00,475.00,0,33195
61547,609,826.00,493.00,0,33203
61424,608,825.00,509.00,0,33212
61300,607,824.00,509.00,0,33220
61178,605,827.00,509.00,0,33228
61056,603,826.00,492.00,0,33238
60932,600,827.00,509.00,0,33246
60809,598,826.00,509.00,0,33255
60687,596,825.00,475.00,0,33263
60566,595,826.00,509.00,0,33271
60443,593,826.00,509.00,0,33281
60318,591,823.00,493.00,0,33289
60194,589,826.00,509.00,0,33297
60072,588,826.00,510.00,0,33306
59949,586,824.00,509.00,0,33314
59826,585,827.00,493.00,0,33324
59704,583,826.00,509.00,0,33332
59584,583,826.00,492.00,0,33340
59462,581,827.00,492.00,0,33349
59338,579,825.00,492.00,0,33357
59214,577,827.00,509.00,0,33367
59092,573,825.00,492.00,0,33375
58969,571,824.00,492.00,0,33383
58845,569,826.00,493.00,0,33392
58722,567,826.00,509.00,0,33400
58600,567,825.00,493.00,0,33409
58476,565,826.00,492.00,0,33418
58351,564,822.00,492.00,0,33426
58228,562,821.00,492.00,0,33435
58106,559,826.00,493.00,0,33443
57984,557,824.00,493.00,0,33452
57860,555,826.00,492.00,0,33461
57739,554,826.00,510.00,0,33469
57618,553,826.00,492.00,0,33477
57497,553,826.00,509.00,0,33486
57374,551,826.00,492.00,0,33495
57251,549,822.00,476.00,0,33504
57129,547,826.00,509.00,0,33512
57006,543,827.00,493.00,0,33520
56882,541,827.00,492.00,0,33529
56758,539,822.00,492.00,0,33538
56638,538,826.00,509.00,0,33546
56515,538,825.00,509.00,0,33555
56390,537,825.00,493.00,0,33563
56266,535,823.00,493.00,0,33572
56145,533,825.00,492.00,0,33581
56023,531,827.00,492.00,0,33589
55900,529,826.00,509.00,0,33598
55778,527,827.00,493.00,0,33606
55657,525,826.00,493.00,0,33614
55536,524,826.00,509.00,0,33624
55412,523,827.00,509.00,0,33632
55287,521,825.00,509.00,0,33641
55164,519,825.00,493.00,0,33649
55041,517,826.00,491.00,0,33657
54917,515,817.00,492.00,0,33667
54792,513,826.00,475.00,0,33675
54672,511,827.00,509.00,0,33684
54549,511,826.00,507.00,0,33692
54426,509,824.00,509.00,0,33700
54302,507,823.00,509.00,0,33710
54180,505,825.00,493.00,0,33718
54058,503,826.00,493.00,0,33726
53936,500,822.00,508.00,0,33735
53813,498,826.00,476.00,0,33743
53692,497,826.00,509.00,0,33753
53570,497,826.00,492.00,0,33761
53448,497,827.00,509.00,0,33769
53324,495,827.00,509.00,0,33778
53202,493,826.00,510.00,0,33786
53081,491,826.00,493.00,0,33795
52958,488,827.00,509.00,0,33804
52834,486,827.00,493.00,0,33812
52712,485,826.00,492.00,0,33821
52591,484,826.00,509.00,0,33829
52468,483,826.00,509.00,0,33838
52344,481,827.00,493.00,0,33847
52220,479,826.00,493.00,0,33855
52098,477,826.00,509.00,0,33863
51974,475,826.00,508.00,0,33872
51851,473,827.00,508.00,0,33881
51728,471,826.00,493.00,0,33890
51608,471,824.00,509.00,0,33898
51485,471,826.00,493.00,0,33906
51361,469,826.00,492.00,0,33915
51238,468,826.00,509.00,0,33924
51116,465,826.00,509.00,0,33933
50994,463,826.00,509.00,0,33941
50870,461,827.00,510.00,0,33949
50748,459,825.00,492.00,0,33958
50627,458,826.00,493.00,0,33967
50505,457,827.00,507.00,0,33975
50380,456,826.00,493.00,0,33984
50256,455,823.00,496.00,0,33992
50134,452,826.00,494.00,0,34001
50011,450,826.00,492.00,0,34010
49888,449,827.00,497.00,0,34018
49766,447,826.00,507.00,0,34027
49646,447,826.00,492.00,0,34035
49524,446,826.00,493.00,0,34043
49401,445,825.00,492.00,0,34053
49277,443,826.00,509.00,0,34061
49156,441,826.00,509.00,0,34070
49033,438,825.00,492.00,0,34078
48910,435,827.00,508.00,0,34086
48786,433,826.00,509.00,0,34096
48664,432,826.00,492.00,0,34104
48542,431,827.00,493.00,0,34112
48418,431,826.00,500.00,0,34121
48292,430,824.00,493.00,0,34129
48170,428,826.00,502.00,0,34139
48048,425,826.00,494.00,0,34147
47924,423,826.00,509.00,0,34155
47801,421,826.00,494.00,0,34164
47680,419,826.00,493.00,0,34172
47558,419,826.00,505.00,0,34182
47436,419,826.00,475.00,0,34190
47312,417,826.00,476.00,0,34198
47188,415,827.00,486.00,0,34207
47067,413,826.00,493.00,0,34215
46943,411,824.00,495.00,0,34224
46820,409,826.00,492.00,0,34233
46698,407,826.00,493.00,0,34241
46576,405,826.00,510.00,0,34250
46454,405,825.00,492.00,0,34258
46328,404,827.00,493.00,0,34267
46205,403,827.00,509.00,0,34276
46083,401,826.00,476.00,0,34284
45960,399,827.00,509.00,0,34292
45838,397,826.00,492.00,0,34301
45716,397,826.00,508.00,0,34310
45596,395,826.00,493.00,0,34319
45475,395,826.00,509.00,0,34327
45352,393,826.00,510.00,0,34335
45228,391,826.00,493.00,0,34344
45108,389,826.00,510.00,0,34353
44984,385,826.00,493.00,0,34361
44860,383,827.00,492.00,0,34370
44736,382,826.00,509.00,0,34378
44615,381,827.00,493.00,0,34387
44491,381,826.00,493.00,0,34396
44366,381,827.00,493.00,0,34404
44242,379,826.00,494.00,0,34413
44120,377,826.00,509.00,0,34421
43998,375,826.00,493.00,0,34429
43874,373,826.00,475.00,0,34439
43753,371,827.00,508.00,0,34447
43633,371,826.00,493.00,0,34456
43512,370,826.00,509.00,0,34464
43389,369,826.00,493.00,0,34472
43264,367,827.00,493.00,0,34482
43142,365,826.00,493.00,0,34490
43020,363,826.00,493.00,0,34499
42896,360,826.00,492.00,0,34507
42772,359,826.00,493.00,0,34515
42650,358,827.00,493.00,0,34525
42528,357,826.00,493.00,0,34533
42404,357,827.00,493.00,0,34541
42279,355,827.00,509.00,0,34550
42156,353,827.00,493.00,0,34558
42035,351,827.00,509.00,0,34568
41912,349,826.00,491.00,0,34576
41790,348,826.00,493.00,0,34584
41670,347,826.00,492.00,0,34593
41548,347,827.00,509.00,0,34601
41426,347,826.00,493.00,0,34610
41302,345,826.00,493.00,0,34619
41180,343,827.00,493.00,0,34627
41058,340,826.00,493.00,0,34636
40934,337,827.00,509.00,0,34644
40810,335,827.00,509.00,0,34653
40688,335,827.00,476.00,0,34662
40566,335,827.00,510.00,0,34670
40442,335,826.00,509.00,0,34678
40318,333,826.00,509.00,0,34688
40194,331,826.00,493.00,0,34696
40072,329,827.00,493.00,0,34705
39949,327,826.00,509.00,0,34713
39826,325,827.00,509.00,0,34721
39706,324,826.00,492.00,0,34731
39586,324,826.00,475.00,0,34739
39464,323,826.00,493.00,0,34748
39339,322,826.00,509.00,0,34756
39216,320,827.00,509.00,0,34764
39093,317,826.00,493.00,0,34774
38970,315,826.00,509.00,0,34782
38846,313,826.00,493.00,0,34790
38722,313,826.00,509.00,0,34799
38601,312,827.00,510.00,0,34807
38478,312,826.00,509.00,0,34817
38354,311,826.00,492.00,0,34825
38230,309,826.00,493.00,0,34833
38108,307,826.00,509.00,0,34842
37985,303,826.00,493.00,0,34850
37862,302,826.00,493.00,0,34859
37741,301,826.00,492.00,0,34868
37622,301,826.00,493.00,0,34876
37500,301,827.00,476.00,0,34885
37378,301,826.00,492.00,0,34893
37254,299,827.00,509.00,0,34902
37132,296,826.00,510.00,0,34911
37009,293,826.00,492.00,0,34919
36884,291,827.00,493.00,0,34927
36761,290,826.00,508.00,0,34936
36640,289,827.00,509.00,0,34945
36517,289,826.00,492.00,0,34954
36392,289,826.00,493.00,0,34962
36268,288,827.00,493.00,0,34970
36146,285,826.00,493.00,0,34979
36024,283,826.00,492.00,0,34988
35902,281,826.00,493.00,0,34996
35779,281,826.00,493.00,0,35005
35659,281,826.00,509.00,0,35013
35538,281,826.00,493.00,0,35022
35416,280,826.00,507.00,0,35031
35292,278,826.00,492.00,0,35039
35170,275,827.00,492.00,0,35048
35048,273,826.00,509.00,0,35056
34922,270,827.00,493.00,0,35065
34798,269,825.00,494.00,0,35074
34676,268,826.00,500.00,0,35082
34554,268,827.00,493.00,0,35091
34430,268,826.00,493.00,0,35099
34305,267,827.00,499.00,0,35107
34182,265,826.00,492.00,0,35117
34059,263,827.00,492.00,0,35125
33936,261,827.00,506.00,0,35134
33814,260,826.00,509.00,0,35142
33694,260,826.00,493.00,0,35150
33575,260,826.00,507.00,0,35160
33454,259,826.00,492.00,0,35168
33330,259,826.00,498.00,0,35176
33208,256,827.00,475.00,0,35185
33087,253,826.00,508.00,0,35193
32963,251,827.00,493.00,0,35203
32838,249,826.00,510.00,0,35211
32715,248,826.00,496.00,0,35219
32594,248,826.00,501.00,0,35228
32470,248,826.00,493.00,0,35236
32344,247,827.00,509.00,0,35245
32219,245,827.00,500.00,0,35254
32097,243,826.00,509.00,0,35262
31974,241,826.00,493.00,0,35271
31850,239,825.00,492.00,0,35279
31729,239,826.00,493.00,0,35288
31610,239,826.00,491.00,0,35297
31488,239,827.00,493.00,0,35305
31365,239,827.00,509.00,0,35314
31242,237,826.00,493.00,0,35322
31120,233,826.00,493.00,0,35331
30998,231,826.00,509.00,0,35340
30874,229,826.00,476.00,0,35348
30751,229,826.00,476.00,0,35356
30630,229,826.00,493.00,0,35365
30508,229,826.00,492.00,0,35374
30383,228,827.00,493.00,0,35383
30258,226,826.00,509.00,0,35391
30136,223,826.00,509.00,0,35399
30013,221,827.00,509.00,0,35408
29890,220,826.00,493.00,0,35417
29768,219,827.00,509.00,0,35425
29648,219,826.00,493.00,0,35434
29526,219,826.00,509.00,0,35442
29404,219,827.00,509.00,0,35451
29280,217,826.00,508.00,0,35460
29158,215,826.00,510.00,0,35468
29034,213,826.00,509.00,0,35477
28910,211,826.00,492.00,0,35485
28787,209,826.00,509.00,0,35493
28666,209,826.00,493.00,0,35503
28544,209,826.00,510.00,0,35511
28420,209,826.00,509.00,0,35520
28296,207,826.00,509.00,0,35528
28172,205,826.00,509.00,0,35536
28050,203,827.00,509.00,0,35546
27926,201,826.00,492.00,0,35554
27804,199,827.00,509.00,0,35563
27683,199,826.00,492.00,0,35571
27563,199,826.00,475.00,0,35579
27442,199,827.00,509.00,0,35589
27317,199,826.00,493.00,0,35597
27193,196,826.00,509.00,0,35605
27070,193,827.00,509.00,0,35614
26946,191,826.00,493.00,0,35622
26822,189,826.00,493.00,0,35632
26700,189,826.00,508.00,0,35640
26578,189,827.00,493.00,0,35648
26456,189,826.00,510.00,0,35657
26331,189,826.00,509.00,0,35665
26208,187,826.00,509.00,0,35674
26086,184,826.00,475.00,0,35683
25963,182,827.00,509.00,0,35691
25840,181,826.00,509.00,0,35700
25720,181,826.00,493.00,0,35708
25600,181,826.00,493.00,0,35717
25480,181,826.00,493.00,0,35726
25358,181,826.00,510.00,0,35734
25234,179,827.00,509.00,0,35742
25110,175,826.00,492.00,0,35751
24986,173,826.00,509.00,0,35760
24862,173,826.00,509.00,0,35769
24739,172,825.00,509.00,0,35777
24619,172,826.00,493.00,0,35785
24496,172,826.00,509.00,0,35794
24372,172,826.00,493.00,0,35803
24248,170,826.00,493.00,0,35812
24125,167,825.00,476.00,0,35820
24002,164,827.00,493.00,0,35828
23880,164,826.00,493.00,0,35837
23758,164,826.00,492.00,0,35846
23639,164,826.00,492.00,0,35854
23518,164,826.00,493.00,0,35863
23396,164,826.00,493.00,0,35871
23272,162,826.00,475.00,0,35880
23148,158,826.00,492.00,0,35889
23024,156,826.00,492.00,0,35897
22899,154,826.00,493.00,0,35906
22775,154,825.00,492.00,0,35914
22653,154,827.00,509.00,0,35922
22532,155,826.00,492.00,0,35932
22407,155,826.00,493.00,0,35940
22282,154,827.00,492.00,0,35949
22160,151,826.00,492.00,0,35957
22037,149,827.00,509.00,0,35965
21914,148,826.00,509.00,0,35975
21793,148,826.00,476.00,0,35983
21673,148,826.00,493.00,0,35991
21555,148,826.00,493.00,0,36000
21434,148,827.00,509.00,0,36008
21310,146,826.00,509.00,0,36018
21186,144,826.00,509.00,0,36026
21064,140,826.00,476.00,0,36034
20938,138,827.00,493.00,0,36043
20814,138,826.00,476.00,0,36051
20693,138,827.00,506.00,0,36060
20571,138,825.00,492.00,0,36069
20448,138,826.00,501.00,0,36077
20322,138,827.00,509.00,0,36086
20198,135,825.00,492.00,0,36094
20076,132,827.00,510.00,0,36103
19952,131,826.00,509.00,0,36112
19830,130,826.00,493.00,0,36120
19710,130,827.00,493.00,0,36129
19591,130,825.00,492.00,0,36137
19470,130,827.00,509.00,0,36146
19346,129,826.00,495.00,0,36155
19222,127,826.00,497.00,0,36163
19100,124,826.00,504.00,0,36171
18974,123,826.00,492.00,0,36180
18850,121,827.00,509.00,0,36189
18727,121,826.00,492.00,0,36198
18608,121,826.00,495.00,0,36206
18486,121,826.00,509.00,0,36214
18360,121,826.00,502.00,0,36224
18236,118,826.00,493.00,0,36232
18114,116,826.00,509.00,0,36240
17990,114,827.00,493.00,0,36249
17868,114,826.00,491.00,0,36257
17748,114,826.00,507.00,0,36267
17630,115,826.00,509.00,0,36275
17509,115,827.00,509.00,0,36283
17385,115,826.00,508.00,0,36292
17260,113,826.00,509.00,0,36300
17136,111,827.00,509.00,0,36308
17012,109,826.00,509.00,0,36318
16886,107,827.00,493.00,0,36326
16762,107,826.00,509.00,0,36335
16642,107,826.00,509.00,0,36343
16522,107,826.00,476.00,0,36352
16398,107,826.00,509.00,0,36361
16274,106,826.00,493.00,0,36369
16151,103,826.00,509.00,0,36378
16028,101,826.00,509.00,0,36386
15904,100,826.00,509.00,0,36395
15785,100,827.00,493.00,0,36404
15667,100,826.00,476.00,0,36412
15547,100,827.00,493.00,0,36420
15422,100,827.00,493.00,0,36429
15300,99,826.00,493.00,0,36438
15178,96,827.00,510.00,0,36446
15056,93,826.00,493.00,0,36454
14934,92,826.00,492.00,0,36462
14814,92,826.00,492.00,0,36470
14697,92,826.00,475.00,0,36480
14582,92,825.00,492.00,0,36488
14464,92,825.00,492.00,0,36496
14343,91,827.00,492.00,0,36504
14223,88,826.00,492.00,0,36512
14104,86,826.00,493.00,0,36520
13986,84,827.00,493.00,0,36529
13867,84,826.00,492.00,0,36537
13752,84,827.00,475.00,0,36546
13638,84,826.00,492.00,0,36554
13519,84,827.00,493.00,0,36562
13397,84,827.00,509.00,0,36571
13274,81,826.00,510.00,0,36579
13152,78,826.00,509.00,0,36587
13030,76,826.00,509.00,0,36595
12908,76,827.00,510.00,0,36603
12789,76,826.00,492.00,0,36613
12674,76,826.00,492.00,0,36621
12558,78,826.00,493.00,0,36629
12442,78,826.00,504.00,0,36637
12321,78,827.00,509.00,0,36645
12202,75,826.00,493.00,0,36654
12084,73,826.00,475.00,0,36662
11966,72,826.00,493.00,0,36670
11848,72,826.00,508.00,0,36679
11734,73,826.00,509.00,0,36687
11618,74,826.00,493.00,0,36696
11496,74,828.00,510.00,0,36704
11372,73,826.00,509.00,0,36712
11246,71,826.00,509.00,0,36720
11124,69,826.00,509.00,0,36728
11000,67,827.00,509.00,0,36737
10880,67,826.00,510.00,0,36746
10762,67,826.00,492.00,0,36754
10648,69,826.00,493.00,0,36762
10535,69,826.00,491.00,0,36770
10419,69,826.00,492.00,0,36779
10300,68,827.00,492.00,0,36787
10182,65,826.00,476.00,0,36795
10064,62,826.00,476.00,0,36803
9946,62,827.00,492.00,0,36811
9835,62,826.00,492.00,0,36819
9721,62,826.00,492.00,0,36828
9607,63,826.00,492.00,0,36836
9488,63,826.00,509.00,0,36844
9366,62,826.00,509.00,0,36852
9244,60,826.00,493.00,0,36859
9126,57,826.00,506.00,0,36868
9007,55,827.00,509.00,0,36876
8890,55,826.00,493.00,0,36884
8778,55,826.00,509.00,0,36892
8670,57,826.00,459.00,0,36900
8560,57,826.00,505.00,0,36909
8446,57,826.00,509.00,0,36917
8330,56,827.00,509.00,0,36924
8214,53,826.00,492.00,0,36932
8098,51,827.00,493.00,0,36940
7984,49,827.00,480.00,0,36948
7870,49,826.00,493.00,0,36957
7758,49,827.00,492.00,0,36965
7647,50,826.00,492.00,0,36973
7529,51,826.00,509.00,0,36981
7408,51,826.00,493.00,0,36988
7288,50,826.00,526.00,0,36997
7168,47,827.00,493.00,0,37005
7050,45,826.00,492.00,0,37013
6934,45,827.00,492.00,0,37021
6820,45,826.00,492.00,0,37029
6714,46,826.00,493.00,0,37038
6604,47,826.00,492.00,0,37046
6488,49,826.00,493.00,0,37053
6370,49,827.00,509.00,0,37061
6250,47,827.00,509.00,0,37069
6133,44,826.00,510.00,0,37078
6016,42,827.00,493.00,0,37086
5902,41,825.00,492.00,0,37094
5792,41,826.00,501.00,0,37102
5684,41,825.00,492.00,0,37110
5570,43,826.00,509.00,0,37117
5450,43,826.00,509.00,0,37126
5330,42,826.00,493.00,0,37134
5210,40,827.00,493.00,0,37142
5092,38,826.00,509.00,0,37150
4977,36,826.00,509.00,0,37158
4866,36,827.00,493.00,0,37167
4758,37,825.00,508.00,0,37174
4648,38,827.00,476.00,0,37182
4530,39,826.00,509.00,0,37190
4410,39,826.00,493.00,0,37198
4288,37,827.00,492.00,0,37207
4169,35,826.00,492.00,0,37215
4051,32,826.00,493.00,0,37223
3937,31,826.00,508.00,0,37231
3826,31,825.00,509.00,0,37238
3719,33,826.00,493.00,0,37246
3608,34,826.00,509.00,0,37255
3491,35,826.00,509.00,0,37263
3370,35,827.00,493.00,0,37271
3250,34,826.00,510.00,0,37279
3134,31,826.00,493.00,0,37287
3020,29,825.00,509.00,0,37296
2909,29,826.00,504.00,0,37303
2801,29,827.00,492.00,0,37311
2688,31,826.00,493.00,0,37319
2572,33,827.00,509.00,0,37327
2453,34,826.00,494.00,0,37336
2332,34,826.00,509.00,0,37344
2212,32,826.00,475.00,0,37352
2093,28,826.00,509.00,0,37360
1976,26,827.00,509.00,0,37367
1865,24,827.00,492.00,0,37376
1758,24,826.00,493.00,0,37384
1649,24,826.00,493.00,0,37392
1532,26,826.00,509.00,0,37400
1412,27,826.00,526.00,0,37408
1290,27,826.00,493.00,0,37416
1173,25,826.00,509.00,0,37424
1058,23,826.00,492.00,0,37432
947,21,827.00,493.00,0,37440
844,21,827.00,493.00,0,37448
737,22,825.00,493.00,0,37455
626,24,826.00,475.00,0,37464
510,26,826.00,492.00,0,37471
394,27,826.00,509.00,0,37479
277,27,826.00,509.00,0,37487
160,24,826.00,493.00,0,37494
47,20,826.00,476.00,0,37502
-48,17,0.00,475.00,0,37510
-80,14,0.00,408.00,0,37517
-49,13,0.00,358.00,0,37524
28,13,799.00,342.00,0,37531
111,15,796.00,341.00,0,37539
197,17,415.00,341.00,0,37548
295,20,625.00,325.00,0,37555
401,21,761.00,325.00,0,37563
507,23,709.00,307.00,0,37570
617,23,790.00,308.00,0,37578
727,23,795.00,325.00,0,37586
842,22,812.00,325.00,0,37594
959,20,814.00,308.00,0,37602
1075,18,812.00,325.00,0,37610
1191,16,809.00,308.00,0,37618
1303,16,796.00,325.00,0,37626
1411,17,692.00,324.00,0,37634
1521,19,545.00,308.00,0,37642
1636,22,793.00,342.00,0,37650
1753,23,799.00,325.00,0,37658
1872,23,810.00,325.00,0,37666
1992,21,801.00,325.00,0,37675
2111,18,814.00,308.00,0,37683
2224,16,800.00,308.00,0,37690
2333,16,614.00,325.00,0,37698
2443,17,699.00,325.00,0,37706
2559,20,754.00,309.00,0,37714
2674,23,733.00,308.00,0,37723
2791,24,804.00,308.00,0,37731
2911,24,807.00,324.00,0,37739
3031,22,820.00,325.00,0,37747
3147,19,826.00,317.00,0,37754
3257,17,826.00,324.00,0,37763
3362,17,826.00,342.00,0,37771
3461,19,825.00,324.00,0,37779
3553,23,827.00,358.00,0,37787
3642,25,825.00,341.00,0,37795
3729,26,825.00,341.00,0,37804
3816,26,825.00,341.00,0,37812
3903,24,826.00,325.00,0,37819
3990,21,826.00,358.00,0,37827
4074,20,826.00,344.00,0,37835
4153,19,826.00,341.00,0,37843
4225,20,826.00,342.00,0,37852
4292,23,826.00,358.00,0,37860
4353,25,826.00,357.00,0,37868
4409,26,826.00,374.00,0,37876
4460,26,825.00,375.00,0,37883
4507,26,825.00,375.00,0,37892
4550,26,826.00,375.00,0,37900
4591,25,826.00,375.00,0,37908
4629,25,826.00,375.00,0,37916
4666,25,826.00,375.00,0,37924
4703,25,825.00,374.00,0,37933
4741,25,825.00,375.00,0,37940
4779,25,825.00,376.00,0,37948
4818,24,825.00,375.00,0,37956
4858,23,826.00,375.00,0,37964
4897,23,826.00,375.00,0,37972
4936,23,826.00,391.00,0,37981
4973,23,825.00,375.00,0,37989
5007,23,826.00,391.00,0,37997
5039,23,825.00,391.00,0,38004
5069,23,826.00,375.00,0,38012
5093,23,826.00,391.00,0,38021
5113,23,825.00,391.00,0,38029
5131,23,825.00,408.00,0,38037
5142,23,826.00,391.00,0,38045
5149,23,826.00,408.00,0,38053
5153,23,826.00,408.00,0,38062
5152,23,825.00,408.00,0,38069
5147,23,826.00,408.00,0,38077
5138,23,826.00,409.00,0,38085
5128,23,826.00,425.00,0,38093
5114,23,826.00,425.00,0,38102
5098,23,826.00,425.00,0,38110
5082,23,826.00,408.00,0,38118
5065,23,826.00,425.00,0,38126
5048,23,825.00,425.00,0,38133
5031,23,826.00,425.00,0,38141
5016,23,825.00,408.00,0,38150
5000,23,825.00,409.00,0,38158
4987,23,826.00,408.00,0,38166
4976,23,826.00,408.00,0,38174
4966,23,825.00,408.00,0,38182
4960,23,825.00,408.00,0,38190
4954,23,825.00,408.00,0,38198
4952,23,826.00,408.00,0,38206
4951,23,826.00,409.00,0,38214
4952,23,826.00,409.00,0,38222
4955,23,825.00,408.00,0,38231
4961,23,826.00,408.00,0,38239
4967,23,825.00,391.00,0,38247
4973,23,825.00,391.00,0,38254
4981,23,826.00,408.00,0,38262
4989,23,825.00,408.00,0,38270
4997,23,825.00,408.00,0,38279
5005,23,825.00,408.00,0,38287
5011,23,826.00,408.00,0,38295
5017,23,825.00,408.00,0,38303
5023,23,825.00,408.00,0,38311
5027,23,825.00,408.00,0,38319
5029,23,825.00,408.00,0,38327
5031,23,825.00,408.00,0,38335
5031,23,826.00,408.00,0,38343
5031,23,826.00,408.00,0,38351
5029,23,826.00,408.00,0,38360
5027,23,826.00,425.00,0,38368
5024,23,825.00,408.00,0,38376
5021,23,825.00,408.00,0,38383
5017,23,826.00,408.00,0,38391
5014,23,826.00,409.00,0,38400
5010,23,826.00,408.00,0,38408
5008,23,825.00,408.00,0,38416
5006,23,826.00,408.00,0,38424
5004,23,825.00,408.00,0,38432
5002,23,825.00,408.00,0,38439
5002,23,825.00,408.00,0,38448
5002,23,826.00,408.00,0,38456
5002,23,826.00,409.00,0,38464
5003,23,825.00,408.00,0,38472
5004,23,826.00,409.00,0,38480
5006,23,827.00,391.00,0,38489
5006,23,826.00,408.00,0,38497
5007,23,825.00,408.00,0,38504
5008,23,826.00,408.00,0,38512
5008,23,826.00,409.00,0,38520
5008,23,825.00,409.00,0,38529
5008,23,826.00,408.00,0,38537
5009,23,826.00,396.00,0,38545
5009,23,825.00,408.00,0,38553
5009,23,826.00,408.00,0,38561
5009,23,825.00,408.00,0,38568
5009,23,825.00,408.00,0,38577
5009,23,825.00,408.00,0,38585
5009,23,826.00,408.00,0,38593
5009,23,825.00,409.00,0,38601
5009,23,826.00,408.00,0,38609
5009,23,825.00,408.00,0,38618
5009,23,825.00,408.00,0,38626
5009,23,825.00,408.00,0,38633
5009,23,826.00,408.00,0,38641
5009,23,826.00,408.00,0,38649
5009,23,826.00,408.00,0,38658
5009,23,826.00,408.00,0,38666
5009,23,825.00,408.00,0,38674
5009,23,826.00,408.00,0,38682
5009,23,825.00,408.00,0,38689
5009,23,825.00,408.00,0,38697
5009,23,826.00,408.00,0,38706
5009,23,826.00,408.00,0,38714
5009,23,826.00,408.00,0,38722
5009,23,826.00,408.00,0,38730
5009,23,826.00,408.00,0,38738
5009,23,826.00,408.00,0,38747
5009,23,825.00,408.00,0,38754
5009,23,826.00,408.00,0,38762
5009,23,825.00,409.00,0,38770
5009,23,826.00,408.00,0,38778
5009,23,826.00,409.00,0,38787
5009,23,826.00,408.00,0,38795
5009,23,826.00,408.00,0,38803
5009,23,825.00,408.00,0,38811
5009,23,825.00,408.00,0,38818
5009,23,825.00,409.00,0,38827
5009,23,826.00,409.00,0,38835
5009,23,826.00,408.00,0,38843
5009,23,825.00,408.00,0,38851
5009,23,826.00,408.00,0,38859
5009,23,826.00,408.00,0,38867
5009,23,825.00,408.00,0,38876
5009,23,825.00,408.00,0,38883
5009,23,826.00,408.00,0,38891
5009,23,826.00,408.00,0,38899
5009,23,825.00,408.00,0,38907
5009,23,825.00,408.00,0,38916
5009,23,826.00,408.00,0,38924
5009,23,826.00,409.00,0,38932
5009,23,825.00,408.00,0,38939
5009,23,825.00,408.00,0,38947
5009,23,825.00,409.00,0,38956
5009,23,826.00,409.00,0,38964
5009,23,825.00,408.00,0,38972
5009,23,826.00,408.00,0,38980
5009,23,826.00,408.00,0,38988
5009,23,826.00,408.00,0,38996
5009,23,825.00,408.00,0,39004
5009,23,826.00,408.00,0,39012
5009,23,826.00,408.00,0,39020
5009,23,826.00,408.00,0,39028
5009,23,826.00,409.00,0,39036
5009,23,826.00,408.00,0,39045
5009,23,826.00,408.00,0,39053
5009,23,825.00,408.00,0,39061
5009,23,825.00,408.00,0,39068
5009,23,826.00,408.00,0,39076
5009,23,826.00,409.00,0,39085
5009,23,825.00,409.00,0,39093
5009,23,826.00,408.00,0,39101
5009,23,825.00,408.00,0,39109
5009,23,825.00,408.00,0,39117
5009,23,825.00,408.00,0,39126
5009,23,825.00,408.00,0,39133
5009,23,826.00,408.00,0,39141
5009,23,826.00,408.00,0,39149
5009,23,826.00,408.00,0,39157
5009,23,826.00,408.00,0,39165
5009,23,826.00,408.00,0,39174
5009,23,826.00,408.00,0,39182
5009,23,825.00,408.00,0,39189
5009,23,825.00,408.00,0,39197
5009,23,825.00,409.00,0,39205
5009,22,825.00,408.00,0,39214
5009,22,826.00,408.00,0,39222
5009,22,826.00,408.00,0,39230
5009,22,826.00,408.00,0,39238
5009,22,826.00,408.00,0,39246
5009,22,825.00,408.00,0,39254
5009,22,825.00,409.00,0,39262
5009,22,826.00,409.00,0,39270
5009,22,826.00,408.00,0,39278
5009,22,826.00,408.00,0,39286
5009,22,826.00,409.00,0,39294
5009,22,826.00,408.00,0,39303
5009,22,825.00,408.00,0,39311
5009,22,825.00,408.00,0,39318
5009,22,825.00,408.00,0,39326
5009,22,826.00,409.00,0,39334
5009,22,826.00,408.00,0,39343
5009,22,826.00,408.00,0,39351
5009,22,826.00,408.00,0,39359
5009,22,826.00,408.00,0,39367
5009,22,825.00,408.00,0,39375
5009,22,826.00,408.00,0,39383
5009,22,825.00,408.00,0,39391
5009,22,826.00,408.00,0,39399
5009,22,825.00,408.00,0,39407
5009,22,826.00,408.00,0,39415
5009,22,826.00,408.