68785
-15,29,826.00,408.00,0,68793
-15,29,826.00,409.00,0,68801
-15,29,825.00,408.00,0,68808
-15,29,826.00,408.00,0,68816
-15,29,826.00,408.00,0,68824
-15,29,825.00,408.00,0,68832
-15,29,826.00,409.00,0,68840
-15,29,825.00,408.00,0,68847
-15,29,826.00,409.00,0,68855
-15,29,825.00,408.00,0,68864
-15,29,825.00,408.00,0,68871
-15,29,825.00,408.00,0,68879
-15,29,826.00,409.00,0,68886
-15,29,825.00,408.00,0,68894
-15,29,825.00,409.00,0,68902
-15,29,826.00,409.00,0,68910
-15,29,825.00,409.00,0,68918
-15,29,825.00,409.00,0,68926
-15,29,825.00,408.00,0,68933
-15,29,826.00,409.00,0,68941
-15,29,825.00,409.00,0,68948
-15,29,825.00,409.00,0,68957
-15,29,826.00,409.00,0,68965
-15,29,825.00,408.00,0,68972
-15,29,826.00,409.00,0,68980
-15,29,825.00,408.00,0,68987
-15,29,826.00,408.00,0,68996
-15,29,826.00,409.00,0,69004
-15,29,825.00,408.00,0,69011
-15,29,826.00,409.00,0,69019
-15,29,826.00,409.00,0,69027
-15,29,825.00,408.00,0,69035
-15,29,825.00,409.00,0,69043
-15,29,826.00,408.00,0,69050
-15,29,826.00,408.00,0,69058
-15,29,826.00,408.00,0,69066
-15,29,825.00,408.00,0,69073
-15,29,826.00,409.00,0,69082
-15,29,825.00,409.00,0,69089
-15,29,826.00,408.00,0,69097
-15,29,825.00,408.00,0,69105
-15,29,826.00,409.00,0,69112
-15,29,826.00,408.00,0,69121
-15,29,826.00,408.00,0,69129
-15,29,825.00,408.00,0,69136
-15,29,826.00,408.00,0,69144
-15,29,825.00,409.00,0,69151
-15,29,826.00,408.00,0,69159
-15,29,825.00,409.00,0,69168
-15,29,825.00,408.00,0,69175
-15,29,826.00,409.00,0,69183
-15,29,825.00,409.00,0,69190
-15,29,826.00,408.00,0,69198
-15,29,826.00,409.00,0,69207
-15,29,826.00,409.00,0,69214
-15,29,826.00,409.00,0,69222
-15,29,826.00,409.00,0,69230
-15,29,825.00,408.00,0,69237
-15,29,826.00,409.00,0,69245
-15,29,825.00,408.00,0,69253
-15,29,826.00,409.00,0,69261
-15,29,825.00,408.00,0,69269
-15,29,825.00,408.00,0,69276
-15,29,826.00,408.00,0,69284
-15,29,826.00,409.00,0,69293
-15,29,825.00,408.00,0,69300
-15,29,826.00,408.00,0,69308
-15,29,825.00,408.00,0,69315
-15,29,825.00,409.00,0,69323
-15,29,825.00,408.00,0,69331
-15,29,825.00,408.00,0,69339
-15,29,826.00,409.00,0,69347
-15,29,825.00,408.00,0,69354
-15,29,826.00,408.00,0,69362
-15,29,825.00,408.00,0,69370
-15,29,825.00,409.00,0,69378
-15,29,826.00,409.00,0,69386
-15,29,825.00,409.00,0,69394
-15,29,825.00,408.00,0,69401
-15,29,825.00,409.00,0,69409
-15,29,826.00,409.00,0,69416
-15,29,826.00,409.00,0,69425
-15,29,826.00,409.00,0,69433
-15,29,825.00,409.00,0,69440
-15,29,826.00,409.00,0,69448
-15,29,826.00,408.00,0,69455
-15,29,825.00,408.00,0,69464
-15,29,825.00,409.00,0,69472
-15,29,825.00,409.00,0,69479
-15,29,826.00,408.00,0,69487
-15,29,826.00,409.00,0,69495
-15,29,825.00,408.00,0,69502
-15,29,826.00,409.00,0,69511
-15,29,826.00,408.00,0,69518
-15,29,826.00,409.00,0,69526
-15,29,825.00,409.00,0,69534
-15,29,825.00,409.00,0,69541
-15,29,825.00,409.00,0,69550
-15,29,826.00,409.00,0,69557
-15,29,825.00,408.00,0,69565
-15,29,826.00,409.00,0,69573
-15,29,825.00,408.00,0,69580
-15,29,826.00,409.00,0,69588
-15,29,826.00,409.00,0,69597
-15,29,826.00,408.00,0,69604
-15,29,825.00,409.00,0,69612
-15,29,826.00,409.00,0,69619
-15,29,825.00,408.00,0,69627
-15,29,826.00,409.00,0,69636
-15,29,825.00,409.00,0,69643
-15,29,826.00,409.00,0,69651
-15,29,826.00,408.00,0,69659
-15,29,825.00,408.00,0,69666
-15,29,826.00,408.00,0,69675
-15,29,826.00,409.00,0,69682
-15,29,826.00,409.00,0,69690
-15,29,826.00,409.00,0,69698
-15,29,825.00,409.00,0,69705
-15,29,826.00,408.00,0,69713
-15,29,826.00,408.00,0,69721
-15,29,825.00,408.00,0,69729
-15,29,825.00,409.00,0,69737
-15,29,825.00,409.00,0,69744
-15,29,825.00,409.00,0,69752
-15,29,826.00,409.00,0,69761
-15,29,825.00,408.00,0,69768
-15,29,826.00,409.00,0,69776
-15,29,826.00,409.00,0,69783
-15,29,826.00,408.00,0,69791
-15,29,826.00,409.00,0,69799
-15,29,826.00,408.00,0,69807
-15,29,826.00,409.00,0,69815
-15,29,826.00,409.00,0,69822
-15,29,825.00,409.00,0,69830
-15,29,826.00,409.00,0,69838
-15,29,825.00,408.00,0,69846
-15,29,826.00,409.00,0,69854
-15,29,826.00,408.00,0,69862
-15,29,825.00,408.00,0,69869
-15,29,826.00,409.00,0,69877
-15,29,826.00,408.00,0,69884
-15,29,825.00,408.00,0,69893
-15,29,825.00,409.00,0,69901
-15,29,825.00,409.00,0,69908
-15,29,826.00,409.00,0,69916
-15,29,826.00,409.00,0,69924
-15,29,825.00,409.00,0,69932
-15,29,826.00,408.00,0,69940
-15,29,825.00,409.00,0,69947
-15,29,826.00,409.00,0,69955
-15,29,826.00,409.00,0,69963
-15,29,825.00,409.00,0,69970
-15,29,826.00,408.00,0,69979
-15,29,826.00,408.00,0,69986
-15,29,826.00,408.00,0,69994
-15,29,826.00,409.00,0,70002
-15,29,826.00,408.00,0,70009
-15,29,826.00,409.00,0,70018
-15,29,826.00,409.00,0,70026
-15,29,825.00,408.00,0,70033
-15,29,826.00,408.00,0,70041
-15,29,825.00,408.00,0,70048
-15,29,825.00,408.00,0,70056
-15,29,825.00,409.00,0,70065
-15,29,825.00,409.00,0,70072
-15,29,826.00,409.00,0,70080
-15,29,826.00,408.00,0,70087
-15,29,825.00,408.00,0,70095
-15,29,826.00,409.00,0,70104
-15,29,826.00,408.00,0,70111
-15,29,826.00,409.00,0,70119
-15,29,826.00,409.00,0,70127
-15,29,825.00,408.00,0,70134
-15,29,826.00,409.00,0,70142
-15,29,825.00,408.00,0,70150
-15,29,826.00,408.00,0,70158
-15,29,825.00,408.00,0,70166
-15,29,825.00,408.00,0,70173
-15,29,825.00,409.00,0,70181
-15,29,825.00,409.00,0,70189
-15,29,825.00,408.00,0,70197
-15,29,826.00,409.00,0,70205
-15,29,826.00,408.00,0,70212
-15,29,826.00,409.00,0,70220
-15,29,826.00,408.00,0,70228
-15,29,825.00,408.00,0,70236
-15,29,826.00,409.00,0,70244
-15,29,825.00,408.00,0,70251
-15,29,826.00,408.00,0,70259
-15,29,826.00,408.00,0,70267
-15,29,825.00,408.00,0,70275
-15,29,826.00,409.00,0,70283
-15,29,825.00,409.00,0,70291
-15,29,825.00,408.00,0,70298
-15,29,826.00,409.00,0,70306
-15,29,826.00,408.00,0,70313
-15,29,826.00,409.00,0,70322
-15,29,826.00,409.00,0,70330
-15,29,825.00,409.00,0,70337
-15,29,826.00,409.00,0,70345
-15,29,826.00,408.00,0,70352
-15,29,825.00,409.00,0,70361
-15,29,825.00,408.00,0,70369
-15,29,825.00,408.00,0,70376
-15,29,826.00,409.00,0,70384
-15,29,825.00,408.00,0,70392
-15,29,825.00,408.00,0,70400
-15,29,825.00,409.00,0,70408
-15,29,826.00,408.00,0,70415
-15,29,826.00,408.00,0,70423
-15,29,826.00,409.00,0,70431
-15,29,825.00,409.00,0,70438
-15,29,826.00,408.00,0,70447
-15,29,826.00,408.00,0,70454
-15,29,826.00,408.00,0,70462
-15,29,825.00,408.00,0,70470
-15,29,825.00,408.00,0,70477
-15,29,826.00,409.00,0,70486
-15,29,826.00,409.00,0,70494
-15,29,825.00,408.00,0,70501
-15,29,826.00,409.00,0,70509
-15,29,826.00,409.00,0,70516
-15,29,826.00,408.00,0,70524
-15,29,826.00,409.00,0,70533
-15,29,825.00,408.00,0,70540
-15,29,825.00,408.00,0,70548
-15,29,825.00,409.00,0,70555
-15,29,825.00,408.00,0,70563
-15,29,825.00,409.00,0,70572
-15,29,826.00,409.00,0,70579
-15,29,826.00,408.00,0,70587
-15,29,825.00,409.00,0,70595
-15,29,825.00,408.00,0,70602
-15,29,825.00,409.00,0,70610
-15,29,826.00,409.00,0,70618
-15,29,825.00,408.00,0,70626
-15,29,826.00,409.00,0,70634
-15,29,825.00,409.00,0,70641
-15,28,825.00,409.00,0,70649
-15,28,826.00,409.00,0,70658
-15,28,825.00,408.00,0,70665
-15,28,825.00,409.00,0,70673
-15,28,825.00,408.00,0,70680
-15,28,825.00,408.00,0,70688
-15,28,826.00,408.00,0,70696
-15,28,825.00,409.00,0,70704
-15,28,825.00,409.00,0,70712
-15,28,826.00,409.00,0,70719
-15,28,825.00,409.00,0,70727
-15,28,826.00,408.00,0,70735
-15,28,825.00,408.00,0,70743
-15,28,826.00,408.00,0,70751
-15,28,826.00,409.00,0,70759
-15,28,825.00,409.00,0,70766
-15,28,826.00,408.00,0,70774
-15,28,825.00,408.00,0,70781
-15,28,825.00,408.00,0,70790
-15,28,826.00,409.00,0,70798
-15,28,825.00,409.00,0,70805
-15,28,826.00,409.00,0,70813
-15,28,826.00,408.00,0,70820
-15,28,825.00,409.00,0,70829
-15,28,826.00,409.00,0,70837
-15,28,825.00,409.00,0,70844
-15,28,826.00,409.00,0,70852
-15,28,825.00,409.00,0,70860
-15,28,825.00,408.00,0,70867
-15,28,826.00,408.00,0,70876
-15,28,826.00,409.00,0,70883
-15,28,826.00,408.00,0,70891
-15,28,826.00,409.00,0,70899
-15,28,825.00,408.00,0,70906
-15,28,826.00,409.00,0,70915
-15,28,826.00,409.00,0,70923
-15,28,825.00,409.00,0,70930
-15,28,826.00,409.00,0,70938
-15,28,826.00,409.00,0,70945
-15,28,826.00,408.00,0,70953
-15,28,826.00,409.00,0,70962
-15,28,825.00,409.00,0,70969
-15,28,826.00,409.00,0,70977
-15,28,826.00,409.00,0,70984
-15,28,825.00,408.00,0,70992
-15,28,826.00,409.00,0,71001
-15,28,825.00,409.00,0,71008
-15,28,826.00,409.00,0,71016
-15,28,826.00,408.00,0,71024
-15,28,825.00,408.00,0,71031
-15,28,826.00,408.00,0,71040
-15,28,826.00,408.00,0,71047
-15,28,825.00,408.00,0,71055
-15,28,825.00,408.00,0,71063
-15,28,825.00,408.00,0,71070
-15,28,825.00,409.00,0,71078
-15,28,826.00,408.00,0,71086
-15,28,825.00,408.00,0,71094
-15,28,826.00,409.00,0,71102
-15,28,826.00,409.00,0,71109
-15,28,826.00,408.00,0,71117
-15,28,826.00,409.00,0,71126
-15,28,825.00,408.00,0,71133
-15,28,826.00,409.00,0,71141
-15,28,825.00,408.00,0,71148
-15,28,826.00,408.00,0,71156
-15,28,826.00,408.00,0,71164
-15,28,825.00,409.00,0,71172
-15,28,825.00,408.00,0,71180
-15,28,826.00,409.00,0,71187
-15,28,825.00,408.00,0,71195
-15,28,826.00,409.00,0,71203
-15,28,825.00,408.00,0,71211
-15,28,826.00,409.00,0,71219
-15,28,826.00,408.00,0,71227
-15,28,825.00,408.00,0,71234
-15,28,825.00,409.00,0,71242
-15,28,825.00,409.00,0,71249
-15,28,825.00,409.00,0,71258
-15,28,826.00,409.00,0,71266
-15,28,825.00,409.00,0,71273
-15,28,825.00,408.00,0,71281
-15,28,825.00,408.00,0,71289
-15,28,825.00,408.00,0,71297
-15,28,826.00,409.00,0,71305
-15,28,825.00,409.00,0,71312
-15,28,826.00,409.00,0,71320
-15,28,825.00,409.00,0,71328
-15,28,825.00,408.00,0,71335
-15,28,826.00,409.00,0,71344
-15,28,825.00,408.00,0,71351
-15,28,825.00,408.00,0,71359
-15,28,825.00,409.00,0,71367
-15,28,825.00,409.00,0,71374
-15,28,825.00,408.00,0,71383
-15,28,825.00,409.00,0,71391
-15,28,825.00,408.00,0,71398
-15,28,826.00,409.00,0,71406
-15,28,825.00,409.00,0,71413
-15,28,825.00,408.00,0,71421
-15,28,826.00,408.00,0,71430
-15,28,825.00,408.00,0,71437
-15,28,826.00,409.00,0,71445
-15,28,825.00,409.00,0,71452
-15,28,825.00,408.00,0,71460
-15,28,825.00,408.00,0,71469
-15,28,825.00,408.00,0,71476
-15,28,825.00,409.00,0,71484
-15,28,825.00,408.00,0,71492
-15,28,825.00,408.00,0,71499
-15,28,826.00,409.00,0,71507
-15,28,825.00,409.00,0,71515
-15,28,826.00,408.00,0,71523
-15,28,826.00,408.00,0,71531
-15,28,825.00,409.00,0,71538
-15,28,826.00,408.00,0,71546
-15,28,825.00,409.00,0,71554
-15,28,825.00,408.00,0,71562
-15,28,825.00,409.00,0,71570
-15,28,825.00,409.00,0,71577
-15,28,826.00,408.00,0,71585
-15,28,825.00,408.00,0,71593
-15,28,825.00,408.00,0,71601
-15,28,825.00,409.00,0,71609
-15,28,826.00,409.00,0,71616
-15,28,826.00,408.00,0,71624
-15,28,826.00,408.00,0,71632
-15,28,825.00,409.00,0,71640
-15,28,826.00,409.00,0,71648
-15,28,826.00,408.00,0,71656
-15,28,826.00,408.00,0,71663
-15,28,825.00,409.00,0,71671
-15,28,826.00,409.00,0,71678
-15,28,826.00,408.00,0,71687
-15,28,826.00,409.00,0,71695
-15,28,825.00,408.00,0,71702
-15,28,826.00,409.00,0,71710
-15,28,826.00,409.00,0,71717
-15,28,825.00,409.00,0,71726
-15,28,826.00,409.00,0,71734
-15,28,825.00,408.00,0,71741
-15,28,826.00,408.00,0,71749
-15,28,825.00,408.00,0,71757
-15,28,825.00,408.00,0,71764
-15,28,825.00,408.00,0,71773
-15,28,826.00,409.00,0,71780
-15,28,825.00,408.00,0,71788
-15,28,826.00,408.00,0,71796
-15,28,825.00,409.00,0,71803
-15,28,825.00,409.00,0,71812
-15,28,826.00,409.00,0,71819
-15,28,825.00,408.00,0,71827
-15,28,825.00,408.00,0,71835
-15,28,826.00,409.00,0,71842
-15,28,826.00,409.00,0,71851
-15,28,826.00,409.00,0,71859
-15,28,825.00,408.00,0,71866
-15,28,826.00,409.00,0,71874
-15,28,826.00,409.00,0,71881
-15,28,826.00,408.00,0,71889
-15,28,826.00,408.00,0,71898
-15,28,825.00,408.00,0,71905
-15,28,826.00,409.00,0,71913
-15,28,825.00,409.00,0,71921
-15,28,825.00,409.00,0,71928
-15,28,826.00,409.00,0,71937
-15,28,825.00,409.00,0,71944
-15,28,826.00,409.00,0,71952
-15,28,826.00,409.00,0,71960
-15,28,825.00,408.00,0,71967
-15,28,826.00,409.00,0,71975
-15,28,826.00,408.00,0,71983
-15,28,825.00,408.00,0,71991
-15,28,825.00,409.00,0,71999
-15,28,825.00,409.00,0,72006
-15,28,825.00,409.00,0,72014
-15,28,826.00,409.00,0,72023
-15,28,825.00,408.00,0,72030
-15,28,826.00,409.00,0,72038
-15,27,826.00,409.00,0,72045
-15,27,826.00,408.00,0,72053
-15,27,826.00,409.00,0,72061
-15,27,825.00,409.00,0,72069
-15,27,826.00,408.00,0,72077
-15,27,826.00,409.00,0,72084
-15,27,826.00,408.00,0,72092
-15,27,826.00,409.00,0,72100
-15,27,826.00,409.00,0,72108
-15,27,826.00,408.00,0,72116
-15,27,826.00,408.00,0,72124
-15,27,825.00,408.00,0,72131
-15,27,826.00,409.00,0,72139
-15,27,826.00,409.00,0,72146
-15,27,826.00,408.00,0,72155
-15,27,825.00,409.00,0,72163
-15,27,825.00,409.00,0,72170
-15,27,826.00,409.00,0,72178
-15,27,826.00,409.00,0,72185
-15,27,825.00,408.00,0,72194
-15,27,826.00,409.00,0,72202
-15,27,825.00,408.00,0,72209
-15,27,825.00,409.00,0,72217
-15,27,826.00,409.00,0,72225
-15,27,825.00,408.00,0,72232
-15,27,826.00,409.00,0,72241
-15,27,825.00,408.00,0,72248
-15,27,826.00,408.00,0,72256
-15,27,826.00,409.00,0,72264
-15,27,825.00,408.00,0,72271
-15,27,826.00,408.00,0,72280
-15,27,826.00,408.00,0,72288
-15,27,826.00,408.00,0,72295
-15,27,826.00,409.00,0,72303
-15,27,825.00,408.00,0,72310
-15,27,826.00,409.00,0,72318
-15,27,826.00,408.00,0,72327
-15,27,825.00,409.00,0,72334
-15,27,826.00,409.00,0,72342
-15,27,825.00,408.00,0,72349
-15,27,826.00,408.00,0,72357
-15,27,825.00,408.00,0,72366
-15,27,825.00,409.00,0,72373
-15,27,826.00,409.00,0,72381
-15,27,825.00,409.00,0,72389
-15,27,825.00,408.00,0,72396
-15,27,825.00,408.00,0,72404
-15,27,825.00,408.00,0,72412
-15,27,826.00,408.00,0,72420
-15,27,825.00,408.00,0,72428
-15,27,825.00,409.00,0,72435
-15,27,826.00,409.00,0,72443
-15,27,826.00,409.00,0,72451
-15,27,826.00,408.00,0,72459
-15,27,825.00,408.00,0,72467
-15,27,826.00,409.00,0,72474
-15,27,826.00,408.00,0,72482
-15,27,826.00,409.00,0,72491
-15,27,825.00,409.00,0,72498
-15,27,826.00,409.00,0,72506
-15,27,826.00,409.00,0,72513
-15,27,826.00,409.00,0,72521
-15,27,826.00,408.00,0,72529
-15,27,825.00,408.00,0,72537
-15,27,826.00,408.00,0,72545
-15,27,825.00,409.00,0,72552
-15,27,826.00,408.00,0,72560
-15,27,825.00,408.00,0,72568
-15,27,826.00,409.00,0,72576
-15,27,826.00,409.00,0,72584
-15,27,825.00,409.00,0,72592
-15,27,826.00,408.00,0,72599
-15,27,825.00,409.00,0,72607
-15,27,826.00,409.00,0,72614
-15,27,826.00,408.00,0,72623
-15,27,826.00,409.00,0,72631
-15,27,825.00,409.00,0,72638
-15,27,826.00,409.00,0,72646
-15,27,826.00,408.00,0,72654
-15,27,826.00,408.00,0,72662
-15,27,825.00,409.00,0,72670
-15,27,826.00,409.00,0,72677
-15,27,826.00,409.00,0,72685
-15,27,825.00,409.00,0,72693
-15,27,825.00,409.00,0,72700
-15,27,825.00,409.00,0,72709
-15,27,826.00,409.00,0,72716
-15,27,826.00,409.00,0,72724
-15,27,826.00,408.00,0,72732
-15,27,825.00,408.00,0,72739
-15,27,826.00,409.00,0,72748
-15,27,826.00,409.00,0,72756
-15,27,826.00,408.00,0,72763
-15,27,825.00,409.00,0,72771
-15,27,826.00,409.00,0,72778
-15,27,826.00,409.00,0,72786
-15,27,826.00,408.00,0,72795
-15,27,825.00,409.00,0,72802
-15,27,825.00,408.00,0,72810
-15,27,825.00,409.00,0,72817
-15,27,826.00,408.00,0,72825
-15,27,826.00,409.00,0,72834
-15,27,826.00,408.00,0,72841
-15,27,826.00,408.00,0,72849
-15,27,826.00,409.00,0,72857
-15,27,825.00,408.00,0,72864
-15,27,825.00,409.00,0,72872
-15,27,826.00,408.00,0,72880
-15,27,825.00,409.00,0,72888
-15,27,826.00,409.00,0,72896
-15,27,825.00,408.00,0,72903
-15,27,825.00,409.00,0,72911
-15,27,826.00,409.00,0,72920
-15,27,825.00,408.00,0,72927
-15,27,826.00,409.00,0,72935
-15,27,825.00,409.00,0,72942
-15,27,826.00,408.00,0,72950
-15,27,825.00,409.00,0,72958
-15,27,825.00,409.00,0,72966
-15,27,825.00,409.00,0,72974
-15,27,826.00,408.00,0,72981
-15,27,825.00,409.00,0,72989
-15,27,826.00,408.00,0,72997
-15,27,825.00,409.00,0,73005
-15,27,826.00,409.00,0,73013
-15,27,826.00,409.00,0,73021
-15,27,825.00,408.00,0,73028
-15,27,826.00,409.00,0,73036
-15,27,826.00,409.00,0,73043
-15,27,826.00,408.00,0,73052
-15,27,826.00,408.00,0,73060
-15,27,825.00,409.00,0,73067
-15,27,826.00,409.00,0,73075
-15,27,826.00,409.00,0,73082
-15,27,825.00,408.00,0,73091
-3,27,0.00,392.00,0,73098
53,27,0.00,341.00,0,73105
143,27,330.00,341.00,0,73112
247,27,330.00,324.00,0,73120
346,28,37.00,341.00,0,73127
452,29,337.00,308.00,0,73136
567,30,662.00,308.00,0,73144
684,34,797.00,307.00,0,73151
811,36,826.00,309.00,0,73159
949,40,826.00,292.00,0,73166
1068,44,826.00,308.00,0,73175
1181,46,826.00,308.00,0,73183
1285,49,814.00,325.00,0,73191
1380,50,313.00,341.00,0,73199
1481,52,373.00,325.00,0,73207
1595,52,619.00,308.00,0,73216
1709,52,656.00,325.00,0,73224
1827,52,806.00,310.00,0,73231
1947,52,814.00,316.00,0,73239
2061,51,773.00,325.00,0,73247
2164,51,278.00,325.00,0,73255
2272,51,202.00,325.00,0,73264
2389,51,209.00,308.00,0,73272
2505,53,534.00,323.00,0,73280
2624,56,768.00,325.00,0,73288
2746,58,804.00,308.00,0,73295
2877,62,826.00,308.00,0,73304
3013,66,826.00,308.00,0,73312
3138,70,825.00,309.00,0,73320
3249,72,825.00,342.00,0,73328
3347,75,631.00,340.00,0,73336
3444,77,264.00,343.00,0,73345
3555,78,469.00,308.00,0,73353
3669,78,733.00,341.00,0,73360
3785,79,798.00,325.00,0,73368
3903,80,807.00,325.00,0,73376
4018,80,787.00,325.00,0,73384
4126,80,475.00,341.00,0,73393
4233,81,207.00,308.00,0,73401
4349,82,333.00,326.00,0,73409
4465,84,483.00,308.00,0,73416
4583,88,602.00,325.00,0,73424
4701,92,750.00,325.00,0,73433
4825,96,819.00,291.00,0,73441
4955,101,825.00,292.00,0,73449
5089,106,826.00,308.00,0,73457
5210,109,826.00,341.00,0,73465
5316,112,757.00,326.00,0,73475
5417,113,261.00,358.00,0,73483
5532,114,484.00,308.00,0,73491
5650,114,728.00,309.00,0,73499
5768,114,794.00,308.00,0,73507
5891,114,790.00,325.00,0,73516
6011,114,791.00,325.00,0,73524
6124,114,585.00,341.00,0,73532
6236,116,283.00,325.00,0,73541
6353,118,373.00,341.00,0,73549
6474,121,507.00,324.00,0,73558
6595,126,608.00,308.00,0,73566
6717,131,681.00,308.00,0,73574
6845,136,816.00,308.00,0,73582
6977,142,825.00,308.00,0,73590
7109,147,826.00,324.00,0,73598
7231,150,824.00,341.00,0,73608
7339,152,772.00,325.00,0,73616
7442,152,336.00,325.00,0,73624
7555,153,434.00,308.00,0,73632
7674,153,701.00,308.00,0,73640
7793,153,799.00,342.00,0,73649
7914,153,803.00,308.00,0,73657
8034,154,769.00,326.00,0,73665
8147,154,590.00,341.00,0,73674
8261,156,389.00,325.00,0,73682
8379,159,368.00,325.00,0,73691
8495,163,560.00,325.00,0,73699
8617,168,682.00,308.00,0,73707
8739,174,782.00,308.00,0,73715
8866,180,817.00,308.00,0,73723
8997,184,821.00,292.00,0,73732
9125,188,826.00,342.00,0,73741
9244,190,818.00,325.00,0,73749
9352,190,677.00,358.00,0,73757
9458,190,427.00,342.00,0,73765
9575,190,549.00,325.00,0,73774
9693,189,640.00,308.00,0,73782
9813,189,800.00,342.00,0,73790
9934,189,804.00,326.00,0,73798
10053,190,687.00,325.00,0,73807
10169,193,512.00,325.00,0,73816
10289,196,541.00,325.00,0,73825
10411,201,504.00,308.00,0,73833
10535,207,569.00,325.00,0,73841
10660,213,740.00,325.00,0,73850
10785,219,804.00,308.00,0,73859
10917,224,813.00,292.00,0,73867
11047,227,800.00,308.00,0,73876
11173,229,820.00,325.00,0,73884
11291,229,798.00,342.00,0,73893
11402,228,442.00,325.00,0,73902
11521,226,553.00,342.00,0,73910
11644,226,707.00,325.00,0,73919
11767,226,768.00,325.00,0,73927
11893,227,782.00,305.00,0,73936
12016,230,780.00,308.00,0,73945
12135,234,640.00,325.00,0,73953
12253,238,512.00,308.00,0,73962
12376,243,460.00,341.00,0,73970
12499,248,639.00,341.00,0,73978
12623,254,716.00,308.00,0,73988
12747,259,782.00,309.00,0,73996
12876,263,809.00,342.00,0,74005
13005,266,798.00,308.00,0,74013
13131,266,810.00,308.00,0,74021
13249,265,784.00,342.00,0,74031
13363,263,391.00,325.00,0,74039
13484,261,579.00,308.00,0,74047
13606,261,637.00,324.00,0,74056
13729,262,635.00,325.00,0,74064
13855,265,799.00,342.00,0,74074
13979,269,800.00,342.00,0,74082
14099,274,676.00,307.00,0,74090
14218,279,569.00,324.00,0,74099
14340,285,599.00,325.00,0,74107
14463,290,646.00,325.00,0,74116
14587,295,637.00,308.00,0,74125
14711,298,626.00,308.00,0,74133
14837,301,803.00,325.00,0,74142
14965,302,809.00,325.00,0,74150
15090,302,802.00,308.00,0,74159
15209,301,642.00,325.00,0,74168
15326,299,566.00,324.00,0,74176
15447,298,573.00,325.00,0,74185
15569,298,518.00,308.00,0,74193
15691,300,585.00,308.00,0,74202
15817,304,794.00,325.00,0,74211
15941,309,801.00,308.00,0,74219
16061,315,661.00,325.00,0,74227
16181,320,581.00,325.00,0,74236
16303,324,674.00,325.00,0,74245
16425,328,635.00,309.00,0,74254
16549,331,538.00,309.00,0,74262
16672,333,695.00,326.00,0,74270
16797,335,800.00,325.00,0,74279
16924,335,805.00,308.00,0,74288
17049,335,789.00,325.00,0,74296
17169,335,722.00,325.00,0,74305
17287,334,625.00,325.00,0,74313
17409,334,547.00,309.00,0,74322
17530,334,537.00,325.00,0,74331
17653,338,655.00,309.00,0,74339
17777,343,787.00,307.00,0,74348
17903,348,796.00,324.00,0,74356
18026,354,687.00,309.00,0,74364
18147,358,687.00,308.00,0,74374
18267,361,673.00,341.00,0,74382
18389,364,463.00,325.00,0,74391
18513,366,625.00,325.00,0,74399
18635,368,717.00,325.00,0,74407
18759,369,773.00,308.00,0,74417
18887,370,751.00,309.00,0,74425
19011,372,789.00,308.00,0,74434
19133,372,770.00,324.00,0,74442
19251,372,612.00,325.00,0,74450
19372,373,526.00,342.00,0,74460
19494,374,628.00,308.00,0,74468
19617,378,645.00,325.00,0,74476
19740,382,655.00,325.00,0,74485
19866,386,734.00,325.00,0,74493
19989,390,780.00,325.00,0,74503
20111,394,697.00,325.00,0,74511
20231,397,580.00,324.00,0,74519
20353,399,599.00,308.00,0,74528
20477,400,688.00,325.00,0,74536
20599,402,674.00,325.00,0,74545
20722,404,665.00,325.00,0,74554
20847,407,794.00,308.00,0,74562
20973,409,801.00,308.00,0,74571
21095,410,762.00,324.00,0,74579
21214,412,594.00,308.00,0,74588
21337,412,663.00,326.00,0,74597
21459,414,675.00,309.00,0,74605
21580,416,589.00,325.00,0,74613
21703,420,562.00,325.00,0,74622
21829,424,792.00,326.00,0,74631
21953,427,798.00,325.00,0,74640
22075,430,652.00,308.00,0,74648
22195,434,561.00,308.00,0,74656
22318,436,702.00,325.00,0,74665
22440,438,671.00,326.00,0,74674
22563,440,587.00,325.00,0,74682
22685,442,641.00,324.00,0,74691
22811,445,796.00,324.00,0,74699
22936,447,802.00,325.00,0,74708
23058,449,707.00,325.00,0,74717
23179,450,638.00,325.00,0,74725
23300,450,709.00,325.00,0,74734
23423,452,621.00,308.00,0,74742
23545,454,531.00,326.00,0,74752
23667,456,633.00,324.00,0,74760
23791,460,797.00,325.00,0,74768
23916,464,795.00,326.00,0,74777
24038,467,663.00,341.00,0,74785
24159,470,680.00,325.00,0,74793
24282,472,709.00,307.00,0,74803
24405,474,624.00,325.00,0,74811
24527,476,578.00,308.00,0,74820
24649,478,693.00,324.00,0,74828
24773,481,782.00,320.00,0,74836
24899,484,769.00,306.00,0,74846
25023,485,727.00,325.00,0,74854
25143,486,721.00,325.00,0,74862
25264,488,705.00,326.00,0,74871
25387,488,486.00,308.00,0,74880
25509,490,621.00,322.00,0,74889
25631,493,655.00,308.00,0,74897
25755,497,708.00,308.00,0,74905
25879,500,677.00,325.00,0,74914
26003,504,714.00,316.00,0,74923
26123,507,715.00,310.00,0,74931
26245,509,645.00,308.00,0,74940
26367,511,564.00,325.00,0,74948
26491,512,667.00,308.00,0,74957
26613,515,670.00,309.00,0,74966
26737,518,676.00,325.00,0,74974
26862,520,753.00,325.00,0,74983
26986,522,774.00,309.00,0,74991
27107,524,713.00,308.00,0,75000
27228,525,639.00,324.00,0,75009
27351,526,640.00,337.00,0,75017
27473,528,693.00,308.00,0,75026
27595,530,623.00,308.00,0,75034
27717,533,491.00,325.00,0,75042
27842,536,760.00,308.00,0,75052
27966,540,786.00,307.00,0,75060
28087,543,648.00,309.00,0,75069
28209,545,532.00,308.00,0,75077
28331,547,693.00,325.00,0,75085
28455,549,706.00,326.00,0,75095
28576,552,609.00,308.00,0,75103
28700,554,593.00,324.00,0,75111
28824,556,789.00,308.00,0,75120
28949,559,797.00,325.00,0,75128
29071,561,682.00,325.00,0,75138
29192,562,587.00,308.00,0,75146
29315,563,713.00,308.00,0,75154
29437,564,675.00,326.00,0,75163
29558,566,549.00,308.00,0,75171
29681,569,611.00,308.00,0,75180
29805,572,791.00,325.00,0,75189
29930,576,773.00,308.00,0,75197
30051,578,599.00,325.00,0,75206
30173,580,639.00,325.00,0,75214
30295,582,723.00,324.00,0,75223
30418,585,657.00,325.00,0,75232
30541,588,556.00,326.00,0,75240
30663,590,684.00,342.00,0,75249
30787,594,792.00,308.00,0,75257
30912,596,798.00,308.00,0,75266
31035,598,647.00,325.00,0,75275
31157,600,695.00,325.00,0,75283
31279,600,724.00,308.00,0,75291
31400,602,631.00,308.00,0,75300
31523,603,576.00,326.00,0,75309
31645,606,661.00,308.00,0,75318
31768,609,738.00,325.00,0,75326
31893,612,729.00,341.00,0,75334
32015,616,682.00,325.00,0,75343
32137,618,698.00,308.00,0,75352
32259,620,693.00,308.00,0,75360
32383,622,523.00,308.00,0,75369
32505,624,646.00,325.00,0,75377
32627,627,695.00,325.00,0,75386
32751,630,704.00,325.00,0,75395
32875,632,695.00,324.00,0,75403
32999,634,739.00,325.00,0,75412
33120,636,741.00,325.00,0,75420
33242,636,677.00,325.00,0,75428
33365,638,610.00,325.00,0,75438
33487,640,686.00,325.00,0,75446
33609,642,642.00,325.00,0,75455
33731,645,614.00,325.00,0,75463
33857,648,725.00,325.00,0,75471
33981,652,755.00,308.00,0,75481
34101,654,681.00,341.00,0,75489
34223,656,612.00,309.00,0,75498
34346,658,654.00,308.00,0,75506
34469,660,708.00,325.00,0,75514
34591,662,651.00,325.00,0,75524
34713,665,521.00,308.00,0,75532
34838,668,770.00,309.00,0,75540
34962,670,782.00,308.00,0,75549
35083,672,682.00,325.00,0,75557
35205,673,568.00,341.00,0,75567
35328,674,718.00,326.00,0,75575
35451,676,702.00,325.00,0,75583
35573,678,590.00,325.00,0,75592
35695,682,577.00,308.00,0,75600
35820,685,784.00,325.00,0,75609
35944,688,773.00,308.00,0,75618
36065,690,608.00,308.00,0,75626
36187,692,625.00,325.00,0,75635
36310,694,746.00,341.00,0,75643
36432,696,692.00,308.00,0,75652
36555,698,578.00,325.00,0,75661
36677,700,629.00,323.00,0,75669
36801,703,786.00,325.00,0,75677
36926,706,787.00,325.00,0,75686
37048,708,595.00,308.00,0,75695
37169,710,673.00,308.00,0,75704
37292,710,736.00,308.00,0,75712
37414,712,663.00,309.00,0,75720
37537,714,607.00,342.00,0,75729
37659,717,658.00,308.00,0,75738
37783,720,765.00,325.00,0,75746
37907,724,730.00,309.00,0,75755
38029,726,606.00,325.00,0,75763
38151,728,675.00,325.00,0,75772
38273,730,719.00,308.00,0,75781
38396,732,661.00,325.00,0,75789
38518,734,641.00,308.00,0,75798
38641,737,702.00,325.00,0,75806
38764,740,735.00,325.00,0,75815
38888,742,613.00,308.00,0,75824
39011,745,693.00,325.00,0,75832
39134,746,706.00,308.00,0,75841
39255,748,702.00,323.00,0,75849
39379,748,552.00,326.00,0,75857
39501,750,675.00,313.00,0,75867
39623,754,677.00,325.00,0,75875
39745,756,668.00,320.00,0,75884
39869,760,683.00,325.00,0,75892
39993,762,733.00,308.00,0,75900
40115,764,679.00,308.00,0,75910
40237,766,632.00,325.00,0,75918
40360,768,611.00,308.00,0,75926
40483,770,709.00,325.00,0,75935
40605,772,667.00,324.00,0,75943
40727,775,638.00,342.00,0,75953
40852,778,746.00,308.00,0,75961
40975,780,768.00,325.00,0,75969
41097,782,681.00,325.00,0,75978
41219,784,615.00,325.00,0,75986
41342,785,684.00,308.00,0,75995
41465,786,701.00,308.00,0,76004
41587,788,627.00,308.00,0,76012
41709,792,512.00,308.00,0,76021
41833,794,755.00,308.00,0,76029
41957,798,776.00,342.00,0,76038
42078,800,643.00,342.00,0,76047
42201,802,596.00,325.00,0,76055
42324,804,716.00,308.00,0,76063
42447,806,713.00,308.00,0,76072
42569,808,608.00,325.00,0,76081
42691,810,596.00,325.00,0,76090
42815,813,766.00,308.00,0,76098
42939,815,768.00,307.00,0,76106
43061,817,619.00,341.00,0,76115
43183,818,658.00,325.00,0,76124
43305,819,759.00,325.00,0,76133
43429,821,689.00,325.00,0,76141
43551,823,541.00,325.00,0,76149
43673,826,624.00,326.00,0,76158
43797,829,767.00,325.00,0,76167
43921,832,741.00,308.00,0,76175
44042,834,598.00,326.00,0,76184
44165,836,669.00,326.00,0,76192
44287,838,751.00,325.00,0,76201
44410,840,652.00,307.00,0,76210
44533,842,615.00,324.00,0,76218
44655,844,668.00,325.00,0,76227
44779,847,742.00,308.00,0,76235
44903,850,725.00,308.00,0,76243
45025,852,622.00,308.00,0,76253
45147,853,701.00,325.00,0,76261
45269,854,753.00,341.00,0,76270
45393,856,502.00,325.00,0,76278
45515,858,658.00,324.00,0,76286
45637,860,675.00,308.00,0,76296
45760,863,695.00,308.00,0,76304
45885,866,609.00,325.00,0,76312
46007,868,670.00,308.00,0,76321
46128,870,690.00,325.00,0,76329
46251,872,680.00,308.00,0,76339
46373,875,585.00,342.00,0,76347
46497,877,691.00,341.00,0,76355
46619,880,699.00,325.00,0,76364
46741,882,645.00,325.00,0,76372
46866,884,687.00,325.00,0,76382
46989,886,737.00,325.00,0,76390
47111,888,686.00,325.00,0,76398
47233,890,635.00,325.00,0,76407
47356,891,629.00,325.00,0,76416
47478,893,696.00,309.00,0,76424
47601,896,646.00,325.00,0,76433
47722,898,620.00,308.00,0,76441
47847,902,729.00,308.00,0,76450
47971,904,767.00,326.00,0,76459
48093,907,649.00,325.00,0,76467
48214,908,641.00,308.00,0,76476
48337,910,685.00,325.00,0,76484
48461,912,696.00,308.00,0,76492
48583,914,623.00,308.00,0,76502
48705,916,550.00,325.00,0,76510
48829,919,758.00,325.00,0,76519
48952,922,784.00,326.00,0,76527
49075,924,623.00,308.00,0,76535
49197,925,597.00,308.00,0,76545
49319,926,738.00,324.00,0,76553
49443,928,704.00,325.00,0,76561
49565,930,571.00,308.00,0,76570
49687,932,592.00,308.00,0,76578
49811,935,785.00,342.00,0,76588
49935,938,763.00,325.00,0,76596
50056,940,584.00,325.00,0,76604
50179,942,639.00,325.00,0,76613
50301,944,738.00,308.00,0,76621
50424,946,691.00,325.00,0,76631
50547,948,555.00,325.00,0,76639
50669,950,648.00,308.00,0,76647
50791,953,768.00,325.00,0,76656
50916,955,744.00,325.00,0,76664
51038,957,657.00,325.00,0,76673
51159,958,693.00,325.00,0,76682
51283,960,754.00,308.00,0,76690
51406,962,647.00,308.00,0,76699
51529,964,608.00,308.00,0,76707
51650,968,687.00,325.00,0,76716
51773,970,725.00,308.00,0,76725
51898,973,701.00,325.00,0,76733
52019,976,637.00,325.00,0,76741
52142,977,687.00,325.00,0,76750
52265,978,705.00,325.00,0,76759
52387,980,521.00,325.00,0,76768
52510,982,654.00,308.00,0,76776
52632,984,683.00,325.00,0,76784
52755,987,675.00,308.00,0,76793
52879,990,621.00,309.00,0,76802
53002,992,698.00,325.00,0,76810
53124,994,724.00,325.00,0,76819
53246,996,698.00,342.00,0,76827
53369,998,617.00,325.00,0,76836
53492,999,697.00,308.00,0,76845
53615,1001,659.00,325.00,0,76854
53741,1003,634.00,325.00,0,76862
53868,1006,664.00,309.00,0,76871
53994,1008,713.00,325.00,0,76880
54119,1010,678.00,308.00,0,76889
54246,1012,680.00,341.00,0,76898
54373,1014,570.00,325.00,0,76906
54499,1017,677.00,325.00,0,76915
54626,1020,685.00,325.00,0,76924
54752,1023,660.00,308.00,0,76933
54879,1026,615.00,325.00,0,76942
55007,1028,689.00,325.00,0,76951
55133,1030,692.00,326.00,0,76959
55259,1030,705.00,309.00,0,76968
55385,1032,520.00,309.00,0,76977
55511,1034,648.00,311.00,0,76986
55637,1036,666.00,308.00,0,76995
55763,1039,701.00,308.00,0,77003
55891,1042,691.00,342.00,0,77012
56017,1044,642.00,325.00,0,77022
56143,1046,695.00,341.00,0,77030
56269,1048,723.00,308.00,0,77039
56396,1051,641.00,308.00,0,77048
56523,1054,620.00,308.00,0,77057
56649,1056,678.00,308.00,0,77066
56775,1059,727.00,308.00,0,77074
56903,1062,707.00,325.00,0,77083
57029,1063,596.00,308.00,0,77092
57155,1064,693.00,308.00,0,77101
57283,1066,747.00,326.00,0,77110
57409,1067,666.00,308.00,0,77119
57533,1070,650.00,317.00,0,77127
57659,1072,650.00,325.00,0,77136
57787,1075,755.00,308.00,0,77145
57915,1078,729.00,325.00,0,77154
58040,1080,594.00,326.00,0,77163
58166,1082,657.00,308.00,0,77171
58293,1084,731.00,308.00,0,77180
58419,1086,670.00,316.00,0,77190
58545,1089,540.00,308.00,0,77198
58672,1092,636.00,342.00,0,77207
58799,1094,755.00,325.00,0,77216
58927,1096,742.00,325.00,0,77224
59053,1098,575.00,325.00,0,77234
59179,1100,643.00,325.00,0,77242
59305,1101,748.00,325.00,0,77251
59431,1103,701.00,325.00,0,77260
59557,1106,566.00,308.00,0,77268
59683,1108,610.00,309.00,0,77278
59811,1111,757.00,325.00,0,77287
59939,1114,755.00,325.00,0,77295
60063,1116,585.00,325.00,0,77304
60189,1118,588.00,308.00,0,77314
60316,1120,710.00,308.00,0,77322
60443,1121,689.00,309.00,0,77331
60568,1124,566.00,325.00,0,77339
60694,1126,549.00,325.00,0,77348
60823,1129,756.00,308.00,0,77358
60951,1132,760.00,308.00,0,77366
61075,1134,621.00,320.00,0,77375
61201,1136,594.00,325.00,0,77384
61328,1138,743.00,324.00,0,77392
61455,1140,737.00,325.00,0,77402
61580,1142,624.00,325.00,0,77410
61705,1144,541.00,341.00,0,77419
61834,1146,741.00,325.00,0,77428
61961,1148,733.00,325.00,0,77436
62087,1150,624.00,309.00,0,77446
62212,1152,503.00,309.00,0,77455
62339,1154,667.00,325.00,0,77463
62466,1158,711.00,325.00,0,77472
62593,1160,644.00,308.00,0,77481
62718,1163,655.00,325.00,0,77490
62846,1166,715.00,308.00,0,77499
62972,1168,733.00,309.00,0,77507
63097,1169,675.00,325.00,0,77516
63224,1170,622.00,308.00,0,77526
63351,1172,659.00,325.00,0,77534
63478,1174,716.00,326.00,0,77543
63603,1176,652.00,307.00,0,77552
63729,1179,595.00,308.00,0,77560
63857,1182,668.00,325.00,0,77570
63985,1184,708.00,308.00,0,77579
64109,1186,661.00,309.00,0,77587
64235,1188,629.00,325.00,0,77596
64363,1191,594.00,308.00,0,77604
64489,1194,685.00,325.00,0,77614
64615,1196,678.00,325.00,0,77623
64741,1198,620.00,324.00,0,77631
64869,1201,655.00,325.00,0,77640
64995,1202,720.00,325.00,0,77649
65121,1204,695.00,341.00,0,77658
65247,1206,670.00,325.00,0,77667
65374,1207,575.00,325.00,0,77675
65501,1209,670.00,308.00,0,77684
65627,1212,668.00,325.00,0,77693
65753,1215,651.00,308.00,0,77702
65881,1218,592.00,325.00,0,77711
66007,1220,652.00,320.00,0,77720
66133,1222,669.00,308.00,0,77728
66259,1224,689.00,325.00,0,77737
66385,1226,524.00,325.00,0,77747
66512,1228,644.00,325.00,0,77755
66638,1231,673.00,325.00,0,77764
66763,1234,697.00,308.00,0,77772
66892,1236,703.00,325.00,0,77782
67018,1238,632.00,342.00,0,77791
67144,1240,696.00,341.00,0,77799
67271,1242,723.00,325.00,0,77808
67397,1244,643.00,325.00,0,77817
67524,1246,602.00,325.00,0,77826
67649,1248,665.00,325.00,0,77835
67777,1250,716.00,308.00,0,77843
67904,1254,679.00,309.00,0,77852
68029,1256,583.00,325.00,0,77861
68155,1258,667.00,341.00,0,77870
68283,1260,722.00,324.00,0,77879
68409,1262,647.00,308.00,0,77888
68534,1264,571.00,308.00,0,77896
68660,1266,640.00,308.00,0,77905
68787,1269,735.00,325.00,0,77915
68915,1272,722.00,342.00,0,77923
69041,1274,603.00,325.00,0,77932
69167,1277,671.00,325.00,0,77940
69294,1280,736.00,325.00,0,77949
69421,1282,672.00,325.00,0,77959
69546,1283,540.00,326.00,0,77967
69673,1285,619.00,325.00,0,77976
69799,1287,745.00,325.00,0,77985
69927,1288,706.00,325.00,0,77993
70053,1290,524.00,325.00,0,78003
70179,1293,626.00,325.00,0,78012
70305,1296,734.00,325.00,0,78020
70431,1299,692.00,308.00,0,78029
70558,1302,580.00,325.00,0,78038
70683,1305,608.00,341.00,0,78047
70811,1308,751.00,325.00,0,78056
70939,1309,741.00,325.00,0,78064
71064,1310,567.00,308.00,0,78073
71190,1310,591.00,325.00,0,78083
71317,1312,704.00,308.00,0,78091
71443,1314,686.00,325.00,0,78100
71569,1318,574.00,325.00,0,78108
71695,1321,557.00,325.00,0,78117
71823,1324,745.00,308.00,0,78127
71951,1328,748.00,308.00,0,78135
72075,1330,589.00,308.00,0,78144
72201,1331,566.00,340.00,0,78153
72329,1332,709.00,308.00,0,78161
72455,1334,711.00,325.00,0,78171
72580,1336,606.00,325.00,0,78180
72706,1338,522.00,325.00,0,78188
72834,1341,720.00,311.00,0,78197
72962,1344,738.00,308.00,0,78205
73087,1347,626.00,308.00,0,78215
73213,1350,623.00,325.00,0,78224
73341,1352,681.00,325.00,0,78232
73467,1354,706.00,325.00,0,78241
73593,1355,631.00,325.00,0,78251
73719,1357,446.00,308.00,0,78259
73846,1359,689.00,325.00,0,78268
73973,1361,725.00,325.00,0,78277
74097,1364,634.00,307.00,0,78285
74224,1366,615.00,341.00,0,78295
74351,1369,656.00,342.00,0,78303
74478,1372,701.00,325.00,0,78312
74604,1375,669.00,326.00,0,78321
74729,1378,588.00,308.00,0,78329
74858,1380,660.00,325.00,0,78339
74985,1382,709.00,325.00,0,78348
75110,1382,662.00,308.00,0,78356
75237,1384,627.00,325.00,0,78365
75363,1386,592.00,308.00,0,78373
75490,1389,678.00,326.00,0,78383
75616,1392,652.00,325.00,0,78392
75742,1395,608.00,325.00,0,78400
75869,1398,646.00,325.00,0,78409
75995,1400,678.00,325.00,0,78418
76121,1402,682.00,325.00,0,78427
76247,1404,676.00,341.00,0,78436
76375,1406,557.00,325.00,0,78445
76501,1408,667.00,308.00,0,78453
76627,1410,669.00,325.00,0,78462
76753,1413,628.00,308.00,0,78471
76881,1415,573.00,325.00,0,78480
77007,1417,645.00,325.00,0,78489
77133,1420,662.00,310.00,0,78497
77259,1422,692.00,308.00,0,78507
77386,1424,517.00,326.00,0,78516
77513,1426,636.00,325.00,0,78524
77638,1429,650.00,325.00,0,78533
77764,1432,683.00,309.00,0,78541
77892,1434,674.00,325.00,0,78551
78018,1436,611.00,325.00,0,78560
78144,1437,659.00,308.00,0,78568
78271,1438,711.00,309.00,0,78577
78397,1440,618.00,323.00,0,78586
78524,1443,578.00,308.00,0,78595
78650,1446,645.00,308.00,0,78604
78777,1450,712.00,316.00,0,78613
78905,1452,677.00,325.00,0,78621
79031,1455,556.00,325.00,0,78630
79156,1456,666.00,308.00,0,78639
79283,1458,741.00,325.00,0,78648
79409,1460,639.00,325.00,0,78657
79535,1461,623.00,307.00,0,78665
79661,1464,635.00,325.00,0,78674
79789,1466,731.00,342.00,0,78684
79915,1470,705.00,325.00,0,78692
80041,1472,561.00,307.00,0,78701
80167,1474,629.00,308.00,0,78710
80295,1476,744.00,326.00,0,78718
80421,1478,653.00,323.00,0,78728
80547,1480,519.00,325.00,0,78736
80673,1482,609.00,324.00,0,78745
80800,1485,715.00,325.00,0,78754
80927,1487,695.00,308.00,0,78763
81053,1490,534.00,308.00,0,78772
81179,1492,618.00,325.00,0,78781
81305,1494,736.00,308.00,0,78789
81432,1496,694.00,341.00,0,78798
81559,1498,550.00,325.00,0,78807
81684,1501,579.00,308.00,0,78816
81811,1504,747.00,325.00,0,78825
81939,1506,725.00,325.00,0,78833
82065,1508,544.00,325.00,0,78842
82191,1510,566.00,308.00,0,78852
82317,1512,697.00,307.00,0,78860
82443,1514,672.00,325.00,0,78869
82570,1516,571.00,325.00,0,78878
82696,1520,543.00,325.00,0,78886
82823,1523,730.00,308.00,0,78896
82951,1526,731.00,325.00,0,78904
83076,1528,592.00,308.00,0,78913
83201,1530,565.00,325.00,0,78922
83329,1532,715.00,325.00,0,78930
83456,1533,704.00,325.00,0,78940
83581,1535,592.00,325.00,0,78949
83707,1537,485.00,308.00,0,78957
83835,1539,696.00,325.00,0,78966
83963,1542,703.00,325.00,0,78974
84087,1546,604.00,325.00,0,78984
84213,1548,642.00,308.00,0,78993
84341,1551,656.00,316.00,0,79001
84467,1554,695.00,308.00,0,79010
84593,1555,623.00,325.00,0,79020
84719,1556,606.00,307.00,0,79028
84846,1558,658.00,308.00,0,79037
84973,1560,704.00,325.00,0,79046
85099,1562,638.00,308.00,0,79054
85225,1566,616.00,325.00,0,79064
85353,1568,639.00,325.00,0,79072
85479,1571,675.00,308.00,0,79081
85605,1573,632.00,325.00,0,79090
85731,1575,546.00,308.00,0,79098
85859,1577,637.00,326.00,0,79108
85985,1578,683.00,314.00,0,79117
86111,1580,623.00,325.00,0,79125
86237,1583,599.00,308.00,0,79134
86364,1586,586.00,325.00,0,79143
86490,1588,672.00,308.00,0,79152
86616,1592,649.00,316.00,0,79161
86742,1594,608.00,325.00,0,79169
86869,1596,617.00,308.00,0,79178
86996,1598,665.00,342.00,0,79187
87122,1600,666.00,325.00,0,79196
87249,1602,677.00,341.00,0,79205
87375,1605,552.00,308.00,0,79214
87501,1608,631.00,308.00,0,79222
87627,1610,633.00,308.00,0,79232
87754,1612,626.00,308.00,0,79240
87881,1614,551.00,325.00,0,79249
88008,1616,599.00,325.00,0,79258
88134,1619,637.00,308.00,0,79266
88260,1622,681.00,324.00,0,79276
88387,1624,481.00,308.00,0,79285
88513,1627,614.00,307.00,0,79293
88639,1630,650.00,325.00,0,79302
88765,1632,676.00,325.00,0,79311
88893,1634,656.00,325.00,0,79320
89019,1636,584.00,325.00,0,79329
89145,1638,643.00,309.00,0,79337
89272,1640,699.00,325.00,0,79346
89399,1642,627.00,325.00,0,79355
89525,1646,554.00,308.00,0,79364
89651,1648,632.00,325.00,0,79373
89777,1650,677.00,307.00,0,79382
89905,1652,635.00,308.00,0,79390
90031,1653,523.00,325.00,0,79399
90156,1655,614.00,325.00,0,79408
90283,1657,706.00,310.00,0,79417
90410,1660,623.00,308.00,0,79426
90536,1664,548.00,308.00,0,79434
90663,1668,624.00,341.00,0,79443
90789,1670,717.00,341.00,0,79453
90916,1672,690.00,324.00,0,79461
91042,1674,546.00,325.00,0,79470
91169,1674,618.00,310.00,0,79479
91295,1676,706.00,325.00,0,79488
91422,1680,653.00,341.00,0,79497
91548,1682,526.00,325.00,0,79505
91674,1686,587.00,308.00,0,79514
91801,1689,713.00,325.00,0,79523
91929,1692,686.00,308.00,0,79532
92054,1693,517.00,325.00,0,79541
92179,1694,587.00,308.00,0,79550
92306,1696,711.00,325.00,0,79558
92433,1698,663.00,325.00,0,79567
92559,1702,548.00,341.00,0,79577
92685,1705,581.00,341.00,0,79585
92812,1708,712.00,308.00,0,79594
92940,1710,695.00,308.00,0,79602
93065,1712,535.00,308.00,0,79611
93191,1712,544.00,324.00,0,79621
93319,1714,691.00,326.00,0,79629
93445,1715,655.00,325.00,0,79638
93571,1718,523.00,308.00,0,79647
93697,1721,504.00,325.00,0,79655
93825,1725,719.00,309.00,0,79665
93951,1728,696.00,308.00,0,79673
94076,1732,564.00,308.00,0,79682
94203,1734,545.00,325.00,0,79691
94329,1735,681.00,341.00,0,79699
94456,1736,673.00,320.00,0,79709
94582,1738,579.00,325.00,0,79718
94707,1740,447.00,325.00,0,79726
94835,1742,678.00,325.00,0,79735
94963,1746,674.00,308.00,0,79745
95088,1748,583.00,308.00,0,79753
95214,1752,592.00,308.00,0,79762
95342,1754,645.00,308.00,0,79770
95468,1756,685.00,322.00,0,79779
95594,1759,601.00,325.00,0,79789
95720,1760,609.00,342.00,0,79797
95847,1762,663.00,325.00,0,79806
95974,1764,680.00,308.00,0,79815
96099,1766,598.00,335.00,0,79823
96226,1770,580.00,341.00,0,79833
96353,1772,618.00,342.00,0,79842
96479,1776,652.00,307.00,0,79850
96605,1778,617.00,308.00,0,79859
96731,1780,546.00,308.00,0,79867
96859,1783,606.00,325.00,0,79877
96986,1786,646.00,308.00,0,79886
97111,1788,621.00,325.00,0,79894
97237,1790,596.00,308.00,0,79903
97365,1793,562.00,308.00,0,79912
97491,1796,641.00,308.00,0,79921
97617,1798,622.00,325.00,0,79930
97742,1800,579.00,325.00,0,79938
97870,1803,578.00,325.00,0,79947
97997,1806,631.00,325.00,0,79956
98123,1808,629.00,308.00,0,79965
98249,1810,634.00,325.00,0,79974
98377,1813,522.00,308.00,0,79983
98502,1816,612.00,325.00,0,79991
98628,1818,624.00,308.00,0,80001
98755,1820,598.00,325.00,0,80010
98883,1823,524.00,325.00,0,80018
99009,1825,591.00,308.00,0,80027
99135,1828,629.00,308.00,0,80035
99261,1830,651.00,308.00,0,80045
99388,1832,451.00,325.00,0,80054
99513,1834,599.00,325.00,0,80062
99640,1836,632.00,325.00,0,80071
99766,1840,640.00,325.00,0,80080
99894,1842,634.00,325.00,0,80089
100019,1844,566.00,311.00,0,80098
100149,1846,610.00,308.00,0,80107
100280,1848,671.00,325.00,0,80116
100410,1849,604.00,325.00,0,80125
100540,1852,509.00,308.00,0,80135
100669,1854,566.00,324.00,0,80144
100800,1858,684.00,307.00,0,80152
100931,1861,672.00,325.00,0,80161
101061,1864,522.00,308.00,0,80171
101191,1867,544.00,308.00,0,80180
101322,1868,670.00,308.00,0,80189
101452,1870,670.00,325.00,0,80198
101581,1872,544.00,342.00,0,80207
101711,1874,423.00,325.00,0,80217
101843,1876,639.00,308.00,0,80226
101973,1879,661.00,307.00,0,80234
102102,1882,600.00,341.00,0,80243
102232,1885,562.00,325.00,0,80252
102362,1888,550.00,308.00,0,80262
102493,1890,643.00,325.00,0,80271
102622,1891,620.00,324.00,0,80280
102752,1893,574.00,308.00,0,80289
102883,1895,496.00,325.00,0,80299
103013,1898,564.00,309.00,0,80308
103143,1900,619.00,325.00,0,80316
103274,1902,664.00,308.00,0,80325
103404,1904,593.00,325.00,0,80334
103533,1906,621.00,316.00,0,80344
103663,1908,565.00,325.00,0,80353
103794,1910,658.00,308.00,0,80362
103925,1913,641.00,307.00,0,80371
104054,1916,461.00,324.00,0,80380
104185,1919,556.00,325.00,0,80389
104315,1922,664.00,308.00,0,80398
104446,1924,646.00,308.00,0,80407
104575,1926,542.00,325.00,0,80416
104705,1928,468.00,341.00,0,80425
104835,1930,638.00,308.00,0,80435
104967,1932,657.00,326.00,0,80444
105096,1934,565.00,325.00,0,80453
105201,1936,825.00,359.00,0,80462
105214,1939,825.00,443.00,0,80471
105134,1940,826.00,476.00,0,80480
105019,1940,818.00,509.00,0,80489
104894,1939,803.00,493.00,0,80498
104763,1939,751.00,493.00,0,80507
104632,1938,682.00,493.00,0,80517
104500,1938,743.00,493.00,0,80526
104370,1937,787.00,509.00,0,80535
104242,1937,782.00,494.00,0,80544
104114,1935,778.00,509.00,0,80552
103983,1933,781.00,509.00,0,80562
103852,1931,802.00,509.00,0,80571
103722,1929,788.00,494.00,0,80580
103594,1927,780.00,493.00,0,80589
103462,1925,750.00,493.00,0,80599
103331,1923,777.00,493.00,0,80608
103202,1921,806.00,509.00,0,80617
103075,1919,789.00,493.00,0,80626
102946,1918,791.00,509.00,0,80634
102818,1917,798.00,492.00,0,80644
102690,1915,812.00,509.00,0,80653
102562,1913,817.00,509.00,0,80662
102432,1911,798.00,509.00,0,80671
102302,1908,795.00,509.00,0,80680
102175,1904,819.00,475.00,0,80690
102044,1900,803.00,492.00,0,80699
101912,1897,798.00,509.00,0,80708
101781,1895,793.00,494.00,0,80716
101651,1893,796.00,492.00,0,80726
101519,1892,809.00,501.00,0,80735
101388,1890,790.00,510.00,0,80744
101257,1887,797.00,493.00,0,80753
101128,1883,799.00,493.00,0,80762
100999,1879,802.00,509.00,0,80772
100869,1875,817.00,493.00,0,80781
100739,1873,795.00,492.00,0,80789
100610,1872,798.00,501.00,0,80798
100480,1871,808.00,509.00,0,80807
100348,1869,792.00,493.00,0,80817
100220,1866,808.00,493.00,0,80826
100092,1863,800.00,475.00,0,80835
99962,1859,800.00,493.00,0,80844
99834,1855,810.00,493.00,0,80852
99708,1853,804.00,509.00,0,80862
99582,1851,801.00,493.00,0,80870
99452,1849,791.00,509.00,0,80879
99325,1847,788.00,493.00,0,80888
99198,1843,817.00,509.00,0,80897
99073,1841,800.00,509.00,0,80906
98946,1837,793.00,509.00,0,80915
98820,1835,799.00,493.00,0,80923
98694,1832,804.00,476.00,0,80932
98569,1830,810.00,493.00,0,80942
98442,1828,797.00,493.00,0,80950
98314,1826,795.00,493.00,0,80959
98189,1823,819.00,492.00,0,80967
98064,1821,803.00,492.00,0,80976
97937,1819,801.00,509.00,0,80986
97811,1815,804.00,509.00,0,80994
97686,1812,811.00,493.00,0,81003
97560,1809,816.00,509.00,0,81012
97432,1807,796.00,509.00,0,81020
97304,1805,793.00,493.00,0,81030
97178,1803,816.00,493.00,0,81038
97053,1801,803.00,492.00,0,81047
96926,1799,801.00,476.00,0,81056
96800,1796,807.00,493.00,0,81064
96676,1793,810.00,509.00,0,81074
96551,1789,824.00,493.00,0,81083
96423,1785,796.00,493.00,0,81091
96294,1783,798.00,509.00,0,81100
96167,1781,814.00,509.00,0,81110
96041,1780,801.00,493.00,0,81118
95912,1778,796.00,493.00,0,81127
95786,1775,795.00,493.00,0,81135
95661,1771,805.00,508.00,0,81144
95536,1767,822.00,492.00,0,81154
95408,1765,794.00,493.00,0,81162
95280,1762,796.00,476.00,0,81171
95156,1761,810.00,509.00,0,81180
95030,1759,805.00,475.00,0,81188
94903,1758,807.00,493.00,0,81198
94778,1756,802.00,475.00,0,81207
94654,1753,811.00,475.00,0,81215
94528,1749,826.00,476.00,0,81224
94401,1745,803.00,493.00,0,81232
94273,1742,800.00,509.00,0,81242
94146,1740,806.00,492.00,0,81251
94018,1739,800.00,492.00,0,81259
93890,1737,811.00,510.00,0,81268
93764,1735,800.00,509.00,0,81277
93639,1733,800.00,492.00,0,81286
93513,1729,820.00,492.00,0,81295
93386,1726,799.00,507.00,0,81303
93259,1723,801.00,492.00,0,81312
93135,1721,811.00,509.00,0,81321
93009,1719,810.00,493.00,0,81330
92882,1718,816.00,493.00,0,81339
92757,1717,809.00,493.00,0,81348
92632,1715,808.00,476.00,0,81356
92507,1711,820.00,476.00,0,81366
92378,1707,813.00,493.00,0,81375
92252,1704,806.00,492.00,0,81383
92125,1701,807.00,506.00,0,81392
91997,1699,803.00,509.00,0,81400
91869,1697,823.00,509.00,0,81410
91742,1695,795.00,492.00,0,81419
91616,1693,796.00,493.00,0,81427
91488,1689,804.00,509.00,0,81436
91360,1687,802.00,509.00,0,81445
91234,1684,806.00,493.00,0,81454
91109,1681,802.00,493.00,0,81463
90983,1680,806.00,509.00,0,81471
90857,1679,826.00,492.00,0,81480
90732,1677,815.00,493.00,0,81489
90610,1675,819.00,492.00,0,81498
90484,1673,821.00,492.00,0,81507
90356,1670,815.00,493.00,0,81516
90230,1667,827.00,493.00,0,81524
90104,1663,812.00,493.00,0,81533
89976,1661,807.00,509.00,0,81543
89848,1658,821.00,492.00,0,81551
89722,1657,809.00,509.00,0,81560
89596,1655,805.00,492.00,0,81568
89468,1653,801.00,509.00,0,81577
89340,1651,801.00,493.00,0,81587
89214,1649,822.00,476.00,0,81595
89090,1645,813.00,510.00,0,81604
88964,1642,813.00,492.00,0,81613
88837,1639,822.00,493.00,0,81622
88712,1637,821.00,509.00,0,81631
88587,1635,820.00,509.00,0,81640
88459,1635,808.00,492.00,0,81648
88331,1633,806.00,509.00,0,81657
88205,1631,826.00,509.00,0,81666
88079,1627,812.00,509.00,0,81675
87952,1624,807.00,509.00,0,81684
87826,1620,810.00,507.00,0,81692
87700,1617,819.00,509.00,0,81701
87574,1615,815.00,493.00,0,81711
87445,1613,796.00,491.00,0,81719
87316,1611,795.00,493.00,0,81728
87191,1609,826.00,508.00,0,81736
87065,1608,813.00,509.00,0,81745
86940,1605,810.00,493.00,0,81755
86814,1603,811.00,493.00,0,81763
86690,1601,824.00,492.00,0,81772
86566,1599,826.00,493.00,0,81781
86440,1597,818.00,509.00,0,81789
86311,1594,810.00,509.00,0,81799
86184,1591,826.00,492.00,0,81808
86058,1589,814.00,508.00,0,81816
85930,1586,802.00,525.00,0,81825
85801,1584,803.00,493.00,0,81833
85676,1582,810.00,493.00,0,81843
85550,1581,823.00,493.00,0,81852
85422,1579,802.00,493.00,0,81860
85294,1577,801.00,492.00,0,81869
85170,1574,826.00,493.00,0,81879
85044,1571,818.00,492.00,0,81887
84918,1567,814.00,509.00,0,81896
84792,1565,812.00,493.00,0,81905
84668,1563,819.00,492.00,0,81913
84542,1561,826.00,508.00,0,81923
84414,1560,806.00,509.00,0,81931
84286,1559,802.00,493.00,0,81940
84160,1556,817.00,493.00,0,81949
84033,1553,809.00,493.00,0,81957
83905,1549,806.00,475.00,0,81967
83778,1545,798.00,476.00,0,81976
83652,1543,800.00,475.00,0,81984
83526,1542,826.00,509.00,0,81993
83398,1541,801.00,508.00,0,82001
83270,1539,800.00,498.00,0,82011
83145,1537,821.00,509.00,0,82020
83020,1535,819.00,510.00,0,82028
82895,1532,821.00,493.00,0,82037
82770,1529,812.00,493.00,0,82046
82646,1527,821.00,492.00,0,82055
82520,1525,826.00,509.00,0,82064
82392,1523,813.00,509.00,0,82073
82264,1521,809.00,502.00,0,82081
82138,1519,813.00,493.00,0,82091
82011,1517,814.00,510.00,0,82099
81882,1514,821.00,493.00,0,82108
81756,1511,809.00,493.00,0,82117
81631,1509,811.00,492.00,0,82125
81504,1505,822.00,493.00,0,82135
81376,1503,811.00,509.00,0,82144
81248,1501,805.00,493.00,0,82152
81122,1499,804.00,493.00,0,82161
80997,1498,808.00,509.00,0,82169
80870,1496,826.00,509.00,0,82179
80745,1495,814.00,493.00,0,82188
80622,1493,821.00,495.00,0,82196
80497,1491,826.00,492.00,0,82205
80370,1488,818.00,509.00,0,82214
80243,1485,814.00,493.00,0,82223
80117,1482,814.00,510.00,0,82232
79990,1479,808.00,493.00,0,82241
79861,1477,825.00,492.00,0,82249
79734,1475,813.00,509.00,0,82258
79608,1473,811.00,493.00,0,82267
79480,1472,811.00,509.00,0,82276
79352,1470,802.00,508.00,0,82285
79226,1468,817.00,493.00,0,82293
79101,1465,813.00,509.00,0,82302
78976,1463,814.00,494.00,0,82312
78850,1461,826.00,509.00,0,82320
78726,1459,821.00,492.00,0,82329
78602,1456,822.00,493.00,0,82338
78475,1455,822.00,509.00,0,82347
78346,1453,813.00,497.00,0,82356
78220,1451,826.00,493.00,0,82364
78093,1449,807.00,493.00,0,82373
77965,1447,807.00,492.00,0,82382
77838,1444,820.00,493.00,0,82391
77712,1442,820.00,503.00,0,82400
77586,1439,823.00,509.00,0,82409
77459,1437,808.00,509.00,0,82417
77331,1434,805.00,509.00,0,82426
77204,1431,826.00,509.00,0,82435
77078,1429,812.00,509.00,0,82444
76952,1428,806.00,493.00,0,82453
76826,1427,820.00,492.00,0,82461
76702,1425,824.00,497.00,0,82470
76578,1425,826.00,493.00,0,82480
76452,1423,821.00,493.00,0,82488
76326,1420,814.00,492.00,0,82497
76200,1417,826.00,509.00,0,82506
76074,1413,820.00,494.00,0,82514
75946,1409,810.00,493.00,0,82524
75817,1407,819.00,509.00,0,82532
75690,1405,823.00,509.00,0,82541
75562,1403,821.00,509.00,0,82550
75434,1402,800.00,509.00,0,82558
75305,1401,795.00,492.00,0,82568
75180,1399,826.00,492.00,0,82577
75055,1396,815.00,508.00,0,82585
74929,1393,808.00,493.00,0,82594
74804,1391,811.00,506.00,0,82604
74680,1388,824.00,507.00,0,82612
74556,1385,826.00,509.00,0,82621
74428,1383,813.00,492.00,0,82629
74300,1381,804.00,475.00,0,82638
74173,1379,826.00,493.00,0,82648
74045,1377,814.00,493.00,0,82656
73916,1375,805.00,493.00,0,82665
73789,1373,807.00,509.00,0,82674
73664,1371,815.00,492.00,0,82682
73538,1369,826.00,509.00,0,82692
73410,1367,806.00,509.00,0,82700
73284,1365,808.00,509.00,0,82709
73160,1363,826.00,505.00,0,82718
73035,1360,816.00,492.00,0,82726
72909,1357,823.00,509.00,0,82736
72784,1355,816.00,493.00,0,82745
72660,1353,824.00,508.00,0,82753
72534,1351,826.00,493.00,0,82762
72407,1350,815.00,510.00,0,82771
72278,1349,804.00,475.00,0,82780
72152,1347,823.00,493.00,0,82789
72024,1343,821.00,493.00,0,82797
71896,1341,817.00,493.00,0,82806
71770,1338,811.00,493.00,0,82816
71644,1335,818.00,493.00,0,82824
71518,1333,826.00,509.00,0,82833
71388,1330,799.00,509.00,0,82842
71260,1329,800.00,491.00,0,82850
71135,1327,811.00,493.00,0,82860
71009,1325,810.00,476.00,0,82868
70882,1324,823.00,475.00,0,82877
70758,1323,817.00,493.00,0,82886
70636,1321,824.00,510.00,0,82894
70511,1319,826.00,502.00,0,82904
70385,1317,822.00,493.00,0,82913
70258,1313,820.00,493.00,0,82921
70132,1309,818.00,493.00,0,82930
70003,1306,817.00,493.00,0,82939
69874,1303,826.00,509.00,0,82948
69746,1301,805.00,509.00,0,82957
69620,1301,813.00,509.00,0,82965
69492,1300,812.00,493.00,0,82974
69362,1299,809.00,492.00,0,82983
69236,1297,817.00,493.00,0,82992
69113,1293,810.00,493.00,0,83001
68988,1290,818.00,476.00,0,83010
68862,1287,825.00,493.00,0,83018
68738,1285,819.00,476.00,0,83027
68614,1283,821.00,493.00,0,83037
68488,1283,825.00,475.00,0,83045
68360,1281,821.00,509.00,0,83054
68233,1280,826.00,509.00,0,83062
68106,1277,820.00,492.00,0,83072
67980,1275,819.00,509.00,0,83081
67852,1271,825.00,494.00,0,83089
67726,1269,820.00,493.00,0,83098
67601,1267,817.00,492.00,0,83107
67474,1265,817.00,493.00,0,83116
67345,1263,811.00,509.00,0,83125
67218,1261,825.00,484.00,0,83133
67091,1259,811.00,493.00,0,83142
66964,1257,809.00,476.00,0,83151
66838,1255,827.00,509.00,0,83160
66714,1253,826.00,509.00,0,83169
66590,1252,826.00,486.00,0,83178
66465,1251,826.00,492.00,0,83186
66338,1248,823.00,492.00,0,83195
66212,1245,825.00,509.00,0,83205
66086,1243,823.00,492.00,0,83213
65958,1239,818.00,509.00,0,83222
65830,1236,824.00,509.00,0,83230
65703,1234,819.00,509.00,0,83239
65576,1232,822.00,509.00,0,83249
65449,1231,803.00,509.00,0,83257
65319,1229,801.00,480.00,0,83266
65192,1227,826.00,509.00,0,83275
65066,1225,815.00,493.00,0,83283
64940,1222,813.00,493.00,0,83293
64815,1219,821.00,493.00,0,83301
64690,1217,826.00,509.00,0,83310
64567,1215,827.00,509.00,0,83319
64440,1213,821.00,509.00,0,83328
64312,1211,813.00,509.00,0,83337
64186,1209,826.00,509.00,0,83346
64059,1207,820.00,509.00,0,83354
63930,1204,810.00,509.00,0,83363
63804,1201,805.00,493.00,0,83373
63678,1199,817.00,492.00,0,83381
63552,1198,825.00,509.00,0,83390
63424,1197,804.00,493.00,0,83398
63296,1195,808.00,504.00,0,83407
63170,1193,827.00,493.00,0,83417
63045,1191,823.00,510.00,0,83425
62920,1189,826.00,493.00,0,83434
62794,1187,826.00,492.00,0,83443
62672,1185,825.00,493.00,0,83451
62548,1183,826.00,510.00,0,83461
62421,1181,825.00,509.00,0,83470
62293,1178,822.00,509.00,0,83478
62166,1175,826.00,509.00,0,83487
62038,1173,821.00,509.00,0,83495
61909,1171,817.00,508.00,0,83505
61782,1169,810.00,509.00,0,83514
61656,1167,818.00,492.00,0,83522
61530,1167,826.00,476.00,0,83531
61401,1165,809.00,493.00,0,83540
61274,1163,816.00,509.00,0,83549
61150,1161,826.00,509.00,0,83558
61025,1157,826.00,509.00,0,83566
60899,1153,826.00,492.00,0,83575
60773,1150,824.00,509.00,0,83585
60650,1147,826.00,492.00,0,83593
60524,1147,827.00,509.00,0,83602
60394,1145,824.00,509.00,0,83611
60266,1145,813.00,509.00,0,83619
60140,1143,824.00,509.00,0,83629
60012,1140,817.00,509.00,0,83638
59885,1137,826.00,509.00,0,83646
59758,1134,813.00,476.00,0,83655
59633,1131,816.00,476.00,0,83663
59506,1129,826.00,493.00,0,83673
59376,1127,817.00,493.00,0,83682
59248,1125,805.00,493.00,0,83690
59123,1123,811.00,493.00,0,83699
58996,1121,815.00,492.00,0,83708
58870,1120,825.00,509.00,0,83717
58746,1119,821.00,493.00,0,83726
58624,1117,826.00,492.00,0,83735
58500,1115,825.00,493.00,0,83743
58372,1113,826.00,493.00,0,83752
58246,1111,826.00,492.00,0,83761
58122,1108,823.00,492.00,0,83770
57994,1105,825.00,509.00,0,83779
57866,1101,825.00,509.00,0,83787
57740,1099,820.00,480.00,0,83796
57612,1097,824.00,493.00,0,83806
57484,1096,821.00,509.00,0,83814
57354,1095,810.00,493.00,0,83823
57226,1093,822.00,509.00,0,83831
57100,1091,812.00,493.00,0,83841
56974,1089,811.00,493.00,0,83850
56848,1086,826.00,493.00,0,83858
56725,1085,824.00,509.00,0,83867
56603,1083,826.00,493.00,0,83876
56478,1081,825.00,492.00,0,83885
56351,1079,824.00,509.00,0,83894
56224,1077,827.00,493.00,0,83903
56098,1075,821.00,492.00,0,83911
55971,1071,822.00,509.00,0,83920
55843,1069,826.00,492.00,0,83929
55716,1066,824.00,475.00,0,83938
55590,1065,821.00,476.00,0,83947
55462,1063,819.00,493.00,0,83955
55332,1062,806.00,493.00,0,83964
55205,1061,826.00,493.00,0,83974
55079,1058,815.00,509.00,0,83982
54953,1055,811.00,492.00,0,83991
54828,1053,826.00,492.00,0,83999
54704,1051,826.00,509.00,0,84008
54581,1049,826.00,493.00,0,84018
54456,1049,826.00,509.00,0,84026
54328,1047,823.00,509.00,0,84035
54201,1045,826.00,496.00,0,84044
54075,1042,823.00,492.00,0,84052
53947,1039,819.00,509.00,0,84062
53820,1037,826.00,510.00,0,84071
53694,1035,826.00,492.00,0,84079
53568,1033,826.00,493.00,0,84088
53440,1031,814.00,493.00,0,84097
53310,1029,807.00,492.00,0,84106
53183,1027,826.00,509.00,0,84115
53057,1025,817.00,493.00,0,84123
52930,1022,818.00,493.00,0,84132
52805,1020,824.00,493.00,0,84142
52682,1019,826.00,509.00,0,84150
52558,1017,826.00,493.00,0,84159
52432,1015,825.00,508.00,0,84168
52304,1013,821.00,509.00,0,84176
52178,1010,825.00,494.00,0,84186
52051,1007,822.00,492.00,0,84194
51923,1005,820.00,492.00,0,84203
51795,1002,821.00,493.00,0,84212
51670,1001,826.00,493.00,0,84220
51543,999,826.00,509.00,0,84230
51418,999,815.00,493.00,0,84238
51294,997,813.00,509.00,0,84246
51172,994,825.00,500.00,0,84255
51048,991,824.00,509.00,0,84263
50926,987,820.00,493.00,0,84273
50804,983,818.00,498.00,0,84281
50684,981,823.00,493.00,0,84289
50563,981,826.00,502.00,0,84298
50440,981,824.00,493.00,0,84306
50316,980,819.00,493.00,0,84315
50194,979,826.00,475.00,0,84324
50072,977,820.00,487.00,0,84332
49948,974,820.00,509.00,0,84341
49825,971,825.00,507.00,0,84349
49704,968,826.00,493.00,0,84358
49583,965,826.00,493.00,0,84367
49460,963,825.00,509.00,0,84375
49334,961,820.00,493.00,0,84384
49209,959,826.00,509.00,0,84392
49086,957,812.00,503.00,0,84401
48961,955,811.00,509.00,0,84410
48838,954,826.00,509.00,0,84418
48718,953,820.00,493.00,0,84426
48597,951,826.00,475.00,0,84435
48476,951,826.00,509.00,0,84444
48353,949,826.00,509.00,0,84453
48231,946,826.00,492.00,0,84461
48109,943,825.00,507.00,0,84469
47986,941,825.00,493.00,0,84478
47863,937,825.00,493.00,0,84487
47740,935,824.00,493.00,0,84495
47618,933,825.00,509.00,0,84504
47495,931,826.00,507.00,0,84512
47370,930,822.00,509.00,0,84521
47244,928,824.00,509.00,0,84530
47121,926,814.00,493.00,0,84538
46998,924,818.00,493.00,0,84547
46875,922,825.00,492.00,0,84555
46753,920,821.00,492.00,0,84563
46635,919,826.00,492.00,0,84573
46514,917,826.00,509.00,0,84581
46390,916,825.00,509.00,0,84590
46268,914,822.00,492.00,0,84598
46145,911,826.00,510.00,0,84606
46022,908,824.00,510.00,0,84616
45898,905,826.00,492.00,0,84624
45774,903,819.00,493.00,0,84632
45652,901,822.00,475.00,0,84641
45530,900,826.00,493.00,0,84649
45405,899,814.00,509.00,0,84659
45279,897,806.00,492.00,0,84667
45157,895,825.00,509.00,0,84675
45034,893,823.00,492.00,0,84684
44910,890,821.00,493.00,0,84692
44790,888,824.00,509.00,0,84702
44671,887,825.00,493.00,0,84710
44552,885,826.00,492.00,0,84718
44430,885,826.00,509.00,0,84727
44306,883,825.00,492.00,0,84736
44184,881,826.00,493.00,0,84744
44062,879,826.00,492.00,0,84753
43938,875,826.00,493.00,0,84761
43815,872,826.00,508.00,0,84770
43694,869,826.00,491.00,0,84779
43572,867,826.00,493.00,0,84787
43446,865,817.00,493.00,0,84796
43320,863,810.00,493.00,0,84804
43195,861,826.00,476.00,0,84812
43070,859,811.00,492.00,0,84822
42946,857,808.00,493.00,0,84830
42824,855,815.00,493.00,0,84839
42703,855,826.00,499.00,0,84847
42584,853,826.00,493.00,0,84855
42464,853,826.00,493.00,0,84865
42340,851,821.00,476.00,0,84873
42219,849,826.00,509.00,0,84881
42096,845,825.00,509.00,0,84890
41974,842,825.00,493.00,0,84898
41850,838,826.00,493.00,0,84908
41728,835,825.00,492.00,0,84916
41606,833,826.00,492.00,0,84924
41482,831,826.00,510.00,0,84933
41355,830,818.00,508.00,0,84941
41230,829,826.00,509.00,0,84951
41106,827,813.00,493.00,0,84959
40982,825,814.00,493.00,0,84967
40860,823,826.00,510.00,0,84976
40740,821,822.00,493.00,0,84984
40622,820,826.00,508.00,0,84993
40502,819,826.00,493.00,0,85002
40380,817,826.00,509.00,0,85010
40257,815,827.00,492.00,0,85019
40136,813,825.00,510.00,0,85027
40012,809,825.00,493.00,0,85036
39887,805,826.00,509.00,0,85045
39763,803,820.00,492.00,0,85053
39642,801,826.00,509.00,0,85061
39518,799,826.00,510.00,0,85070
39392,798,817.00,510.00,0,85079
39265,797,805.00,509.00,0,85088
39142,795,818.00,509.00,0,85096
39018,793,823.00,509.00,0,85104
38896,790,826.00,493.00,0,85113
38775,789,821.00,493.00,0,85122
38658,787,826.00,492.00,0,85130
38538,786,826.00,492.00,0,85139
38417,785,826.00,493.00,0,85147
38294,783,826.00,492.00,0,85156
38172,781,825.00,509.00,0,85165
38050,777,826.00,493.00,0,85173
37925,773,825.00,493.00,0,85182
37801,770,826.00,476.00,0,85190
37680,767,827.00,493.00,0,85198
37556,766,826.00,509.00,0,85208
37430,765,812.00,493.00,0,85216
37304,764,805.00,493.00,0,85225
37180,763,826.00,509.00,0,85233
37055,761,814.00,509.00,0,85241
36932,758,815.00,510.00,0,85251
36811,755,825.00,493.00,0,85259
36693,753,826.00,492.00,0,85268
36575,752,825.00,493.00,0,85276
36454,751,826.00,493.00,0,85284
36331,749,827.00,509.00,0,85294
36208,747,826.00,493.00,0,85302
36084,743,826.00,494.00,0,85310
35959,741,819.00,492.00,0,85319
35834,737,826.00,495.00,0,85327
35712,735,826.00,493.00,0,85337
35590,734,825.00,499.00,0,85345
35466,733,822.00,493.00,0,85353
35339,731,811.00,492.00,0,85362
35214,729,825.00,498.00,0,85370
35091,727,808.00,492.00,0,85379
34968,724,814.00,492.00,0,85388
34846,721,826.00,503.00,0,85396
34728,719,826.00,509.00,0,85405
34611,718,826.00,509.00,0,85413
34492,717,826.00,493.00,0,85422
34369,716,826.00,493.00,0,85431
34245,714,826.00,509.00,0,85439
34122,711,826.00,492.00,0,85447
33997,708,823.00,493.00,0,85456
33872,705,827.00,493.00,0,85465
33749,701,823.00,494.00,0,85474
33628,699,826.00,491.00,0,85482
33504,699,826.00,509.00,0,85490
33378,697,822.00,509.00,0,85499
33251,696,806.00,493.00,0,85508
33128,693,811.00,495.00,0,85517
33004,691,816.00,492.00,0,85525
32882,689,826.00,493.00,0,85533
32762,687,826.00,493.00,0,85542
32646,685,825.00,497.00,0,85551
32528,685,826.00,476.00,0,85559
32406,683,825.00,509.00,0,85568
32284,682,825.00,493.00,0,85576
32160,680,826.00,493.00,0,85585
32036,677,825.00,492.00,0,85594
31911,673,827.00,493.00,0,85602
31788,670,826.00,509.00,0,85611
31667,667,826.00,509.00,0,85619
31544,665,826.00,493.00,0,85627
31418,663,819.00,509.00,0,85637
31290,661,802.00,492.00,0,85645
31165,659,816.00,509.00,0,85654
31040,657,812.00,509.00,0,85662
30916,655,810.00,493.00,0,85670
30795,653,821.00,492.00,0,85680
30678,652,825.00,493.00,0,85688
30561,651,826.00,492.00,0,85696
30440,651,826.00,492.00,0,85705
30318,650,826.00,493.00,0,85713
30198,648,826.00,509.00,0,85723
30074,645,826.00,509.00,0,85731
29950,641,826.00,509.00,0,85739
29827,637,827.00,510.00,0,85748
29706,634,826.00,508.00,0,85756
29585,631,826.00,492.00,0,85766
29460,629,826.00,509.00,0,85774
29332,628,815.00,509.00,0,85782
29204,626,826.00,493.00,0,85791
29078,624,805.00,509.00,0,85799
28952,622,805.00,509.00,0,85808
28830,620,827.00,509.00,0,85817
28712,619,826.00,492.00,0,85825
28596,618,826.00,509.00,0,85834
28476,617,825.00,509.00,0,85842
28353,617,826.00,493.00,0,85851
28230,615,826.00,509.00,0,85860
28108,611,826.00,509.00,0,85868
27984,609,826.00,510.00,0,85876
27860,605,826.00,509.00,0,85885
27739,602,826.00,493.00,0,85894
27618,601,826.00,509.00,0,85903
27495,599,825.00,509.00,0,85911
27368,597,826.00,510.00,0,85919
27242,596,813.00,492.00,0,85928
27117,593,807.00,509.00,0,85937
26992,591,809.00,509.00,0,85945
26868,587,826.00,509.00,0,85954
26749,585,826.00,492.00,0,85962
26633,584,826.00,492.00,0,85971
26514,583,826.00,493.00,0,85980
26392,583,826.00,509.00,0,85988
26268,581,826.00,509.00,0,85997
26145,579,826.00,509.00,0,86005
26020,577,826.00,493.00,0,86013
25895,573,826.00,509.00,0,86023
25772,571,825.00,493.00,0,86031
25653,569,826.00,475.00,0,86040
25531,567,826.00,492.00,0,86048
25406,565,818.00,493.00,0,86056
25278,563,804.00,476.00,0,86066
25152,561,814.00,493.00,0,86074
25027,557,815.00,509.00,0,86083
24904,555,817.00,475.00,0,86091
24784,553,824.00,509.00,0,86099
24668,551,826.00,509.00,0,86109
24552,551,826.00,492.00,0,86117
24432,551,826.00,509.00,0,86125
24308,549,826.00,509.00,0,86134
24185,547,826.00,493.00,0,86142
24060,545,824.00,493.00,0,86152
23934,541,822.00,509.00,0,86160
23811,538,825.00,493.00,0,86168
23690,535,826.00,493.00,0,86177
23569,533,824.00,493.00,0,86185
23444,532,825.00,493.00,0,86194
23316,531,809.00,493.00,0,86203
23190,529,826.00,509.00,0,86211
23064,526,808.00,509.00,0,86220
22940,523,807.00,492.00,0,86228
22820,521,826.00,493.00,0,86237
22704,519,826.00,493.00,0,86246
22589,519,826.00,492.00,0,86254
22472,519,826.00,508.00,0,86262
22349,518,826.00,492.00,0,86272
22226,516,826.00,493.00,0,86280
22100,513,826.00,509.00,0,86289
21975,510,823.00,509.00,0,86297
21850,506,826.00,509.00,0,86305
21729,503,826.00,509.00,0,86315
21609,501,826.00,493.00,0,86323
21485,499,826.00,509.00,0,86332
21356,497,817.00,509.00,0,86340
21228,495,815.00,509.00,0,86348
21100,493,795.00,509.00,0,86358
20974,491,800.00,509.00,0,86366
20853,489,826.00,493.00,0,86374
20736,487,826.00,493.00,0,86383
20622,487,826.00,493.00,0,86391
20508,487,826.00,493.00,0,86401
20388,487,825.00,492.00,0,86409
20264,485,826.00,493.00,0,86417
20141,483,826.00,508.00,0,86426
20016,479,825.00,508.00,0,86434
19891,475,827.00,509.00,0,86443
19769,471,826.00,509.00,0,86452
19650,469,826.00,507.00,0,86460
19528,467,826.00,493.00,0,86469
19400,465,825.00,509.00,0,86477
19270,463,811.00,506.00,0,86486
19140,461,807.00,509.00,0,86495
19013,459,803.00,509.00,0,86503
18888,457,823.00,509.00,0,86511
18770,455,826.00,493.00,0,86520
18658,455,826.00,508.00,0,86529
18542,454,826.00,493.00,0,86538
18424,454,825.00,479.00,0,86546
18301,453,827.00,492.00,0,86554
18177,451,826.00,493.00,0,86563
18051,448,826.00,492.00,0,86572
17926,444,826.00,493.00,0,86580
17803,441,825.00,495.00,0,86589
17684,437,826.00,492.00,0,86597
17564,435,826.00,492.00,0,86606
17440,433,825.00,510.00,0,86615
17310,431,819.00,510.00,0,86623
17180,430,826.00,509.00,0,86632
17052,428,804.00,510.00,0,86640
16928,426,810.00,493.00,0,86649
16808,425,825.00,492.00,0,86658
16695,423,826.00,475.00,0,86666
16584,423,826.00,482.00,0,86675
16467,423,825.00,493.00,0,86683
16342,422,826.00,509.00,0,86691
16216,421,826.00,494.00,0,86701
16088,418,824.00,509.00,0,86709
15960,414,823.00,509.00,0,86718
15834,410,825.00,492.00,0,86726
15714,407,825.00,509.00,0,86734
15595,403,826.00,493.00,0,86744
15471,401,826.00,492.00,0,86752
15342,399,814.00,509.00,0,86760
15213,398,824.00,509.00,0,86769
15085,397,802.00,509.00,0,86777
14960,395,806.00,493.00,0,86787
14844,393,825.00,492.00,0,86795
14732,393,826.00,475.00,0,86803
14623,393,826.00,493.00,0,86812
14504,393,827.00,493.00,0,86820
14378,393,826.00,509.00,0,86829
14250,392,826.00,509.00,0,86838
14120,389,819.00,509.00,0,86846
13992,386,810.00,509.00,0,86855
13864,381,825.00,493.00,0,86863
13744,377,826.00,509.00,0,86872
13627,373,826.00,493.00,0,86881
13508,371,826.00,493.00,0,86889
13382,369,827.00,493.00,0,86898
13253,367,814.00,509.00,0,86906
13126,365,806.00,509.00,0,86915
13000,363,815.00,509.00,0,86924
12882,361,825.00,493.00,0,86932
12772,361,826.00,476.00,0,86940
12663,361,826.00,492.00,0,86949
12542,361,826.00,509.00,0,86958
12415,361,826.00,509.00,0,86967
12283,361,816.00,509.00,0,86975
12150,359,809.00,510.00,0,86983
12018,355,798.00,509.00,0,86992
11890,351,807.00,493.00,0,87001
11770,347,821.00,493.00,0,87009
11656,343,826.00,493.00,0,87018
11540,340,826.00,509.00,0,87026
11418,337,826.00,493.00,0,87035
11292,335,820.00,509.00,0,87044
11166,333,826.00,509.00,0,87052
11041,331,825.00,509.00,0,87061
10922,330,826.00,509.00,0,87069
10812,329,826.00,476.00,0,87077
10703,329,826.00,509.00,0,87087
10581,329,826.00,509.00,0,87095
10452,329,827.00,493.00,0,87104
10318,330,808.00,509.00,0,87112
10182,330,808.00,509.00,0,87120
10050,327,781.00,492.00,0,87130
9921,324,792.00,492.00,0,87138
9805,320,815.00,492.00,0,87146
9696,316,826.00,476.00,0,87154
9589,312,826.00,493.00,0,87162
9478,309,825.00,492.00,0,87171
9359,306,826.00,508.00,0,87179
9237,304,826.00,492.00,0,87188
9116,302,826.00,509.00,0,87196
8998,300,826.00,492.00,0,87204
8888,300,826.00,475.00,0,87213
8780,299,826.00,476.00,0,87221
8662,299,825.00,492.00,0,87229
8540,299,826.00,509.00,0,87237
8412,300,823.00,509.00,0,87246
8280,300,792.00,526.00,0,87255
8147,300,763.00,509.00,0,87263
8018,296,789.00,509.00,0,87271
7897,293,803.00,493.00,0,87279
7784,288,826.00,493.00,0,87287
7680,284,826.00,492.00,0,87296
7576,280,826.00,492.00,0,87304
7460,276,826.00,493.00,0,87313
7338,274,825.00,509.00,0,87321
7212,272,826.00,509.00,0,87329
7090,270,824.00,475.00,0,87337
6974,268,826.00,493.00,0,87346
6868,268,826.00,493.00,0,87354
6759,268,826.00,493.00,0,87362
6639,269,825.00,492.00,0,87370
6516,270,826.00,509.00,0,87379
6386,272,822.00,509.00,0,87388
6252,272,786.00,509.00,0,87396
6119,271,684.00,493.00,0,87404
5993,269,783.00,492.00,0,87412
5876,265,820.00,494.00,0,87420
5769,261,826.00,475.00,0,87429
5667,257,826.00,493.00,0,87437
5557,253,825.00,493.00,0,87445
5436,249,826.00,507.00,0,87454
5310,246,817.00,493.00,0,87462
5184,243,825.00,492.00,0,87471
5063,241,826.00,494.00,0,87479
4954,241,825.00,475.00,0,87487
4852,240,826.00,493.00,0,87495
4737,240,826.00,493.00,0,87503
4616,242,825.00,509.00,0,87512
4492,243,826.00,509.00,0,87521
4364,244,823.00,492.00,0,87529
4230,244,800.00,493.00,0,87537
4100,244,772.00,509.00,0,87545
3974,242,794.00,493.00,0,87554
3860,238,826.00,493.00,0,87562
3755,234,825.00,475.00,0,87570
3652,229,826.00,493.00,0,87578
3535,224,825.00,495.00,0,87587
3412,220,826.00,492.00,0,87596
3285,216,815.00,509.00,0,87604
3162,214,826.00,492.00,0,87612
3048,212,826.00,493.00,0,87620
2944,210,826.00,476.00,0,87628
2834,210,826.00,493.00,0,87636
2716,210,825.00,493.00,0,87646
2596,212,825.00,509.00,0,87654
2471,215,825.00,509.00,0,87662
2342,217,822.00,509.00,0,87670
2209,217,818.00,509.00,0,87678
2078,217,788.00,509.00,0,87687
1954,215,801.00,493.00,0,87695
1842,213,826.00,476.00,0,87703
1742,209,826.00,491.00,0,87711
1634,204,825.00,492.00,0,87720
1513,199,825.00,492.00,0,87729
1385,195,821.00,509.00,0,87737
1256,191,810.00,509.00,0,87745
1135,187,825.00,509.00,0,87753
1024,184,826.00,493.00,0,87761
923,183,826.00,479.00,0,87770
814,182,826.00,493.00,0,87778
700,182,826.00,494.00,0,87786
583,184,825.00,509.00,0,87794
464,186,826.00,475.00,0,87802
336,188,818.00,509.00,0,87810
204,190,790.00,509.00,0,87818
74,191,633.00,493.00,0,87826
-28,191,0.00,475.00,0,87833
-59,191,0.00,409.00,0,87841
-17,188,175.00,341.00,0,87849
67,185,805.00,341.00,0,87857
147,181,500.00,341.00,0,87865
236,177,177.00,326.00,0,87873
340,173,413.00,308.00,0,87881
451,171,599.00,326.00,0,87889
563,169,635.00,325.00,0,87898
679,169,789.00,308.00,0,87905
803,170,826.00,325.00,0,87913
937,171,825.00,326.00,0,87921
1067,174,825.00,292.00,0,87929
1190,175,826.00,308.00,0,87938
1301,176,819.00,325.00,0,87947
1401,178,503.00,325.00,0,87955
1505,178,364.00,324.00,0,87963
1621,178,734.00,308.00,0,87971
1740,178,791.00,307.00,0,87980
1864,178,816.00,308.00,0,87988
1992,178,826.00,325.00,0,87996
2116,177,820.00,324.00,0,88004
2225,176,664.00,341.00,0,88013
2329,176,272.00,341.00,0,88022
2447,176,547.00,325.00,0,88030
2567,177,699.00,308.00,0,88038
2689,179,779.00,308.00,0,88046
2815,181,819.00,308.00,0,88054
2949,183,826.00,292.00,0,88062
3081,185,825.00,325.00,0,88071
3205,185,825.00,342.00,0,88080
3317,185,812.00,324.00,0,88088
3419,185,477.00,325.00,0,88096
3525,184,375.00,325.00,0,88104
3643,183,755.00,341.00,0,88113
3763,182,801.00,325.00,0,88121
3887,182,811.00,309.00,0,88129
4013,182,808.00,308.00,0,88137
4129,183,801.00,325.00,0,88146
4236,183,353.00,325.00,0,88155
4349,185,369.00,325.00,0,88163
4469,188,636.00,323.00,0,88171
4589,191,691.00,308.00,0,88179
4709,195,713.00,325.00,0,88187
4835,197,817.00,325.00,0,88196
4967,200,825.00,308.00,0,88204
5097,201,825.00,311.00,0,88213
5217,201,816.00,324.00,0,88221
5325,200,736.00,341.00,0,88229
5429,199,359.00,325.00,0,88238
5545,197,823.00,325.00,0,88246
5655,195,826.00,325.00,0,88254
5761,195,826.00,325.00,0,88262
5869,195,825.00,325.00,0,88270
5977,195,826.00,341.00,0,88280
6080,197,825.00,358.00,0,88288
6173,200,825.00,341.00,0,88296
6249,203,825.00,358.00,0,88304
6307,205,825.00,358.00,0,88312
6347,207,826.00,391.00,0,88321
6369,210,826.00,408.00,0,88329
6375,212,826.00,409.00,0,88337
6365,213,825.00,425.00,0,88346
6340,213,825.00,425.00,0,88354
6303,213,825.00,442.00,0,88363
6254,211,826.00,459.00,0,88371
6197,209,827.00,442.00,0,88379
6135,205,825.00,442.00,0,88387
6070,201,826.00,459.00,0,88395
6007,197,826.00,442.00,0,88403
5947,194,825.00,425.00,0,88413
5896,191,825.00,442.00,0,88421
5853,191,825.00,442.00,0,88429
5817,191,825.00,425.00,0,88437
5791,192,825.00,425.00,0,88445
5770,195,826.00,409.00,0,88454
5757,197,825.00,425.00,0,88462
5747,199,826.00,409.00,0,88470
5743,201,825.00,425.00,0,88479
5743,203,825.00,409.00,0,88487
5748,203,825.00,409.00,0,88496
5756,203,826.00,409.00,0,88504
5767,202,825.00,408.00,0,88512
5783,201,826.00,409.00,0,88520
5801,199,825.00,391.00,0,88528
5823,197,826.00,392.00,0,88537
5849,196,825.00,375.00,0,88546
5879,196,825.00,375.00,0,88554
5910,196,825.00,375.00,0,88562
5943,196,825.00,387.00,0,88570
5975,197,826.00,375.00,0,88579
6003,198,825.00,392.00,0,88587
6029,199,826.00,391.00,0,88595
6048,200,826.00,408.00,0,88603
6061,200,826.00,408.00,0,88612
6065,200,826.00,408.00,0,88621
6064,200,825.00,408.00,0,88629
6056,200,826.00,425.00,0,88637
6042,198,826.00,425.00,0,88645
6024,198,825.00,425.00,0,88653
6004,198,825.00,425.00,0,88662
5984,198,826.00,425.00,0,88670
5966,198,826.00,425.00,0,88679
5950,198,825.00,408.00,0,88687
5938,199,825.00,425.00,0,88695
5930,200,826.00,409.00,0,88704
5926,200,825.00,408.00,0,88712
5927,200,825.00,409.00,0,88720
5931,200,826.00,409.00,0,88728
5939,200,826.00,391.00,0,88736
5951,199,826.00,391.00,0,88745
5963,199,825.00,408.00,0,88754
5975,199,826.00,408.00,0,88762
5988,199,824.00,392.00,0,88770
5999,199,826.00,408.00,0,88778
6007,199,826.00,408.00,0,88786
6013,199,825.00,391.00,0,88795
6015,200,825.00,409.00,0,88803
6015,200,825.00,408.00,0,88812
6011,201,826.00,408.00,0,88820
6005,201,825.00,408.00,0,88828
5997,201,825.00,409.00,0,88837
5989,201,826.00,425.00,0,88845
5981,201,825.00,409.00,0,88853
5973,201,825.00,409.00,0,88861
5969,201,826.00,409.00,0,88869
5965,201,826.00,409.00,0,88879
5963,201,825.00,409.00,0,88887
5963,201,825.00,408.00,0,88895
5965,201,826.00,409.00,0,88903
5969,201,825.00,408.00,0,88911
5973,201,826.00,409.00,0,88920
5979,202,825.00,409.00,0,88928
5984,202,826.00,409.00,0,88936
5989,202,826.00,408.00,0,88945
5991,202,826.00,408.00,0,88953
5993,202,826.00,409.00,0,88962
5993,202,826.00,408.00,0,88970
5993,202,825.00,409.00,0,88978
5991,202,826.00,425.00,0,88986
5988,202,826.00,408.00,0,88994
5985,202,825.00,409.00,0,89003
5982,202,826.00,409.00,0,89012
5979,202,826.00,408.00,0,89020
5977,202,825.00,409.00,0,89028
5976,202,825.00,408.00,0,89036
5975,202,826.00,408.00,0,89044
5975,202,825.00,408.00,0,89053
5976,202,826.00,409.00,0,89061
5977,202,826.00,409.00,0,89069
5979,202,826.00,409.00,0,89078
5980,202,825.00,409.00,0,89086
5981,202,826.00,408.00,0,89095
5982,202,826.00,409.00,0,89103
5982,202,826.00,409.00,0,89111
5982,202,826.00,409.00,0,89119
5982,202,826.00,409.00,0,89127
5982,202,826.00,409.00,0,89136
5981,202,825.00,409.00,0,89145
5980,202,825.00,408.00,0,89153
5980,202,825.00,409.00,0,89161
5980,202,825.00,408.00,0,89169
5980,202,825.00,408.00,0,89178
5980,202,826.00,408.00,0,89186
5980,201,826.00,409.00,0,89194
5981,201,825.00,409.00,0,89202
5981,201,826.00,408.00,0,89211
5981,201,825.00,408.00,0,89220
5981,201,825.00,409.00,0,89228
5981,201,826.00,408.00,0,89236
5981,201,826.00,409.00,0,89244
5981,201,825.00,408.00,0,89252
5981,201,826.00,409.00,0,89261
5981,201,826.00,409.00,0,89269
5981,201,826.00,408.00,0,89278
5981,201,825.00,409.00,0,89286
5981,201,825.00,409.00,0,89294
5981,201,826.00,409.00,0,89303
5981,201,826.00,409.00,0,89311
5981,201,826.00,409.00,0,89319
5981,201,826.00,409.00,0,89327
5981,201,826.00,409.00,0,89335
5981,201,826.00,409.00,0,89345
5981,201,825.00,408.00,0,89353
5981,201,825.00,409.00,0,89361
5981,201,825.00,409.00,0,89369
5981,201,826.00,408.00,0,89377
5981,201,826.00,409.00,0,89385
5981,201,826.00,409.00,0,89394
5981,201,826.00,409.00,0,89402
5981,201,825.00,409.00,0,89411
5981,201,826.00,408.00,0,89419
5981,201,825.00,409.00,0,89427
5981,201,826.00,408.00,0,89436
5981,201,826.00,409.00,0,89444
5981,201,826.00,409.00,0,89452
5981,201,825.00,409.00,0,89460
5981,201,826.00,409.00,0,89468
5981,201,826.00,409.00,0,89478
5981,201,825.00,408.00,0,89486
5981,201,825.00,409.00,0,89494
5981,201,826.00,408.00,0,89502
5981,201,825.00,408.00,0,89510
5981,201,825.00,408.00,0,89519
5981,201,826.00,408.00,0,89527
5981,201,826.00,408.00,0,89535
5981,201,825.00,409.00,0,89544
5981,201,825.00,408.00,0,89552
5981,201,825.00,409.00,0,89561
5981,201,826.00,409.00,0,89569
5981,201,826.00,409.00,0,89577
5981,201,826.00,409.00,0,89585
5981,201,826.00,408.00,0,89593
5981,201,826.00,409.00,0,89602
5981,201,825.00,408.00,0,89611
5981,201,825.00,408.00,0,89619
5981,201,825.00,409.00,0,89627
5981,201,825.00,409.00,0,89635
5981,201,826.00,409.00,0,89644
5981,201,826.00,408.00,0,89652
5981,201,825.00,409.00,0,89660
5981,201,826.00,409.00,0,89668
5981,201,826.00,408.00,0,89677
5981,201,825.00,409.00,0,89686
5981,201,825.00,409.00,0,89694
5981,201,826.00,409.00,0,89702
5981,201,825.00,408.00,0,89710
5981,201,825.00,408.00,0,89718
5981,201,826.00,408.00,0,89726
5981,201,826.00,409.00,0,89735
5981,201,825.00,409.00,0,89744
5981,201,825.00,408.00,0,89752
5981,201,826.00,408.00,0,89760
5981,201,825.00,409.00,0,89768
5981,201,825.00,408.00,0,89777
5981,201,826.00,409.00,0,89785
5981,201,826.00,409.00,0,89793
5981,201,825.00,409.00,0,89801
5981,200,826.00,409.00,0,89810
5981,200,825.00,409.00,0,89819
5981,200,825.00,409.00,0,89827
5981,200,826.00,409.00,0,89835
5981,200,826.00,409.00,0,89843
5981,200,825.00,408.00,0,89851
5981,200,825.00,409.00,0,89860
5981,200,825.00,409.00,0,89868
5981,200,826.00,409.00,0,89877
5981,200,825.00,408.00,0,89885
5981,200,825.00,408.00,0,89893
5981,200,825.00,409.00,0,89902
5981,200,826.00,408.00,0,89910
5981,200,826.00,408.00,0,89918
5981,200,826.00,409.00,0,89926
5981,200,825.00,409.00,0,89934
5981,200,825.00,409.00,0,89944
5981,200,825.00,408.00,0,89952
5981,200,825.00,408.00,0,89960
5981,200,825.00,409.00,0,89968
5981,200,826.00,408.00,0,89976
5981,200,826.00,409.00,0,89985
5981,200,826.00,408.00,0,89993
5981,200,825.00,409.00,0,90001
5981,200,825.00,409.00,0,90010
5981,200,826.00,408.00,0,90018
5981,200,825.00,409.00,0,90027
5981,200,825.00,409.00,0,90035
5981,200,825.00,409.00,0,90043
5981,200,826.00,409.00,0,90051
5981,200,825.00,408.00,0,90059
5981,200,826.00,408.00,0,90067
5981,200,825.00,409.00,0,90077
5981,200,825.00,408.00,0,90085
5981,200,825.00,409.00,0,90093
5981,200,826.00,409.00,0,90101
5981,200,825.00,409.00,0,90109
5981,200,825.00,408.00,0,90118
5981,200,826.00,408.00,0,90126
5981,200,825.00,409.00,0,90134
5981,200,825.00,409.00,0,90143
5981,200,825.00,408.00,0,90151
5981,200,826.00,408.00,0,90160
5981,200,825.00,409.00,0,90168
5981,200,826.00,408.00,0,90176
5981,200,826.00,408.00,0,90184
5981,200,825.00,408.00,0,90192
5981,200,826.00,409.00,0,90201
5981,200,826.00,408.00,0,90210
5981,200,826.00,408.00,0,90218
5981,200,825.00,409.00,0,90226
5981,200,825.00,409.00,0,90234
5981,200,826.00,409.00,0,90243
5981,200,825.00,409.00,0,90251
5981,200,826.00,408.00,0,90259
5981,200,826.00,409.00,0,90267
5981,200,826.00,409.00,0,90276
5981,200,825.00,408.00,0,90285
5981,200,825.00,409.00,0,90293
5981,200,825.00,408.00,0,90301
5981,200,825.00,409.00,0,90309
5981,200,826.00,408.00,0,90317
5981,200,826.00,409.00,0,90326
5981,200,826.00,409.00,0,90334
5981,200,825.00,409.00,0,90343
5981,200,825.00,408.00,0,90351
5981,200,825.00,409.00,0,90359
5981,200,825.00,409.00,0,90368
5981,200,826.00,409.00,0,90376
5981,200,826.00,409.00,0,90384
5981,200,825.00,409.00,0,90392
5981,200,825.00,409.00,0,90400
5981,200,826.00,408.00,0,90409
5981,200,825.00,408.00,0,90418
5981,200,825.00,409.00,0,90426
5981,200,826.00,409.00,0,90434
5981,200,826.00,408.00,0,90442
5981,200,825.00,409.00,0,90450
5981,200,825.00,408.00,0,90459
5981,200,826.00,408.00,0,90467
5981,200,826.00,408.00,0,90476
5981,200,825.00,409.00,0,90484
5981,200,825.00,408.00,0,90492
5981,200,826.00,409.00,0,90501
5981,200,825.00,409.00,0,90509
5981,200,826.00,408.00,0,90517
5981,200,826.00,408.00,0,90525
5981,200,826.00,409.00,0,90533
5981,200,825.00,409.00,0,90543
5981,200,826.00,408.00,0,90551
5981,200,825.00,408.00,0,90559
5981,200,825.00,409.00,0,90567
5981,200,826.00,408.00,0,90575
5981,200,826.00,409.00,0,90584
5981,200,826.00,409.00,0,90592
5981,200,825.00,409.00,0,90600
5981,200,826.00,409.00,0,90609
5981,200,825.00,408.00,0,90617
5981,200,825.00,409.00,0,90626
5981,200,826.00,409.00,0,90634
5981,200,826.00,409.00,0,90642
5981,200,825.00,409.00,0,90650
5981,200,826.00,408.00,0,90658
5981,200,826.00,409.00,0,90667
5981,200,826.00,408.00,0,90676
5981,200,826.00,408.00,0,90684
5981,200,825.00,408.00,0,90692
5981,200,826.00,408.00,0,90700
5981,200,825.00,409.00,0,90708
5981,200,826.00,409.00,0,90717
5981,200,826.00,409.00,0,90725
5981,200,825.00,409.00,0,90733
5981,200,825.00,408.00,0,90742
5981,200,825.00,408.00,0,90750
5981,200,825.00,408.00,0,90759
5981,200,825.00,409.00,0,90767
5981,200,825.00,409.00,0,90775
5981,200,825.00,409.00,0,90783
5981,200,825.00,408.00,0,90791
5981,200,825.00,408.00,0,90800
5981,200,826.00,408.00,0,90809
5981,200,825.00,408.00,0,90817
5981,200,825.00,409.00,0,90825
5981,200,825.00,408.00,0,90833
5981,200,826.00,409.00,0,90842
5981,200,826.00,408.00,0,90850
5981,200,825.00,408.00,0,90858
5981,200,826.00,409.00,0,90866
5981,200,826.00,408.00,0,90875
5981,200,825.00,409.00,0,90884
5981,200,825.00,408.00,0,90892
5981,200,826.00,409.00,0,90900
5981,200,825.00,409.00,0,90908
5981,200,825.00,409.00,0,90916
5981,200,826.00,409.00,0,90925
5981,200,825.00,409.00,0,90933
5981,200,825.00,408.00,0,90942
5981,200,825.00,408.00,0,90950
5981,200,825.00,408.00,0,90958
5981,200,825.00,409.00,0,90967
5981,200,825.00,409.00,0,90975
5981,200,826.00,409.00,0,90983
5981,200,825.00,408.00,0,90991
5981,200,826.00,408.00,0,90999
5981,200,826.00,408.00,0,91009
5981,200,825.00,408.00,0,91017
5981,200,825.00,409.00,0,91025
5981,200,826.00,409.00,0,91033
5981,200,826.00,408.00,0,91041
5981,200,826.00,409.00,0,91049
5981,200,825.00,409.00,0,91058
5981,200,826.00,409.00,0,