,408.00,0,11239
-1,0,826.00,409.00,0,11246
-1,0,825.00,408.00,0,11254
-1,0,825.00,408.00,0,11261
-1,0,825.00,409.00,0,11269
-1,0,826.00,408.00,0,11276
-1,0,826.00,409.00,0,11283
-1,0,826.00,408.00,0,11290
-1,0,826.00,409.00,0,11297
-1,0,826.00,409.00,0,11304
-1,0,825.00,409.00,0,11312
-1,0,826.00,408.00,0,11320
-1,0,825.00,408.00,0,11327
-1,0,826.00,408.00,0,11334
-1,0,826.00,409.00,0,11341
-1,0,826.00,408.00,0,11348
-1,0,826.00,409.00,0,11356
-1,0,826.00,409.00,0,11363
-1,0,825.00,409.00,0,11370
-1,0,826.00,409.00,0,11377
-1,0,826.00,408.00,0,11385
-1,0,826.00,408.00,0,11393
-1,0,825.00,408.00,0,11400
-1,0,826.00,408.00,0,11407
-1,0,826.00,409.00,0,11414
-1,0,826.00,408.00,0,11421
-1,0,826.00,409.00,0,11428
-1,0,826.00,408.00,0,11436
-1,0,826.00,408.00,0,11443
-1,0,826.00,408.00,0,11450
-1,0,825.00,408.00,0,11458
-1,0,825.00,408.00,0,11465
-1,0,826.00,408.00,0,11472
-1,0,826.00,408.00,0,11480
-1,0,826.00,409.00,0,11487
-1,0,826.00,408.00,0,11494
-1,0,826.00,409.00,0,11501
-1,0,826.00,409.00,0,11508
-1,0,825.00,409.00,0,11515
-1,0,825.00,408.00,0,11524
-1,0,825.00,409.00,0,11531
-1,0,826.00,409.00,0,11538
-1,0,826.00,409.00,0,11545
-1,0,826.00,409.00,0,11552
-1,0,825.00,409.00,0,11559
-1,0,826.00,408.00,0,11567
-1,0,825.00,409.00,0,11574
-1,0,826.00,408.00,0,11581
-1,0,826.00,408.00,0,11589
-1,0,825.00,408.00,0,11596
-1,0,825.00,409.00,0,11603
-1,0,825.00,409.00,0,11611
-1,0,825.00,408.00,0,11618
-1,0,826.00,408.00,0,11625
-1,0,826.00,409.00,0,11632
-1,0,826.00,408.00,0,11639
-1,0,826.00,408.00,0,11646
-1,0,825.00,408.00,0,11655
-1,0,825.00,408.00,0,11662
-1,0,825.00,408.00,0,11669
-1,0,825.00,409.00,0,11676
-1,0,826.00,409.00,0,11683
-1,0,825.00,409.00,0,11691
-1,0,826.00,408.00,0,11698
-1,0,826.00,409.00,0,11705
-1,0,826.00,408.00,0,11712
-1,0,826.00,408.00,0,11720
-1,0,825.00,408.00,0,11727
-1,0,825.00,408.00,0,11735
-1,0,826.00,408.00,0,11742
-1,0,826.00,409.00,0,11749
-1,0,826.00,408.00,0,11756
-1,0,826.00,408.00,0,11763
-1,0,826.00,408.00,0,11770
-1,0,826.00,408.00,0,11778
-1,0,826.00,408.00,0,11786
-1,0,825.00,408.00,0,11793
-1,0,826.00,408.00,0,11800
-1,0,825.00,408.00,0,11807
-1,0,825.00,409.00,0,11814
-1,0,826.00,408.00,0,11822
-1,0,825.00,409.00,0,11829
-1,0,826.00,408.00,0,11836
-1,0,825.00,409.00,0,11843
-1,0,826.00,408.00,0,11851
-1,0,826.00,408.00,0,11858
-1,0,825.00,408.00,0,11866
-1,0,826.00,408.00,0,11873
-1,0,826.00,409.00,0,11880
-1,0,825.00,408.00,0,11887
-1,0,826.00,409.00,0,11894
-1,0,826.00,409.00,0,11901
-1,0,826.00,408.00,0,11909
-1,0,826.00,408.00,0,11916
-1,0,825.00,408.00,0,11924
-1,0,825.00,409.00,0,11931
-1,0,825.00,408.00,0,11938
-1,0,826.00,409.00,0,11945
-1,-1,826.00,409.00,0,11953
-1,-1,826.00,409.00,0,11961
-1,-1,825.00,409.00,0,11968
-1,-1,826.00,409.00,0,11975
-1,-1,826.00,408.00,0,11983
-1,-1,826.00,409.00,0,11991
-1,-1,826.00,409.00,0,11998
-1,-1,825.00,408.00,0,12006
-1,-1,825.00,409.00,0,12013
-1,-1,826.00,408.00,0,12021
-1,-1,825.00,408.00,0,12028
-1,-1,826.00,409.00,0,12036
-1,-1,826.00,409.00,0,12044
-1,-1,825.00,409.00,0,12051
-1,-1,825.00,409.00,0,12058
-1,-1,826.00,409.00,0,12066
-1,-1,825.00,408.00,0,12073
-1,-1,826.00,408.00,0,12081
-1,-1,825.00,408.00,0,12089
-1,-1,826.00,408.00,0,12096
-1,-1,826.00,409.00,0,12104
-1,-1,825.00,408.00,0,12111
-1,-1,826.00,409.00,0,12119
-1,-1,826.00,409.00,0,12127
-1,-1,826.00,408.00,0,12134
-1,-1,826.00,409.00,0,12141
-1,-1,826.00,409.00,0,12149
-1,-1,826.00,409.00,0,12156
-1,-1,826.00,409.00,0,12164
-1,-1,826.00,408.00,0,12172
-1,-1,826.00,409.00,0,12179
-1,-1,826.00,409.00,0,12187
-1,-1,825.00,408.00,0,12194
-1,-1,826.00,409.00,0,12201
-1,-1,825.00,409.00,0,12210
-1,-1,825.00,409.00,0,12217
-1,-1,826.00,409.00,0,12224
-1,-1,826.00,409.00,0,12232
-1,-1,826.00,409.00,0,12239
-1,-1,826.00,409.00,0,12247
-1,-1,826.00,408.00,0,12255
-1,-1,826.00,409.00,0,12262
-1,-1,826.00,409.00,0,12270
-1,-1,825.00,408.00,0,12277
-1,-1,826.00,409.00,0,12284
-1,-1,826.00,409.00,0,12293
-1,-1,825.00,409.00,0,12300
-1,-1,826.00,408.00,0,12307
-1,-1,826.00,409.00,0,12315
-1,-1,826.00,409.00,0,12322
-1,-1,826.00,409.00,0,12329
-1,-1,826.00,408.00,0,12338
-1,-1,826.00,408.00,0,12345
-1,-1,826.00,408.00,0,12353
-1,-1,825.00,408.00,0,12360
-1,-1,826.00,409.00,0,12367
-1,-1,826.00,408.00,0,12376
-1,-1,826.00,409.00,0,12383
-1,-1,826.00,409.00,0,12390
-1,-1,826.00,409.00,0,12398
-1,-1,825.00,409.00,0,12405
-1,-1,826.00,409.00,0,12412
-1,-1,826.00,408.00,0,12421
-1,-1,825.00,409.00,0,12428
-1,-1,826.00,409.00,0,12436
-1,-1,825.00,409.00,0,12443
-1,-1,826.00,409.00,0,12450
-1,-1,826.00,409.00,0,12459
-1,-1,826.00,409.00,0,12466
-1,-1,825.00,408.00,0,12473
-1,-1,826.00,409.00,0,12481
-1,-1,826.00,409.00,0,12488
-1,-1,826.00,408.00,0,12495
-1,-1,826.00,408.00,0,12504
-1,-1,826.00,408.00,0,12511
-1,-1,826.00,409.00,0,12519
-1,-1,825.00,408.00,0,12526
-1,-1,826.00,408.00,0,12533
-1,-1,826.00,409.00,0,12541
-1,-1,826.00,409.00,0,12549
-1,-1,826.00,408.00,0,12556
-1,-1,826.00,408.00,0,12564
-1,-1,825.00,408.00,0,12571
-1,-1,826.00,409.00,0,12578
-1,-1,826.00,408.00,0,12587
-1,-1,826.00,409.00,0,12594
-1,-1,826.00,409.00,0,12602
-1,-1,825.00,408.00,0,12609
-1,-1,825.00,409.00,0,12616
-1,-1,826.00,409.00,0,12624
-1,-1,825.00,409.00,0,12632
-1,-1,826.00,409.00,0,12639
-1,-1,826.00,409.00,0,12647
-1,-1,825.00,409.00,0,12654
-1,-1,826.00,409.00,0,12661
-1,-1,825.00,408.00,0,12669
-1,-1,826.00,409.00,0,12677
-1,-1,826.00,409.00,0,12685
-1,-1,826.00,408.00,0,12692
-1,-1,826.00,409.00,0,12699
-1,-1,826.00,409.00,0,12707
-1,-1,825.00,408.00,0,12715
-1,-1,826.00,408.00,0,12722
-1,-1,826.00,408.00,0,12730
-1,-1,826.00,409.00,0,12737
-1,-1,826.00,409.00,0,12744
-1,-1,825.00,409.00,0,12752
-1,-1,826.00,409.00,0,12760
-1,-1,826.00,409.00,0,12768
-1,-1,825.00,408.00,0,12775
-1,-1,826.00,409.00,0,12782
-1,-1,825.00,408.00,0,12790
-1,-1,825.00,408.00,0,12797
-1,-1,826.00,409.00,0,12805
-1,-1,825.00,409.00,0,12813
-1,-1,825.00,408.00,0,12820
-1,-1,826.00,409.00,0,12827
-1,-1,826.00,409.00,0,12835
-1,-1,825.00,408.00,0,12843
-1,-1,825.00,409.00,0,12851
-1,-1,825.00,408.00,0,12858
-1,-1,825.00,409.00,0,12865
-1,-1,826.00,408.00,0,12873
-1,-1,825.00,408.00,0,12880
-1,-1,826.00,409.00,0,12888
-1,-1,825.00,409.00,0,12896
-1,-1,826.00,408.00,0,12903
-1,-1,826.00,408.00,0,12910
-1,-1,826.00,408.00,0,12918
-1,-1,826.00,408.00,0,12925
-1,-1,825.00,409.00,0,12934
-1,-1,825.00,408.00,0,12941
-1,-1,825.00,409.00,0,12948
-1,-1,826.00,408.00,0,12956
-1,-1,825.00,408.00,0,12963
-1,-1,825.00,409.00,0,12971
-1,-1,826.00,409.00,0,12979
-1,-1,825.00,409.00,0,12986
-1,-1,826.00,409.00,0,12993
-1,-1,826.00,408.00,0,13001
-1,-1,825.00,409.00,0,13008
-1,-1,825.00,409.00,0,13017
-1,-1,825.00,408.00,0,13024
-1,-1,825.00,409.00,0,13031
-1,-1,826.00,409.00,0,13039
-1,-1,825.00,408.00,0,13046
-1,-1,825.00,409.00,0,13053
-1,-1,826.00,409.00,0,13062
-1,-1,826.00,409.00,0,13069
-1,-1,826.00,408.00,0,13076
-1,-1,826.00,408.00,0,13084
-1,-1,825.00,408.00,0,13091
-1,-1,826.00,409.00,0,13100
-1,-1,825.00,408.00,0,13107
-1,-1,826.00,409.00,0,13114
-1,-1,826.00,409.00,0,13122
-1,-1,825.00,409.00,0,13129
-1,-1,825.00,409.00,0,13136
-1,-1,826.00,408.00,0,13145
-1,-1,825.00,409.00,0,13152
-1,-1,826.00,409.00,0,13159
-1,-1,825.00,408.00,0,13167
-1,-1,826.00,409.00,0,13174
-1,-1,825.00,408.00,0,13182
-1,-1,825.00,408.00,0,13190
-1,-1,826.00,409.00,0,13197
-1,-1,826.00,409.00,0,13205
-1,-1,825.00,409.00,0,13212
-1,-1,826.00,409.00,0,13219
-1,-1,826.00,409.00,0,13228
-1,-1,825.00,409.00,0,13235
-1,-1,826.00,408.00,0,13242
-1,-1,825.00,408.00,0,13250
-1,-1,825.00,409.00,0,13257
-1,-1,826.00,409.00,0,13265
-1,-1,825.00,408.00,0,13273
-1,-1,826.00,408.00,0,13280
-1,-1,826.00,409.00,0,13288
-1,-1,826.00,409.00,0,13295
-1,-1,826.00,409.00,0,13302
-1,-1,826.00,409.00,0,13310
-1,-1,825.00,408.00,0,13318
-1,-1,826.00,408.00,0,13325
-1,-1,826.00,408.00,0,13333
-1,-1,826.00,408.00,0,13340
-1,-1,826.00,409.00,0,13348
-1,-1,825.00,409.00,0,13356
-1,-1,825.00,408.00,0,13363
-1,-1,825.00,409.00,0,13371
-1,-1,825.00,409.00,0,13378
-1,-1,826.00,409.00,0,13385
-1,-1,825.00,409.00,0,13393
-1,-1,825.00,409.00,0,13401
-1,-1,826.00,409.00,0,13408
-1,-1,826.00,408.00,0,13416
-1,-1,826.00,408.00,0,13423
-1,-1,826.00,409.00,0,13430
-1,-1,825.00,408.00,0,13438
-1,-1,826.00,409.00,0,13446
-1,-1,825.00,409.00,0,13454
-1,-1,826.00,408.00,0,13461
-1,-1,825.00,409.00,0,13468
-1,-1,826.00,409.00,0,13476
-1,-1,825.00,408.00,0,13484
-1,-1,826.00,408.00,0,13491
-1,-1,826.00,409.00,0,13499
-1,-1,826.00,408.00,0,13506
-1,-1,826.00,409.00,0,13513
-1,-1,826.00,408.00,0,13521
-1,-1,826.00,408.00,0,13529
-1,-1,826.00,409.00,0,13537
-1,-1,825.00,408.00,0,13544
-1,-1,825.00,408.00,0,13551
-1,-1,825.00,409.00,0,13559
-1,-1,826.00,409.00,0,13566
-1,-1,825.00,409.00,0,13574
-1,-1,826.00,409.00,0,13582
-1,-1,825.00,408.00,0,13589
-1,-1,825.00,408.00,0,13596
-1,-1,825.00,409.00,0,13604
-1,-1,826.00,408.00,0,13612
-1,-1,826.00,409.00,0,13620
-1,-1,825.00,408.00,0,13627
-1,-1,825.00,408.00,0,13634
-1,-1,826.00,409.00,0,13642
-1,-1,825.00,408.00,0,13649
-1,-1,826.00,409.00,0,13657
-1,-1,826.00,409.00,0,13665
-1,-1,826.00,409.00,0,13672
-1,-1,826.00,408.00,0,13679
-1,-1,825.00,409.00,0,13687
-1,-1,825.00,409.00,0,13694
-1,-1,825.00,409.00,0,13703
-1,-1,825.00,408.00,0,13710
-1,-1,826.00,409.00,0,13717
-1,-1,826.00,409.00,0,13725
-1,-1,825.00,409.00,0,13732
-1,-1,826.00,408.00,0,13740
-1,-1,825.00,408.00,0,13748
-1,-1,825.00,408.00,0,13755
-1,-1,826.00,409.00,0,13762
-1,-1,825.00,408.00,0,13770
-1,-1,826.00,409.00,0,13777
-1,-1,826.00,409.00,0,13786
-1,-1,825.00,408.00,0,13793
-1,-1,825.00,409.00,0,13800
-1,-1,825.00,408.00,0,13808
-1,-1,825.00,408.00,0,13815
-1,-1,826.00,409.00,0,13822
-1,-1,826.00,408.00,0,13831
-1,-1,826.00,409.00,0,13838
-1,-1,826.00,409.00,0,13845
-1,-1,826.00,409.00,0,13853
-1,-1,826.00,409.00,0,13860
-1,-1,826.00,408.00,0,13869
-1,-1,826.00,408.00,0,13876
-1,-1,826.00,409.00,0,13883
-1,-1,826.00,409.00,0,13891
-1,-1,825.00,408.00,0,13898
-1,-1,826.00,408.00,0,13905
-1,-1,825.00,408.00,0,13914
-1,-1,826.00,409.00,0,13921
-1,-1,826.00,409.00,0,13928
-1,-1,825.00,408.00,0,13936
-1,-1,826.00,408.00,0,13943
-1,-1,825.00,409.00,0,13952
-1,-1,825.00,408.00,0,13959
-1,-1,825.00,408.00,0,13966
-1,-1,826.00,409.00,0,13974
-1,-1,825.00,409.00,0,13981
-1,-1,825.00,408.00,0,13988
-1,-1,825.00,408.00,0,13997
-1,-1,825.00,408.00,0,14004
-1,-1,825.00,408.00,0,14011
-1,-1,825.00,409.00,0,14019
-1,-1,825.00,409.00,0,14026
-1,-1,826.00,408.00,0,14034
-1,-1,825.00,408.00,0,14042
-1,-1,825.00,409.00,0,14049
-1,-1,826.00,408.00,0,14057
-1,-1,826.00,408.00,0,14064
-1,-1,826.00,409.00,0,14071
-1,-1,826.00,409.00,0,14080
-1,-1,825.00,409.00,0,14087
-1,-1,825.00,409.00,0,14094
-1,-1,826.00,409.00,0,14102
-1,-1,826.00,408.00,0,14109
-1,-1,826.00,409.00,0,14117
-1,-1,825.00,408.00,0,14125
-1,-1,825.00,409.00,0,14132
-1,-1,826.00,409.00,0,14140
-1,-1,825.00,409.00,0,14147
-1,-1,826.00,409.00,0,14154
-1,-1,825.00,409.00,0,14162
-1,-1,825.00,408.00,0,14170
-1,-1,825.00,408.00,0,14177
-1,-1,825.00,408.00,0,14185
-1,-1,826.00,409.00,0,14192
-1,-1,825.00,409.00,0,14200
-1,-1,825.00,408.00,0,14208
-1,-1,826.00,409.00,0,14215
-1,-1,826.00,408.00,0,14223
-1,-1,825.00,408.00,0,14230
-1,-1,826.00,409.00,0,14237
-1,-1,827.00,408.00,0,14245
-1,-1,825.00,408.00,0,14253
-1,-1,825.00,408.00,0,14260
-1,-1,826.00,408.00,0,14268
-1,-1,825.00,409.00,0,14275
-1,-1,826.00,409.00,0,14283
-1,-1,825.00,408.00,0,14290
-1,-1,826.00,409.00,0,14298
-1,-1,825.00,409.00,0,14306
-1,-1,825.00,409.00,0,14313
-1,-1,825.00,409.00,0,14320
-1,-1,825.00,408.00,0,14328
-1,-1,825.00,409.00,0,14336
-1,-1,825.00,409.00,0,14343
-1,-1,825.00,409.00,0,14351
-1,-1,826.00,409.00,0,14358
-1,-1,825.00,408.00,0,14366
-1,-1,825.00,409.00,0,14373
-1,-1,826.00,409.00,0,14381
-1,-1,826.00,408.00,0,14389
-1,-1,825.00,408.00,0,14396
-1,-1,825.00,408.00,0,14403
-1,-1,825.00,409.00,0,14411
-1,-1,826.00,408.00,0,14418
-1,-1,826.00,408.00,0,14426
-1,-1,825.00,408.00,0,14434
-1,-1,826.00,409.00,0,14441
-1,-1,825.00,409.00,0,14449
-1,-1,825.00,408.00,0,14456
-1,-1,826.00,409.00,0,14464
-1,-1,825.00,408.00,0,14472
-1,-1,826.00,409.00,0,14479
-1,-1,825.00,409.00,0,14486
-1,-1,826.00,409.00,0,14494
-1,-1,826.00,408.00,0,14501
-1,-1,825.00,408.00,0,14509
-1,-1,825.00,408.00,0,14517
-1,-1,826.00,409.00,0,14524
-1,-1,825.00,408.00,0,14532
-1,-1,825.00,408.00,0,14539
-1,-1,826.00,408.00,0,14546
-1,-1,826.00,409.00,0,14555
-1,-1,825.00,408.00,0,14562
-1,-1,825.00,409.00,0,14569
-1,-1,826.00,409.00,0,14577
-1,-1,826.00,408.00,0,14584
-1,-1,825.00,409.00,0,14592
-1,-1,825.00,408.00,0,14600
-1,-1,826.00,409.00,0,14607
-1,-1,825.00,409.00,0,14615
-1,-1,826.00,408.00,0,14622
-1,-1,826.00,409.00,0,14629
-1,-1,826.00,408.00,0,14638
-1,-1,825.00,409.00,0,14645
-1,-1,826.00,408.00,0,14652
-1,-1,826.00,409.00,0,14660
-1,-1,826.00,408.00,0,14667
-1,-1,825.00,408.00,0,14674
-1,-1,825.00,408.00,0,14683
-1,-1,825.00,409.00,0,14690
-1,-1,826.00,408.00,0,14698
-1,-1,825.00,408.00,0,14705
-1,-1,826.00,408.00,0,14712
-1,-1,826.00,409.00,0,14721
-1,-1,825.00,409.00,0,14728
-1,-1,825.00,409.00,0,14735
-1,-1,826.00,409.00,0,14743
-1,-1,825.00,409.00,0,14750
-1,-1,826.00,408.00,0,14757
-1,-1,825.00,408.00,0,14766
-1,-1,825.00,408.00,0,14773
-1,-1,825.00,409.00,0,14781
-1,-1,825.00,408.00,0,14788
-1,-1,825.00,409.00,0,14795
-1,-1,826.00,409.00,0,14803
-1,-1,825.00,408.00,0,14811
-1,-1,826.00,408.00,0,14818
-1,-1,825.00,409.00,0,14826
-1,-1,826.00,408.00,0,14833
-1,-1,826.00,409.00,0,14840
-1,-1,825.00,408.00,0,14849
-1,-1,826.00,408.00,0,14856
-1,-1,826.00,409.00,0,14864
-1,-1,825.00,408.00,0,14871
-1,-1,825.00,409.00,0,14878
-1,-1,826.00,408.00,0,14886
-1,-1,825.00,408.00,0,14894
-1,-1,825.00,408.00,0,14901
-1,-1,826.00,409.00,0,14909
-1,-1,825.00,408.00,0,14916
-1,-1,825.00,409.00,0,14923
-1,-1,826.00,408.00,0,14931
-1,-1,825.00,409.00,0,14939
-1,-1,826.00,409.00,0,14947
-1,-1,825.00,408.00,0,14954
-1,-1,825.00,409.00,0,14961
-1,-1,826.00,409.00,0,14969
-1,-1,825.00,408.00,0,14977
-1,-1,825.00,408.00,0,14984
-1,-1,825.00,409.00,0,14992
-1,-1,826.00,408.00,0,14999
-1,-1,825.00,409.00,0,15006
-1,-1,825.00,408.00,0,15014
-1,-1,826.00,409.00,0,15022
-1,-1,826.00,408.00,0,15030
-1,-1,826.00,408.00,0,15037
-1,-1,826.00,409.00,0,15044
-1,-1,826.00,408.00,0,15052
-1,-1,825.00,408.00,0,15059
-1,-1,826.00,409.00,0,15067
-1,-1,826.00,409.00,0,15075
-1,-1,825.00,408.00,0,15082
-1,-1,825.00,408.00,0,15089
-1,-1,826.00,408.00,0,15097
-1,-1,826.00,409.00,0,15105
-1,-1,825.00,408.00,0,15113
-1,-1,825.00,408.00,0,15120
-1,-1,825.00,409.00,0,15127
-1,-1,826.00,408.00,0,15135
-1,-1,825.00,409.00,0,15142
-1,-1,825.00,409.00,0,15150
-1,-1,826.00,409.00,0,15158
-1,-1,825.00,409.00,0,15165
-1,-1,825.00,408.00,0,15172
-1,-1,825.00,408.00,0,15180
-1,-1,825.00,409.00,0,15187
-1,-1,826.00,408.00,0,15196
-1,-1,826.00,408.00,0,15203
-1,-1,826.00,409.00,0,15210
-1,-1,826.00,409.00,0,15218
-1,-1,825.00,409.00,0,15225
-1,-1,826.00,409.00,0,15233
-1,-1,825.00,409.00,0,15241
-1,-1,826.00,409.00,0,15248
-1,-1,826.00,408.00,0,15255
-1,-1,825.00,409.00,0,15263
-1,-1,825.00,408.00,0,15270
-1,-1,825.00,409.00,0,15279
-1,-1,825.00,408.00,0,15286
-1,-1,825.00,408.00,0,15293
-1,-1,825.00,409.00,0,15301
-1,-1,824.00,408.00,0,15308
-1,-1,826.00,409.00,0,15315
-1,-1,826.00,409.00,0,15324
-1,-1,825.00,408.00,0,15331
-1,-1,826.00,409.00,0,15338
-1,-1,826.00,408.00,0,15346
-1,-1,825.00,408.00,0,15353
-1,-1,826.00,409.00,0,15361
-1,-1,825.00,408.00,0,15369
-1,-1,826.00,409.00,0,15376
-1,-1,826.00,409.00,0,15384
-1,-1,825.00,408.00,0,15391
-1,-1,825.00,408.00,0,15398
-1,-1,826.00,409.00,0,15407
-1,-1,826.00,409.00,0,15414
-1,-1,826.00,409.00,0,15421
-1,-1,826.00,409.00,0,15429
-1,-1,825.00,409.00,0,15436
-1,-1,825.00,408.00,0,15443
-1,-1,825.00,408.00,0,15452
-1,-1,825.00,409.00,0,15459
-1,-1,826.00,409.00,0,15467
-1,-1,825.00,408.00,0,15474
-1,-1,826.00,409.00,0,15481
-1,-1,826.00,409.00,0,15490
-1,-1,825.00,409.00,0,15497
-1,-1,826.00,408.00,0,15504
-1,-1,825.00,409.00,0,15512
-1,-1,826.00,409.00,0,15519
-1,-1,826.00,408.00,0,15526
-1,-1,825.00,408.00,0,15535
-1,-1,825.00,409.00,0,15542
-1,-1,825.00,408.00,0,15550
-1,-1,825.00,408.00,0,15557
-1,-1,825.00,409.00,0,15564
-1,-1,826.00,409.00,0,15572
-1,-1,825.00,409.00,0,15580
-1,-1,826.00,408.00,0,15587
-1,-1,826.00,408.00,0,15595
-1,-1,826.00,409.00,0,15602
-1,-1,826.00,408.00,0,15609
-1,-1,825.00,408.00,0,15618
-1,-1,826.00,409.00,0,15625
-1,-1,826.00,409.00,0,15633
-1,-1,825.00,408.00,0,15640
-1,-1,825.00,408.00,0,15647
-1,-1,826.00,409.00,0,15655
-1,-1,825.00,409.00,0,15663
-1,-1,825.00,408.00,0,15670
-1,-1,826.00,408.00,0,15678
-1,-1,826.00,409.00,0,15685
-1,-1,825.00,409.00,0,15692
-1,-1,826.00,408.00,0,15700
-1,-1,826.00,409.00,0,15708
-1,-1,826.00,409.00,0,15716
-1,-1,825.00,408.00,0,15723
-1,-1,826.00,409.00,0,15730
-1,-1,826.00,409.00,0,15738
-1,-1,825.00,408.00,0,15746
-1,-1,826.00,409.00,0,15753
-1,-1,826.00,408.00,0,15761
-1,-1,826.00,408.00,0,15768
-1,-1,826.00,409.00,0,15775
-1,-1,825.00,409.00,0,15783
-1,-1,826.00,408.00,0,15791
-1,-1,826.00,409.00,0,15799
-1,-1,825.00,408.00,0,15806
-1,-1,826.00,409.00,0,15813
-1,-1,826.00,408.00,0,15821
-1,-1,825.00,408.00,0,15828
-1,-1,826.00,408.00,0,15836
-1,-1,826.00,408.00,0,15844
-1,-1,825.00,409.00,0,15851
-1,-1,826.00,409.00,0,15858
-1,-1,825.00,408.00,0,15866
-1,-1,826.00,408.00,0,15874
-1,-1,826.00,409.00,0,15882
-1,-1,825.00,408.00,0,15889
-1,-1,826.00,409.00,0,15896
-1,-1,0.00,408.00,0,15903
17,-1,826.00,391.00,0,15911
37,-1,826.00,391.00,0,15919
53,-1,825.00,392.00,0,15926
63,-1,826.00,392.00,0,15934
66,-1,825.00,408.00,0,15941
65,-1,826.00,409.00,0,15948
58,-1,0.00,408.00,0,15955
78,-1,0.00,374.00,0,15963
142,-1,0.00,341.00,0,15970
239,-1,825.00,342.00,0,15978
336,1,825.00,342.00,0,15985
422,3,824.00,342.00,0,15993
502,4,825.00,341.00,0,16001
579,5,825.00,342.00,0,16008
652,5,797.00,342.00,0,16016
728,5,516.00,341.00,0,16023
817,4,718.00,342.00,0,16030
916,3,795.00,325.00,0,16038
1018,2,729.00,308.00,0,16046
1122,2,703.00,325.00,0,16054
1228,2,574.00,308.00,0,16062
1338,4,689.00,325.00,0,16069
1448,7,699.00,325.00,0,16077
1559,9,633.00,325.00,0,16084
1672,11,773.00,325.00,0,16093
1788,11,803.00,325.00,0,16101
1908,9,807.00,308.00,0,16109
2024,7,801.00,308.00,0,16116
2138,5,815.00,325.00,0,16124
2244,5,689.00,325.00,0,16133
2350,7,536.00,325.00,0,16140
2460,10,736.00,325.00,0,16148
2576,14,732.00,321.00,0,16156
2691,16,759.00,325.00,0,16164
2808,16,802.00,325.00,0,16173
2927,14,808.00,325.00,0,16181
3046,11,793.00,341.00,0,16188
3162,8,805.00,325.00,0,16196
3268,8,766.00,325.00,0,16204
3375,10,523.00,325.00,0,16212
3490,13,735.00,325.00,0,16220
3606,16,777.00,325.00,0,16228
3720,19,628.00,325.00,0,16236
3838,20,807.00,325.00,0,16244
3958,20,810.00,309.00,0,16252
4075,17,796.00,308.00,0,16261
4188,15,770.00,308.00,0,16269
4298,15,691.00,325.00,0,16277
4412,17,614.00,325.00,0,16284
4528,20,691.00,308.00,0,16292
4643,23,791.00,325.00,0,16301
4758,25,788.00,308.00,0,16309
4876,25,803.00,308.00,0,16317
4996,24,806.00,308.00,0,16325
5112,21,804.00,308.00,0,16333
5223,20,663.00,307.00,0,16340
5335,20,670.00,325.00,0,16349
5450,23,704.00,308.00,0,16357
5564,26,673.00,325.00,0,16365
5680,30,724.00,308.00,0,16373
5797,31,799.00,308.00,0,16381
5916,31,804.00,325.00,0,16390
6034,29,791.00,325.00,0,16398
6149,27,804.00,326.00,0,16405
6260,26,693.00,324.00,0,16413
6372,26,536.00,325.00,0,16421
6487,30,740.00,308.00,0,16430
6603,34,762.00,309.00,0,16438
6718,36,638.00,325.00,0,16446
6835,36,805.00,325.00,0,16454
6954,35,809.00,325.00,0,16462
7072,32,793.00,308.00,0,16470
7186,31,771.00,325.00,0,16478
7296,31,721.00,341.00,0,16486
7409,33,621.00,325.00,0,16494
7524,36,710.00,341.00,0,16502
7640,39,779.00,323.00,0,16510
7756,41,783.00,308.00,0,16519
7874,41,804.00,324.00,0,16527
7994,39,803.00,308.00,0,16534
8110,37,806.00,308.00,0,16542
8223,36,727.00,325.00,0,16550
8334,36,665.00,325.00,0,16559
8448,38,697.00,325.00,0,16567
8563,42,664.00,325.00,0,16575
8678,44,738.00,324.00,0,16583
8794,46,800.00,341.00,0,16590
8914,46,805.00,308.00,0,16599
9032,44,789.00,309.00,0,16607
9147,42,805.00,325.00,0,16615
9258,41,732.00,325.00,0,16623
9370,41,550.00,325.00,0,16631
9484,44,737.00,325.00,0,16640
9600,47,736.00,308.00,0,16648
9715,51,628.00,325.00,0,16655
9833,51,804.00,325.00,0,16663
9952,51,807.00,325.00,0,16671
10070,49,792.00,309.00,0,16679
10187,47,793.00,308.00,0,16688
10302,47,735.00,325.00,0,16697
10418,49,622.00,324.00,0,16705
10538,52,653.00,325.00,0,16713
10656,55,752.00,308.00,0,16721
10776,57,794.00,309.00,0,16730
10898,58,811.00,325.00,0,16738
11020,57,798.00,325.00,0,16746
11140,56,801.00,325.00,0,16754
11254,54,723.00,341.00,0,16763
11370,54,578.00,324.00,0,16772
11489,57,730.00,325.00,0,16780
11608,60,758.00,342.00,0,16788
11728,64,713.00,314.00,0,16796
11848,64,804.00,325.00,0,16804
11971,64,807.00,308.00,0,16813
12092,62,795.00,308.00,0,16821
12209,60,724.00,325.00,0,16830
12324,60,717.00,308.00,0,16838
12442,61,709.00,325.00,0,16846
12561,65,649.00,324.00,0,16855
12680,67,723.00,325.00,0,16863
12799,69,799.00,308.00,0,16871
12922,69,804.00,336.00,0,16879
13042,68,786.00,308.00,0,16887
13160,67,778.00,315.00,0,16897
13275,67,727.00,325.00,0,16905
13393,68,511.00,324.00,0,16913
13512,71,709.00,325.00,0,16921
13631,75,762.00,324.00,0,16929
13750,77,758.00,308.00,0,16937
13872,77,798.00,308.00,0,16946
13994,77,799.00,308.00,0,16954
14114,75,798.00,308.00,0,16963
14230,74,687.00,307.00,0,16971
14346,74,676.00,325.00,0,16979
14464,76,737.00,308.00,0,16988
14583,79,691.00,325.00,0,16996
14702,82,662.00,325.00,0,17004
14823,84,799.00,308.00,0,17012
14945,84,805.00,308.00,0,17020
15064,84,786.00,308.00,0,17030
15181,83,711.00,308.00,0,17038
15298,83,740.00,325.00,0,17046
15416,84,681.00,325.00,0,17054
15536,87,647.00,326.00,0,17062
15654,90,755.00,325.00,0,17071
15774,92,797.00,342.00,0,17079
15895,93,741.00,308.00,0,17087
16017,93,792.00,308.00,0,17096
16136,93,799.00,307.00,0,17104
16252,92,703.00,308.00,0,17113
16369,92,627.00,308.00,0,17121
16488,94,754.00,325.00,0,17129
16606,98,729.00,308.00,0,17137
16725,100,703.00,308.00,0,17146
16850,101,803.00,324.00,0,17155
16976,102,806.00,308.00,0,17163
17098,102,794.00,324.00,0,17172
17217,101,562.00,325.00,0,17180
17339,101,721.00,321.00,0,17188
17462,103,760.00,325.00,0,17198
17584,107,687.00,325.00,0,17206
17706,109,662.00,316.00,0,17215
17832,111,802.00,308.00,0,17223
17957,111,807.00,307.00,0,17231
18080,110,791.00,318.00,0,17241
18201,110,655.00,324.00,0,17249
18321,110,755.00,325.00,0,17257
18444,112,751.00,325.00,0,17266
18566,115,637.00,308.00,0,17274
18688,118,694.00,325.00,0,17284
18813,120,798.00,325.00,0,17292
18938,120,805.00,324.00,0,17300
19062,120,759.00,308.00,0,17309
19182,119,709.00,325.00,0,17317
19303,119,752.00,325.00,0,17327
19426,119,710.00,307.00,0,17335
19548,123,619.00,325.00,0,17343
19670,125,727.00,325.00,0,17352
19794,127,797.00,308.00,0,17360
19919,128,804.00,308.00,0,17369
20043,128,776.00,325.00,0,17378
20164,128,751.00,325.00,0,17386
20286,128,738.00,308.00,0,17395
20408,129,684.00,325.00,0,17403
20530,132,658.00,325.00,0,17412
20652,134,737.00,325.00,0,17421
20776,137,799.00,341.00,0,17429
20900,138,802.00,325.00,0,17437
21024,138,786.00,342.00,0,17446
21146,138,764.00,308.00,0,17455
21266,138,702.00,308.00,0,17464
21388,139,566.00,325.00,0,17472
21511,141,705.00,326.00,0,17480
21634,145,722.00,308.00,0,17489
21757,147,749.00,325.00,0,17498
21882,148,768.00,325.00,0,17506
22007,149,790.00,308.00,0,17515
22128,149,789.00,341.00,0,17523
22248,149,682.00,326.00,0,17532
22371,149,643.00,308.00,0,17541
22494,152,747.00,325.00,0,17549
22616,155,725.00,325.00,0,17558
22738,157,679.00,308.00,0,17566
22864,159,789.00,325.00,0,17575
22988,159,795.00,308.00,0,17584
23110,159,770.00,325.00,0,17592
23229,159,642.00,325.00,0,17601
23352,159,695.00,308.00,0,17609
23475,161,761.00,324.00,0,17617
23598,164,682.00,308.00,0,17627
23720,167,579.00,325.00,0,17635
23844,169,802.00,325.00,0,17644
23970,169,799.00,309.00,0,17652
24091,169,763.00,325.00,0,17660
24212,168,606.00,341.00,0,17670
24334,168,757.00,325.00,0,17678
24458,169,764.00,326.00,0,17686
24580,172,643.00,308.00,0,17695
24702,175,634.00,325.00,0,17703
24826,177,799.00,325.00,0,17713
24952,178,802.00,325.00,0,17721
25074,178,713.00,325.00,0,17729
25194,178,648.00,325.00,0,17738
25316,178,759.00,324.00,0,17746
25438,179,742.00,325.00,0,17755
25561,182,612.00,325.00,0,17764
25684,184,681.00,308.00,0,17772
25808,187,800.00,308.00,0,17781
25932,188,801.00,308.00,0,17789
26056,188,705.00,325.00,0,17798
26176,188,683.00,308.00,0,17807
26298,187,774.00,325.00,0,17815
26420,187,718.00,325.00,0,17824
26542,190,654.00,325.00,0,17832
26665,193,714.00,325.00,0,17841
26788,195,801.00,325.00,0,17850
26914,197,800.00,325.00,0,17858
27037,197,701.00,307.00,0,17866
27158,197,720.00,308.00,0,17875
27279,197,744.00,325.00,0,17884
27401,198,684.00,308.00,0,17893
27524,201,677.00,325.00,0,17901
27646,203,758.00,324.00,0,17909
27770,206,762.00,308.00,0,17918
27895,207,687.00,308.00,0,17927
28019,207,765.00,325.00,0,17935
28140,207,759.00,324.00,0,17944
28261,207,726.00,324.00,0,17952
28384,208,617.00,324.00,0,17961
28506,210,721.00,307.00,0,17970
28628,213,746.00,324.00,0,17978
28750,215,723.00,308.00,0,17987
28876,217,747.00,309.00,0,17995
29000,218,788.00,325.00,0,18003
29122,218,740.00,325.00,0,18013
29242,218,650.00,308.00,0,18021
29365,219,650.00,325.00,0,18030
29488,221,736.00,324.00,0,18038
29610,223,721.00,308.00,0,18046
29732,226,666.00,341.00,0,18056
29858,228,799.00,341.00,0,18064
29982,229,799.00,325.00,0,18072
30103,229,758.00,325.00,0,18081
30224,229,641.00,324.00,0,18089
30348,229,710.00,307.00,0,18099
30470,231,756.00,308.00,0,18107
30592,233,667.00,319.00,0,18115
30714,236,597.00,324.00,0,18124
30839,239,795.00,325.00,0,18132
30963,239,796.00,308.00,0,18142
31084,239,695.00,324.00,0,18150
31206,239,602.00,308.00,0,18158
31328,240,758.00,309.00,0,18167
31451,242,743.00,309.00,0,18176
31573,245,632.00,308.00,0,18184
31696,247,646.00,324.00,0,18193
31820,249,795.00,325.00,0,18201
31946,251,794.00,308.00,0,18210
32067,251,704.00,325.00,0,18219
32188,251,661.00,325.00,0,18227
32312,251,783.00,316.00,0,18236
32434,253,723.00,308.00,0,18244
32556,255,584.00,307.00,0,18252
32678,257,680.00,325.00,0,18262
32802,260,792.00,309.00,0,18270
32926,261,794.00,307.00,0,18279
33048,262,653.00,325.00,0,18287
33170,263,711.00,325.00,0,18295
33292,263,772.00,308.00,0,18305
33416,263,679.00,308.00,0,18313
33538,266,671.00,308.00,0,18321
33660,269,707.00,308.00,0,18330
33783,271,789.00,325.00,0,18338
33908,273,762.00,308.00,0,18348
34031,274,692.00,325.00,0,18356
34152,274,734.00,307.00,0,18364
34274,274,752.00,308.00,0,18373
34397,275,546.00,325.00,0,18381
34520,277,697.00,325.00,0,18391
34642,280,697.00,308.00,0,18399
34765,283,741.00,308.00,0,18407
34890,284,670.00,308.00,0,18416
35013,285,732.00,308.00,0,18424
35134,285,735.00,308.00,0,18433
35256,285,710.00,341.00,0,18442
35378,287,637.00,341.00,0,18450
35502,289,723.00,308.00,0,18459
35624,291,722.00,324.00,0,18467
35746,294,673.00,308.00,0,18476
35871,296,738.00,308.00,0,18485
35995,297,786.00,325.00,0,18493
36116,297,736.00,325.00,0,18501
36238,297,650.00,308.00,0,18510
36360,297,685.00,308.00,0,18519
36484,299,746.00,341.00,0,18528
36605,302,702.00,326.00,0,18536
36728,305,668.00,325.00,0,18544
36852,307,770.00,308.00,0,18553
36976,308,793.00,325.00,0,18562
37097,309,697.00,325.00,0,18570
37220,309,550.00,308.00,0,18579
37342,309,723.00,325.00,0,18587
37465,311,746.00,325.00,0,18596
37587,314,675.00,341.00,0,18605
37708,317,604.00,325.00,0,18613
37833,320,787.00,308.00,0,18622
37958,321,795.00,324.00,0,18630
38080,321,699.00,325.00,0,18638
38202,321,604.00,307.00,0,18648
38324,322,753.00,308.00,0,18656
38447,323,734.00,325.00,0,18665
38569,325,622.00,325.00,0,18673
38691,328,648.00,325.00,0,18681
38815,331,799.00,325.00,0,18691
38939,333,792.00,309.00,0,18699
39062,333,639.00,325.00,0,18708
39183,334,671.00,325.00,0,18716
39306,335,761.00,325.00,0,18724
39428,335,697.00,325.00,0,18734
39551,338,576.00,325.00,0,18742
39673,341,695.00,325.00,0,18750
39797,343,795.00,325.00,0,18759
39921,345,779.00,341.00,0,18767
40044,345,722.00,325.00,0,18777
40164,346,712.00,324.00,0,18785
40286,347,750.00,325.00,0,18793
40408,348,680.00,325.00,0,18802
40530,350,626.00,307.00,0,18810
40654,353,705.00,325.00,0,18819
40776,355,759.00,308.00,0,18828
40900,357,748.00,325.00,0,18836
41023,358,688.00,341.00,0,18845
41144,359,734.00,325.00,0,18853
41268,359,727.00,309.00,0,18862
41390,361,566.00,324.00,0,18871
41512,363,665.00,326.00,0,18879
41635,365,720.00,324.00,0,18887
41758,367,709.00,325.00,0,18896
41882,369,696.00,324.00,0,18905
42006,371,748.00,308.00,0,18914
42127,371,739.00,341.00,0,18922
42248,371,703.00,308.00,0,18930
42372,373,643.00,325.00,0,18939
42494,374,713.00,324.00,0,18948
42616,377,703.00,325.00,0,18957
42738,379,631.00,324.00,0,18965
42864,381,729.00,307.00,0,18973
42987,383,763.00,325.00,0,18982
43108,383,718.00,308.00,0,18991
43230,385,652.00,341.00,0,18999
43352,386,701.00,325.00,0,19008
43476,388,736.00,308.00,0,19016
43598,391,672.00,325.00,0,19025
43720,393,527.00,308.00,0,19034
43845,395,758.00,308.00,0,19042
43970,397,790.00,325.00,0,19051
44091,397,694.00,326.00,0,19059
44212,397,590.00,341.00,0,19067
44335,399,741.00,308.00,0,19077
44458,400,745.00,325.00,0,19085
44580,402,638.00,308.00,0,19094
44702,405,595.00,308.00,0,19102
44827,407,788.00,325.00,0,19110
44951,409,787.00,325.00,0,19120
45072,410,625.00,311.00,0,19128
45194,411,635.00,316.00,0,19136
45316,412,769.00,316.00,0,19145
45439,413,719.00,326.00,0,19153
45562,416,607.00,325.00,0,19163
45684,419,632.00,316.00,0,19171
45808,421,791.00,325.00,0,19179
45932,422,783.00,325.00,0,19188
46054,423,591.00,308.00,0,19196
46176,423,684.00,325.00,0,19206
46299,424,763.00,312.00,0,19214
46421,425,680.00,308.00,0,19222
46544,427,604.00,341.00,0,19231
46666,430,667.00,307.00,0,19239
46790,433,775.00,324.00,0,19248
46914,435,742.00,308.00,0,19257
47036,437,613.00,325.00,0,19265
47158,438,692.00,308.00,0,19274
47280,439,742.00,307.00,0,19282
47403,440,662.00,325.00,0,19291
47526,441,634.00,325.00,0,19300
47648,443,693.00,325.00,0,19308
47771,446,744.00,325.00,0,19316
47894,448,621.00,325.00,0,19325
48018,449,685.00,307.00,0,19334
48140,451,719.00,325.00,0,19343
48262,451,730.00,325.00,0,19351
48385,453,572.00,308.00,0,19359
48508,455,682.00,308.00,0,19368
48630,457,694.00,325.00,0,19377
48752,460,685.00,324.00,0,19385
48877,462,698.00,341.00,0,19394
48999,463,744.00,325.00,0,19402
49122,465,696.00,325.00,0,19411
49243,465,655.00,309.00,0,19420
49366,467,619.00,308.00,0,19428
49489,468,703.00,325.00,0,19437
49611,470,668.00,308.00,0,19445
49734,473,630.00,325.00,0,19453
49858,475,726.00,325.00,0,19463
49982,477,776.00,342.00,0,19471
50104,479,695.00,308.00,0,19480
50226,480,626.00,308.00,0,19488
50349,481,715.00,325.00,0,19496
50472,483,727.00,308.00,0,19506
50594,485,653.00,325.00,0,19514
50716,487,522.00,325.00,0,19523
50840,489,755.00,325.00,0,19531
50963,491,764.00,308.00,0,19539
51085,492,660.00,341.00,0,19549
51206,493,583.00,325.00,0,19557
51330,494,743.00,308.00,0,19565
51454,496,738.00,325.00,0,19574
51576,498,600.00,325.00,0,19582
51698,501,598.00,309.00,0,19592
51822,503,764.00,309.00,0,19600
51945,505,766.00,308.00,0,19608
52068,507,615.00,325.00,0,19617
52189,508,661.00,325.00,0,19625
52312,509,771.00,307.00,0,19634
52435,511,718.00,325.00,0,19643
52557,513,575.00,325.00,0,19651
52679,515,636.00,308.00,0,19660
52804,517,758.00,308.00,0,19668
52928,518,756.00,325.00,0,19677
53049,519,575.00,308.00,0,19686
53171,521,664.00,307.00,0,19694
53294,523,760.00,342.00,0,19702
53416,525,689.00,325.00,0,19712
53538,527,619.00,325.00,0,19720
53662,530,683.00,325.00,0,19729
53785,533,748.00,308.00,0,19737
53909,535,727.00,324.00,0,19745
54031,535,633.00,325.00,0,19755
54154,537,710.00,326.00,0,19763
54276,537,757.00,325.00,0,19772
54398,538,518.00,324.00,0,19780
54521,539,652.00,308.00,0,19788
54643,542,674.00,325.00,0,19798
54766,544,708.00,308.00,0,19806
54890,547,602.00,308.00,0,19814
55012,549,667.00,325.00,0,19823
55134,551,697.00,307.00,0,19831
55257,553,688.00,308.00,0,19841
55380,555,602.00,324.00,0,19849
55502,557,706.00,325.00,0,19857
55624,559,697.00,308.00,0,19866
55747,560,658.00,308.00,0,19874
55872,562,689.00,325.00,0,19883
55995,563,732.00,325.00,0,19892
56117,565,702.00,325.00,0,19900
56239,565,639.00,308.00,0,19909
56362,567,641.00,324.00,0,19917
56484,569,715.00,325.00,0,19926
56607,571,681.00,324.00,0,19935
56729,574,617.00,308.00,0,19943
56852,577,733.00,309.00,0,19951
56976,579,756.00,307.00,0,19960
57099,581,672.00,324.00,0,19969
57220,582,651.00,324.00,0,19978
57344,583,693.00,325.00,0,19986
57466,585,714.00,308.00,0,19994
57588,586,634.00,307.00,0,20003
57710,588,545.00,324.00,0,20012
57835,590,755.00,324.00,0,20020
57958,592,777.00,324.00,0,20029
58080,594,632.00,307.00,0,20037
58202,596,611.00,325.00,0,20046
58326,597,742.00,308.00,0,20055
58449,599,729.00,325.00,0,20063
58570,601,595.00,308.00,0,20072
58692,603,596.00,325.00,0,20080
58816,605,776.00,325.00,0,20089
58940,607,753.00,325.00,0,20098
59061,609,562.00,322.00,0,20106
59184,610,637.00,325.00,0,20115
59308,611,760.00,341.00,0,20123
59429,613,675.00,308.00,0,20131
59552,615,545.00,325.00,0,20141
59674,617,645.00,325.00,0,20149
59798,621,754.00,308.00,0,20158
59922,623,747.00,323.00,0,20166
60044,625,634.00,340.00,0,20174
60166,627,691.00,329.00,0,20184
60288,628,770.00,308.00,0,20192
60412,629,680.00,325.00,0,20200
60534,630,598.00,316.00,0,20209
60656,632,663.00,323.00,0,20217
60780,634,724.00,321.00,0,20227
60904,636,687.00,309.00,0,20235
61026,638,628.00,325.00,0,20243
61148,640,702.00,325.00,0,20252
61270,642,729.00,325.00,0,20260
61393,644,514.00,308.00,0,20269
61516,647,657.00,325.00,0,20278
61638,649,690.00,324.00,0,20286
61761,652,670.00,308.00,0,20295
61885,653,612.00,325.00,0,20303
62008,655,697.00,307.00,0,20312
62130,657,686.00,308.00,0,20321
62252,657,686.00,325.00,0,20329
62375,659,617.00,308.00,0,20338
62498,661,699.00,324.00,0,20346
62620,663,680.00,325.00,0,20355
62742,665,619.00,324.00,0,20364
62866,668,657.00,308.00,0,20372
62990,671,721.00,325.00,0,20380
63112,673,654.00,308.00,0,20389
63234,675,622.00,308.00,0,20398
63357,676,680.00,341.00,0,20407
63480,678,721.00,325.00,0,20415
63602,680,664.00,308.00,0,20423
63724,683,645.00,325.00,0,20432
63848,685,716.00,307.00,0,20441
63972,687,752.00,325.00,0,20449
64094,687,642.00,325.00,0,20458
64216,689,651.00,325.00,0,20466
64340,691,713.00,308.00,0,20475
64462,693,740.00,325.00,0,20484
64584,695,627.00,325.00,0,20492
64706,697,551.00,308.00,0,20501
64830,700,764.00,325.00,0,20509
64954,703,758.00,308.00,0,20517
65076,705,600.00,325.00,0,20527
65198,706,596.00,308.00,0,20535
65321,707,726.00,308.00,0,20544
65444,709,709.00,325.00,0,20552
65565,710,589.00,325.00,0,20560
65687,712,595.00,308.00,0,20570
65811,715,764.00,307.00,0,20578
65935,717,747.00,325.00,0,20587
66058,720,571.00,324.00,0,20595
66180,722,663.00,325.00,0,20603
66304,724,751.00,308.00,0,20613
66426,725,701.00,325.00,0,20621
66548,727,563.00,325.00,0,20629
66670,729,651.00,324.00,0,20638
66793,729,757.00,342.00,0,20646
66917,731,701.00,325.00,0,20656
67038,733,559.00,325.00,0,20664
67162,735,659.00,325.00,0,20672
67284,737,730.00,325.00,0,20681
67407,739,642.00,325.00,0,20689
67530,743,608.00,308.00,0,20698
67652,745,686.00,324.00,0,20707
67775,748,710.00,308.00,0,20715
67898,750,687.00,324.00,0,20724
68021,751,636.00,308.00,0,20732
68143,751,688.00,308.00,0,20741
68266,753,700.00,308.00,0,20750
68390,753,519.00,325.00,0,20758
68512,755,649.00,325.00,0,20766
68633,758,654.00,308.00,0,20775
68756,761,650.00,308.00,0,20784
68880,765,630.00,325.00,0,20793
69004,767,695.00,325.00,0,20801
69124,770,686.00,308.00,0,20809
69247,772,680.00,325.00,0,20818
69371,773,603.00,309.00,0,20827
69494,773,692.00,309.00,0,20835
69616,775,636.00,307.00,0,20844
69738,777,590.00,325.00,0,20852
69862,779,668.00,325.00,0,20861
69985,781,702.00,308.00,0,20870
70108,783,659.00,325.00,0,20878
70229,787,623.00,325.00,0,20887
70352,789,673.00,308.00,0,20895
70476,792,736.00,308.00,0,20904
70598,794,654.00,308.00,0,20913
70719,795,477.00,308.00,0,20921
70843,796,716.00,308.00,0,20930
70967,797,711.00,309.00,0,20938
71088,799,622.00,325.00,0,20946
71210,801,537.00,341.00,0,20956
71334,803,718.00,324.00,0,20964
71457,805,714.00,325.00,0,20973
71579,809,604.00,324.00,0,20981
71702,812,554.00,308.00,0,20989
71825,815,740.00,308.00,0,20999
71949,817,738.00,327.00,0,21007
72071,818,588.00,308.00,0,21015
72193,819,598.00,324.00,0,21024
72316,820,737.00,325.00,0,21032
72439,821,692.00,325.00,0,21042
72561,823,544.00,308.00,0,21050
72683,826,610.00,325.00,0,21058
72807,829,748.00,325.00,0,21067
72931,832,712.00,308.00,0,21075
73052,835,559.00,308.00,0,21084
73175,837,641.00,325.00,0,21093
73298,839,739.00,322.00,0,21101
73420,841,673.00,308.00,0,21110
73543,842,567.00,341.00,0,21118
73664,843,639.00,325.00,0,21127
73788,845,716.00,308.00,0,21136
73912,847,677.00,321.00,0,21144
74034,850,566.00,321.00,0,21153
74156,853,673.00,309.00,0,21161
74280,855,724.00,308.00,0,21170
74403,857,654.00,325.00,0,21179
74526,859,620.00,325.00,0,21187
74648,862,681.00,324.00,0,21195
74770,863,695.00,308.00,0,21204
74894,865,675.00,308.00,0,21213
75016,867,629.00,325.00,0,21222
75138,869,661.00,308.00,0,21230
75261,871,666.00,312.00,0,21238
75384,873,540.00,325.00,0,21248
75506,875,664.00,312.00,0,21256
75629,879,696.00,327.00,0,21264
75752,881,648.00,326.00,0,21273
75875,884,636.00,308.00,0,21281
75998,886,694.00,308.00,0,21291
76121,887,682.00,308.00,0,21299
76243,889,639.00,314.00,0,21307
76366,891,613.00,308.00,0,21316
76490,892,676.00,320.00,0,21324
76611,894,635.00,308.00,0,21332
76733,896,588.00,341.00,0,21342
76857,899,680.00,325.00,0,21350
76980,901,710.00,308.00,0,21359
77102,903,636.00,309.00,0,21367
77224,906,613.00,325.00,0,21376
77348,909,682.00,325.00,0,21385
77471,911,703.00,308.00,0,21393
77593,913,634.00,325.00,0,21402
77714,915,502.00,324.00,0,21410
77838,917,705.00,308.00,0,21419
77962,919,750.00,341.00,0,21428
78084,921,620.00,325.00,0,21436
78206,922,549.00,308.00,0,21444
78330,925,732.00,325.00,0,21453
78452,927,693.00,307.00,0,21462
78575,931,586.00,325.00,0,21471
78697,933,553.00,308.00,0,21479
78821,935,741.00,308.00,0,21487
78944,937,726.00,324.00,0,21496
79066,939,545.00,341.00,0,21505
79188,940,612.00,308.00,0,21513
79310,941,730.00,324.00,0,21522
79434,943,656.00,325.00,0,21530
79556,946,527.00,325.00,0,21539
79679,949,594.00,308.00,0,21548
79802,952,749.00,325.00,0,21556
79926,955,697.00,325.00,0,21565
80048,957,567.00,309.00,0,21573
80170,959,657.00,325.00,0,21581
80294,959,752.00,342.00,0,21591
80416,961,664.00,308.00,0,21599
80538,963,653.00,308.00,0,21608
80660,965,632.00,325.00,0,21616
80784,967,694.00,308.00,0,21624
80907,969,657.00,308.00,0,21634
81030,973,551.00,307.00,0,21642
81152,975,668.00,325.00,0,21650
81275,977,708.00,324.00,0,21659
81398,980,490.00,341.00,0,21667
81520,982,629.00,325.00,0,21677
81643,983,674.00,325.00,0,21685
81765,985,671.00,308.00,0,21693
81890,987,554.00,325.00,0,21702
82012,989,647.00,325.00,0,21710
82134,991,661.00,325.00,0,21720
82256,993,654.00,308.00,0,21728
82380,995,562.00,325.00,0,21736
82502,997,670.00,325.00,0,21745
82624,999,651.00,308.00,0,21753
82747,1001,600.00,325.00,0,21763
82874,1005,615.00,308.00,0,21771
83001,1007,687.00,341.00,0,21780
83126,1010,671.00,325.00,0,21789
83252,1012,673.00,324.00,0,21797
83380,1014,559.00,325.00,0,21807
83506,1015,639.00,325.00,0,21815
83632,1017,637.00,324.00,0,21824
83758,1019,623.00,325.00,0,21833
83886,1021,558.00,308.00,0,21841
84013,1025,621.00,308.00,0,21851
84139,1027,653.00,325.00,0,21860
84265,1029,697.00,308.00,0,21868
84392,1032,505.00,325.00,0,21877
84518,1034,632.00,325.00,0,21886
84644,1036,665.00,324.00,0,21895
84770,1038,671.00,324.00,0,21904
84898,1040,662.00,308.00,0,21912
85023,1043,595.00,341.00,0,21921
85149,1045,661.00,325.00,0,21931
85276,1047,710.00,309.00,0,21939
85403,1051,631.00,325.00,0,21948
85529,1053,583.00,308.00,0,21957
85655,1056,641.00,326.00,0,21965
85782,1059,681.00,308.00,0,21975
85910,1060,662.00,323.00,0,21983
86036,1062,520.00,308.00,0,21992
86162,1063,644.00,325.00,0,22001
86288,1065,728.00,308.00,0,22009
86414,1068,641.00,308.00,0,22019
86541,1071,611.00,325.00,0,22028
86666,1074,640.00,324.00,0,22036
86794,1077,721.00,341.00,0,22045
86921,1079,692.00,308.00,0,22054
87046,1081,551.00,308.00,0,22063
87172,1083,617.00,308.00,0,22072
87300,1084,708.00,326.00,0,22080
87426,1086,644.00,325.00,0,22089
87552,1089,495.00,325.00,0,22098
87678,1092,592.00,324.00,0,22107
87806,1095,709.00,309.00,0,22116
87933,1098,693.00,325.00,0,22125
88058,1101,529.00,308.00,0,22133
88184,1102,595.00,325.00,0,22142
88311,1103,711.00,308.00,0,22152
88438,1105,680.00,324.00,0,22160
88563,1107,541.00,342.00,0,22169
88690,1109,561.00,325.00,0,22177
88818,1112,727.00,308.00,0,22187
88944,1115,694.00,325.00,0,22196
89069,1118,522.00,308.00,0,22204
89196,1121,574.00,308.00,0,22213
89323,1123,703.00,308.00,0,22222
89449,1125,672.00,308.00,0,22231
89576,1127,561.00,307.00,0,22240
89701,1129,517.00,325.00,0,22248
89828,1132,714.00,325.00,0,22257
89956,1135,712.00,308.00,0,22266
90080,1137,579.00,308.00,0,22275
90207,1140,542.00,325.00,0,22284
90334,1143,704.00,325.00,0,22293
90461,1145,690.00,324.00,0,22301
90586,1147,578.00,325.00,0,22310
90712,1149,488.00,341.00,0,22320
90840,1151,694.00,325.00,0,22328
90968,1153,685.00,308.00,0,22337
91092,1155,579.00,324.00,0,22345
91218,1158,635.00,325.00,0,22354
91346,1161,651.00,325.00,0,22364
91472,1163,679.00,308.00,0,22372
91598,1165,600.00,325.00,0,22381
91724,1167,622.00,341.00,0,22390
91851,1170,651.00,308.00,0,22398
91978,1173,677.00,308.00,0,22408
92104,1175,618.00,307.00,0,22417
92230,1177,584.00,341.00,0,22425
92358,1179,639.00,341.00,0,22434
92484,1181,671.00,325.00,0,22443
92609,1183,618.00,325.00,0,22452
92736,1186,550.00,308.00,0,22461
92864,1189,617.00,325.00,0,22469
92990,1191,657.00,308.00,0,22478
93116,1194,613.00,316.00,0,22488
93242,1196,592.00,325.00,0,22496
93368,1197,580.00,325.00,0,22505
93495,1199,621.00,325.00,0,22513
93622,1201,612.00,324.00,0,22522
93747,1203,580.00,313.00,0,22532
93874,1207,585.00,308.00,0,22540
94002,1209,638.00,326.00,0,22549
94127,1213,647.00,325.00,0,22558
94254,1215,635.00,325.00,0,22566
94380,1217,536.00,323.00,0,22576
94507,1219,621.00,309.00,0,22585
94633,1221,620.00,308.00,0,22593
94759,1223,609.00,324.00,0,22602
94886,1225,529.00,325.00,0,22610
95013,1227,584.00,325.00,0,22620
95138,1229,619.00,325.00,0,22629
95265,1231,642.00,308.00,0,22637
95391,1233,448.00,308.00,0,22646
95518,1237,576.00,325.00,0,22656
95644,1239,628.00,309.00,0,22664
95770,1243,659.00,308.00,0,22673
95898,1246,643.00,324.00,0,22681
96024,1249,593.00,341.00,0,22690
96150,1251,642.00,325.00,0,22700
96278,1251,670.00,307.00,0,22708
96403,1253,608.00,312.00,0,22717
96530,1253,531.00,325.00,0,22726
96656,1255,596.00,325.00,0,22734
96782,1257,652.00,308.00,0,22744
96909,1260,607.00,308.00,0,22753
97036,1264,504.00,324.00,0,22761
97162,1268,627.00,325.00,0,22770
97288,1272,692.00,308.00,0,22778
97414,1275,609.00,308.00,0,22788
97540,1277,524.00,308.00,0,22797
97667,1279,605.00,325.00,0,22805
97794,1281,691.00,342.00,0,22814
97922,1283,650.00,324.00,0,22823
98047,1286,528.00,325.00,0,22832
98173,1289,589.00,308.00,0,22841
98300,1291,699.00,325.00,0,22850
98428,1293,618.00,308.00,0,22858
98553,1295,487.00,325.00,0,22867
98678,1297,557.00,327.00,0,22876
98806,1299,680.00,325.00,0,22885
98934,1301,661.00,325.00,0,22894
99058,1304,468.00,325.00,0,22902
99184,1307,574.00,325.00,0,22912
99312,1311,675.00,308.00,0,22921
99438,1313,649.00,325.00,0,22929
99564,1316,525.00,324.00,0,22938
99690,1318,529.00,326.00,0,22946
99818,1319,689.00,324.00,0,22956
99944,1321,647.00,325.00,0,22965
100070,1323,504.00,308.00,0,22974
100200,1325,505.00,325.00,0,22983
100330,1327,663.00,308.00,0,22991
100461,1331,660.00,325.00,0,23001
100590,1333,555.00,325.00,0,23010
100720,1337,402.00,324.00,0,23019
100851,1339,631.00,325.00,0,23028
100982,1343,651.00,341.00,0,23037
101112,1345,577.00,308.00,0,23047
101241,1347,551.00,309.00,0,23056
101372,1349,520.00,325.00,0,23064
101502,1351,615.00,342.00,0,23073
101632,1353,589.00,325.00,0,23083
101762,1356,584.00,325.00,0,23092
101893,1359,464.00,308.00,0,23101
102023,1363,540.00,325.00,0,23110
102153,1366,616.00,325.00,0,23119
102284,1369,669.00,308.00,0,23129
102414,1371,597.00,308.00,0,23138
102544,1373,544.00,341.00,0,23146
102672,1374,560.00,325.00,0,23155
102804,1376,649.00,308.00,0,23164
102934,1378,643.00,325.00,0,23174
103063,1381,466.00,325.00,0,23183
103194,1385,516.00,324.00,0,23192
103324,1387,649.00,325.00,0,23201
103455,1391,631.00,308.00,0,23211
103584,1393,534.00,325.00,0,23220
103714,1395,417.00,318.00,0,23228
103845,1397,604.00,308.00,0,23237
103976,1399,633.00,308.00,0,23246
104105,1401,559.00,325.00,0,23256
104234,1403,542.00,325.00,0,23265
104366,1406,549.00,325.00,0,23274
104496,1409,599.00,308.00,0,23283
104625,1412,598.00,325.00,0,23292
104756,1415,560.00,308.00,0,23302
104887,1417,491.00,324.00,0,23310
105017,1420,545.00,324.00,0,23319
105122,1422,826.00,375.00,0,23328
105124,1423,825.00,442.00,0,23337
105036,1424,826.00,476.00,0,23347
104924,1424,812.00,491.00,0,23356
104801,1424,793.00,492.00,0,23365
104672,1422,780.00,493.00,0,23374
104540,1422,745.00,509.00,0,23384
104408,1422,658.00,490.00,0,23392
104280,1422,749.00,492.00,0,23401
104152,1421,788.00,493.00,0,23410
104021,1420,780.00,509.00,0,23419
103890,1418,770.00,509.00,0,23429
103760,1416,750.00,475.00,0,23438
103632,1414,783.00,509.00,0,23447
103501,1411,784.00,493.00,0,23456
103370,1408,781.00,493.00,0,23465
103241,1406,788.00,492.00,0,23474
103112,1404,781.00,492.00,0,23483
102983,1402,779.00,493.00,0,23492
102852,1401,800.00,492.00,0,23501
102724,1400,787.00,510.00,0,23511
102595,1398,785.00,475.00,0,23520
102466,1396,789.00,493.00,0,23529
102336,1394,788.00,509.00,0,23538
102209,1392,816.00,493.00,0,23546
102082,1390,799.00,492.00,0,23556
101953,1386,799.00,493.00,0,23565
101823,1382,802.00,475.00,0,23574
101694,1378,814.00,509.00,0,23583
101563,1374,805.00,493.00,0,23592
101431,1371,786.00,492.00,0,23602
101296,1370,779.00,492.00,0,23611
101166,1369,797.00,492.00,0,23620
101036,1368,794.00,509.00,0,23628
100906,1366,803.00,508.00,0,23638
100776,1364,790.00,493.00,0,23647
100650,1359,797.00,492.00,0,23656
100521,1354,817.00,509.00,0,23665
100390,1349,796.00,492.00,0,23674
100260,1346,797.00,492.00,0,23684
100130,1344,802.00,493.00,0,23693
100001,1344,798.00,493.00,0,23702
99870,1344,816.00,492.00,0,23710
99745,1342,799.00,492.00,0,23719
99621,1338,804.00,493.00,0,23728
99495,1334,808.00,492.00,0,23737
99366,1328,805.00,492.00,0,23746
99240,1324,808.00,509.00,0,23754
99114,1322,803.00,493.00,0,23763
98986,1320,801.00,510.00,0,23773
98857,1319,810.00,509.00,0,23781
98730,1318,797.00,509.00,0,23790
98605,1315,799.00,510.00,0,23799
98479,1312,795.00,493.00,0,23808
98351,1307,794.00,506.00,0,23817
98226,1303,814.00,493.00,0,23825
98102,1300,800.00,492.00,0,23834
97976,1298,800.00,509.00,0,23843
97849,1296,812.00,510.00,0,23852
97724,1294,808.00,509.00,0,23861
97598,1292,804.00,493.00,0,23870
97471,1288,800.00,492.00,0,23878
97342,1284,800.00,480.00,0,23887
97216,1280,819.00,493.00,0,23896
97090,1278,797.00,509.00,0,23905
96962,1276,793.00,509.00,0,23914
96834,1274,802.00,510.00,0,23922
96708,1272,807.00,500.00,0,23931
96583,1269,805.00,509.00,0,23941
96456,1266,793.00,509.00,0,23949
96328,1261,794.00,509.00,0,23958
96203,1257,826.00,509.00,0,23967
96078,1254,797.00,492.00,0,23975
95951,1253,794.00,493.00,0,23985
95824,1252,799.00,493.00,0,23993
95698,1252,812.00,492.00,0,24002
95574,1250,811.00,493.00,0,24011
95448,1246,800.00,475.00,0,24019
95321,1242,806.00,509.00,0,24029
95195,1237,825.00,493.00,0,24038
95069,1232,805.00,509.00,0,24046
94940,1230,794.00,492.00,0,24055
94811,1228,796.00,508.00,0,24065
94684,1228,800.00,508.00,0,24073
94558,1227,811.00,509.00,0,24082
94431,1225,794.00,493.00,0,24090
94304,1222,791.00,492.00,0,24099
94180,1218,818.00,492.00,0,24109
94056,1213,810.00,499.00,0,24117
93930,1209,804.00,493.00,0,24126
93804,1206,805.00,492.00,0,24135
93679,1204,807.00,475.00,0,24143
93552,1204,823.00,509.00,0,24153
93422,1202,797.00,493.00,0,24161
93295,1200,793.00,492.00,0,24170
93169,1197,815.00,509.00,0,24179
93043,1193,805.00,493.00,0,24187
92916,1189,800.00,493.00,0,24197
92788,1186,795.00,493.00,0,24206
92664,1184,801.00,492.00,0,24214
92538,1183,822.00,492.00,0,24223
92410,1182,801.00,506.00,0,24232
92283,1180,796.00,475.00,0,24241
92159,1176,813.00,508.00,0,24250
92034,1172,812.00,475.00,0,24258
91908,1168,812.00,492.00,0,24267
91781,1166,805.00,509.00,0,24276
91656,1164,813.00,509.00,0,24285
91529,1162,825.00,492.00,0,24294
91400,1161,795.00,492.00,0,24303
91272,1160,799.00,509.00,0,24311
91148,1156,808.00,493.00,0,24321
91022,1154,805.00,492.00,0,24329
90894,1150,810.00,509.00,0,24338
90768,1146,798.00,495.00,0,24347
90643,1143,805.00,491.00,0,24355
90516,1140,815.00,509.00,0,24365
90387,1138,805.00,492.00,0,24374
90259,1137,800.00,492.00,0,24382
90135,1136,802.00,493.00,0,24391
90009,1134,807.00,493.00,0,24400
89882,1132,826.00,485.00,0,24409
89758,1130,814.00,509.00,0,24418
89635,1127,815.00,493.00,0,24426
89510,1124,826.00,492.00,0,24435
89382,1122,819.00,509.00,0,24444
89255,1118,815.00,509.00,0,24453
89128,1115,806.00,492.00,0,24462
89001,1112,802.00,492.00,0,24471
88872,1110,826.00,508.00,0,24479
88746,1109,800.00,493.00,0,24488
88620,1108,801.00,509.00,0,24498
88494,1106,811.00,508.00,0,24506
88366,1104,811.00,493.00,0,24515
88241,1102,809.00,477.00,0,24523
88117,1098,811.00,475.00,0,24532
87992,1094,814.00,492.00,0,24542
87866,1092,825.00,475.00,0,24550
87740,1089,818.00,509.00,0,24559
87615,1088,817.00,493.00,0,24568
87487,1087,816.00,492.00,0,24577
87358,1086,808.00,509.00,0,24586
87232,1084,824.00,509.00,0,24594
87107,1082,810.00,492.00,0,24603
86980,1078,812.00,493.00,0,24612
86852,1074,825.00,493.00,0,24621
86726,1070,816.00,493.00,0,24630
86601,1068,812.00,493.00,0,24639
86474,1066,804.00,509.00,0,24647
86344,1066,802.00,475.00,0,24656
86218,1065,826.00,493.00,0,24666
86094,1064,818.00,492.00,0,24674
85968,1062,816.00,492.00,0,24683
85842,1058,826.00,509.00,0,24691
85718,1055,822.00,492.00,0,24700
85594,1052,825.00,475.00,0,24710
85468,1048,818.00,492.00,0,24718
85339,1046,815.00,493.00,0,24727
85212,1044,826.00,503.00,0,24736
85084,1042,811.00,509.00,0,24744
84956,1041,806.00,509.00,0,24754
84831,1040,812.00,493.00,0,24762
84705,1038,817.00,492.00,0,24771
84580,1035,817.00,493.00,0,24780
84454,1032,810.00,509.00,0,24788
84326,1030,807.00,491.00,0,24798
84201,1026,826.00,493.00,0,24807
84076,1024,817.00,475.00,0,24815
83950,1020,817.00,475.00,0,24824
83823,1018,819.00,492.00,0,24834
83697,1017,823.00,509.00,0,24842
83572,1016,826.00,499.00,0,24851
83444,1014,810.00,493.00,0,24859
83316,1012,810.00,493.00,0,24868
83190,1010,827.00,492.00,0,24878
83064,1006,818.00,493.00,0,24886
82936,1002,808.00,509.00,0,24895
82810,1000,810.00,509.00,0,24904
82684,998,815.00,492.00,0,24912
82560,996,825.00,492.00,0,24921
82436,995,806.00,510.00,0,24930
82312,994,800.00,492.00,0,24938
82191,992,827.00,493.00,0,24947
82071,990,820.00,492.00,0,24955
81949,988,820.00,493.00,0,24964
81828,985,825.00,492.00,0,24973
81707,982,825.00,475.00,0,24981
81586,980,826.00,510.00,0,24989
81462,978,821.00,492.00,0,24998
81338,976,816.00,492.00,0,25007
81215,974,826.00,509.00,0,25016
81092,972,818.00,492.00,0,25024
80968,970,816.00,510.00,0,25032
80844,968,824.00,509.00,0,25041
80720,966,816.00,492.00,0,25050
80600,964,819.00,509.00,0,25058
80476,962,811.00,509.00,0,25067
80352,960,808.00,509.00,0,25075
80228,957,822.00,493.00,0,25084
80108,955,816.00,509.00,0,25093
79985,953,819.00,493.00,0,25101
79862,952,826.00,509.00,0,25110
79742,950,821.00,492.00,0,25118
79622,948,823.00,493.00,0,25126
79500,947,825.00,492.00,0,25136
79376,944,822.00,510.00,0,25144
79252,941,821.00,492.00,0,25153
79131,938,821.00,492.00,0,25161
79008,934,823.00,493.00,0,25169
78882,930,824.00,486.00,0,25179
78758,928,814.00,509.00,0,25187
78634,927,815.00,492.00,0,25196
78511,926,818.00,492.00,0,25204
78384,926,808.00,492.00,0,25212
78262,924,806.00,492.00,0,25222
78142,922,818.00,509.00,0,25230
78020,918,818.00,492.00,0,25238
77898,916,826.00,492.00,0,25247
77777,913,821.00,492.00,0,25255
77658,910,823.00,492.00,0,25265
77536,908,825.00,474.00,0,25273
77412,907,815.00,509.00,0,25281
77287,905,807.00,509.00,0,25290
77164,904,826.00,492.00,0,25298
77042,902,822.00,492.00,0,25307
76916,900,812.00,492.00,0,25316
76794,898,817.00,509.00,0,25324
76673,895,821.00,493.00,0,25333
76550,892,826.00,492.00,0,25341
76426,890,813.00,509.00,0,25350
76302,888,808.00,493.00,0,25359
76180,886,826.00,493.00,0,25367
76058,884,816.00,493.00,0,25375
75936,882,815.00,509.00,0,25384
75813,881,823.00,509.00,0,25393
75693,880,826.00,492.00,0,25402
75572,878,825.00,510.00,0,25410
75449,876,820.00,509.00,0,25418
75325,872,819.00,492.00,0,25427
75204,869,825.00,492.00,0,25436
75081,866,821.00,493.00,0,25444
74956,862,811.00,507.00,0,25453
74831,860,816.00,493.00,0,25461
74707,859,819.00,493.00,0,25470
74584,858,817.00,509.00,0,25479
74459,856,805.00,509.00,0,25487
74335,854,804.00,509.00,0,25496
74213,852,826.00,493.00,0,25504
74092,850,816.00,509.00,0,25513
73970,846,818.00,492.00,0,25522
73848,844,826.00,476.00,0,25530
73727,843,825.00,509.00,0,25539
73606,842,824.00,493.00,0,25547
73484,840,826.00,509.00,0,25555
73360,838,819.00,493.00,0,25565
73237,836,825.00,509.00,0,25573
73116,833,819.00,508.00,0,25582
72992,830,819.00,508.00,0,25590
72868,828,826.00,509.00,0,25598
72744,826,811.00,476.00,0,25608
72622,824,813.00,508.00,0,25616
72499,824,818.00,508.00,0,25624
72374,822,814.00,499.00,0,25633
72251,820,819.00,509.00,0,25641
72130,818,820.00,501.00,0,25651
72008,814,821.00,493.00,0,25659
71886,812,826.00,493.00,0,25667
71765,809,820.00,493.00,0,25676
71644,807,822.00,493.00,0,25684
71522,806,825.00,494.00,0,25693
71398,804,816.00,509.00,0,25702
71274,804,815.00,492.00,0,25710
71152,802,821.00,492.00,0,25719
71028,799,822.00,508.00,0,25728
70905,796,823.00,509.00,0,25736
70782,793,816.00,505.00,0,25745
70660,790,819.00,510.00,0,25753
70537,788,826.00,493.00,0,25762
70412,786,808.00,492.00,0,25771
70288,785,801.00,509.00,0,25779
70165,784,824.00,499.00,0,25788
70044,783,820.00,491.00,0,25796
69921,781,818.00,493.00,0,25804
69800,780,823.00,492.00,0,25814
69681,778,827.00,492.00,0,25822
69560,775,826.00,493.00,0,25831
69437,772,822.00,508.00,0,25839
69313,770,818.00,509.00,0,25847
69190,766,825.00,492.00,0,25857
69067,764,819.00,493.00,0,25865
68942,762,812.00,492.00,0,25873
68817,761,812.00,492.00,0,25882
68695,760,821.00,492.00,0,25890
68572,758,826.00,509.00,0,25900
68448,757,812.00,492.00,0,25908
68324,755,810.00,493.00,0,25916
68204,752,826.00,492.00,0,25925
68082,750,819.00,493.00,0,25933
67960,748,822.00,509.00,0,25942
67838,746,826.00,492.00,0,25951
67717,744,826.00,509.00,0,25959
67597,743,825.00,475.00,0,25968
67474,742,825.00,509.00,0,25976
67351,740,822.00,511.00,0,25985
67228,738,825.00,509.00,0,25994
67106,735,821.00,492.00,0,26002
66982,732,822.00,493.00,0,26010
66857,730,826.00,508.00,0,26019
66735,728,820.00,493.00,0,26028
66612,726,822.00,492.00,0,26037
66488,724,823.00,493.00,0,26045
66362,722,813.00,492.00,0,26053
66238,721,825.00,509.00,0,26062
66117,719,810.00,475.00,0,26071
65994,717,817.00,509.00,0,26080
65872,715,825.00,493.00,0,26088
65750,714,822.00,492.00,0,26096
65630,712,826.00,509.00,0,26105
65508,710,825.00,492.00,0,26114
65385,708,825.00,493.00,0,26122
65262,706,825.00,509.00,0,26131
65140,704,823.00,492.00,0,26139
65017,700,822.00,509.00,0,26148
64892,698,825.00,508.00,0,26157
64769,697,819.00,509.00,0,26165
64648,696,821.00,509.00,0,26174
64524,695,826.00,509.00,0,26182
64400,694,818.00,493.00,0,26190
64277,692,816.00,491.00,0,26200
64156,690,826.00,492.00,0,26208
64035,688,824.00,476.00,0,26217
63914,686,826.00,509.00,0,26225
63792,684,825.00,491.00,0,26233
63672,682,826.00,493.00,0,26243
63550,680,825.00,493.00,0,26251
63427,678,824.00,493.00,0,26259
63302,676,822.00,509.00,0,26268
63180,675,825.00,492.00,0,26276
63056,672,826.00,493.00,0,26286
62931,670,817.00,492.00,0,26294
62808,668,815.00,493.00,0,26302
62686,666,826.00,509.00,0,26311
62563,665,825.00,509.00,0,26319
62438,664,818.00,509.00,0,26329
62313,662,814.00,508.00,0,26337
62192,660,825.00,493.00,0,26345
62070,658,825.00,509.00,0,26354
61947,656,821.00,509.00,0,26362
61824,654,824.00,492.00,0,26371
61705,652,826.00,508.00,0,26380
61584,651,825.00,509.00,0,26388
61461,650,825.00,509.00,0,26397
61337,648,823.00,509.00,0,26405
61215,646,825.00,509.00,0,26414
61093,644,826.00,509.00,0,26423
60970,640,822.00,510.00,0,26431
60845,638,826.00,509.00,0,26439
60722,637,824.00,475.00,0,26448
60602,636,826.00,509.00,0,26457
60477,634,823.00,509.00,0,26466
60352,632,817.00,492.00,0,26474
60229,630,826.00,509.00,0,26482
60107,628,823.00,492.00,0,26491
59985,626,823.00,508.00,0,26500
59861,624,826.00,509.00,0,26508
59740,622,826.00,492.00,0,26517
59620,622,826.00,493.00,0,26525
59497,620,825.00,509.00,0,26534
59373,618,822.00,493.00,0,26543
59249,616,824.00,509.00,0,26551
59128,614,824.00,509.00,0,26560
59004,610,824.00,493.00,0,26568
58880,608,825.00,508.00,0,26577
58758,606,822.00,509.00,0,26586
58636,604,823.00,509.00,0,26594
58512,604,827.00,493.00,0,26603
58388,604,824.00,509.00,0,26611
58264,602,816.00,476.00,0,26619
58143,600,823.00,509.00,0,26629
58020,598,823.00,492.00,0,26637
57899,595,826.00,493.00,0,26646
57776,592,824.00,508.00,0,26654
57657,591,826.00,509.00,0,26662
57535,590,826.00,476.00,0,26672
57412,588,821.00,475.00,0,26680
57286,586,820.00,476.00,0,26688
57164,585,825.00,508.00,0,26697
57040,583,826.00,505.00,0,26705
56916,581,825.00,492.00,0,26715
56792,580,817.00,493.00,0,26723
56672,578,826.00,492.00,0,26731
56551,577,825.00,509.00,0,26740
56426,576,821.00,493.00,0,26748
56303,573,819.00,492.00,0,26757
56182,571,825.00,476.00,0,26766
56059,568,824.00,493.00,0,26774
55936,566,826.00,510.00,0,26783
55813,564,824.00,509.00,0,26791
55692,564,825.00,509.00,0,26800
55571,563,826.00,509.00,0,26809
55448,562,825.00,506.00,0,26817
55324,560,823.00,510.00,0,26826
55202,558,825.00,475.00,0,26834
55080,555,825.00,493.00,0,26843
54956,552,823.00,493.00,0,26852
54832,550,826.00,510.00,0,26860
54710,550,826.00,493.00,0,26868
54588,548,825.00,492.00,0,26877
54465,548,824.00,492.00,0,26886
54340,546,823.00,509.00,0,26895
54218,544,825.00,493.00,0,26903
54096,542,819.00,476.00,0,26911
53972,538,824.00,493.00,0,26920
53850,536,825.00,509.00,0,26929
53728,535,825.00,492.00,0,26937
53607,534,826.00,509.00,0,26946
53484,534,826.00,492.00,0,26954
53360,532,826.00,509.00,0,26963
53236,530,825.00,492.00,0,26972
53115,528,826.00,509.00,0,26980
52992,526,824.00,493.00,0,26989
52870,524,825.00,492.00,0,26997
52748,522,825.00,493.00,0,27005
52626,521,825.00,492.00,0,27015
52504,520,826.00,510.00,0,27023
52379,518,825.00,509.00,0,27032
52255,516,825.00,507.00,0,27040
52134,514,826.00,492.00,0,27048
52010,512,825.00,493.00,0,27058
51886,510,826.00,493.00,0,27066
51764,509,817.00,475.00,0,27074
51644,508,826.00,492.00,0,27083
51521,507,825.00,509.00,0,27091
51397,506,824.00,509.00,0,27101
51274,504,821.00,509.00,0,27109
51152,501,826.00,509.00,0,27117
51030,498,826.00,508.00,0,27126
50906,496,825.00,510.00,0,27134
50782,494,822.00,493.00,0,27144
50662,494,824.00,492.00,0,27152
50540,494,826.00,509.00,0,27160
50415,492,823.00,509.00,0,27169
50291,491,817.00,493.00,0,27177
50170,488,826.00,492.00,0,27186
50048,486,825.00,509.00,0,27195
49924,483,826.00,493.00,0,27203
49802,481,826.00,493.00,0,27212
49681,480,825.00,492.00,0,27220
49559,480,826.00,493.00,0,27229
49436,478,822.00,509.00,0,27238
49311,477,822.00,509.00,0,27246
49188,475,826.00,492.00,0,27254
49066,472,826.00,492.00,0,27264
48942,470,824.00,492.00,0,27272
48819,468,826.00,509.00,0,27281
48698,467,825.00,492.00,0,27289
48576,466,826.00,476.00,0,27297
48454,465,826.00,509.00,0,27307
48328,464,820.00,510.00,0,27315
48206,462,827.00,493.00,0,27323
48082,459,825.00,509.00,0,27332
47960,457,825.00,492.00,0,27340
47837,456,826.00,509.00,0,27350
47715,454,825.00,492.00,0,27358
47595,454,826.00,493.00,0,27366
47472,454,825.00,475.00,0,27375
47348,452,826.00,492.00,0,27383
47226,450,826.00,493.00,0,27393
47104,447,825.00,510.00,0,27401
46982,444,825.00,492.00,0,27409
46858,442,826.00,509.00,0,27418
46736,441,826.00,492.00,0,27426
46615,440,825.00,492.00,0,27435
46493,440,826.00,475.00,0,27444
46368,439,825.00,492.00,0,27452
46244,437,826.00,493.00,0,27461
46122,435,825.00,491.00,0,27469
45999,432,824.00,493.00,0,27478
45876,430,826.00,493.00,0,27487
45754,430,825.00,492.00,0,27495
45633,428,826.00,493.00,0,27503
45510,428,826.00,492.00,0,27512
45386,427,826.00,509.00,0,27521
45264,425,826.00,492.00,0,27530
45142,422,825.00,492.00,0,27538
45019,420,826.00,492.00,0,27546
44894,418,826.00,492.00,0,27555
44772,417,825.00,508.00,0,27564
44652,417,825.00,492.00,0,27572
44530,416,826.00,509.00,0,27581
44406,416,825.00,509.00,0,27589
44282,414,826.00,509.00,0,27598
44161,412,825.00,475.00,0,27607
44039,408,825.00,492.00,0,27615
43915,406,826.00,493.00,0,27624
43792,405,825.00,493.00,0,27632
43672,404,826.00,509.00,0,27640
43550,404,825.00,492.00,0,27650
43426,402,826.00,493.00,0,27658
43301,401,826.00,493.00,0,27667
43178,399,825.00,493.00,0,27675
43056,396,826.00,476.00,0,27683
42932,395,826.00,476.00,0,27693
42809,394,826.00,493.00,0,27701
42688,393,826.00,508.00,0,27710
42566,393,825.00,496.00,0,27718
42443,392,826.00,509.00,0,27726
42319,390,825.00,492.00,0,27736
42198,388,826.00,492.00,0,27744
42076,386,826.00,493.00,0,27752
41953,383,826.00,475.00,0,27761
41830,381,825.00,492.00,0,27769
41709,380,825.00,492.00,0,27779
41588,380,825.00,508.00,0,27787
41464,380,826.00,493.00,0,27795
41339,378,826.00,493.00,0,27804
41216,376,825.00,503.00,0,27812
41094,374,826.00,493.00,0,27821
40970,372,826.00,493.00,0,27830
40846,370,825.00,483.00,0,27838
40726,370,826.00,492.00,0,27847
40604,369,825.00,491.00,0,27855
40480,368,827.00,506.00,0,27864
40356,367,826.00,509.00,0,27873
40233,365,826.00,496.00,0,27881
40112,362,825.00,506.00,0,27889
39988,359,826.00,509.00,0,27898
39864,357,826.00,503.00,0,27907
39743,356,825.00,492.00,0,27916
39622,356,825.00,492.00,0,27924
39498,356,825.00,509.00,0,27932
39374,355,826.00,509.00,0,27941
39251,353,825.00,509.00,0,27950
39128,350,825.00,509.00,0,27959
39006,348,825.00,509.00,0,27967
38882,346,825.00,493.00,0,27975
38760,344,826.00,493.00,0,27984
38639,344,825.00,492.00,0,27993
38516,344,826.00,509.00,0,28001
38392,343,825.00,508.00,0,28010
38268,341,825.00,510.00,0,28018
38146,339,826.00,493.00,0,28027
38023,336,825.00,492.00,0,28036
37900,334,827.00,493.00,0,28044
37779,334,825.00,509.00,0,28053
37658,334,826.00,476.00,0,28061
37538,334,825.00,508.00,0,28069
37414,332,826.00,509.00,0,28079
37290,331,826.00,509.00,0,28087
37169,328,825.00,492.00,0,28096
37046,326,826.00,509.00,0,28104
36922,323,825.00,492.00,0,28112
36798,322,826.00,493.00,0,28122
36677,321,825.00,509.00,0,28130
36554,321,826.00,493.00,0,28138
36430,320,826.00,492.00,0,28147
36306,319,826.00,492.00,0,28155
36183,316,826.00,492.00,0,28165
36060,314,825.00,509.00,0,28173
35937,312,826.00,509.00,0,28181
35814,312,826.00,492.00,0,28190
35694,311,826.00,510.00,0,28198
35573,311,826.00,492.00,0,28207
35451,310,825.00,475.00,0,28216
35327,309,826.00,493.00,0,28224
35206,307,826.00,508.00,0,28233
35083,304,826.00,509.00,0,28241
34958,302,825.00,509.00,0,28250
34835,300,826.00,509.00,0,28259
34714,300,826.00,475.00,0,28267
34593,300,825.00,509.00,0,28276
34470,300,826.00,509.00,0,28284
34344,298,826.00,492.00,0,28293
34222,296,826.00,459.00,0,28302
34100,294,825.00,509.00,0,28310
33976,292,826.00,493.00,0,28318
33852,290,825.00,492.00,0,28327
33732,290,826.00,492.00,0,28336
33611,290,826.00,509.00,0,28345
33489,289,825.00,492.00,0,28353
33365,288,826.00,493.00,0,28361
33241,286,825.00,492.00,0,28370
33118,284,826.00,492.00,0,28379
32995,282,826.00,492.00,0,28387
32871,280,826.00,492.00,0,28396
32749,280,826.00,493.00,0,28404
32628,280,826.00,493.00,0,28413
32506,280,825.00,509.00,0,28422
32382,278,825.00,509.00,0,28430
32258,276,827.00,509.00,0,28439
32137,274,826.00,493.00,0,28447
32014,272,826.00,492.00,0,28455
31892,270,826.00,493.00,0,28465
31770,270,825.00,509.00,0,28473
31650,270,826.00,510.00,0,28482
31528,270,825.00,509.00,0,28490
31405,268,826.00,493.00,0,28498
31281,266,825.00,509.00,0,28508
31159,264,825.00,492.00,0,28516
31034,262,827.00,475.00,0,28525
30910,260,825.00,475.00,0,28533
30787,260,826.00,493.00,0,28541
30666,260,825.00,491.00,0,28551
30544,260,825.00,493.00,0,28559
30420,259,826.00,509.00,0,28567
30295,258,825.00,509.00,0,28576
30173,254,826.00,509.00,0,28584
30050,252,826.00,493.00,0,28594
29928,250,826.00,493.00,0,28602
29806,250,825.00,491.00,0,28610
29686,250,826.00,493.00,0,28619
29564,250,825.00,509.00,0,28627
29440,249,826.00,492.00,0,28636
29316,247,826.00,492.00,0,28645
29194,244,825.00,509.00,0,28653
29071,242,826.00,510.00,0,28662
28947,240,825.00,509.00,0,28670
28822,239,826.00,493.00,0,28679
28702,238,826.00,476.00,0,28688
28580,238,826.00,509.00,0,28696
28456,238,826.00,493.00,0,28704
28332,237,825.00,507.00,0,28713
28208,234,826.00,509.00,0,28722
28086,232,826.00,493.00,0,28731
27962,230,826.00,509.00,0,28739
27840,229,826.00,493.00,0,28747
27720,229,826.00,492.00,0,28756
27600,229,826.00,493.00,0,28765
27477,229,826.00,509.00,0,28774
27352,228,825.00,492.00,0,28782
27230,226,826.00,492.00,0,28790
27108,222,826.00,493.00,0,28800
26984,220,825.00,500.00,0,28808
26860,218,826.00,494.00,0,28816
26738,218,826.00,508.00,0,28825
26617,218,826.00,509.00,0,28833
26494,218,826.00,509.00,0,28843
26370,218,825.00,492.00,0,28851
26246,216,826.00,493.00,0,28859
26123,213,826.00,496.00,0,28868
26000,211,825.00,509.00,0,28876
25876,210,826.00,508.00,0,28884
25756,210,825.00,493.00,0,28894
25636,210,826.00,493.00,0,28902
25514,210,826.00,492.00,0,28911
25391,209,825.00,492.00,0,28919
25267,207,826.00,494.00,0,28928
25144,204,826.00,509.00,0,28937
25020,202,826.00,509.00,0,28945
24896,200,825.00,509.00,0,28953
24774,200,826.00,493.00,0,28962
24654,200,825.00,509.00,0,28971
24532,201,827.00,476.00,0,28980
24408,201,825.00,475.00,0,28988
24285,199,826.00,492.00,0,28996
24163,197,826.00,509.00,0,29005
24040,195,825.00,496.00,0,29014
23917,193,826.00,509.00,0,29022
23794,193,825.00,492.00,0,29031
23675,193,826.00,492.00,0,29039
23555,193,826.00,475.00,0,29048
23431,193,825.00,508.00,0,29057
23308,191,826.00,493.00,0,29065
23184,189,825.00,492.00,0,29074
23060,186,826.00,509.00,0,29082
22936,185,826.00,492.00,0,29091
22812,184,825.00,509.00,0,29100
22690,184,825.00,493.00,0,29108
22570,184,826.00,492.00,0,29117
22446,184,826.00,509.00,0,29125
22321,182,826.00,492.00,0,29133
22199,180,826.00,492.00,0,29143
22076,177,826.00,491.00,0,29151
21952,176,826.00,492.00,0,29160
21830,176,825.00,491.00,0,29168
21710,176,825.00,510.00,0,29176
21590,176,826.00,492.00,0,29186
21469,176,825.00,492.00,0,29194
21344,174,826.00,494.00,0,29202
21222,172,825.00,475.00,0,29211
21098,169,826.00,494.00,0,29219
20974,168,826.00,493.00,0,29229
20850,167,825.00,492.00,0,29237
20729,167,826.00,493.00,0,29245
20608,167,826.00,492.00,0,29254
20486,167,826.00,509.00,0,29262
20361,166,826.00,509.00,0,29271
20238,164,826.00,509.00,0,29280
20114,162,826.00,493.00,0,29288
19991,160,826.00,492.00,0,29297
19868,159,826.00,475.00,0,29305
19748,159,825.00,509.00,0,29314
19628,159,826.00,493.00,0,29323
19507,159,825.00,509.00,0,29331
19383,158,826.00,509.00,0,29340
19258,155,825.00,509.00,0,29348
19136,153,826.00,493.00,0,29357
19012,151,826.00,509.00,0,29366
18887,149,825.00,492.00,0,29374
18766,149,826.00,476.00,0,29382
18645,149,825.00,508.00,0,29391
18524,149,825.00,509.00,0,29400
18399,149,826.00,492.00,0,29409
18274,147,825.00,492.00,0,29417
18151,145,825.00,493.00,0,29425
18028,143,825.00,510.00,0,29434
17904,143,825.00,493.00,0,29443
17784,143,825.00,492.00,0,29451
17665,143,826.00,493.00,0,29460
17545,144,826.00,492.00,0,29468
17422,144,826.00,491.00,0,29477
17297,142,826.00,509.00,0,29486
17174,140,825.00,492.00,0,29494
17049,137,826.00,493.00,0,29503
16924,136,825.00,509.00,0,29511
16802,136,826.00,493.00,0,29519
16682,136,826.00,475.00,0,29529
16560,137,826.00,492.00,0,29537
16437,137,826.00,509.00,0,29546
16312,135,825.00,509.00,0,29554
16189,133,827.00,509.00,0,29562
16066,131,826.00,493.00,0,29572
15942,129,826.00,509.00,0,29580
15821,129,826.00,493.00,0,29589
15702,129,825.00,491.00,0,29597
15582,130,826.00,510.00,0,29605
15459,130,826.00,509.00,0,29615
15334,129,826.00,493.00,0,29623
15210,126,825.00,509.00,0,29631
15085,123,826.00,492.00,0,29640
14960,122,825.00,509.00,0,29648
14836,121,826.00,492.00,0,29658
14716,121,825.00,492.00,0,29666
14597,121,826.00,492.00,0,29674
14474,121,826.00,493.00,0,29683
14350,119,825.00,493.00,0,29691
14226,117,826.00,509.00,0,29700
14102,115,825.00,492.00,0,29709
13979,113,826.00,493.00,0,29717
13858,113,826.00,493.00,0,29726
13739,113,825.00,492.00,0,29734
13620,114,826.00,475.00,0,29743
13498,114,825.00,492.00,0,29752
13372,113,826.00,510.00,0,29760
13246,111,825.00,492.00,0,29768
13121,108,826.00,492.00,0,29777
12996,106,826.00,493.00,0,29786
12872,106,826.00,493.00,0,29795
12750,106,825.00,492.00,0,29803
12632,106,825.00,492.00,0,29811
12512,107,826.00,493.00,0,29820
12388,107,826.00,492.00,0,29829
12265,104,826.00,476.00,0,29837
12142,101,825.00,492.00,0,29846
12018,100,825.00,509.00,0,29854
11895,99,826.00,494.00,0,29862
11779,99,825.00,491.00,0,29871
11664,99,826.00,492.00,0,29880
11546,100,825.00,509.00,0,29888
11420,100,826.00,509.00,0,29896
11293,98,825.00,508.00,0,29905
11172,95,825.00,491.00,0,29914
11050,93,826.00,492.00,0,29922
10930,92,826.00,492.00,0,29930
10812,92,825.00,510.00,0,29938
10698,93,826.00,493.00,0,29946
10583,93,827.00,493.00,0,29955
10464,93,826.00,493.00,0,29963
10344,91,825.00,509.00,0,29972
10223,89,826.00,475.00,0,29980
10102,86,825.00,509.00,0,29988
9983,85,826.00,509.00,0,29997
9870,85,825.00,492.00,0,30004
9758,85,825.00,509.00,0,30012
9647,86,826.00,509.00,0,30020
9531,86,825.00,509.00,0,30028
9411,86,827.00,492.00,0,30036
9290,83,826.00,492.00,0,30045
9172,81,826.00,509.00,0,30053
9054,79,826.00,493.00,0,30061
8937,78,825.00,493.00,0,30068
8824,78,826.00,493.00,0,30076
8714,78,825.00,475.00,0,30085
8604,79,826.00,509.00,0,30093
8490,80,826.00,493.00,0,30101
8373,80,826.00,509.00,0,30109
8256,77,826.00,493.00,0,30117
8140,75,825.00,492.00,0,30126
8024,74,825.00,509.00,0,30133
7912,73,826.00,492.00,0,30141
7800,73,826.00,492.00,0,30149
7690,74,827.00,492.00,0,30157
7574,75,826.00,509.00,0,30166
7454,75,826.00,509.00,0,30174
7333,74,826.00,502.00,0,30182
7213,71,825.00,492.00,0,30190
7094,68,825.00,508.00,0,30197
6978,68,826.00,493.00,0,30205
6863,68,826.00,493.00,0,30214
6754,69,826.00,493.00,0,30222
6646,70,826.00,493.00,0,30230
6533,71,826.00,509.00,0,30238
6416,71,826.00,509.00,0,30246
6297,69,825.00,508.00,0,30255
6180,67,826.00,508.00,0,30262
6064,64,825.00,509.00,0,30270
5950,63,826.00,493.00,0,30278
5838,63,825.00,492.00,0,30286
5729,63,827.00,509.00,0,30295
5614,65,826.00,509.00,0,30303
5496,65,826.00,491.00,0,30311
5375,65,825.00,493.00,0,30318
5254,63,826.00,492.00,0,30326
5136,61,826.00,510.00,0,30334
5021,59,826.00,509.00,0,30343
4908,59,826.00,492.00,0,30351
4800,59,826.00,493.00,0,30359
4691,61,826.00,509.00,0,30367
4574,63,825.00,509.00,0,30375
4456,63,825.00,492.00,0,30383
4333,63,826.00,509.00,0,30391
4214,59,826.00,509.00,0,30399
4095,57,826.00,510.00,0,30407
3979,55,826.00,507.00,0,30415
3867,55,826.00,493.00,0,30424
3760,55,825.00,492.00,0,30432
3652,56,825.00,509.00,0,30440
3536,57,825.00,475.00,0,30447
3416,57,826.00,509.00,0,30455
3298,56,826.00,509.00,0,30464
3183,54,826.00,492.00,0,30472
3068,53,826.00,510.00,0,30480
2958,52,826.00,475.00,0,30488
2849,52,826.00,464.00,0,30496
2735,54,825.00,493.00,0,30504
2618,56,825.00,492.00,0,30512
2499,56,826.00,492.00,0,30520
2376,55,825.00,509.00,0,30528
2256,52,826.00,509.00,0,30536
2136,49,827.00,508.00,0,30544
2019,46,825.00,509.00,0,30553
1904,44,826.00,492.00,0,30561
1796,44,826.00,490.00,0,30568
1690,44,825.00,493.00,0,30576
1576,46,826.00,492.00,0,30584
1458,46,825.00,509.00,0,30593
1338,46,827.00,509.00,0,30601
1222,45,826.00,476.00,0,30609
1108,43,826.00,493.00,0,30617
998,41,826.00,492.00,0,30624
893,41,827.00,492.00,0,30632
783,42,826.00,493.00,0,30641
672,44,824.00,492.00,0,30648
557,46,826.00,493.00,0,30656
440,48,825.00,510.00,0,30663
322,48,825.00,509.00,0,30671
206,45,826.00,493.00,0,30680
91,41,825.00,509.00,0,30687
-7,37,0.00,458.00,0,30694
-44,34,0.00,408.00,0,30701
-20,34,0.00,358.00,0,30708
54,34,733.00,341.00,0,30715
136,36,780.00,341.00,0,30724
222,40,443.00,341.00,0,30732
319,42,627.00,325.00,0,30739
425,44,728.00,325.00,0,30747
532,46,713.00,325.00,0,30755
640,46,785.00,325.00,0,30763
750,46,787.00,308.00,0,30771
864,44,809.00,324.00,0,30778
981,42,815.00,308.00,0,30786
1098,39,814.00,308.00,0,30794
1214,39,811.00,341.00,0,30802
1326,39,801.00,325.00,0,30811
1434,41,666.00,325.00,0,30818
1544,43,586.00,308.00,0,30826
1660,45,786.00,325.00,0,30834
1775,47,799.00,325.00,0,30842
1894,47,804.00,308.00,0,30851
2015,45,808.00,326.00,0,30859
2134,43,812.00,325.00,0,30867
2246,41,798.00,308.00,0,30875
2354,41,622.00,325.00,0,30882
2466,42,698.00,341.00,0,30891
2582,46,744.00,308.00,0,30899
2697,48,761.00,308.00,0,30907
2814,50,806.00,308.00,0,30915
2934,50,811.00,325.00,0,30923
3052,47,791.00,308.00,0,30931
3168,44,808.00,307.00,0,30940
3280,43,794.00,307.00,0,30947
3389,43,498.00,325.00,0,30955
3502,45,715.00,308.00,0,30963
3618,49,773.00,320.00,0,30971
3733,51,745.00,325.00,0,30980
3852,52,804.00,325.00,0,30988
3971,52,809.00,325.00,0,30996
4089,50,802.00,325.00,0,31004
4204,48,793.00,309.00,0,31011
4314,46,716.00,308.00,0,31020
4424,46,620.00,308.00,0,31028
4540,48,691.00,325.00,0,31036
4655,52,793.00,309.00,0,31044
4772,54,797.00,324.00,0,31052
4890,54,803.00,325.00,0,31060
5010,53,799.00,308.00,0,31068
5126,51,808.00,325.00,0,31076
5238,49,765.00,325.00,0,31084
5348,49,639.00,325.00,0,31092
5462,51,716.00,308.00,0,31100
5578,54,706.00,325.00,0,31109
5692,57,744.00,308.00,0,31117
5810,58,803.00,325.00,0,31125
5929,58,811.00,325.00,0,31132
6048,56,791.00,325.00,0,31140
6165,54,810.00,325.00,0,31149
6276,53,802.00,342.00,0,31157
6386,53,503.00,325.00,0,31165
6500,55,719.00,308.00,0,31173
6616,59,780.00,325.00,0,31181
6730,61,730.00,307.00,0,31190
6848,62,800.00,308.00,0,31197
6968,62,807.00,309.00,0,31205
7086,59,806.00,325.00,0,31213
7201,57,801.00,325.00,0,31221
7312,56,743.00,326.00,0,31229
7422,56,620.00,325.00,0,31238
7538,60,658.00,308.00,0,31246
7652,63,791.00,325.00,0,31254
7768,65,793.00,308.00,0,31261
7886,66,795.00,308.00,0,31269
8006,66,803.00,325.00,0,31278
8124,63,808.00,325.00,0,31286
8238,62,799.00,308.00,0,31294
8349,61,704.00,325.00,0,31302
8460,62,709.00,324.00,0,31310
8575,66,669.00,308.00,0,31318
8690,69,733.00,308.00,0,31326
8807,71,801.00,325.00,0,31334
8925,71,805.00,308.00,0,31342
9044,70,791.00,324.00,0,31350
9161,68,806.00,308.00,0,31358
9273,67,797.00,326.00,0,31367
9383,67,529.00,326.00,0,31375
9497,71,719.00,324.00,0,31382
9612,74,773.00,325.00,0,31390
9727,77,826.00,308.00,0,31398
9840,77,825.00,308.00,0,31407
9954,77,825.00,308.00,0,31415
10066,74,826.00,325.00,0,31423
10178,73,826.00,325.00,0,31431
10285,72,827.00,325.00,0,31439
10386,72,826.00,325.00,0,31448
10480,75,825.00,341.00,0,31457
10568,78,825.00,341.00,0,31465
10652,80,826.00,341.00,0,31473
10732,81,826.00,358.00,0,31481
10811,81,825.00,358.00,0,31490
10890,79,826.00,342.00,0,31498
10968,77,825.00,341.00,0,31506
11044,77,826.00,375.00,0,31514
11118,77,826.00,357.00,0,31523
11186,78,824.00,358.00,0,31532
11251,80,825.00,374.00,0,31540
11310,80,825.00,375.00,0,31548
11364,81,825.00,358.00,0,31556
11412,81,825.00,391.00,0,31564
11454,82,826.00,375.00,0,31572
11490,82,826.00,375.00,0,31581
11520,82,825.00,391.00,0,31590
11544,83,825.00,391.00,0,31598
11564,83,825.00,391.00,0,31606
11580,84,825.00,391.00,0,31614
11592,84,826.00,393.00,0,31623
11600,84,825.00,409.00,0,31631
11604,84,826.00,408.00,0,31639
11605,84,825.00,408.00,0,31647
11603,84,825.00,408.00,0,31656
11599,84,825.00,408.00,0,31665
11590,84,825.00,408.00,0,31673
11580,84,826.00,408.00,0,31681
11567,84,825.00,408.00,0,31689
11551,84,825.00,409.00,0,31697
11531,84,826.00,425.00,0,31706
11510,84,825.00,426.00,0,31714
11485,84,825.00,442.00,0,31723
11457,84,825.00,442.00,0,31731
11425,83,825.00,441.00,0,31739
11391,82,826.00,443.00,0,31748
11353,82,825.00,442.00,0,31756
11313,82,825.00,425.00,0,31764
11270,81,825.00,425.00,0,31772
11227,80,826.00,442.00,0,31780
11181,80,825.00,442.00,0,31790
11136,80,825.00,459.00,0,31798
11091,79,825.00,458.00,0,31806
11045,79,826.00,442.00,0,31814
11001,79,825.00,442.00,0,31822
10959,79,825.00,442.00,0,31831
10919,79,826.00,442.00,0,31839
10881,79,825.00,442.00,0,31847
10845,79,825.00,442.00,0,31856
10811,79,825.00,424.00,0,31864
10781,79,825.00,425.00,0,31873
10751,79,825.00,425.00,0,31881
10724,79,825.00,425.00,0,31889
10698,79,826.00,425.00,0,31897
10673,79,825.00,425.00,0,31905
10647,79,826.00,425.00,0,31913
10623,79,825.00,425.00,0,31923
10597,79,825.00,425.00,0,31931
10571,78,825.00,442.00,0,31939
10543,78,825.00,425.00,0,31947
10512,78,826.00,425.00,0,31955
10480,78,826.00,425.00,0,31964
10445,77,826.00,442.00,0,31972
10408,76,825.00,442.00,0,31980
10368,76,825.00,441.00,0,31989
10326,75,825.00,442.00,0,31997
10283,74,825.00,442.00,0,32006
10239,74,826.00,442.00,0,32014
10193,74,825.00,442.00,0,32022
10148,73,826.00,442.00,0,32030
10105,73,826.00,442.00,0,32038
10061,73,826.00,442.00,0,32047
10019,73,825.00,442.00,0,32056
9979,73,825.00,442.00,0,32063
9943,73,825.00,442.00,0,32071
9910,73,826.00,428.00,0,32079
9879,73,825.00,426.00,0,32088
9851,73,826.00,425.00,0,32096
9827,73,825.00,425.00,0,32104
9805,73,825.00,425.00,0,32112
9785,73,825.00,425.00,0,32120
9768,73,825.00,425.00,0,32128
9753,73,825.00,424.00,0,32136
9739,73,825.00,425.00,0,32144
9728,73,825.00,408.00,0,32152
9717,73,825.00,409.00,0,32160
9709,73,825.00,425.00,0,32168
9700,73,825.00,408.00,0,32177
9693,73,825.00,425.00,0,32185
9687,73,825.00,425.00,0,32192
9681,73,825.00,408.00,0,32200
9676,73,826.00,408.00,0,32208
9671,73,826.00,408.00,0,32217
9667,73,825.00,408.00,0,32225
9663,73,826.00,408.00,0,32233
9659,73,826.00,408.00,0,32241
9656,73,825.00,408.00,0,32248
9653,73,826.00,408.00,0,32257
9649,73,825.00,408.00,0,32265
9645,73,825.00,409.00,0,32273
9642,73,825.00,425.00,0,32281
9638,73,825.00,408.00,0,32289
9635,73,825.00,408.00,0,32297
9630,73,825.00,408.00,0,32306
9625,73,825.00,408.00,0,32313
9621,73,825.00,408.00,0,32321
9615,73,825.00,408.00,0,32329
9608,73,826.00,409.00,0,32337
9601,73,825.00,408.00,0,32346
9593,73,825.00,424.00,0,32354
9585,73,825.00,408.00,0,32362
9575,73,825.00,425.00,0,32370
9563,72,825.00,408.00,0,32377
9551,72,826.00,408.00,0,32386
9537,72,826.00,408.00,0,32394
9521,72,826.00,409.00,0,32402
9501,72,825.00,425.00,0,32410
9481,72,826.00,425.00,0,32418
9459,72,826.00,425.00,0,32427
9433,71,825.00,425.00,0,32435
9404,70,825.00,441.00,0,32442
9373,70,826.00,425.00,0,32450
9341,70,825.00,442.00,0,32458
9306,69,825.00,425.00,0,32466
9270,68,826.00,441.00,0,32475
9233,68,826.00,425.00,0,32483
9195,68,826.00,442.00,0,32491
9158,68,825.00,425.00,0,32498
9121,67,825.00,442.00,0,32506
9085,67,826.00,425.00,0,32515
9051,67,825.00,425.00,0,32523
9019,67,825.00,425.00,0,32531
8989,67,826.00,425.00,0,32539
8962,67,825.00,425.00,0,32547
8938,67,825.00,409.00,0,32556
8917,67,825.00,425.00,0,32563
8898,67,825.00,425.00,0,32571
8883,67,825.00,408.00,0,32579
8871,67,825.00,408.00,0,32587
8862,67,826.00,425.00,0,32595
8856,67,825.00,408.00,0,32604
8853,67,825.00,408.00,0,32612
8853,67,825.00,408.00,0,32620
8855,67,825.00,408.00,0,32627
8860,67,825.00,408.00,0,32635
8868,67,825.00,408.00,0,32644
8876,67,825.00,408.00,0,32652
8887,67,826.00,408.00,0,32660
8899,67,825.00,391.00,0,32668
8913,67,825.00,391.00,0,32676
8928,67,825.00,408.00,0,32685
8943,67,825.00,391.00,0,32692
8960,67,825.00,408.00,0,32700
8976,67,826.00,391.00,0,32708
8992,66,825.00,392.00,0,32716
9008,66,826.00,391.00,0,32724
9024,66,825.00,408.00,0,32733
9039,66,826.00,408.00,0,32741
9053,66,826.00,391.00,0,32748
9066,66,825.00,408.00,0,32756
9078,66,825.00,408.00,0,32764
9088,66,825.00,409.00,0,32773
9096,66,825.00,409.00,0,32781
9104,66,825.00,409.00,0,32789
9108,66,826.00,391.00,0,32797
9112,66,825.00,409.00,0,32805
9113,66,825.00,408.00,0,32813
9113,66,825.00,408.00,0,32821
9111,66,825.00,425.00,0,32829
9107,66,826.00,409.00,0,32837
9103,66,825.00,408.00,0,32845
9098,66,825.00,408.00,0,32854
9091,66,825.00,425.00,0,32862
9085,66,825.00,409.00,0,32870
9078,66,825.00,408.00,0,32877
9071,66,825.00,408.00,0,32885
9064,66,826.00,408.00,0,32893
9057,66,826.00,408.00,0,32902
9051,66,825.00,420.00,0,32910
9045,66,826.00,409.00,0,32918
9041,66,825.00,408.00,0,32926
9036,66,825.00,425.00,0,32934
9033,66,825.00,408.00,0,32942
9029,66,826.00,408.00,0,32950
9028,66,826.00,408.00,0,32958
9027,66,825.00,408.00,0,32966
9027,66,825.00,409.00,0,32974
9027,66,826.00,409.00,0,32983
9028,66,825.00,408.00,0,32991
9030,66,825.00,408.00,0,32998
9032,66,825.00,408.00,0,33006
9034,66,826.00,409.00,0,33014
9036,66,825.00,408.00,0,33022
9038,66,826.00,408.00,0,33031
9041,66,826.00,408.00,0,33039
9042,66,825.00,408.00,0,33047
9044,66,825.00,408.00,0,33055
9046,66,825.00,408.00,0,33062
9048,66,825.00,408.00,0,33071
9049,66,826.00,408.00,0,33079
9050,66,825.00,408.00,0,33087
9050,66,825.00,408.00,0,33095
9050,66,826.00,408.00,0,33103
9050,66,825.00,408.00,0,33112
9050,66,825.00,408.00,0,33120
9049,66,825.00,408.00,0,33127
9048,66,826.00,408.00,0,33135
9048,66,826.00,408.00,0,33143
9048,66,825.00,408.00,0,33152
9048,66,825.00,408.00,0,33160
9048,66,825.00,409.00,0,33168
9048,66,826.00,409.00,0,33176
9048,66,825.00,408.00,0,33184
9048,66,825.00,408.00,0,33191
9048,66,826.00,408.00,0,33200
9048,66,826.00,408.00,0,33208
9048,66,826.00,408.00,0,33216
9048,66,826.00,408.00,0,33224
9048,66,825.00,409.00,0,33232
9048,66,825.00,409.00,0,33241
9048,66,825.00,409.00,0,33248
9048,66,826.00,408.00,0,33256
9048,66,825.00,409.00,0,33264
9048,66,826.00,408.00,0,33272
9048,66,825.00,408.00,0,33281
9048,66,826.00,408.00,0,33289
9048,66,825.00,408.00,0,33297
9048,66,826.00,408.00,0,33305
9048,66,825.00,408.00,0,33312
9048,66,826.00,408.00,0,33320
9048,66,825.00,408.00,0,33329
9048,66,826.00,408.00,0,33337
9048,66,826.00,408.00,0,33345
9048,66,826.00,408.00,0,33353
9048,66,825.00,408.00,0,33361
9048,66,825.00,408.00,0,33370
9048,66,825.00,408.00,0,33377
9048,66,826.00,408.00,0,33385
9048,66,826.00,409.00,0,33393
9048,66,825.00,408.00,0,33401
9048,66,825.00,409.00,0,33410
9048,66,826.00,409.00,0,33418
9048,66,825.00,408.00,0,33426
9048,66,825.00,408.00,0,33434
9048,66,826.00,408.00,0,33441
9048,66,826.00,408.00,0,33449
9048,66,826.00,408.00,0,33458
9048,66,825.00,408.00,0,33466
9048,66,825.00,409.00,0,33474
9048,66,826.00,408.00,0,33482
9048,66,825.00,408.00,0,33490
9048,66,825.00,408.00,0,33498
9048,66,826.00,408.00,0,33506
9048,66,826.00,409.00,0,33514
9048,66,826.00,408.00,0,33522
9048,66,825.00,408.00,0,33530
9048,66,826.00,408.00,0,33539
9048,66,825.00,408.00,0,33547
9048,66,825.00,409.00,0,33555
9048,66,825.00,408.00,0,33562
9048,66,825.00,408.00,0,33570
9048,66,826.00,409.00,0,33579
9048,66,825.00,408.00,0,33587
9048,66,826.00,408.00,0,33595
9048,66,825.00,409.00,0,33603
9048,66,825.00,409.00,0,33611
9048,66,825.00,408.00,0,33619
9048,66,825.00,408.00,0,33627
9048,66,826.00,408.00,0,33635
9048,66,826.00,408.00,0,33643
9048,66,825.00,408.00,0,33651
9048,66,825.00,408.00,0,33659
9048,66,825.00,408.00,0,33668
9048,66,826.00,408.00,0,33676
9048,66,825.00,408.00,0,33684
9048,66,825.00,408.00,0,33691
9048,66,826.00,408.00,0,33699
9048,66,826.00,408.00,0,33708
9048,66,825.00,409.00,0,33716
9048,66,825.00,409.00,0,33724
9048,66,825.00,409.00,0,33732
9048,66,825.00,408.00,0,33740
9048,66,825.00,408.00,0,33747
9048,66,825.00,408.00,0,33756
9048,66,825.00,409.00,0,33764
9048,66,826.00,408.00,0,33772
9048,66,825.00,409.00,0,33780
9048,66,825.00,409.00,0,33788
9048,66,826.00,408.00,0,33797
9048,66,825.00,408.00,0,33805
9048,66,82