,-1,826.00,408.00,0,14269
0,-1,826.00,408.00,0,14276
0,-1,826.00,408.00,0,14283
0,-1,826.00,409.00,0,14290
0,-1,826.00,408.00,0,14298
0,-1,826.00,409.00,0,14305
0,-1,825.00,408.00,0,14313
0,-1,825.00,408.00,0,14320
0,-1,825.00,408.00,0,14327
0,-1,825.00,409.00,0,14334
0,-1,825.00,408.00,0,14342
0,-1,826.00,408.00,0,14349
0,-1,826.00,408.00,0,14356
0,-1,826.00,409.00,0,14363
0,-1,826.00,408.00,0,14370
0,-1,826.00,408.00,0,14377
0,-1,826.00,408.00,0,14386
0,-1,825.00,408.00,0,14393
0,-1,826.00,408.00,0,14400
0,-1,826.00,408.00,0,14407
0,-1,827.00,408.00,0,14414
0,-1,825.00,408.00,0,14422
0,-1,826.00,408.00,0,14429
0,-1,825.00,409.00,0,14436
0,-1,826.00,408.00,0,14443
0,-1,826.00,408.00,0,14451
0,-1,825.00,408.00,0,14458
0,-1,826.00,408.00,0,14466
0,-1,826.00,408.00,0,14473
0,-1,826.00,409.00,0,14480
0,-1,826.00,408.00,0,14487
0,-1,826.00,408.00,0,14494
0,-1,826.00,408.00,0,14501
0,-1,826.00,408.00,0,14509
0,-1,826.00,408.00,0,14517
0,-1,825.00,408.00,0,14524
0,-1,826.00,408.00,0,14531
0,-1,825.00,408.00,0,14538
0,-1,826.00,408.00,0,14545
0,-1,826.00,408.00,0,14553
0,-1,826.00,408.00,0,14560
0,-1,826.00,408.00,0,14567
0,-1,826.00,408.00,0,14574
0,-1,825.00,408.00,0,14582
0,-1,825.00,408.00,0,14589
0,-1,825.00,409.00,0,14597
0,-1,826.00,408.00,0,14604
0,-1,826.00,408.00,0,14611
0,-1,826.00,408.00,0,14618
0,-1,826.00,408.00,0,14625
0,-1,826.00,408.00,0,14632
0,-1,825.00,408.00,0,14640
0,-1,826.00,408.00,0,14648
0,-1,825.00,408.00,0,14655
0,-1,826.00,408.00,0,14662
0,-1,826.00,408.00,0,14669
0,-1,826.00,408.00,0,14676
0,-1,826.00,408.00,0,14684
0,-1,826.00,408.00,0,14691
0,-1,826.00,408.00,0,14698
0,-1,826.00,408.00,0,14705
0,-1,826.00,409.00,0,14713
0,-1,825.00,408.00,0,14721
0,-1,825.00,408.00,0,14728
0,-1,827.00,408.00,0,14735
0,-1,826.00,408.00,0,14742
0,-1,826.00,408.00,0,14749
0,-1,826.00,408.00,0,14756
0,-1,826.00,408.00,0,14764
0,-1,826.00,409.00,0,14771
0,-1,826.00,408.00,0,14779
0,-1,825.00,408.00,0,14786
0,-1,825.00,408.00,0,14793
0,-1,825.00,408.00,0,14800
0,-1,826.00,408.00,0,14808
0,-1,826.00,408.00,0,14815
0,-1,826.00,408.00,0,14822
0,-1,826.00,409.00,0,14829
0,-1,826.00,408.00,0,14836
0,-1,826.00,408.00,0,14843
0,-1,825.00,408.00,0,14852
0,-1,825.00,408.00,0,14859
0,-1,826.00,408.00,0,14866
0,-1,826.00,408.00,0,14873
0,-1,826.00,408.00,0,14880
0,-1,826.00,409.00,0,14887
0,-1,826.00,408.00,0,14895
0,-1,826.00,408.00,0,14902
0,-1,826.00,408.00,0,14909
0,-1,826.00,408.00,0,14917
0,-1,825.00,408.00,0,14924
0,-1,825.00,408.00,0,14931
0,-1,826.00,408.00,0,14939
0,-1,826.00,408.00,0,14946
0,-1,826.00,408.00,0,14953
0,-1,826.00,408.00,0,14960
0,-1,826.00,408.00,0,14967
0,-1,826.00,408.00,0,14974
0,-1,825.00,408.00,0,14983
0,-1,825.00,408.00,0,14990
0,-1,826.00,408.00,0,14997
0,-1,826.00,408.00,0,15004
0,-1,826.00,408.00,0,15011
0,-1,826.00,408.00,0,15019
0,-1,826.00,408.00,0,15026
0,-1,826.00,408.00,0,15033
0,-1,826.00,408.00,0,15040
0,-1,826.00,408.00,0,15048
0,-1,826.00,408.00,0,15055
0,-1,825.00,408.00,0,15063
0,-1,826.00,408.00,0,15070
0,-1,825.00,408.00,0,15077
0,-1,826.00,408.00,0,15084
0,-1,826.00,408.00,0,15091
0,-1,826.00,408.00,0,15098
0,-1,826.00,408.00,0,15106
0,-1,826.00,408.00,0,15114
0,-1,826.00,408.00,0,15121
0,-1,825.00,408.00,0,15128
0,-1,826.00,408.00,0,15135
0,-1,826.00,408.00,0,15142
0,-1,825.00,408.00,0,15150
0,-1,826.00,408.00,0,15157
0,-1,826.00,408.00,0,15164
0,-1,826.00,408.00,0,15171
0,-1,826.00,409.00,0,15179
0,-1,826.00,408.00,0,15186
0,-1,825.00,408.00,0,15194
0,-1,826.00,408.00,0,15201
0,-1,826.00,408.00,0,15208
0,-1,826.00,408.00,0,15215
0,-1,826.00,408.00,0,15222
0,-1,826.00,408.00,0,15229
0,-1,826.00,408.00,0,15237
0,-1,826.00,408.00,0,15245
0,-1,826.00,408.00,0,15252
0,-1,825.00,408.00,0,15259
0,-1,826.00,408.00,0,15266
0,-1,826.00,408.00,0,15273
0,-1,826.00,408.00,0,15281
0,-1,826.00,408.00,0,15288
0,-1,826.00,408.00,0,15295
0,-1,826.00,408.00,0,15302
0,-1,826.00,408.00,0,15309
0,-1,825.00,408.00,0,15318
0,-1,825.00,408.00,0,15325
0,-1,826.00,408.00,0,15332
0,-1,825.00,408.00,0,15339
0,-1,826.00,408.00,0,15346
0,-1,826.00,408.00,0,15353
0,-1,826.00,408.00,0,15361
0,-1,826.00,408.00,0,15368
0,-1,826.00,408.00,0,15375
0,-1,825.00,408.00,0,15383
0,-1,825.00,408.00,0,15390
0,-1,826.00,408.00,0,15397
0,-1,826.00,409.00,0,15405
0,-1,826.00,408.00,0,15412
0,-1,826.00,408.00,0,15419
0,-1,826.00,408.00,0,15426
0,-1,826.00,408.00,0,15433
0,-1,826.00,408.00,0,15440
0,-1,825.00,408.00,0,15449
0,-1,825.00,408.00,0,15456
0,-1,825.00,408.00,0,15463
0,-1,825.00,408.00,0,15470
0,-1,826.00,409.00,0,15477
0,-1,826.00,408.00,0,15484
0,-1,826.00,408.00,0,15492
0,-1,826.00,408.00,0,15499
0,-1,826.00,408.00,0,15506
0,-1,826.00,408.00,0,15514
0,-1,825.00,408.00,0,15521
0,-1,825.00,408.00,0,15528
0,-1,826.00,408.00,0,15536
0,-1,826.00,408.00,0,15543
0,-1,826.00,408.00,0,15550
0,-1,826.00,408.00,0,15557
0,-1,826.00,408.00,0,15564
0,-1,826.00,408.00,0,15571
0,-1,826.00,408.00,0,15580
0,-1,825.00,408.00,0,15587
0,-1,826.00,408.00,0,15594
0,-1,825.00,408.00,0,15601
0,-1,826.00,408.00,0,15608
0,-1,826.00,408.00,0,15616
0,-1,826.00,408.00,0,15623
0,-1,826.00,408.00,0,15630
0,-1,826.00,408.00,0,15637
0,-1,826.00,408.00,0,15645
0,-1,826.00,408.00,0,15652
0,-1,825.00,408.00,0,15660
0,-1,826.00,408.00,0,15667
0,-1,826.00,408.00,0,15674
0,-1,826.00,408.00,0,15681
0,-1,826.00,408.00,0,15688
0,-1,826.00,408.00,0,15695
0,-1,826.00,408.00,0,15703
0,-1,826.00,408.00,0,15711
0,-1,825.00,408.00,0,15718
0,-1,825.00,408.00,0,15725
0,-1,826.00,409.00,0,15732
0,-1,825.00,409.00,0,15739
0,-1,826.00,408.00,0,15747
0,-1,826.00,408.00,0,15754
0,-1,826.00,408.00,0,15761
0,-1,826.00,408.00,0,15768
0,-1,825.00,408.00,0,15775
0,-1,825.00,408.00,0,15783
0,-1,826.00,408.00,0,15791
0,-1,825.00,409.00,0,15798
0,-1,826.00,408.00,0,15805
0,-1,826.00,408.00,0,15812
0,-1,826.00,408.00,0,15819
0,-1,826.00,408.00,0,15826
0,-1,826.00,408.00,0,15834
0,-1,826.00,408.00,0,15841
0,-1,826.00,408.00,0,15849
0,-1,825.00,408.00,0,15856
0,-1,825.00,408.00,0,15863
0,-1,826.00,408.00,0,15870
0,-1,826.00,408.00,0,15878
0,-1,826.00,408.00,0,15885
0,-1,826.00,408.00,0,15892
0,-1,826.00,408.00,0,15899
0,-1,826.00,408.00,0,15906
0,-1,826.00,408.00,0,15915
0,-1,825.00,408.00,0,15922
0,-1,825.00,408.00,0,15929
0,-1,826.00,408.00,0,15936
0,-1,826.00,408.00,0,15943
0,-1,826.00,408.00,0,15950
0,-1,826.00,408.00,0,15958
0,-1,826.00,409.00,0,15965
0,-1,826.00,408.00,0,15972
0,-1,826.00,408.00,0,15980
0,-1,825.00,408.00,0,15987
0,-1,825.00,408.00,0,15994
0,-1,826.00,408.00,0,16002
0,-1,825.00,408.00,0,16009
0,-1,826.00,408.00,0,16016
0,-1,826.00,408.00,0,16023
0,-1,826.00,409.00,0,16030
0,-1,826.00,408.00,0,16037
0,-1,826.00,408.00,0,16046
0,-1,825.00,408.00,0,16053
0,-1,825.00,408.00,0,16060
0,-1,826.00,408.00,0,16067
0,-1,825.00,408.00,0,16074
0,-1,826.00,408.00,0,16081
0,-1,826.00,409.00,0,16089
0,-1,825.00,408.00,0,16096
0,-1,826.00,408.00,0,16103
0,-1,826.00,408.00,0,16111
0,-1,825.00,408.00,0,16118
0,-1,825.00,408.00,0,16125
0,-1,825.00,409.00,0,16133
0,-1,826.00,408.00,0,16140
0,-1,826.00,409.00,0,16147
0,-1,826.00,408.00,0,16154
0,-1,826.00,408.00,0,16161
0,-1,826.00,408.00,0,16168
0,-1,825.00,408.00,0,16177
0,-1,825.00,408.00,0,16184
0,-1,825.00,408.00,0,16191
0,-1,825.00,408.00,0,16198
0,-1,826.00,408.00,0,16205
0,-1,826.00,408.00,0,16212
0,-1,825.00,408.00,0,16220
0,-1,826.00,408.00,0,16227
0,-1,826.00,408.00,0,16234
0,-1,825.00,408.00,0,16241
0,-1,825.00,408.00,0,16249
0,-1,826.00,408.00,0,16257
0,-1,826.00,408.00,0,16264
0,-1,826.00,408.00,0,16271
0,-1,826.00,408.00,0,16278
0,-1,826.00,408.00,0,16285
0,-1,826.00,408.00,0,16292
0,-1,826.00,408.00,0,16300
0,-1,826.00,408.00,0,16307
0,-1,826.00,408.00,0,16315
0,-1,825.00,408.00,0,16322
0,-1,825.00,408.00,0,16329
0,-1,826.00,408.00,0,16336
0,-1,826.00,408.00,0,16344
0,-1,826.00,408.00,0,16351
0,-1,825.00,408.00,0,16358
0,-1,826.00,408.00,0,16365
0,-1,826.00,409.00,0,16372
0,-1,826.00,408.00,0,16380
0,-1,825.00,408.00,0,16388
0,-1,825.00,408.00,0,16395
0,-1,825.00,408.00,0,16402
0,-1,826.00,409.00,0,16409
0,-1,826.00,408.00,0,16416
0,-1,826.00,408.00,0,16423
0,-1,826.00,408.00,0,16431
0,-1,826.00,409.00,0,16438
0,-1,826.00,408.00,0,16446
0,-1,825.00,408.00,0,16453
0,-1,825.00,408.00,0,16460
0,-1,826.00,408.00,0,16467
0,-1,826.00,408.00,0,16475
0,-1,826.00,408.00,0,16482
0,-1,826.00,408.00,0,16489
0,-1,826.00,408.00,0,16496
0,-1,826.00,409.00,0,16503
0,-1,826.00,408.00,0,16512
0,-1,825.00,408.00,0,16519
0,-1,826.00,408.00,0,16526
0,-1,825.00,408.00,0,16533
0,-1,826.00,408.00,0,16540
0,-1,826.00,408.00,0,16547
0,-1,825.00,408.00,0,16555
0,-1,826.00,408.00,0,16562
0,-1,826.00,408.00,0,16569
0,-1,826.00,408.00,0,16577
0,-1,826.00,408.00,0,16584
0,-1,825.00,408.00,0,16591
0,-1,826.00,408.00,0,16599
0,-1,826.00,408.00,0,16606
0,-1,826.00,408.00,0,16613
0,-1,826.00,408.00,0,16620
0,-1,826.00,408.00,0,16627
0,-1,826.00,408.00,0,16634
0,-1,826.00,408.00,0,16643
0,-1,825.00,408.00,0,16650
0,-1,825.00,408.00,0,16657
0,-1,826.00,408.00,0,16664
0,-1,826.00,408.00,0,16671
0,-1,826.00,408.00,0,16678
0,-1,826.00,408.00,0,16686
0,-1,826.00,408.00,0,16693
0,-1,826.00,408.00,0,16700
0,-1,826.00,408.00,0,16707
0,-1,826.00,408.00,0,16715
0,-1,825.00,408.00,0,16722
0,-1,826.00,408.00,0,16730
0,-1,826.00,408.00,0,16737
0,-1,826.00,408.00,0,16744
0,-1,826.00,408.00,0,16751
0,-1,826.00,408.00,0,16758
0,-1,826.00,408.00,0,16765
0,-1,825.00,408.00,0,16773
0,-1,825.00,408.00,0,16781
0,-1,825.00,408.00,0,16788
0,-1,825.00,408.00,0,16795
0,-1,825.00,408.00,0,16802
0,-1,826.00,408.00,0,16809
0,-1,826.00,408.00,0,16817
0,-1,825.00,408.00,0,16824
0,-1,825.00,408.00,0,16831
0,-1,825.00,408.00,0,16838
0,-1,825.00,408.00,0,16846
0,-1,825.00,408.00,0,16854
0,-1,825.00,408.00,0,16861
0,-1,826.00,408.00,0,16868
0,-1,826.00,408.00,0,16875
0,-1,826.00,408.00,0,16882
0,-1,826.00,408.00,0,16889
0,-1,826.00,408.00,0,16897
0,-1,826.00,409.00,0,16904
0,-1,826.00,408.00,0,16912
0,-1,825.00,408.00,0,16919
0,-1,825.00,408.00,0,16926
0,-1,826.00,408.00,0,16933
0,-1,826.00,408.00,0,16941
0,-1,826.00,408.00,0,16948
0,-1,826.00,408.00,0,16955
0,-1,825.00,408.00,0,16962
0,-1,826.00,408.00,0,16969
0,-1,825.00,408.00,0,16977
0,-1,825.00,408.00,0,16985
0,-1,826.00,408.00,0,16992
0,-1,825.00,408.00,0,16999
0,-1,826.00,408.00,0,17006
0,-1,826.00,408.00,0,17013
0,-1,825.00,408.00,0,17020
0,-1,826.00,408.00,0,17028
0,-1,825.00,408.00,0,17035
0,-1,825.00,408.00,0,17043
0,-1,826.00,408.00,0,17050
0,-1,825.00,408.00,0,17057
0,-1,826.00,409.00,0,17064
0,-1,826.00,408.00,0,17072
0,-1,826.00,408.00,0,17079
0,-1,826.00,408.00,0,17086
0,-1,826.00,408.00,0,17093
0,-1,825.00,408.00,0,17100
0,-1,826.00,408.00,0,17108
0,-1,825.00,409.00,0,17116
0,-1,825.00,408.00,0,17123
0,-1,826.00,408.00,0,17130
0,-1,826.00,408.00,0,17137
0,-1,826.00,408.00,0,17144
0,-1,826.00,409.00,0,17152
0,-1,826.00,408.00,0,17159
0,-1,826.00,408.00,0,17166
0,-1,826.00,409.00,0,17173
0,-1,826.00,408.00,0,17181
0,-1,825.00,408.00,0,17188
0,-1,825.00,408.00,0,17196
0,-1,826.00,408.00,0,17203
0,-1,826.00,408.00,0,17210
0,-1,825.00,408.00,0,17217
0,-1,826.00,408.00,0,17224
0,-1,826.00,408.00,0,17231
0,-1,826.00,408.00,0,17239
0,-1,826.00,408.00,0,17247
0,-1,825.00,408.00,0,17254
0,-1,825.00,408.00,0,17261
0,-1,826.00,408.00,0,17268
0,-1,825.00,408.00,0,17275
0,-1,826.00,408.00,0,17283
0,-1,826.00,409.00,0,17290
0,-1,825.00,408.00,0,17297
0,-1,827.00,408.00,0,17304
0,-1,826.00,408.00,0,17312
0,-1,825.00,408.00,0,17319
0,-1,825.00,408.00,0,17327
0,-1,825.00,408.00,0,17334
0,-1,826.00,408.00,0,17341
0,-1,826.00,409.00,0,17348
0,-1,826.00,408.00,0,17355
0,-1,826.00,408.00,0,17362
0,-1,826.00,408.00,0,17370
0,-1,826.00,408.00,0,17378
0,-1,825.00,408.00,0,17385
0,-1,825.00,408.00,0,17392
0,-1,826.00,408.00,0,17399
0,-1,826.00,409.00,0,17406
0,-1,826.00,408.00,0,17414
0,-1,826.00,408.00,0,17421
0,-1,826.00,408.00,0,17428
0,-1,826.00,408.00,0,17435
0,-1,826.00,408.00,0,17443
0,-1,825.00,408.00,0,17451
0,-1,826.00,408.00,0,17458
0,-1,826.00,409.00,0,17465
0,-1,825.00,408.00,0,17472
0,-1,826.00,408.00,0,17479
0,-1,826.00,408.00,0,17486
0,-1,826.00,408.00,0,17494
0,-1,826.00,408.00,0,17501
0,-1,826.00,408.00,0,17509
0,-1,826.00,408.00,0,17516
0,-1,825.00,409.00,0,17523
0,-1,826.00,408.00,0,17530
0,-1,825.00,409.00,0,17538
0,-1,826.00,408.00,0,17545
0,-1,826.00,408.00,0,17552
0,-1,825.00,408.00,0,17559
0,-1,826.00,408.00,0,17566
0,-1,826.00,408.00,0,17574
0,-1,825.00,408.00,0,17582
0,-1,825.00,408.00,0,17589
0,-1,826.00,408.00,0,17596
0,-1,826.00,408.00,0,17603
0,-1,826.00,408.00,0,17610
0,-1,826.00,408.00,0,17617
0,-1,825.00,408.00,0,17625
0,-1,826.00,408.00,0,17632
0,-1,826.00,408.00,0,17639
0,-1,826.00,408.00,0,17647
0,-1,825.00,408.00,0,17654
0,-1,825.00,408.00,0,17661
0,-1,826.00,408.00,0,17669
0,-1,826.00,408.00,0,17676
0,-1,825.00,408.00,0,17683
0,-1,826.00,408.00,0,17690
0,-1,825.00,408.00,0,17697
0,-1,826.00,408.00,0,17704
0,-1,825.00,408.00,0,17713
0,-1,825.00,408.00,0,17720
0,-1,826.00,408.00,0,17727
0,-1,826.00,408.00,0,17734
0,-1,826.00,408.00,0,17741
0,-1,826.00,408.00,0,17748
0,-1,825.00,408.00,0,17756
0,-1,825.00,408.00,0,17763
0,-1,825.00,408.00,0,17770
0,-1,825.00,408.00,0,17778
0,-1,826.00,408.00,0,17785
0,-1,825.00,408.00,0,17793
0,-1,826.00,408.00,0,17800
0,-1,826.00,408.00,0,17807
0,-1,825.00,408.00,0,17814
0,-1,826.00,408.00,0,17821
0,-1,826.00,408.00,0,17828
0,-1,825.00,408.00,0,17836
0,-1,826.00,408.00,0,17844
0,-1,825.00,408.00,0,17851
0,-1,826.00,408.00,0,17858
0,-1,826.00,408.00,0,17865
0,-1,825.00,408.00,0,17872
0,-1,826.00,408.00,0,17880
0,-1,826.00,408.00,0,17887
0,-1,825.00,408.00,0,17894
0,-1,826.00,408.00,0,17901
0,-1,826.00,408.00,0,17909
0,-1,826.00,408.00,0,17916
0,-1,826.00,408.00,0,17924
0,-1,826.00,408.00,0,17931
0,-1,825.00,408.00,0,17938
0,-1,826.00,408.00,0,17945
0,-1,825.00,408.00,0,17952
0,-1,826.00,408.00,0,17959
0,-1,826.00,408.00,0,17967
0,-1,826.00,408.00,0,17975
0,-1,825.00,408.00,0,17982
0,-1,826.00,409.00,0,17989
0,-1,826.00,409.00,0,17996
0,-1,826.00,408.00,0,18003
0,-1,826.00,408.00,0,18011
0,-1,826.00,408.00,0,18018
0,-1,826.00,408.00,0,18025
0,-1,826.00,408.00,0,18032
0,-1,825.00,408.00,0,18040
0,-1,825.00,408.00,0,18048
0,-1,826.00,408.00,0,18055
0,-1,826.00,408.00,0,18062
0,-1,826.00,408.00,0,18069
0,-1,826.00,408.00,0,18076
0,-1,826.00,408.00,0,18083
0,-1,826.00,408.00,0,18091
0,-1,826.00,408.00,0,18098
0,-1,826.00,408.00,0,18105
0,-1,825.00,408.00,0,18113
0,-1,825.00,408.00,0,18120
0,-1,826.00,408.00,0,18127
0,-1,826.00,408.00,0,18135
0,-1,826.00,408.00,0,18142
0,-1,826.00,408.00,0,18149
0,-1,826.00,408.00,0,18156
0,-1,826.00,408.00,0,18163
0,-1,826.00,408.00,0,18170
0,-1,826.00,408.00,0,18179
0,-1,825.00,408.00,0,18186
0,-1,826.00,408.00,0,18193
0,-1,826.00,408.00,0,18200
0,-1,826.00,408.00,0,18207
0,-1,825.00,408.00,0,18214
0,-1,826.00,408.00,0,18222
0,-1,826.00,408.00,0,18229
0,-1,825.00,408.00,0,18236
0,-1,826.00,408.00,0,18244
0,-1,825.00,408.00,0,18251
0,-1,825.00,408.00,0,18258
0,-1,825.00,408.00,0,18266
0,-1,825.00,408.00,0,18273
0,-1,825.00,408.00,0,18280
0,-1,826.00,408.00,0,18287
0,-1,825.00,408.00,0,18294
0,-1,826.00,408.00,0,18301
0,-1,826.00,408.00,0,18310
0,-1,825.00,408.00,0,18317
0,-1,825.00,408.00,0,18324
0,-1,826.00,408.00,0,18331
0,-1,826.00,408.00,0,18338
0,-1,826.00,408.00,0,18345
0,-1,826.00,408.00,0,18353
0,-1,826.00,408.00,0,18360
0,-1,826.00,408.00,0,18367
0,-1,825.00,408.00,0,18375
0,-1,825.00,408.00,0,18382
0,-1,825.00,408.00,0,18390
0,-1,826.00,408.00,0,18397
0,-1,826.00,408.00,0,18404
0,-1,825.00,408.00,0,18411
0,-1,826.00,408.00,0,18418
0,-1,826.00,408.00,0,18425
0,-1,826.00,408.00,0,18433
0,-1,826.00,408.00,0,18441
0,-1,825.00,408.00,0,18448
0,-1,825.00,408.00,0,18455
0,-1,827.00,408.00,0,18462
0,-1,826.00,408.00,0,18469
0,-1,825.00,408.00,0,18477
0,-1,826.00,408.00,0,18484
0,-1,825.00,409.00,0,18491
0,-1,826.00,408.00,0,18498
0,-1,826.00,408.00,0,18506
0,-1,825.00,408.00,0,18513
0,-1,825.00,408.00,0,18521
0,-1,826.00,409.00,0,18528
0,-1,826.00,408.00,0,18535
0,-1,825.00,408.00,0,18542
0,-1,826.00,409.00,0,18549
0,-1,826.00,408.00,0,18556
0,-1,826.00,408.00,0,18564
0,-1,826.00,408.00,0,18571
0,-1,826.00,408.00,0,18579
0,-1,825.00,408.00,0,18586
0,-1,826.00,408.00,0,18593
0,-1,826.00,408.00,0,18600
0,-1,826.00,408.00,0,18608
0,-1,825.00,408.00,0,18615
0,-1,825.00,408.00,0,18622
0,-1,826.00,408.00,0,18629
0,-1,826.00,408.00,0,18636
0,-1,825.00,408.00,0,18644
0,-1,825.00,408.00,0,18652
0,-1,825.00,408.00,0,18659
0,-1,826.00,409.00,0,18666
0,-1,825.00,408.00,0,18673
0,-1,826.00,408.00,0,18680
0,-1,826.00,408.00,0,18688
0,-1,826.00,408.00,0,18695
0,-1,826.00,408.00,0,18702
0,-1,825.00,408.00,0,18710
0,-1,825.00,408.00,0,18717
0,-1,825.00,408.00,0,18724
0,-1,825.00,408.00,0,18732
0,-1,826.00,408.00,0,18739
0,-1,826.00,409.00,0,18746
0,-1,826.00,408.00,0,18753
0,-1,826.00,408.00,0,18760
0,-1,826.00,408.00,0,18767
0,-1,825.00,408.00,0,18776
0,-1,825.00,408.00,0,18783
0,-1,825.00,408.00,0,18790
0,-1,825.00,408.00,0,18797
0,-1,825.00,408.00,0,18804
0,-1,826.00,408.00,0,18811
0,-1,825.00,408.00,0,18819
0,-1,826.00,408.00,0,18826
0,-1,826.00,408.00,0,18833
0,-1,825.00,409.00,0,18841
0,-1,826.00,408.00,0,18848
0,-1,825.00,408.00,0,18855
0,-1,826.00,408.00,0,18863
0,-1,826.00,408.00,0,18870
18,-1,0.00,374.00,0,18877
60,-1,826.00,375.00,0,18884
118,-1,826.00,357.00,0,18892
182,-1,136.00,357.00,0,18899
273,-1,540.00,341.00,0,18908
370,0,826.00,341.00,0,18915
459,2,814.00,325.00,0,18923
544,4,826.00,338.00,0,18930
628,4,741.00,325.00,0,18937
715,4,696.00,341.00,0,18946
810,2,668.00,324.00,0,18953
912,0,790.00,308.00,0,18961
1014,-1,768.00,325.00,0,18968
1124,-1,534.00,307.00,0,18976
1236,1,702.00,325.00,0,18984
1347,3,697.00,308.00,0,18993
1458,6,641.00,324.00,0,19000
1570,8,775.00,308.00,0,19008
1682,8,798.00,325.00,0,19015
1798,7,801.00,307.00,0,19023
1916,4,807.00,325.00,0,19032
2032,2,818.00,307.00,0,19039
2143,0,809.00,341.00,0,19047
2248,0,715.00,341.00,0,19055
2354,3,615.00,324.00,0,19062
2464,7,638.00,308.00,0,19070
2576,9,793.00,308.00,0,19078
2690,11,803.00,325.00,0,19086
2808,11,806.00,307.00,0,19094
2927,7,804.00,325.00,0,19102
3040,5,807.00,308.00,0,19109
3150,3,796.00,325.00,0,19118
3255,3,630.00,325.00,0,19126
3364,7,672.00,308.00,0,19133
3475,11,681.00,325.00,0,19141
3591,13,750.00,308.00,0,19149
3707,15,803.00,324.00,0,19158
3826,14,804.00,308.00,0,19166
3945,12,792.00,307.00,0,19174
4061,8,810.00,325.00,0,19181
4168,8,762.00,324.00,0,19189
4274,8,540.00,324.00,0,19196
4386,11,740.00,325.00,0,19205
4501,15,758.00,325.00,0,19213
4617,18,694.00,324.00,0,19221
4734,18,802.00,307.00,0,19229
4854,17,809.00,325.00,0,19237
4972,15,793.00,325.00,0,19246
5085,13,799.00,307.00,0,19253
5196,12,712.00,324.00,0,19261
5308,13,469.00,325.00,0,19269
5424,16,725.00,308.00,0,19277
5539,20,795.00,325.00,0,19286
5654,22,745.00,308.00,0,19294
5772,22,802.00,324.00,0,19302
5891,21,809.00,307.00,0,19310
6009,18,804.00,309.00,0,19317
6122,17,737.00,324.00,0,19325
6232,17,662.00,325.00,0,19334
6346,19,672.00,325.00,0,19342
6461,23,642.00,307.00,0,19350
6576,26,783.00,307.00,0,19358
6692,27,798.00,324.00,0,19366
6811,27,806.00,307.00,0,19375
6930,24,801.00,324.00,0,19382
7048,22,808.00,324.00,0,19390
7159,22,754.00,325.00,0,19398
7268,23,593.00,310.00,0,19406
7383,26,720.00,324.00,0,19415
7499,30,750.00,308.00,0,19423
7614,32,685.00,307.00,0,19431
7730,33,801.00,324.00,0,19439
7850,32,808.00,325.00,0,19446
7969,29,796.00,307.00,0,19454
8084,28,807.00,307.00,0,19463
8196,27,773.00,325.00,0,19471
8306,27,445.00,308.00,0,19479
8422,31,726.00,309.00,0,19487
8536,33,787.00,307.00,0,19495
8652,35,721.00,308.00,0,19504
8770,36,803.00,325.00,0,19511
8888,35,807.00,308.00,0,19519
9007,32,807.00,307.00,0,19527
9120,32,761.00,324.00,0,19535
9230,32,695.00,324.00,0,19544
9344,34,653.00,307.00,0,19552
9458,38,640.00,321.00,0,19560
9574,41,779.00,324.00,0,19567
9690,42,795.00,324.00,0,19575
9808,42,802.00,308.00,0,19584
9927,40,794.00,308.00,0,19592
10044,38,805.00,307.00,0,19600
10160,37,802.00,324.00,0,19608
10275,37,594.00,324.00,0,19616
10392,40,743.00,341.00,0,19625
10512,43,748.00,307.00,0,19634
10630,45,638.00,324.00,0,19642
10752,46,800.00,309.00,0,19650
10874,46,800.00,323.00,0,19658
10995,44,802.00,325.00,0,19666
11112,42,737.00,307.00,0,19675
11227,42,723.00,341.00,0,19683
11344,44,671.00,308.00,0,19692
11464,47,636.00,324.00,0,19700
11582,50,773.00,341.00,0,19708
11702,52,800.00,324.00,0,19717
11825,52,805.00,325.00,0,19725
11947,51,790.00,325.00,0,19733
12067,50,805.00,308.00,0,19741
12182,49,800.00,324.00,0,19749
12297,49,516.00,324.00,0,19759
12416,52,743.00,324.00,0,19767
12534,55,786.00,324.00,0,19775
12653,57,725.00,325.00,0,19783
12775,58,795.00,308.00,0,19791
12898,58,804.00,325.00,0,19800
13018,56,807.00,325.00,0,19808
13134,56,708.00,325.00,0,19816
13248,55,691.00,325.00,0,19825
13368,57,742.00,324.00,0,19833
13486,61,692.00,326.00,0,19842
13605,63,701.00,324.00,0,19850
13726,65,802.00,324.00,0,19858
13848,65,805.00,325.00,0,19866
13970,64,787.00,308.00,0,19874
14088,62,800.00,325.00,0,19883
14203,62,781.00,325.00,0,19892
14320,63,633.00,307.00,0,19900
14438,65,678.00,307.00,0,19908
14558,69,772.00,324.00,0,19916
14676,71,789.00,308.00,0,19924
14798,71,768.00,308.00,0,19933
14920,71,792.00,325.00,0,19941
15039,70,797.00,341.00,0,19949
15155,70,695.00,324.00,0,19958
15271,70,631.00,308.00,0,19966
15390,72,761.00,308.00,0,19975
15510,76,732.00,308.00,0,19983
15628,78,620.00,325.00,0,19991
15749,80,805.00,324.00,0,19999
15870,80,805.00,324.00,0,20007
15992,80,797.00,325.00,0,20016
16110,78,731.00,324.00,0,20025
16225,78,755.00,324.00,0,20033
16342,79,694.00,307.00,0,20041
16462,83,631.00,325.00,0,20049
16580,85,741.00,324.00,0,20058
16700,87,795.00,308.00,0,20066
16822,87,802.00,308.00,0,20074
16942,86,780.00,308.00,0,20082
17060,86,795.00,308.00,0,20091
17176,86,709.00,308.00,0,20100
17294,88,580.00,323.00,0,20108
17414,90,755.00,324.00,0,20116
17532,93,765.00,307.00,0,20124
17651,96,703.00,308.00,0,20132
17772,96,796.00,307.00,0,20141
17894,96,797.00,308.00,0,20149
18014,95,802.00,307.00,0,20158
18130,95,688.00,324.00,0,20166
18247,95,727.00,341.00,0,20174
18366,97,756.00,324.00,0,20183
18485,101,676.00,307.00,0,20191
18606,103,668.00,307.00,0,20200
18732,104,798.00,308.00,0,20208
18856,104,799.00,308.00,0,20216
18980,104,776.00,324.00,0,20226
19100,104,696.00,341.00,0,20234
19221,104,765.00,325.00,0,20243
19344,106,735.00,308.00,0,20251
19466,110,620.00,324.00,0,20259
19588,112,708.00,325.00,0,20269
19712,114,797.00,325.00,0,20277
19838,114,803.00,308.00,0,20285
19962,114,758.00,309.00,0,20294
20083,114,763.00,325.00,0,20302
20204,114,762.00,341.00,0,20312
20326,115,699.00,307.00,0,20320
20448,117,650.00,308.00,0,20328
20570,121,753.00,324.00,0,20337
20694,123,795.00,308.00,0,20345
20820,123,798.00,308.00,0,20355
20943,123,764.00,307.00,0,20363
21064,122,762.00,324.00,0,20371
21184,122,758.00,341.00,0,20380
21306,122,550.00,323.00,0,20388
21430,125,695.00,324.00,0,20397
21552,128,751.00,324.00,0,20406
21676,130,766.00,308.00,0,20414
21801,131,746.00,308.00,0,20423
21926,131,789.00,324.00,0,20431
22048,131,779.00,325.00,0,20440
22168,131,705.00,308.00,0,20449
22289,131,636.00,324.00,0,20457
22412,134,757.00,325.00,0,20465
22534,137,747.00,307.00,0,20474
22657,139,703.00,324.00,0,20483
22782,140,786.00,325.00,0,20492
22906,140,796.00,325.00,0,20500
23028,140,782.00,324.00,0,20508
23148,140,637.00,325.00,0,20517
23270,140,704.00,341.00,0,20526
23394,143,758.00,326.00,0,20534
23515,145,723.00,308.00,0,20543
23638,148,683.00,325.00,0,20551
23763,149,789.00,308.00,0,20560
23888,150,800.00,325.00,0,20569
24011,150,796.00,325.00,0,20577
24130,150,658.00,324.00,0,20586
24253,150,726.00,310.00,0,20594
24376,152,767.00,324.00,0,20603
24497,155,679.00,325.00,0,20612
24620,158,623.00,326.00,0,20620
24744,159,799.00,308.00,0,20629
24869,159,797.00,324.00,0,20637
24992,159,736.00,325.00,0,20645
25112,159,613.00,307.00,0,20655
25234,159,744.00,307.00,0,20663
25357,161,737.00,308.00,0,20672
25479,164,639.00,324.00,0,20680
25602,167,694.00,325.00,0,20688
25726,169,799.00,308.00,0,20698
25851,170,806.00,308.00,0,20706
25974,170,750.00,325.00,0,20714
26095,170,702.00,324.00,0,20723
26216,170,763.00,308.00,0,20731
26339,170,735.00,325.00,0,20741
26461,172,599.00,307.00,0,20749
26584,176,713.00,324.00,0,20757
26708,178,799.00,341.00,0,20766
26832,178,799.00,341.00,0,20774
26956,178,727.00,340.00,0,20783
27076,178,728.00,324.00,0,20792
27198,178,753.00,308.00,0,20800
27320,180,675.00,307.00,0,20809
27443,182,636.00,307.00,0,20817
27566,185,731.00,324.00,0,20826
27689,188,788.00,324.00,0,20835
27814,188,778.00,325.00,0,20843
27937,188,743.00,307.00,0,20852
28058,188,763.00,307.00,0,20860
28180,188,751.00,308.00,0,20869
28302,189,576.00,308.00,0,20878
28426,191,710.00,324.00,0,20886
28547,194,730.00,307.00,0,20894
28670,196,739.00,308.00,0,20903
28795,198,717.00,308.00,0,20912
28919,198,771.00,325.00,0,20921
29040,198,763.00,341.00,0,20929
29160,198,693.00,307.00,0,20937
29284,199,656.00,325.00,0,20946
29407,202,736.00,324.00,0,20955
29529,204,733.00,308.00,0,20963
29652,206,684.00,324.00,0,20972
29777,208,762.00,325.00,0,20980
29901,209,790.00,308.00,0,20989
30022,209,758.00,324.00,0,20998
30144,209,652.00,324.00,0,21006
30266,210,713.00,325.00,0,21015
30388,212,760.00,325.00,0,21023
30512,214,698.00,325.00,0,21031
30634,217,544.00,307.00,0,21041
30758,218,792.00,308.00,0,21049
30883,220,797.00,308.00,0,21058
31004,220,712.00,308.00,0,21066
31125,220,576.00,307.00,0,21074
31247,220,753.00,325.00,0,21084
31371,222,764.00,308.00,0,21092
31492,225,674.00,325.00,0,21100
31615,228,620.00,307.00,0,21109
31740,230,796.00,324.00,0,21117
31864,230,798.00,325.00,0,21127
31986,230,707.00,324.00,0,21135
32107,230,651.00,325.00,0,21143
32230,231,774.00,307.00,0,21152
32354,232,743.00,307.00,0,21160
32474,235,635.00,324.00,0,21170
32597,238,663.00,309.00,0,21178
32721,240,799.00,308.00,0,21186
32846,242,799.00,325.00,0,21195
32968,242,640.00,308.00,0,21203
33090,242,676.00,308.00,0,21212
33212,242,781.00,326.00,0,21221
33334,244,706.00,307.00,0,21229
33456,246,593.00,325.00,0,21238
33579,249,715.00,341.00,0,21246
33702,251,798.00,324.00,0,21255
33826,252,788.00,308.00,0,21264
33950,253,669.00,324.00,0,21272
34072,253,734.00,325.00,0,21280
34194,254,746.00,307.00,0,21289
34316,254,678.00,324.00,0,21298
34439,257,653.00,325.00,0,21307
34562,260,737.00,324.00,0,21315
34684,262,774.00,325.00,0,21323
34809,264,756.00,325.00,0,21332
34932,264,739.00,325.00,0,21341
35053,264,730.00,308.00,0,21349
35176,265,728.00,325.00,0,21358
35298,266,578.00,325.00,0,21366
35420,268,716.00,324.00,0,21376
35543,271,725.00,307.00,0,21384
35666,274,716.00,308.00,0,21392
35790,276,717.00,325.00,0,21401
35914,276,773.00,325.00,0,21409
36035,276,763.00,325.00,0,21419
36158,276,685.00,307.00,0,21427
36280,277,662.00,323.00,0,21435
36403,279,734.00,325.00,0,21444
36526,282,703.00,323.00,0,21452
36647,284,644.00,308.00,0,21460
36772,287,757.00,312.00,0,21470
36896,288,787.00,317.00,0,21478
37017,288,728.00,339.00,0,21487
37138,289,641.00,324.00,0,21495
37262,290,703.00,308.00,0,21504
37384,292,753.00,324.00,0,21513
37506,294,684.00,324.00,0,21521
37629,297,557.00,324.00,0,21529
37754,299,787.00,313.00,0,21538
37878,300,792.00,320.00,0,21547
38000,300,723.00,325.00,0,21556
38121,300,604.00,324.00,0,21564
38243,301,759.00,308.00,0,21572
38367,303,760.00,324.00,0,21581
38489,305,649.00,324.00,0,21590
38611,308,615.00,322.00,0,21598
38735,310,784.00,308.00,0,21607
38859,312,794.00,325.00,0,21615
38981,312,647.00,308.00,0,21624
39102,313,656.00,324.00,0,21633
39225,314,775.00,308.00,0,21641
39348,315,739.00,325.00,0,21650
39470,318,594.00,324.00,0,21658
39592,320,677.00,325.00,0,21666
39716,322,789.00,324.00,0,21676
39841,324,788.00,308.00,0,21684
39963,324,637.00,318.00,0,21693
40084,325,688.00,307.00,0,21701
40208,326,791.00,342.00,0,21709
40330,327,713.00,325.00,0,21719
40452,329,659.00,324.00,0,21727
40575,332,701.00,324.00,0,21736
40698,334,782.00,324.00,0,21744
40822,336,757.00,324.00,0,21752
40944,337,642.00,308.00,0,21762
41066,338,706.00,308.00,0,21770
41189,338,760.00,324.00,0,21778
41311,340,697.00,325.00,0,21787
41434,342,671.00,326.00,0,21795
41556,344,732.00,325.00,0,21805
41679,346,727.00,308.00,0,21813
41804,348,624.00,308.00,0,21821
41927,349,719.00,325.00,0,21830
42049,350,725.00,324.00,0,21838
42170,350,713.00,324.00,0,21847
42294,352,614.00,324.00,0,21856
42416,353,721.00,325.00,0,21864
42538,356,713.00,324.00,0,21873
42660,358,696.00,325.00,0,21881
42785,360,717.00,306.00,0,21890
42909,362,765.00,324.00,0,21899
43030,363,708.00,324.00,0,21907
43152,364,655.00,307.00,0,21915
43276,364,655.00,308.00,0,21924
43398,366,728.00,308.00,0,21933
43520,368,685.00,308.00,0,21942
43642,371,635.00,341.00,0,21950
43767,373,762.00,325.00,0,21958
43890,374,791.00,324.00,0,21967
44012,375,718.00,324.00,0,21976
44134,376,634.00,325.00,0,21985
44258,377,721.00,324.00,0,21993
44380,378,745.00,307.00,0,22001
44502,381,646.00,324.00,0,22010
44624,384,567.00,324.00,0,22019
44748,386,780.00,324.00,0,22027
44872,387,790.00,324.00,0,22036
44994,388,653.00,325.00,0,22044
45116,388,608.00,324.00,0,22053
45239,390,754.00,325.00,0,22062
45362,391,735.00,309.00,0,22070
45484,394,609.00,309.00,0,22079
45606,396,634.00,325.00,0,22087
45730,398,789.00,325.00,0,22095
45854,400,787.00,324.00,0,22105
45976,401,639.00,341.00,0,22113
46098,402,662.00,325.00,0,22122
46222,403,779.00,324.00,0,22130
46344,404,724.00,307.00,0,22138
46466,406,587.00,308.00,0,22148
46588,408,646.00,307.00,0,22156
46712,411,786.00,325.00,0,22164
46836,412,758.00,307.00,0,22173
46958,414,641.00,325.00,0,22181
47079,414,699.00,342.00,0,22191
47202,416,762.00,324.00,0,22199
47326,417,705.00,325.00,0,22207
47448,419,659.00,325.00,0,22216
47570,422,683.00,308.00,0,22224
47694,424,744.00,308.00,0,22234
47818,426,727.00,309.00,0,22242
47940,428,648.00,325.00,0,22250
48062,429,721.00,308.00,0,22259
48184,430,768.00,341.00,0,22267
48307,430,549.00,308.00,0,22276
48430,432,671.00,307.00,0,22285
48552,434,694.00,308.00,0,22293
48674,436,710.00,308.00,0,22302
48799,438,645.00,324.00,0,22310
48922,440,693.00,324.00,0,22319
49044,441,708.00,308.00,0,22328
49166,442,710.00,324.00,0,22336
49289,444,620.00,324.00,0,22344
49411,446,695.00,324.00,0,22353
49534,448,704.00,308.00,0,22362
49656,450,650.00,307.00,0,22371
49781,452,700.00,324.00,0,22379
49904,454,745.00,324.00,0,22387
50026,455,712.00,307.00,0,22396
50148,456,645.00,325.00,0,22405
50271,457,679.00,307.00,0,22413
50394,458,742.00,307.00,0,22422
50516,460,670.00,325.00,0,22430
50638,463,651.00,308.00,0,22439
50762,465,741.00,308.00,0,22448
50886,466,763.00,324.00,0,22456
51008,468,661.00,325.00,0,22465
51130,469,532.00,308.00,0,22473
51252,470,718.00,321.00,0,22481
51376,472,745.00,325.00,0,22491
51497,474,644.00,341.00,0,22499
51619,478,583.00,324.00,0,22508
51744,480,769.00,324.00,0,22516
51868,481,780.00,325.00,0,22524
51990,482,629.00,325.00,0,22534
52112,483,599.00,310.00,0,22542
52234,484,744.00,309.00,0,22551
52357,486,716.00,307.00,0,22559
52480,488,594.00,310.00,0,22567
52601,490,612.00,338.00,0,22577
52726,492,780.00,315.00,0,22585
52850,494,770.00,322.00,0,22593
52972,496,591.00,324.00,0,22602
53094,498,655.00,308.00,0,22610
53216,499,768.00,308.00,0,22620
53340,500,705.00,309.00,0,22628
53462,502,564.00,308.00,0,22636
53583,504,657.00,308.00,0,22645
53707,506,769.00,312.00,0,22653
53831,508,752.00,324.00,0,22662
53952,510,693.00,301.00,0,22671
54076,511,693.00,325.00,0,22679
54198,512,768.00,324.00,0,22688
54322,514,669.00,308.00,0,22696
54443,516,620.00,325.00,0,22705
54566,518,683.00,325.00,0,22714
54688,520,729.00,318.00,0,22722
54813,522,699.00,307.00,0,22730
54935,524,650.00,324.00,0,22739
55057,526,712.00,324.00,0,22748
55180,527,733.00,307.00,0,22757
55303,528,551.00,325.00,0,22765
55425,530,670.00,340.00,0,22773
55547,532,685.00,308.00,0,22782
55670,534,676.00,308.00,0,22791
55794,536,623.00,307.00,0,22800
55918,538,696.00,324.00,0,22808
56039,539,720.00,341.00,0,22816
56161,540,696.00,324.00,0,22825
56284,542,630.00,324.00,0,22834
56408,544,714.00,325.00,0,22842
56530,546,689.00,324.00,0,22851
56652,549,629.00,325.00,0,22859
56776,552,699.00,325.00,0,22868
56900,553,733.00,307.00,0,22877
57021,554,680.00,307.00,0,22885
57143,555,631.00,341.00,0,22894
57266,556,685.00,325.00,0,22902
57388,558,719.00,307.00,0,22910
57512,560,668.00,325.00,0,22920
57634,562,480.00,309.00,0,22928
57758,564,723.00,308.00,0,22937
57881,566,769.00,325.00,0,22945
58003,568,655.00,325.00,0,22953
58125,570,565.00,308.00,0,22963
58248,572,736.00,341.00,0,22971
58372,574,748.00,325.00,0,22979
58494,575,618.00,308.00,0,22988
58615,576,574.00,309.00,0,22996
58739,578,762.00,308.00,0,23006
58864,580,752.00,325.00,0,23014
58985,582,612.00,308.00,0,23022
59107,584,606.00,307.00,0,23031
59230,585,738.00,308.00,0,23040
59353,587,724.00,325.00,0,23048
59474,590,602.00,325.00,0,23057
59597,592,636.00,325.00,0,23065
59722,594,770.00,325.00,0,23074
59845,596,753.00,325.00,0,23083
59967,598,570.00,307.00,0,23091
60089,600,665.00,324.00,0,23100
60212,601,756.00,325.00,0,23108
60335,602,682.00,307.00,0,23117
60457,604,585.00,326.00,0,23126
60579,606,671.00,324.00,0,23134
60702,608,767.00,325.00,0,23143
60826,610,729.00,325.00,0,23151
60950,612,581.00,325.00,0,23159
61071,614,689.00,307.00,0,23169
61194,616,751.00,325.00,0,23177
61316,617,656.00,308.00,0,23186
61439,620,618.00,308.00,0,23194
61561,622,690.00,324.00,0,23202
61684,624,728.00,324.00,0,23212
61808,626,682.00,306.00,0,23220
61930,628,660.00,325.00,0,23228
62053,628,694.00,307.00,0,23237
62176,630,704.00,325.00,0,23245
62298,631,561.00,324.00,0,23255
62421,633,661.00,307.00,0,23263
62543,635,669.00,308.00,0,23271
62666,638,647.00,326.00,0,23280
62790,641,678.00,341.00,0,23288
62912,643,719.00,325.00,0,23297
63034,645,702.00,324.00,0,23306
63157,646,665.00,308.00,0,23314
63280,647,617.00,308.00,0,23323
63403,648,699.00,325.00,0,23331
63525,650,655.00,324.00,0,23340
63647,652,598.00,325.00,0,23349
63771,654,698.00,308.00,0,23357
63894,656,731.00,324.00,0,23366
64016,658,662.00,324.00,0,23374
64138,660,622.00,325.00,0,23383
64262,663,693.00,308.00,0,23392
64385,665,733.00,325.00,0,23400
64507,667,639.00,307.00,0,23408
64629,669,514.00,324.00,0,23417
64753,670,732.00,307.00,0,23426
64876,672,753.00,325.00,0,23435
64998,673,639.00,325.00,0,23443
65120,674,550.00,308.00,0,23451
65243,676,731.00,325.00,0,23460
65366,678,715.00,325.00,0,23469
65488,680,602.00,324.00,0,23477
65610,682,578.00,324.00,0,23486
65734,685,753.00,324.00,0,23494
65858,688,751.00,324.00,0,23503
65980,690,597.00,324.00,0,23512
66102,692,625.00,309.00,0,23520
66226,693,765.00,325.00,0,23529
66348,694,709.00,308.00,0,23537
66470,696,550.00,325.00,0,23545
66592,697,621.00,308.00,0,23555
66716,699,754.00,324.00,0,23563
66840,701,718.00,319.00,0,23572
66962,704,551.00,315.00,0,23580
67084,706,663.00,324.00,0,23588
67207,708,773.00,324.00,0,23598
67330,710,696.00,324.00,0,23606
67452,712,584.00,307.00,0,23615
67575,714,666.00,307.00,0,23623
67698,716,723.00,325.00,0,23631
67822,718,696.00,325.00,0,23641
67944,720,578.00,307.00,0,23649
68066,722,681.00,323.00,0,23657
68189,723,728.00,325.00,0,23666
68311,725,659.00,325.00,0,23674
68434,727,643.00,325.00,0,23684
68556,730,672.00,319.00,0,23692
68680,732,689.00,308.00,0,23700
68804,734,577.00,308.00,0,23709
68926,736,652.00,324.00,0,23717
69048,738,681.00,324.00,0,23726
69171,740,691.00,307.00,0,23735
69294,742,573.00,324.00,0,23743
69416,744,681.00,341.00,0,23752
69538,745,681.00,307.00,0,23760
69660,747,623.00,307.00,0,23769
69785,748,641.00,313.00,0,23778
69908,750,709.00,324.00,0,23786
70030,752,649.00,307.00,0,23794
70152,754,620.00,307.00,0,23803
70276,757,644.00,325.00,0,23812
70398,760,703.00,325.00,0,23821
70520,762,662.00,325.00,0,23829
70642,765,604.00,324.00,0,23837
70766,766,708.00,307.00,0,23846
70890,768,732.00,324.00,0,23855
71012,768,643.00,307.00,0,23863
71134,770,620.00,308.00,0,23872
71257,770,680.00,325.00,0,23880
71380,772,698.00,307.00,0,23889
71502,774,609.00,325.00,0,23898
71624,778,540.00,341.00,0,23906
71748,780,730.00,324.00,0,23915
71872,784,752.00,324.00,0,23923
71993,786,618.00,324.00,0,23932
72116,788,577.00,307.00,0,23941
72240,789,721.00,308.00,0,23949
72362,790,702.00,325.00,0,23958
72483,792,542.00,307.00,0,23966
72606,794,560.00,307.00,0,23974
72730,796,742.00,325.00,0,23984
72854,798,731.00,325.00,0,23992
72975,801,567.00,307.00,0,24001
73097,804,628.00,325.00,0,24009
73222,806,765.00,325.00,0,24017
73344,808,685.00,325.00,0,24027
73466,810,542.00,307.00,0,24035
73588,812,600.00,308.00,0,24043
73711,813,733.00,324.00,0,24052
73836,815,707.00,324.00,0,24060
73957,816,601.00,324.00,0,24070
74080,818,653.00,324.00,0,24078
74202,820,735.00,307.00,0,24086
74326,822,641.00,308.00,0,24095
74448,825,576.00,323.00,0,24103
74570,828,667.00,308.00,0,24112
74693,830,708.00,324.00,0,24121
74817,832,680.00,325.00,0,24129
74940,835,596.00,325.00,0,24138
75062,836,677.00,308.00,0,24146
75184,838,729.00,325.00,0,24155
75307,839,486.00,307.00,0,24164
75430,840,636.00,325.00,0,24172
75552,842,654.00,324.00,0,24181
75674,844,644.00,324.00,0,24189
75798,846,559.00,325.00,0,24198
75921,850,639.00,324.00,0,24207
76044,852,677.00,325.00,0,24215
76166,855,684.00,324.00,0,24223
76289,858,594.00,325.00,0,24232
76412,860,709.00,307.00,0,24241
76534,862,660.00,324.00,0,24250
76656,864,596.00,307.00,0,24258
76780,866,640.00,307.00,0,24266
76904,867,680.00,308.00,0,24275
77025,868,645.00,324.00,0,24284
77148,870,614.00,308.00,0,24292
77270,872,647.00,308.00,0,24301
77394,875,707.00,324.00,0,24309
77516,878,653.00,325.00,0,24318
77638,880,604.00,307.00,0,24327
77762,883,691.00,324.00,0,24335
77886,885,724.00,325.00,0,24344
78007,887,620.00,309.00,0,24352
78129,889,638.00,309.00,0,24360
78252,890,677.00,324.00,0,24370
78374,892,702.00,308.00,0,24378
78496,894,599.00,324.00,0,24387
78618,896,524.00,324.00,0,24395
78743,898,707.00,325.00,0,24403
78867,900,728.00,307.00,0,24413
78988,903,558.00,307.00,0,24421
79111,906,570.00,325.00,0,24430
79234,908,727.00,308.00,0,24438
79357,911,696.00,306.00,0,24446
79480,913,569.00,325.00,0,24456
79601,915,580.00,341.00,0,24464
79724,916,727.00,341.00,0,24472
79848,918,713.00,307.00,0,24481
79970,919,525.00,323.00,0,24489
80092,921,611.00,307.00,0,24499
80216,924,714.00,309.00,0,24507
80339,927,664.00,307.00,0,24515
80461,930,550.00,308.00,0,24524
80583,934,631.00,309.00,0,24532
80706,936,745.00,326.00,0,24541
80830,938,698.00,324.00,0,24550
80952,938,681.00,324.00,0,24558
81075,939,630.00,307.00,0,24567
81198,940,716.00,318.00,0,24576
81320,942,593.00,308.00,0,24584
81442,944,567.00,325.00,0,24593
81566,947,650.00,324.00,0,24601
81688,950,688.00,325.00,0,24609
81812,954,652.00,325.00,0,24619
81934,957,616.00,325.00,0,24627
82056,960,677.00,308.00,0,24636
82180,960,695.00,308.00,0,24644
82302,962,499.00,324.00,0,24652
82425,962,612.00,324.00,0,24662
82547,964,626.00,324.00,0,24670
82669,966,618.00,323.00,0,24678
82792,969,590.00,325.00,0,24687
82914,972,655.00,325.00,0,24695
83036,976,668.00,308.00,0,24705
83159,978,657.00,325.00,0,24713
83282,980,585.00,307.00,0,24721
83405,982,665.00,307.00,0,24730
83526,982,621.00,308.00,0,24738
83649,984,545.00,325.00,0,24748
83773,985,625.00,307.00,0,24756
83896,987,669.00,324.00,0,24764
84018,990,629.00,341.00,0,24773
84140,993,593.00,307.00,0,24781
84263,997,652.00,309.00,0,24790
84386,1000,695.00,308.00,0,24799
84512,1003,626.00,307.00,0,24808
84638,1005,590.00,307.00,0,24816
84766,1006,671.00,324.00,0,24825
84893,1007,678.00,308.00,0,24835
85018,1008,623.00,325.00,0,24843
85144,1010,581.00,308.00,0,24852
85272,1012,588.00,308.00,0,24860
85398,1014,651.00,307.00,0,24869
85524,1018,626.00,308.00,0,24879
85650,1021,564.00,306.00,0,24887
85777,1024,610.00,325.00,0,24896
85904,1028,672.00,325.00,0,24905
86030,1030,641.00,307.00,0,24913
86156,1032,639.00,324.00,0,24923
86283,1034,567.00,309.00,0,24932
86409,1036,646.00,324.00,0,24940
86535,1038,642.00,324.00,0,24949
86661,1040,613.00,325.00,0,24957
86790,1042,595.00,324.00,0,24967
86916,1046,636.00,308.00,0,24976
87041,1048,657.00,324.00,0,24984
87168,1052,659.00,308.00,0,24993
87295,1054,516.00,306.00,0,25003
87422,1056,618.00,325.00,0,25011
87547,1058,629.00,307.00,0,25020
87674,1060,635.00,325.00,0,25029
87801,1062,510.00,307.00,0,25037
87927,1064,583.00,325.00,0,25047
88053,1066,653.00,324.00,0,25055
88179,1069,684.00,325.00,0,25064
88306,1072,468.00,308.00,0,25073
88432,1074,611.00,341.00,0,25081
88558,1078,648.00,325.00,0,25091
88685,1080,678.00,325.00,0,25100
88813,1082,644.00,308.00,0,25108
88938,1084,543.00,308.00,0,25117
89065,1085,623.00,307.00,0,25125
89192,1086,705.00,324.00,0,25135
89317,1088,592.00,308.00,0,25144
89444,1092,549.00,307.00,0,25152
89570,1094,616.00,308.00,0,25161
89697,1098,678.00,324.00,0,25170
89824,1100,660.00,307.00,0,25179
89950,1103,621.00,308.00,0,25188
90075,1104,621.00,308.00,0,25197
90202,1106,712.00,340.00,0,25205
90330,1107,625.00,320.00,0,25214
90455,1108,534.00,324.00,0,25223
90581,1111,576.00,307.00,0,25232
90708,1114,687.00,308.00,0,25241
90835,1118,659.00,307.00,0,25249
90962,1121,515.00,325.00,0,25259
91088,1124,597.00,308.00,0,25268
91214,1126,709.00,308.00,0,25276
91341,1128,654.00,316.00,0,25285
91467,1129,502.00,324.00,0,25293
91592,1130,559.00,324.00,0,25303
91720,1132,683.00,308.00,0,25312
91846,1134,674.00,308.00,0,25320
91972,1138,509.00,340.00,0,25329
92099,1142,582.00,325.00,0,25338
92226,1145,707.00,341.00,0,25347
92353,1148,650.00,307.00,0,25356
92479,1150,524.00,307.00,0,25365
92604,1152,517.00,308.00,0,25373
92731,1154,693.00,308.00,0,25382
92859,1155,679.00,308.00,0,25391
92984,1157,531.00,324.00,0,25400
93110,1160,525.00,307.00,0,25409
93238,1163,687.00,325.00,0,25417
93364,1166,671.00,308.00,0,25426
93490,1170,569.00,307.00,0,25436
93616,1172,475.00,309.00,0,25444
93744,1175,682.00,307.00,0,25453
93870,1176,687.00,324.00,0,25462
93995,1178,553.00,324.00,0,25470
94122,1180,491.00,325.00,0,25480
94248,1182,651.00,308.00,0,25488
94376,1185,652.00,325.00,0,25497
94502,1188,576.00,325.00,0,25506
94628,1192,435.00,313.00,0,25515
94756,1196,682.00,325.00,0,25524
94882,1198,692.00,324.00,0,25533
95008,1200,587.00,324.00,0,25541
95134,1202,583.00,307.00,0,25550
95261,1203,626.00,325.00,0,25559
95386,1206,653.00,307.00,0,25568
95512,1208,578.00,308.00,0,25577
95639,1211,558.00,325.00,0,25585
95766,1214,653.00,341.00,0,25594
95893,1217,669.00,324.00,0,25604
96019,1220,606.00,308.00,0,25612
96145,1222,568.00,308.00,0,25621
96272,1224,592.00,325.00,0,25630
96400,1227,654.00,325.00,0,25638
96525,1230,606.00,325.00,0,25648
96651,1233,539.00,308.00,0,25656
96778,1236,602.00,324.00,0,25665
96906,1238,637.00,308.00,0,25674
97031,1240,614.00,324.00,0,25682
97157,1242,614.00,325.00,0,25692
97284,1244,546.00,312.00,0,25701
97410,1246,631.00,307.00,0,25709
97536,1249,633.00,308.00,0,25718
97662,1252,592.00,341.00,0,25726
97790,1256,550.00,324.00,0,25736
97916,1258,599.00,310.00,0,25745
98042,1260,619.00,324.00,0,25753
98169,1263,634.00,325.00,0,25762
98296,1266,493.00,325.00,0,25772
98422,1268,592.00,325.00,0,25780
98548,1270,598.00,325.00,0,25789
98674,1272,620.00,325.00,0,25798
98802,1274,494.00,307.00,0,25806
98928,1277,557.00,312.00,0,25816
99054,1279,626.00,324.00,0,25824
99180,1282,648.00,324.00,0,25833
99307,1284,432.00,324.00,0,25842
99433,1287,595.00,341.00,0,25850
99559,1290,628.00,337.00,0,25860
99686,1293,636.00,325.00,0,25869
99814,1295,606.00,325.00,0,25877
99940,1297,507.00,308.00,0,25886
100066,1298,597.00,308.00,0,25895
100196,1300,657.00,307.00,0,25905
100326,1303,592.00,322.00,0,25914
100456,1306,511.00,324.00,0,25922
100585,1309,557.00,325.00,0,25931
100717,1312,671.00,308.00,0,25940
100848,1316,660.00,325.00,0,25950
100976,1318,500.00,325.00,0,25959
101107,1320,512.00,307.00,0,25968
101237,1321,656.00,308.00,0,25977
101367,1323,646.00,324.00,0,25987
101497,1325,552.00,307.00,0,25996
101626,1328,415.00,324.00,0,26004
101758,1331,627.00,324.00,0,26013
101888,1334,657.00,324.00,0,26022
102018,1338,573.00,307.00,0,26032
102148,1340,540.00,310.00,0,26041
102278,1342,542.00,324.00,0,26050
102408,1345,615.00,308.00,0,26059
102538,1347,602.00,341.00,0,26068
102668,1350,575.00,324.00,0,26078
102800,1352,492.00,308.00,0,26086
102928,1356,541.00,324.00,0,26095
103059,1358,631.00,325.00,0,26104
103190,1362,659.00,324.00,0,26114
103320,1364,566.00,308.00,0,26123
103449,1366,537.00,324.00,0,26132
103579,1368,589.00,341.00,0,26141
103710,1369,629.00,308.00,0,26150
103840,1371,615.00,308.00,0,26159
103970,1374,466.00,324.00,0,26168
104100,1377,538.00,325.00,0,26177
104232,1381,661.00,325.00,0,26186
104361,1385,631.00,307.00,0,26195
104490,1388,536.00,323.00,0,26205
104620,1390,429.00,324.00,0,26214
104752,1392,643.00,325.00,0,26223
104882,1392,626.00,324.00,0,26232
105011,1394,537.00,325.00,0,26241
105114,1396,826.00,375.00,0,26250
105123,1398,826.00,442.00,0,26259
105039,1399,826.00,476.00,0,26268
104922,1399,806.00,492.00,0,26277
104794,1399,801.00,508.00,0,26287
104663,1398,655.00,493.00,0,26296
104533,1397,676.00,492.00,0,26305
104403,1397,696.00,492.00,0,26314
104274,1396,785.00,492.00,0,26322
104145,1395,791.00,492.00,0,26332
104017,1394,780.00,509.00,0,26341
103886,1392,707.00,492.00,0,26350
103755,1389,783.00,493.00,0,26359
103627,1387,788.00,491.00,0,26369
103497,1385,771.00,493.00,0,26378
103365,1383,717.00,491.00,0,26387
103235,1381,764.00,475.00,0,26396
103108,1379,805.00,491.00,0,26404
102979,1377,789.00,492.00,0,26414
102849,1375,787.00,509.00,0,26423
102719,1374,785.00,492.00,0,26432
102591,1371,793.00,493.00,0,26441
102462,1369,803.00,493.00,0,26450
102331,1367,789.00,509.00,0,26460
102200,1363,783.00,510.00,0,26469
102072,1360,796.00,509.00,0,26478
101942,1356,795.00,492.00,0,26486
101810,1353,796.00,508.00,0,26496
101679,1350,782.00,509.00,0,26505
101551,1348,789.00,526.00,0,26514
101419,1345,803.00,509.00,0,26523
101288,1343,796.00,492.00,0,26532
101158,1341,793.00,492.00,0,26542
101031,1339,794.00,509.00,0,26551
100902,1335,793.00,493.00,0,26560
100771,1331,811.00,492.00,0,26568
100643,1327,797.00,509.00,0,26577
100514,1324,797.00,509.00,0,26587
100383,1321,792.00,509.00,0,26596
100251,1319,790.00,509.00,0,26605
100121,1318,816.00,493.00,0,26614
99991,1317,794.00,508.00,0,26622
99865,1314,790.00,492.00,0,26632
99740,1311,800.00,493.00,0,26641
99615,1307,808.00,509.00,0,26649
99491,1302,802.00,492.00,0,26658
99363,1298,790.00,510.00,0,26668
99233,1295,791.00,492.00,0,26676
99107,1293,819.00,493.00,0,26685
98981,1291,795.00,492.00,0,26694
98854,1289,790.00,492.00,0,26702
98727,1287,792.00,492.00,0,26712
98601,1283,804.00,492.00,0,26720
98476,1279,811.00,509.00,0,26729
98349,1276,790.00,493.00,0,26738
98221,1273,791.00,510.00,0,26746
98096,1271,815.00,509.00,0,26756
97969,1269,799.00,508.00,0,26765
97843,1267,793.00,509.00,0,26773
97715,1263,795.00,492.00,0,26782
97591,1260,802.00,475.00,0,26790
97465,1257,810.00,492.00,0,26800
97338,1254,792.00,492.00,0,26809
97210,1251,792.00,492.00,0,26817
97085,1249,814.00,509.00,0,26826
96959,1247,803.00,492.00,0,26835
96833,1245,802.00,508.00,0,26844
96707,1242,803.00,509.00,0,26853
96582,1239,809.00,509.00,0,26862
96456,1235,824.00,509.00,0,26870
96328,1232,796.00,493.00,0,26880
96199,1229,792.00,493.00,0,26888
96074,1226,803.00,492.00,0,26897
95947,1223,792.00,492.00,0,26906
95819,1221,796.00,476.00,0,26914
95691,1219,791.00,475.00,0,26924
95567,1217,801.00,509.00,0,26933
95441,1214,823.00,509.00,0,26941
95313,1211,794.00,508.00,0,26950
95187,1207,795.00,493.00,0,26959
95062,1204,805.00,491.00,0,26968
94937,1201,803.00,492.00,0,26977
94809,1199,804.00,475.00,0,26985
94683,1199,795.00,492.00,0,26994
94559,1197,803.00,492.00,0,27003
94433,1195,825.00,511.00,0,27012
94307,1193,805.00,509.00,0,27021
94180,1189,803.00,509.00,0,27030
94055,1185,805.00,492.00,0,27038
93929,1181,804.00,492.00,0,27047
93801,1177,809.00,493.00,0,27056
93674,1175,791.00,492.00,0,27065
93548,1174,796.00,492.00,0,27074
93419,1173,812.00,492.00,0,27082
93292,1172,806.00,509.00,0,27091
93166,1169,803.00,509.00,0,27101
93042,1166,805.00,509.00,0,27109
92917,1161,813.00,509.00,0,27118
92791,1157,825.00,486.00,0,27127
92665,1154,804.00,493.00,0,27136
92539,1153,807.00,492.00,0,27145
92412,1151,815.00,507.00,0,27153
92283,1150,808.00,509.00,0,27162
92156,1149,807.00,509.00,0,27171
92031,1145,798.00,492.00,0,27180
91905,1142,798.00,492.00,0,27189
91778,1138,821.00,509.00,0,27198
91652,1135,800.00,475.00,0,27206
91527,1131,803.00,476.00,0,27215
91399,1129,806.00,493.00,0,27224
91271,1128,805.00,509.00,0,27233
91144,1126,812.00,509.00,0,27242
91019,1123,805.00,492.00,0,27250
90893,1121,803.00,509.00,0,27259
90766,1119,818.00,493.00,0,27269
90641,1116,812.00,493.00,0,27277
90517,1115,817.00,509.00,0,27286
90391,1113,814.00,493.00,0,27295
90264,1111,808.00,491.00,0,27303
90138,1109,826.00,493.00,0,27313
90013,1107,813.00,492.00,0,27321
89888,1103,808.00,492.00,0,27330
89761,1099,823.00,509.00,0,27339
89635,1095,808.00,493.00,0,27347
89508,1093,804.00,493.00,0,27357
89379,1091,805.00,509.00,0,27366
89250,1091,801.00,493.00,0,27374
89124,1089,825.00,509.00,0,27383
88999,1088,805.00,493.00,0,27393
88873,1085,808.00,509.00,0,27401
88747,1082,821.00,509.00,0,27410
88623,1078,818.00,492.00,0,27418
88498,1075,823.00,502.00,0,27427
88371,1071,811.00,494.00,0,27437
88241,1069,807.00,509.00,0,27445
88115,1068,826.00,498.00,0,27454
87989,1067,805.00,492.00,0,27463
87861,1065,800.00,493.00,0,27471
87734,1063,809.00,492.00,0,27481
87609,1060,818.00,475.00,0,27489
87485,1057,823.00,493.00,0,27498
87357,1053,810.00,509.00,0,27507
87230,1051,814.00,509.00,0,27515
87104,1048,826.00,508.00,0,27525
86978,1046,814.00,492.00,0,27534
86851,1045,803.00,492.00,0,27542
86723,1043,807.00,509.00,0,27551
86599,1041,816.00,492.00,0,27560
86473,1038,825.00,508.00,0,27569
86346,1035,807.00,509.00,0,27578
86219,1033,804.00,508.00,0,27586
86093,1029,826.00,493.00,0,27595
85967,1027,814.00,493.00,0,27604
85839,1025,805.00,493.00,0,27613
85713,1022,809.00,509.00,0,27622
85588,1019,816.00,492.00,0,27631
85461,1017,826.00,492.00,0,27639
85333,1015,805.00,492.00,0,27649
85206,1012,800.00,493.00,0,27657
85081,1009,820.00,491.00,0,27666
84954,1007,814.00,493.00,0,27675
84827,1005,809.00,506.00,0,27683
84701,1003,806.00,492.00,0,27693
84576,1001,815.00,492.00,0,27702
84451,999,825.00,509.00,0,27710
84327,997,808.00,493.00,0,27718
84203,995,805.00,509.00,0,27727
84081,992,826.00,510.00,0,27736
83959,989,817.00,493.00,0,27745
83835,987,814.00,492.00,0,27753
83713,985,810.00,493.00,0,27761
83591,983,817.00,492.00,0,27770
83469,981,826.00,491.00,0,27779
83346,979,807.00,509.00,0,27787
83222,977,805.00,509.00,0,27796
83100,975,826.00,492.00,0,27804
82979,972,818.00,509.00,0,27813
82855,969,813.00,508.00,0,27822
82732,967,817.00,492.00,0,27830
82611,966,822.00,493.00,0,27839
82489,964,825.00,493.00,0,27847
82365,963,811.00,492.00,0,27855
82241,960,814.00,495.00,0,27865
82119,957,826.00,494.00,0,27873
81997,954,814.00,499.00,0,27882
81873,951,808.00,498.00,0,27890
81749,948,821.00,507.00,0,27898
81627,946,819.00,502.00,0,27908
81505,945,815.00,475.00,0,27916
81381,943,806.00,503.00,0,27925
81257,942,805.00,510.00,0,27933
81135,940,826.00,505.00,0,27941
81013,937,813.00,493.00,0,27951
80891,933,811.00,510.00,0,27959
80768,931,826.00,492.00,0,27967
80646,927,819.00,503.00,0,27976
80525,926,816.00,492.00,0,27984
80402,925,820.00,503.00,0,27994
80277,923,817.00,492.00,0,28002
80153,923,814.00,501.00,0,28010
80032,921,815.00,509.00,0,28019
79910,917,815.00,509.00,0,28027
79787,915,827.00,493.00,0,28036
79665,911,817.00,492.00,0,28045
79544,908,822.00,492.00,0,28053
79421,906,826.00,475.00,0,28062
79296,905,819.00,507.00,0,28070
79173,903,810.00,476.00,0,28079
79051,903,813.00,509.00,0,28088
78928,901,818.00,496.00,0,28096
78805,899,822.00,492.00,0,28104
78683,896,820.00,509.00,0,28113
78563,893,824.00,492.00,0,28122
78442,891,826.00,475.00,0,28131
78317,889,817.00,475.00,0,28139
78194,887,814.00,492.00,0,28147
78072,884,825.00,509.00,0,28156
77949,882,820.00,492.00,0,28165
77824,880,815.00,492.00,0,28173
77701,878,812.00,492.00,0,28182
77580,877,823.00,509.00,0,28190
77457,875,826.00,492.00,0,28199
77333,873,814.00,492.00,0,28208
77209,870,809.00,493.00,0,28216
77088,867,825.00,492.00,0,28225
76966,865,818.00,509.00,0,28233
76843,863,809.00,492.00,0,28242
76719,861,815.00,509.00,0,28251
76599,858,826.00,492.00,0,28259
76477,856,826.00,509.00,0,28268
76353,855,816.00,509.00,0,28276
76228,853,813.00,509.00,0,28284
76105,851,826.00,509.00,0,28294
75983,849,816.00,493.00,0,28302
75860,847,813.00,492.00,0,28311
75737,844,820.00,507.00,0,28319
75616,842,821.00,492.00,0,28327
75495,839,826.00,493.00,0,28337
75371,837,820.00,509.00,0,28345
75247,835,816.00,492.00,0,28353
75125,833,826.00,508.00,0,28362
75003,831,818.00,492.00,0,28370
74879,829,809.00,475.00,0,28380
74757,828,824.00,475.00,0,28388
74635,827,821.00,510.00,0,28396
74515,825,824.00,492.00,0,28405
74393,823,826.00,493.00,0,28413
74269,821,821.00,492.00,0,28422
74145,818,825.00,491.00,0,28431
74024,815,821.00,492.00,0,28439
73901,812,819.00,493.00,0,28448
73777,810,826.00,492.00,0,28456
73654,809,813.00,492.00,0,28465
73532,807,819.00,509.00,0,28474
73409,807,826.00,509.00,0,28482
73284,805,822.00,493.00,0,28491
73161,803,820.00,493.00,0,28499
73040,800,824.00,509.00,0,28508
72918,797,822.00,493.00,0,28517
72794,794,825.00,492.00,0,28525
72672,791,817.00,493.00,0,28533
72551,790,824.00,509.00,0,28542
72428,789,826.00,492.00,0,28551
72303,787,820.00,509.00,0,28560
72179,785,815.00,492.00,0,28568
72057,783,822.00,509.00,0,28576
71935,781,820.00,509.00,0,28585
71811,779,826.00,509.00,0,28594
71690,777,818.00,493.00,0,28602
71569,775,824.00,475.00,0,28611
71447,773,826.00,493.00,0,28619
71323,771,821.00,509.00,0,28628
71199,769,815.00,493.00,0,28637
71077,766,826.00,493.00,0,28645
70954,763,822.00,509.00,0,28654
70830,761,820.00,507.00,0,28662
70707,760,817.00,509.00,0,28670
70587,759,823.00,492.00,0,28680
70465,759,826.00,492.00,0,28688
70341,757,819.00,493.00,0,28697
70217,755,813.00,493.00,0,28705
70096,753,827.00,492.00,0,28713
69975,749,825.00,492.00,0,28723
69852,746,823.00,509.00,0,28731
69729,743,825.00,509.00,0,28740
69607,741,826.00,508.00,0,28748
69485,740,826.00,477.00,0,28756
69361,739,814.00,493.00,0,28766
69236,739,815.00,492.00,0,28774
69113,737,825.00,493.00,0,28782
68990,735,817.00,509.00,0,28791
68867,731,815.00,493.00,0,28800
68744,729,825.00,509.00,0,28809
68623,727,824.00,491.00,0,28817
68502,725,826.00,509.00,0,28825
68379,724,823.00,492.00,0,28834
68253,723,820.00,509.00,0,28843
68131,721,826.00,476.00,0,28851
68010,719,817.00,493.00,0,28860
67887,716,818.00,493.00,0,28868
67764,713,826.00,493.00,0,28877
67642,711,818.00,493.00,0,28886
67521,709,826.00,509.00,0,28894
67397,709,826.00,492.00,0,28903
67273,707,822.00,500.00,0,28911
67149,705,825.00,509.00,0,28919
67028,703,818.00,492.00,0,28929
66905,701,821.00,492.00,0,28937
66782,699,827.00,509.00,0,28946
66659,696,823.00,509.00,0,28954
66539,694,821.00,509.00,0,28962
66415,693,826.00,492.00,0,28972
66291,691,826.00,508.00,0,28980
66167,689,821.00,510.00,0,28988
66045,688,821.00,492.00,0,28997
65923,687,825.00,492.00,0,29005
65801,685,826.00,509.00,0,29015
65678,683,822.00,508.00,0,29023
65558,681,826.00,493.00,0,29031
65436,679,826.00,493.00,0,29040
65313,677,826.00,509.00,0,29048
65189,675,826.00,509.00,0,29058
65067,673,826.00,475.00,0,29066
64944,670,825.00,509.00,0,29074
64821,667,819.00,492.00,0,29083
64696,665,812.00,509.00,0,29091
64574,665,823.00,492.00,0,29100
64451,663,826.00,492.00,0,29109
64327,663,818.00,492.00,0,29117
64203,661,815.00,509.00,0,29126
64082,659,826.00,509.00,0,29134
63959,656,826.00,509.00,0,29143
63837,653,823.00,493.00,0,29152
63715,650,821.00,493.00,0,29160
63595,648,826.00,492.00,0,29168
63472,647,826.00,492.00,0,29177
63348,645,821.00,492.00,0,29186
63223,644,816.00,492.00,0,29195
63100,643,825.00,491.00,0,29203
62977,641,820.00,493.00,0,29211
62854,639,817.00,492.00,0,29220
62731,637,824.00,493.00,0,29229
62611,635,826.00,493.00,0,29237
62489,633,825.00,493.00,0,29246
62367,631,822.00,493.00,0,29254
62242,629,819.00,509.00,0,29263
62120,627,825.00,509.00,0,29272
61998,625,822.00,509.00,0,29280
61875,623,825.00,509.00,0,29289
61752,622,826.00,493.00,0,29297
61629,621,822.00,476.00,0,29306
61510,621,824.00,492.00,0,29315
61387,619,826.00,509.00,0,29323
61263,617,825.00,493.00,0,29332
61141,615,825.00,509.00,0,29340
61019,611,826.00,509.00,0,29348
60895,609,821.00,492.00,0,29358
60772,607,825.00,492.00,0,29366
60649,605,824.00,492.00,0,29375
60527,604,819.00,475.00,0,29383
60404,603,827.00,492.00,0,29391
60279,603,826.00,493.00,0,29401
60156,601,825.00,493.00,0,29409
60034,598,824.00,509.00,0,29417
59911,595,823.00,492.00,0,29426
59789,593,826.00,493.00,0,29434
59667,591,824.00,493.00,0,29444
59545,589,826.00,493.00,0,29452
59424,589,826.00,492.00,0,29460
59299,588,825.00,493.00,0,29469
59175,587,824.00,509.00,0,29477
59053,584,826.00,492.00,0,29486
58929,581,824.00,509.00,0,29495
58806,578,826.00,492.00,0,29503
58683,576,817.00,509.00,0,29512
58561,575,822.00,492.00,0,29520
58439,573,826.00,509.00,0,29529
58313,573,820.00,509.00,0,29538
58190,571,819.00,491.00,0,29546
58069,570,824.00,475.00,0,29555
57947,568,825.00,492.00,0,29563
57824,565,827.00,492.00,0,29572
57703,563,825.00,492.00,0,29581
57583,562,826.00,493.00,0,29589
57463,561,826.00,492.00,0,29597
57339,559,826.00,475.00,0,29606
57215,557,822.00,476.00,0,29615
57092,555,827.00,491.00,0,29624
56969,553,823.00,492.00,0,29632
56844,551,817.00,493.00,0,29640
56719,549,822.00,509.00,0,29649
56597,548,826.00,509.00,0,29658
56475,547,826.00,493.00,0,29666
56351,546,823.00,492.00,0,29675
56227,545,822.00,509.00,0,29683
56106,542,827.00,493.00,0,29692
55984,539,824.00,492.00,0,29701
55863,537,824.00,493.00,0,29709
55740,535,826.00,493.00,0,29718
55619,533,826.00,509.00,0,29726
55498,532,826.00,509.00,0,29734
55375,531,826.00,509.00,0,29744
55251,530,826.00,492.00,0,29752
55128,528,826.00,508.00,0,29761
55005,525,824.00,492.00,0,29769
54881,523,817.00,475.00,0,29777
54756,521,826.00,475.00,0,29787
54634,519,823.00,493.00,0,29795
54511,519,824.00,493.00,0,29803
54388,517,823.00,491.00,0,29812
54264,515,822.00,492.00,0,29820
54141,513,826.00,493.00,0,29830
54019,511,823.00,508.00,0,29838
53897,509,824.00,492.00,0,29846
53775,507,826.00,492.00,0,29855
53654,506,824.00,475.00,0,29863
53533,505,826.00,493.00,0,29873
53411,505,825.00,508.00,0,29881
53288,503,826.00,493.00,0,29889
53165,501,826.00,509.00,0,29898
53044,499,826.00,492.00,0,29906
52921,497,826.00,492.00,0,29915
52797,495,826.00,492.00,0,29924
52675,493,824.00,476.00,0,29932
52553,492,826.00,492.00,0,29941
52430,491,826.00,492.00,0,29949
52306,489,824.00,494.00,0,29958
52181,487,821.00,504.00,0,29967
52059,485,826.00,475.00,0,29975
51936,483,826.00,509.00,0,29983
51813,481,826.00,492.00,0,29992
51691,480,825.00,508.00,0,30001
51571,479,826.00,509.00,0,30010
51449,479,825.00,509.00,0,30018
51325,478,826.00,493.00,0,30026
51201,476,824.00,509.00,0,30035
51080,473,826.00,492.00,0,30044
50957,471,826.00,509.00,0,30052
50833,468,826.00,509.00,0,30061
50709,466,824.00,495.00,0,30069
50588,465,826.00,492.00,0,30078
50465,464,826.00,491.00,0,30087
50341,463,822.00,492.00,0,30095
50215,463,817.00,492.00,0,30104
50094,461,826.00,509.00,0,30112
49971,458,826.00,509.00,0,30121
49849,455,826.00,493.00,0,30130
49727,454,825.00,509.00,0,30138
49607,453,826.00,492.00,0,30147
49487,453,826.00,492.00,0,30155
49363,452,826.00,509.00,0,30163
49239,451,826.00,509.00,0,30173
49117,448,826.00,493.00,0,30181
48995,445,826.00,509.00,0,30190
48871,443,825.00,492.00,0,30198
48747,441,827.00,509.00,0,30206
48624,440,826.00,509.00,0,30216
48503,439,825.00,509.00,0,30224
48379,439,827.00,492.00,0,30232
48253,437,823.00,492.00,0,30241
48131,435,826.00,475.00,0,30249
48009,433,826.00,509.00,0,30259
47886,431,823.00,492.00,0,30267
47764,429,826.00,492.00,0,30275
47643,429,826.00,492.00,0,30284
47523,429,826.00,492.00,0,30292
47402,428,826.00,475.00,0,30301
47279,427,827.00,492.00,0,30310
47156,424,826.00,509.00,0,30318
47034,421,827.00,492.00,0,30327
46910,418,826.00,492.00,0,30336
46785,415,826.00,509.00,0,30344
46661,414,826.00,509.00,0,30353
46539,413,825.00,509.00,0,30361
46416,413,826.00,509.00,0,30369
46289,412,825.00,508.00,0,30379
46166,411,827.00,509.00,0,30387
46043,409,826.00,492.00,0,30396
45921,406,826.00,492.00,0,30404
45799,405,826.00,475.00,0,30412
45677,403,824.00,492.00,0,30422
45558,403,826.00,491.00,0,30430
45437,402,826.00,508.00,0,30439
45315,401,826.00,508.00,0,30447
45191,399,826.00,509.00,0,30455
45069,396,827.00,475.00,0,30465
44946,393,826.00,509.00,0,30473
44822,391,826.00,509.00,0,30481
44698,389,826.00,509.00,0,30490
44575,389,827.00,509.00,0,30498
44453,389,827.00,492.00,0,30508
44328,388,822.00,508.00,0,30516
44204,387,821.00,493.00,0,30524
44082,385,826.00,509.00,0,30533
43960,382,825.00,492.00,0,30541
43838,380,826.00,509.00,0,30550
43717,379,825.00,492.00,0,30559
43596,378,826.00,492.00,0,30567
43476,377,826.00,492.00,0,30576
43353,377,825.00,509.00,0,30584
43229,375,826.00,492.00,0,30593
43107,373,826.00,509.00,0,30602
42983,369,826.00,492.00,0,30610
42859,367,824.00,492.00,0,30618
42735,366,826.00,492.00,0,30627
42613,365,826.00,509.00,0,30636
42491,365,826.00,509.00,0,30645
42365,365,826.00,509.00,0,30653
42241,363,826.00,492.00,0,30661
42119,361,826.00,492.00,0,30670
41997,359,825.00,508.00,0,30679
41875,356,826.00,492.00,0,30688
41753,355,825.00,509.00,0,30696
41632,353,826.00,475.00,0,30704
41511,353,826.00,492.00,0,30713
41389,353,825.00,492.00,0,30722
41265,351,826.00,493.00,0,30730
41141,349,825.00,508.00,0,30739
41019,347,826.00,509.00,0,30747
40895,345,826.00,509.00,0,30756
40771,343,825.00,509.00,0,30765
40649,342,826.00,492.00,0,30773
40527,342,826.00,492.00,0,30782
40404,341,826.00,509.00,0,30790
40279,341,826.00,492.00,0,30798
40157,338,826.00,508.00,0,30808
40035,335,826.00,509.00,0,30816
39912,333,827.00,509.00,0,30825
39789,331,826.00,492.00,0,30833
39668,331,826.00,492.00,0,30841
39549,331,826.00,492.00,0,30851
39427,331,826.00,509.00,0,30859
39303,329,826.00,509.00,0,30867
39179,327,826.00,491.00,0,30876
39057,325,826.00,509.00,0,30884
38933,322,826.00,509.00,0,30894
38809,319,825.00,509.00,0,30902
38686,319,827.00,492.00,0,30910
38565,319,826.00,493.00,0,30919
38442,318,826.00,509.00,0,30927
38317,317,826.00,492.00,0,30937
38193,315,826.00,492.00,0,30945
38071,313,826.00,475.00,0,30953
37949,311,826.00,508.00,0,30962
37824,309,826.00,510.00,0,30970
37703,308,825.00,493.00,0,30979
37583,307,826.00,508.00,0,30988
37461,307,825.00,492.00,0,30996
37339,307,826.00,492.00,0,31005
37215,305,825.00,492.00,0,31013
37093,302,826.00,493.00,0,31022
36970,299,826.00,493.00,0,31031
36846,297,825.00,492.00,0,31039
36723,296,826.00,492.00,0,31047
36602,296,825.00,492.00,0,31056
36481,296,826.00,510.00,0,31065
36357,296,826.00,493.00,0,31074
36232,295,825.00,508.00,0,31082
36110,292,826.00,492.00,0,31090
35989,289,826.00,492.00,0,31099
35865,287,827.00,492.00,0,31108
35743,286,826.00,492.00,0,31116
35622,285,826.00,492.00,0,31125
35502,285,826.00,509.00,0,31133
35379,285,826.00,475.00,0,31142
35255,283,825.00,476.00,0,31151
35132,281,826.00,509.00,0,31159
35009,278,826.00,509.00,0,31168
34885,276,826.00,509.00,0,31176
34760,275,826.00,509.00,0,31184
34637,275,826.00,491.00,0,31194
34516,275,826.00,492.00,0,31202
34393,275,826.00,493.00,0,31211
34269,273,826.00,492.00,0,31219
34145,271,826.00,493.00,0,31227
34024,269,826.00,492.00,0,31237
33902,267,826.00,475.00,0,31245
33779,265,826.00,492.00,0,31254
33658,265,826.00,508.00,0,31262
33539,265,826.00,508.00,0,31270
33417,265,826.00,509.00,0,31280
33293,263,825.00,509.00,0,31288
33169,261,826.00,493.00,0,31296
33047,259,826.00,475.00,0,31305
32923,255,827.00,475.00,0,31313
32799,254,826.00,509.00,0,31323
32676,254,826.00,492.00,0,31331
32555,254,825.00,509.00,0,31339
32431,254,826.00,493.00,0,31348
32307,253,826.00,492.00,0,31356
32183,251,826.00,493.00,0,31365
32061,249,826.00,491.00,0,31374
31938,246,825.00,509.00,0,31382
31815,245,826.00,508.00,0,31391
31693,245,825.00,493.00,0,31399
31573,245,827.00,510.00,0,31408
31453,245,826.00,492.00,0,31417
31329,244,826.00,509.00,0,31425
31206,242,826.00,492.00,0,31433
31084,239,825.00,491.00,0,31442
30961,237,827.00,509.00,0,31451
30837,235,826.00,492.00,0,31460
30714,234,826.00,492.00,0,31468
30593,234,826.00,492.00,0,31476
30471,234,826.00,509.00,0,31485
30347,234,826.00,492.00,0,31494
30223,233,826.00,509.00,0,31503
30100,230,826.00,492.00,0,31511
29977,227,826.00,509.00,0,31519
29854,225,826.00,509.00,0,31528
29732,225,825.00,493.00,0,31537
29611,225,826.00,475.00,0,31545
29491,225,825.00,475.00,0,31554
29367,225,826.00,509.00,0,31562
29243,223,826.00,492.00,0,31571
29121,221,825.00,508.00,0,31580
28998,218,827.00,493.00,0,31588
28873,216,826.00,509.00,0,31597
28750,215,826.00,493.00,0,31605
28628,215,826.00,509.00,0,31613
28507,215,826.00,475.00,0,31623
28385,215,826.00,509.00,0,31631
28260,214,826.00,509.00,0,31640
28136,212,826.00,492.00,0,31648
28013,209,826.00,509.00,0,31656
27891,207,826.00,509.00,0,31666
27767,207,826.00,508.00,0,31674
27647,207,826.00,475.00,0,31682
27527,207,826.00,492.00,0,31691
27406,207,826.00,492.00,0,31699
27282,205,826.00,492.00,0,31709
27157,203,825.00,525.00,0,31717
27035,201,826.00,509.00,0,31725
26911,199,826.00,509.00,0,31734
26787,197,826.00,493.00,0,31742
26665,197,826.00,509.00,0,31752
26545,197,825.00,491.00,0,31760
26423,197,826.00,475.00,0,31768
26298,197,826.00,492.00,0,31777
26175,195,825.00,493.00,0,31785
26052,192,826.00,492.00,0,31794
25928,189,825.00,509.00,0,31803
25805,189,826.00,509.00,0,31811
25683,189,826.00,509.00,0,31820
25564,189,826.00,492.00,0,31828
25441,189,826.00,492.00,0,31837
25319,189,827.00,475.00,0,31846
25195,186,825.00,459.00,0,31854
25073,183,826.00,493.00,0,31862
24949,181,826.00,509.00,0,31872
24824,180,826.00,508.00,0,31880
24701,180,826.00,493.00,0,31889
24582,180,825.00,492.00,0,31897
24461,180,826.00,492.00,0,31905
24338,180,826.00,492.00,0,31915
24213,179,826.00,509.00,0,31923
24091,176,826.00,492.00,0,31931
23967,173,825.00,492.00,0,31940
23844,171,826.00,509.00,0,31948
23721,171,826.00,509.00,0,31958
23601,171,826.00,492.00,0,31966
23481,171,826.00,508.00,0,31974
23357,171,826.00,492.00,0,31983
23233,170,826.00,509.00,0,31991
23110,167,826.00,492.00,0,32000
22987,164,826.00,495.00,0,32009
22863,162,825.00,475.00,0,32017
22739,162,826.00,504.00,0,32026
22618,162,825.00,492.00,0,32034
22497,163,826.00,508.00,0,32043
22375,163,826.00,492.00,0,32052
22249,162,826.00,492.00,0,32060
22127,159,826.00,492.00,0,32069
22004,157,825.00,492.00,0,32077
21879,155,827.00,492.00,0,32086
21757,155,827.00,492.00,0,32095
21637,155,825.00,509.00,0,32103
21518,155,826.00,492.00,0,32111
21396,155,826.00,509.00,0,32120
21272,154,826.00,508.00,0,32129
21149,152,826.00,509.00,0,32138
21025,148,826.00,476.00,0,32146
20901,147,826.00,492.00,0,32154
20777,146,826.00,493.00,0,32163
20655,146,826.00,509.00,0,32172
20535,146,826.00,493.00,0,32180
20413,147,826.00,509.00,0,32189
20288,147,826.00,510.00,0,32197
20164,145,826.00,507.00,0,32206
20041,142,825.00,509.00,0,32215
19917,141,826.00,493.00,0,32223
19795,139,825.00,492.00,0,32232
19674,139,826.00,509.00,0,32240
19555,139,826.00,493.00,0,32248
19434,139,825.00,492.00,0,32258
19311,138,826.00,493.00,0,32266
19186,136,825.00,492.00,0,32275
19063,133,826.00,509.00,0,32283
18939,131,826.00,510.00,0,32291
18814,131,826.00,508.00,0,32301
18691,131,826.00,476.00,0,32309
18572,131,826.00,509.00,0,32318
18450,132,826.00,492.00,0,32326
18326,132,826.00,493.00,0,32334
18201,130,827.00,492.00,0,32344
18079,128,825.00,492.00,0,32352
17956,126,826.00,509.00,0,32360
17833,124,826.00,492.00,0,32369
17711,124,826.00,509.00,0,32377
17593,124,826.00,475.00,0,32387
17473,124,825.00,492.00,0,32395
17349,124,826.00,493.00,0,32403
17224,122,826.00,492.00,0,32412
17101,119,826.00,492.00,0,32420
16975,116,826.00,509.00,0,32429
16851,116,826.00,493.00,0,32438
16728,116,826.00,492.00,0,32446
16608,117,826.00,475.00,0,32455
16489,118,826.00,509.00,0,32463
16365,118,826.00,492.00,0,32472
16241,117,826.00,509.00,0,32481
16117,114,826.00,493.00,0,32489
15994,112,826.00,509.00,0,32497
15869,111,826.00,509.00,0,32506
15747,111,826.00,492.00,0,32515
15629,111,826.00,492.00,0,32524
15509,111,825.00,509.00,0,32532
15387,111,825.00,509.00,0,32540
15261,109,827.00,509.00,0,32549
15136,107,826.00,491.00,0,32558
15012,105,826.00,492.00,0,32567
14888,103,825.00,492.00,0,32575
14765,103,826.00,492.00,0,32583
14645,103,826.00,493.00,0,32592
14526,104,825.00,492.00,0,32601
14405,104,826.00,492.00,0,32609
14280,103,826.00,508.00,0,32618
14155,101,826.00,493.00,0,32626
14031,99,826.00,509.00,0,32634
13911,97,826.00,508.00,0,32643
13792,97,826.00,509.00,0,32652
13675,97,825.00,492.00,0,32660
13560,98,826.00,492.00,0,32668
13443,98,826.00,493.00,0,32676
13322,98,826.00,509.00,0,32685
13199,95,826.00,509.00,0,32693
13079,93,826.00,493.00,0,32701
12957,91,826.00,492.00,0,32709
12838,91,826.00,492.00,0,32718
12719,91,826.00,492.00,0,32727
12605,92,825.00,492.00,0,32735
12490,93,826.00,509.00,0,32743
12371,93,826.00,493.00,0,32751
12249,92,826.00,493.00,0,32759
12128,89,826.00,509.00,0,32768
12007,87,826.00,492.00,0,32776
11887,86,826.00,509.00,0,32785
11769,86,825.00,509.00,0,32793
11654,87,826.00,509.00,0,32801
11539,88,826.00,509.00,0,32809
11420,88,826.00,508.00,0,32818
11298,87,826.00,493.00,0,32826
11177,85,826.00,492.00,0,32834
11056,83,827.00,509.00,0,32842
10935,81,826.00,492.00,0,32851
10816,81,826.00,508.00,0,32860
10700,81,826.00,509.00,0,32868
10587,82,825.00,476.00,0,32876
10470,83,826.00,493.00,0,32884
10349,83,826.00,510.00,0,32892
10225,81,826.00,492.00,0,32901
10105,79,826.00,509.00,0,32909
9984,77,826.00,492.00,0,32917
9867,75,827.00,492.00,0,32925
9755,75,826.00,509.00,0,32933
9645,75,826.00,493.00,0,32942
9533,76,826.00,492.00,0,32950
9417,77,826.00,492.00,0,32958
9299,77,826.00,492.00,0,32966
9180,75,826.00,491.00,0,32973
9062,73,826.00,492.00,0,32982
8945,71,826.00,476.00,0,32990
8830,70,826.00,509.00,0,32998
8719,70,826.00,476.00,0,33006
8611,71,826.00,492.00,0,33014
8495,72,826.00,509.00,0,33022
8377,72,825.00,492.00,0,33030
8257,71,825.00,475.00,0,33038
8138,69,826.00,509.00,0,33046
8021,67,826.00,509.00,0,33054
7904,65,826.00,475.00,0,33062
7791,65,825.00,509.00,0,33071
7681,65,825.00,491.00,0,33079
7573,66,826.00,475.00,0,33087
7457,68,825.00,508.00,0,33094
7339,68,826.00,509.00,0,33102
7220,66,827.00,492.00,0,33111
7101,64,826.00,509.00,0,33119
6985,62,826.00,508.00,0,33127
6870,61,826.00,493.00,0,33135
6759,61,826.00,475.00,0,33143
6651,62,825.00,492.00,0,33152
6537,63,826.00,509.00,0,33159
6419,64,827.00,509.00,0,33167
6297,64,826.00,500.00,0,33175
6177,62,826.00,493.00,0,33183
6059,59,826.00,493.00,0,33191
5943,58,826.00,492.00,0,33200
5829,56,826.00,492.00,0,33208
5721,56,825.00,493.00,0,33216
5613,58,826.00,475.00,0,33223
5498,58,826.00,508.00,0,33231
5380,59,826.00,493.00,0,33240
5259,58,826.00,476.00,0,33248
5139,55,826.00,509.00,0,33256
5022,53,826.00,492.00,0,33264
4907,51,826.00,493.00,0,33272
4796,51,825.00,492.00,0,33280
4688,52,826.00,492.00,0,33288
4577,54,826.00,492.00,0,33296
4459,54,826.00,510.00,0,33304
4339,54,826.00,492.00,0,33312
4219,52,826.00,492.00,0,33320
4099,50,826.00,509.00,0,33329
3983,48,825.00,509.00,0,33337
3870,46,826.00,491.00,0,33344
3762,46,826.00,492.00,0,33352
3653,46,826.00,493.00,0,33360
3539,48,826.00,510.00,0,33369
3421,49,826.00,509.00,0,33377
3299,49,827.00,493.00,0,33385
3179,47,825.00,493.00,0,33393
3061,45,825.00,509.00,0,33401
2947,43,826.00,475.00,0,33409
2836,42,826.00,492.00,0,33417
2728,42,826.00,493.00,0,33425
2617,44,826.00,492.00,0,33433
2501,46,826.00,494.00,0,33441
2382,46,826.00,493.00,0,33449
2261,45,825.00,509.00,0,33458
2141,43,826.00,493.00,0,33466
2025,40,824.00,496.00,0,33473
1910,38,826.00,493.00,0,33481
1801,37,826.00,475.00,0,33489
1693,37,826.00,509.00,0,33498
1580,38,826.00,492.00,0,33506
1461,39,826.00,507.00,0,33514
1341,41,826.00,493.00,0,33522
1219,41,826.00,492.00,0,33529
1099,39,826.00,492.00,0,33538
984,37,826.00,492.00,0,33546
876,35,826.00,493.00,0,33554
773,34,825.00,492.00,0,33561
668,34,826.00,493.00,0,33569
557,36,826.00,510.00,0,33576
443,38,826.00,492.00,0,33585
326,40,826.00,509.00,0,33593
209,40,826.00,509.00,0,33600
93,38,826.00,492.00,0,33608
-7,34,0.00,475.00,0,33615
-47,32,0.00,408.00,0,33623
-32,30,0.00,374.00,0,33630
36,30,548.00,341.00,0,33637
125,31,805.00,325.00,0,33645
214,34,634.00,324.00,0,33652
309,36,340.00,341.00,0,33660
416,39,764.00,325.00,0,33669
523,40,795.00,325.00,0,33676
631,40,664.00,324.00,0,33684
743,39,803.00,324.00,0,33691
858,36,807.00,307.00,0,33699
974,33,804.00,325.00,0,33708
1086,32,811.00,325.00,0,33716
1199,31,805.00,308.00,0,33723
1306,31,486.00,325.00,0,33731
1419,35,671.00,324.00,0,33739
1534,38,796.00,308.00,0,33747
1649,40,758.00,308.00,0,33756
1768,41,805.00,325.00,0,33764
1889,40,809.00,308.00,0,33772
2010,37,816.00,308.00,0,33779
2127,33,813.00,307.00,0,33787
2239,32,804.00,323.00,0,33796
2347,32,708.00,325.00,0,33804
2458,34,597.00,324.00,0,33812
2573,38,793.00,325.00,0,33820
2689,40,798.00,324.00,0,33828
2808,40,804.00,325.00,0,33837
2928,38,798.00,324.00,0,33844
3046,36,813.00,308.00,0,33852
3158,33,806.00,324.00,0,33860
3268,32,672.00,342.00,0,33868
3380,32,690.00,324.00,0,33876
3493,35,718.00,325.00,0,33885
3608,38,723.00,324.00,0,33893
3726,40,803.00,324.00,0,33901
3846,40,810.00,307.00,0,33908
3966,38,797.00,308.00,0,33916
4083,34,807.00,308.00,0,33925
4196,32,809.00,324.00,0,33933
4306,32,531.00,324.00,0,33941
4418,33,679.00,312.00,0,33949
4532,37,786.00,324.00,0,33957
4647,39,746.00,307.00,0,33966
4764,40,799.00,307.00,0,33973
4886,40,807.00,308.00,0,33981
5004,38,807.00,308.00,0,33989
5117,36,787.00,308.00,0,33997
5226,35,737.00,341.00,0,34006
5337,35,826.00,324.00,0,34014
5444,38,825.00,324.00,0,34022
5545,41,825.00,325.00,0,34029
5642,43,826.00,341.00,0,34037
5740,43,826.00,341.00,0,34045
5839,41,825.00,324.00,0,34054
5937,39,826.00,325.00,0,34062
6033,37,825.00,324.00,0,34070
6124,36,825.00,341.00,0,34078
6210,36,826.00,340.00,0,34086
6288,38,825.00,357.00,0,34094
6363,41,825.00,341.00,0,34102
6432,43,825.00,375.00,0,34110
6496,44,825.00,357.00,0,34118
6558,44,825.00,374.00,0,34126
6617,44,825.00,375.00,0,34135
6676,42,826.00,374.00,0,34143
6736,42,825.00,358.00,0,34151
6796,42,825.00,357.00,0,34158
6856,42,825.00,357.00,0,34166
6916,42,826.00,358.00,0,34174
6974,42,826.00,373.00,0,34183
7028,42,825.00,357.00,0,34191
7078,42,826.00,374.00,0,34199
7123,42,826.00,374.00,0,34207
7162,42,825.00,391.00,0,34215
7198,43,825.00,391.00,0,34223
7226,43,825.00,391.00,0,34231
7248,44,825.00,392.00,0,34239
7265,44,825.00,391.00,0,34247
7277,44,826.00,408.00,0,34255
7283,44,825.00,408.00,0,34264
7284,44,826.00,408.00,0,34272
7279,44,826.00,425.00,0,34279
7268,44,825.00,425.00,0,34287
7254,44,826.00,425.00,0,34295
7236,44,826.00,425.00,0,34304
7215,44,826.00,425.00,0,34312
7190,44,825.00,425.00,0,34320
7163,42,826.00,425.00,0,34328
7135,42,825.00,425.00,0,34336
7105,42,825.00,425.00,0,34343
7075,42,826.00,424.00,0,34352
7043,42,826.00,425.00,0,34360
7013,42,826.00,425.00,0,34368
6985,42,826.00,442.00,0,34376
6958,42,826.00,425.00,0,34384
6933,42,825.00,425.00,0,34393
6911,42,825.00,425.00,0,34401
6890,42,826.00,425.00,0,34408
6873,42,825.00,425.00,0,34416
6859,42,825.00,425.00,0,34424
6847,42,825.00,408.00,0,34433
6839,42,826.00,408.00,0,34441
6833,42,826.00,408.00,0,34449
6831,42,826.00,408.00,0,34457
6831,42,825.00,391.00,0,34465
6835,42,825.00,391.00,0,34472
6841,42,825.00,408.00,0,34481
6848,42,825.00,408.00,0,34489
6858,42,825.00,408.00,0,34497
6869,42,826.00,408.00,0,34505
6881,42,826.00,391.00,0,34513
6894,42,826.00,408.00,0,34522
6907,42,825.00,408.00,0,34529
6921,42,825.00,391.00,0,34537
6933,42,826.00,392.00,0,34545
6947,42,825.00,391.00,0,34553
6958,42,826.00,408.00,0,34562
6969,42,826.00,408.00,0,34570
6979,42,826.00,408.00,0,34578
6987,42,825.00,391.00,0,34586
6993,42,825.00,391.00,0,34593
6997,42,826.00,408.00,0,34601
7000,42,825.00,408.00,0,34610
7001,42,826.00,409.00,0,34618
7001,42,825.00,408.00,0,34626
6998,42,826.00,425.00,0,34634
6995,42,826.00,408.00,0,34642
6991,42,826.00,408.00,0,34651
6986,42,825.00,408.00,0,34658
6980,42,826.00,425.00,0,34666
6974,42,826.00,425.00,0,34674
6969,42,826.00,426.00,0,34682
6963,42,826.00,425.00,0,34691
6957,42,826.00,408.00,0,34699
6951,42,826.00,425.00,0,34707
6947,42,825.00,408.00,0,34715
6943,42,825.00,408.00,0,34722
6941,42,825.00,408.00,0,34731
6939,42,826.00,408.00,0,34739
6937,42,826.00,408.00,0,34747
6937,42,826.00,408.00,0,34755
6937,42,826.00,408.00,0,34763
6938,42,825.00,409.00,0,34771
6940,42,825.00,408.00,0,34779
6942,41,825.00,408.00,0,34787
6944,41,826.00,408.00,0,34795
6946,41,826.00,408.00,0,34803
6948,41,825.00,408.00,0,34811
6950,41,826.00,408.00,0,34820
6952,41,826.00,408.00,0,34828
6954,41,826.00,408.00,0,34836
6955,41,825.00,408.00,0,34843
6956,41,826.00,408.00,0,34851
6957,41,825.00,408.00,0,34860
6957,41,826.00,408.00,0,34868
6957,41,825.00,408.00,0,34876
6957,41,825.00,408.00,0,34884
6957,41,826.00,408.00,0,34892
6957,41,825.00,409.00,0,34900
6955,41,825.00,408.00,0,34908
6955,41,825.00,408.00,0,34916
6955,41,826.00,408.00,0,34924
6955,41,826.00,408.00,0,34932
6955,41,826.00,408.00,0,34940
6955,41,826.00,408.00,0,34949
6955,41,826.00,408.00,0,34957
6955,41,825.00,409.00,0,34965
6955,41,825.00,408.00,0,34972
6955,41,825.00,409.00,0,34980
6955,41,826.00,409.00,0,34989
6955,41,825.00,408.00,0,34997
6955,41,825.00,408.00,0,35005
6955,41,826.00,408.00,0,35013
6955,41,826.00,408.00,0,35021
6955,41,825.00,408.00,0,35028
6955,41,825.00,408.00,0,35037
6955,41,826.00,408.00,0,35045
6955,41,826.00,408.00,0,35053
6955,41,826.00,408.00,0,35061
6955,41,826.00,408.00,0,35069
6955,41,825.00,408.00,0,35078
6955,41,826.00,408.00,0,35086
6955,41,825.00,408.00,0,35093
6955,41,825.00,408.00,0,35101
6955,41,825.00,408.00,0,35109
6955,41,826.00,408.00,0,35118
6955,41,826.00,408.00,0,35126
6955,41,825.00,408.00,0,35134
6955,41,826.00,408.00,0,35142
6955,41,825.00,408.00,0,35150
6955,41,825.00,408.00,0,35158
6955,41,826.00,408.00,0,35166
6955,41,825.00,408.00,0,35174
6955,41,826.00,408.00,0,35182
6955,41,826.00,408.00,0,35190
6955,41,825.00,408.00,0,35198
6955,41,825.00,408.00,0,35207
