-0.04,13083
-3,-6,0.01,36.13,0.02,13177
-3,-6,0.01,36.13,-0.29,13272
-3,-6,0.01,31.25,-0.25,13366
-3,-6,0.01,31.25,0.07,13461
-3,-6,0.01,31.25,-0.06,13555
-3,-6,0.01,31.25,-0.20,13649
-3,-6,0.01,36.13,-0.03,13745
-3,-6,0.01,31.25,-0.12,13839
-3,-6,0.01,41.02,-0.29,13933
-3,-6,0.01,36.13,-0.04,14027
-3,-6,0.01,31.25,0.05,14123
-3,-6,0.01,31.25,0.05,14217
-3,-6,0.01,31.25,0.03,14311
-3,-6,0.01,31.25,0.08,14405
-3,-6,0.01,31.25,0.12,14500
-3,-6,0.01,31.25,-0.07,14595
-3,-6,0.01,31.25,-0.30,14689
-3,-6,0.01,36.13,-0.16,14784
-3,-6,0.01,36.13,-0.05,14878
-3,-6,0.01,31.25,0.02,14972
-3,-6,0.01,31.25,-0.05,15067
-3,-6,0.01,31.25,-0.10,15162
-3,-6,0.01,31.25,-0.04,15256
-3,-6,0.01,31.25,0.02,15350
290,-6,-0.50,-378.91,1.24,15446
1639,14,-0.32,-461.91,1.95,15540
2371,0,-0.50,-217.77,-3.34,15634
3683,27,-0.44,-378.91,5.49,15729
5037,45,0.04,-544.92,-1.19,15823
6353,48,-0.50,-452.15,0.98,15918
7709,88,-0.11,-461.91,1.76,16012
9064,115,0.01,-461.91,-0.95,16107
10388,121,-0.37,-378.91,-0.60,16201
11741,146,-0.07,-466.80,0.22,16295
13093,184,-0.01,-295.90,-0.07,16390
14419,199,-0.28,-378.91,-1.17,16485
15765,216,-0.19,-461.91,0.24,16579
17117,249,-0.08,-457.03,0.45,16673
18454,272,-0.47,-378.91,-0.55,16769
19796,294,-0.15,-461.91,-0.15,16863
21144,321,-0.13,-461.91,-0.16,16957
22481,345,-0.21,-422.85,-0.83,17051
23829,369,-0.04,-461.91,-0.40,17146
25174,395,-0.16,-378.91,-0.45,17241
26519,418,-0.19,-383.79,-0.59,17335
27862,443,-0.05,-461.91,-0.47,17430
29201,467,-0.34,-374.02,-0.85,17524
30549,491,-0.33,-461.91,-0.67,17618
31898,517,-0.08,-461.91,-0.29,17713
33237,539,-0.17,-378.91,-0.81,17808
34578,563,-0.19,-378.91,-0.80,17902
35922,589,-0.05,-374.02,-0.85,17996
37266,611,-0.12,-383.79,-0.92,18091
38609,637,-0.15,-295.90,-0.88,18186
39954,661,-0.20,-461.91,-0.84,18280
41299,683,-0.28,-461.91,-0.88,18374
42644,709,-0.38,-457.03,-0.63,18469
43988,733,-0.27,-378.91,-0.97,18564
45330,754,-0.17,-378.91,-0.80,18658
46670,779,-0.11,-378.91,-0.96,18752
48014,803,-0.18,-378.91,-1.19,18847
49360,825,-0.12,-295.90,-0.85,18941
50707,850,-0.07,-378.91,-0.90,19036
52047,873,-0.24,-378.91,-0.88,19131
53391,895,-0.20,-378.91,-0.79,19225
54735,921,-0.26,-378.91,-0.66,19319
56073,943,-0.24,-461.91,-0.99,19414
57418,967,-0.21,-378.91,-1.04,19509
58761,991,-0.10,-461.91,-1.09,19603
60104,1012,-0.12,-378.91,-1.19,19697
61451,1037,-0.15,-461.91,-1.01,19792
62793,1061,-0.16,-437.50,-1.37,19887
64134,1083,-0.19,-378.91,-1.18,19981
65477,1107,-0.31,-374.02,-1.10,20075
66819,1131,-0.33,-383.79,-0.97,20170
68165,1155,-0.21,-374.02,-1.06,20264
69505,1181,-0.20,-378.91,-1.21,20359
70847,1204,-0.20,-295.90,-1.38,20454
72190,1227,-0.14,-378.91,-1.34,20548
73533,1251,-0.08,-378.91,-1.10,20642
74875,1274,-0.19,-378.91,-1.26,20737
76221,1299,-0.22,-457.03,-1.06,20832
77564,1324,-0.22,-457.03,-1.29,20926
78907,1348,-0.37,-378.91,-1.36,21020
80254,1371,-0.32,-461.91,-1.32,21115
81600,1395,-0.17,-295.90,-1.37,21210
82942,1419,-0.14,-378.91,-1.16,21304
84289,1445,-0.22,-461.91,-1.26,21398
85632,1469,-0.15,-461.91,-1.55,21493
86977,1493,-0.14,-452.15,-1.38,21587
88319,1519,-0.29,-374.02,-1.38,21682
89661,1543,-0.32,-378.91,-1.80,21776
91005,1567,-0.32,-461.91,-1.45,21871
92347,1594,-0.28,-320.31,-1.27,21965
93694,1621,-0.31,-457.03,-1.21,22060
95035,1643,-0.22,-461.91,-1.59,22155
96379,1669,-0.17,-378.91,-1.55,22249
97724,1696,-0.23,-378.91,-1.10,22343
99068,1723,-0.19,-378.91,-1.01,22437
100412,1749,-0.18,-461.91,-1.35,22533
101754,1773,-0.32,-291.02,-1.24,22627
103098,1801,-0.35,-295.90,-1.13,22721
104442,1827,-0.23,-378.91,-1.35,22816
105783,1853,-0.31,-378.91,-2.34,22910
104871,1855,-0.09,451.17,-9.22,23005
103533,1835,-0.03,529.30,-8.48,23099
102205,1806,0.00,446.29,-3.68,23194
100855,1777,-0.04,446.29,-1.79,23288
99513,1753,-0.03,529.30,-1.64,23383
98180,1726,0.01,363.28,-1.35,23478
96826,1694,-0.00,529.30,-1.05,23572
95486,1668,-0.01,446.29,-0.91,23666
94154,1645,0.03,456.05,-1.11,23760
92797,1615,0.01,451.17,-1.36,23856
91460,1589,0.00,529.30,-0.50,23950
90126,1563,0.01,524.41,-1.74,24044
88765,1538,-0.01,446.29,-1.27,24139
87423,1514,-0.02,529.30,-0.74,24233
86093,1493,0.01,529.30,-0.87,24328
84741,1468,0.01,368.16,-0.88,24422
83400,1443,0.00,524.41,-0.85,24517
82058,1419,0.01,446.29,-1.10,24611
80712,1396,0.00,446.29,-0.93,24706
79368,1373,0.01,534.18,-1.14,24801
78023,1349,-0.01,529.30,-1.59,24895
76687,1324,0.01,451.17,-0.51,24989
75346,1299,0.00,529.30,-1.30,25083
74010,1277,0.02,529.30,-1.33,25179
72646,1255,-0.01,368.16,-0.25,25273
71317,1231,0.02,441.41,-0.78,25367
69972,1209,0.02,363.28,-1.16,25461
68620,1185,0.03,509.77,-1.03,25556
67278,1165,0.02,363.28,-0.67,25651
65942,1143,0.03,529.30,-1.48,25745
64590,1117,0.01,529.30,-0.70,25840
63244,1095,-0.00,451.17,0.11,25934
61914,1073,0.01,446.29,-0.93,26029
60560,1051,0.01,519.53,-0.74,26123
59216,1031,0.00,529.30,-0.38,26218
57867,1009,0.01,529.30,-1.38,26312
56533,984,0.02,446.29,-0.55,26406
55181,963,-0.01,363.28,-0.21,26502
53857,939,0.02,451.17,-0.66,26596
52506,917,0.03,446.29,-0.85,26690
51152,899,0.00,490.23,-0.33,26784
49820,875,0.01,446.29,-0.95,26880
48470,851,0.02,363.28,-1.04,26974
47124,832,0.01,358.40,0.02,27068
45787,809,0.02,441.41,-0.66,27163
44444,787,0.04,451.17,-0.48,27257
43097,766,0.03,446.29,-0.21,27352
41754,743,0.02,446.29,-0.13,27446
40420,721,0.04,451.17,-0.27,27541
39066,699,0.01,529.30,-0.17,27635
37725,677,0.01,363.28,-0.01,27729
36395,655,0.03,441.41,-0.52,27825
35036,635,0.01,451.17,-0.42,27919
33698,611,0.01,451.17,-0.23,28013
32365,591,0.03,524.41,-0.46,28107
31002,569,0.01,446.29,-0.21,28203
29661,543,0.01,534.18,-0.41,28297
28337,525,0.03,446.29,0.50,28391
26967,502,-0.00,441.41,-0.17,28485
25636,479,0.02,529.30,-0.41,28580
24305,464,0.02,363.28,-0.28,28675
22940,439,0.02,368.16,-0.44,28769
21597,415,0.03,446.29,-0.26,28864
20267,401,0.03,446.29,-0.23,28958
18906,374,0.03,446.29,-0.57,29052
17562,349,0.02,446.29,0.18,29147
16228,339,0.02,529.30,0.71,29242
14887,315,0.08,451.17,-0.93,29336
13527,287,0.02,446.29,-0.78,29430
12182,279,-0.05,529.30,0.83,29526
10877,254,0.28,441.41,-1.21,29620
9515,227,0.04,524.41,-0.41,29714
8141,221,-0.04,529.30,1.13,29808
6851,197,0.34,446.29,-0.74,29903
5490,172,0.03,529.30,-0.06,29998
4110,176,-0.15,529.30,2.24,30092
2826,152,0.50,451.17,-1.23,30187
1460,124,0.02,451.17,-0.96,30281
73,147,-0.03,529.30,4.55,30375
936,111,0.03,-461.91,-3.99,30470
2272,111,-0.13,-378.91,5.83,30565
3612,127,-0.33,-378.91,0.77,30659
4449,130,0.01,119.14,-0.31,30753
3919,110,0.01,114.26,-4.48,30848
4105,114,0.01,-51.76,2.38,30943
4018,114,0.01,119.14,0.14,31037
4094,113,0.01,31.25,0.00,31131
4050,113,0.01,31.25,-0.26,31225
4063,113,0.01,36.13,-0.51,31321
4066,113,0.01,36.13,-0.04,31415
4064,113,0.01,31.25,-0.14,31509
4064,112,0.01,31.25,-0.02,31604
4064,112,0.01,31.25,0.06,31698
4064,112,0.01,31.25,-0.15,31793
4064,112,0.01,31.25,-0.08,31887
4064,111,0.01,36.13,-0.18,31982
4064,111,0.01,31.25,-0.06,32076
4064,111,0.01,31.25,