Generation 1
========
[0.07370155 0.08050477 0.07596929 0.07483542 0.07029994 0.08050477
 0.08617412 0.08730799 0.08163864 0.08504025 0.07143381 0.06463059] ; 0.4904829082302638 ; 72.02271777815713
[0.0282951  0.03256606 0.04110798 0.04164185 0.04217572 0.03843863
 0.04057411 0.03470154 0.03630315 0.03737089 0.03683702 0.03416767] ; 0.23446340873511667 ; 111.86982629763533
[0.03449769 0.03449769 0.03349776 0.03149789 0.02699819 0.03049796
 0.03049796 0.03399773 0.03899739 0.04299712 0.03849742 0.03849742] ; 0.21871493167575276 ; 42.61156422019884
[0.04568784 0.0499182  0.05668677 0.0617632  0.06430141 0.04907213
 0.04568784 0.05414856 0.06430141 0.06683962 0.06091713 0.05499463] ; 0.35903281168597734 ; 22.95861562861446
[ 0.03519021  0.05172461  0.00082469 -0.06583991  0.08830289 -0.00044982
  0.04724672  0.00819704  0.07608125  0.09158906 -0.05078397  0.04133819] ; 0.38468992858272527 ; 45.92449437364701
[-0.04481534 -0.06127498 -0.03948111 -0.0474157  -0.04132304  0.07118451
 -0.03248317 -0.02469269  0.08446964  0.03459962  0.05344547 -0.02231734] ; 0.3969820790133721 ; 87.73136657875474
[ 0.02509641 -0.00158261  0.05461711  0.02475599  0.02263316 -0.04767463
 -0.02061979  0.01020522 -0.02418122  0.05069618 -0.05784246  0.02612155] ; 0.22866487212096764 ; 85.252418955611
[-0.03835539  0.00488604  0.00535284 -0.01472215  0.00411357  0.06503674
  0.03556777 -0.02541499  0.05583415 -0.00671777  0.04179586 -0.02799466] ; 0.232677816879615 ; 75.86867374257795
========

Generation 2
========
[0.07370155 0.08050477 0.07596929 0.07483542 0.07029994 0.08050477
 0.08617412 0.08730799 0.08163864 0.08504025 0.07143381 0.06463059] ; 0.4904829082302638 ; 22.95861562861446
[0.0282951  0.03256606 0.04110798 0.04164185 0.04217572 0.03843863
 0.04057411 0.03470154 0.03630315 0.03737089 0.03683702 0.03416767] ; 0.23446340873511667 ; 42.61156422019884
[0.03449769 0.03449769 0.03349776 0.03149789 0.02699819 0.03049796
 0.03049796 0.03399773 0.03899739 0.04299712 0.03849742 0.03849742] ; 0.21871493167575276 ; 45.92449437364701
[0.04568784 0.0499182  0.05668677 0.0617632  0.06430141 0.04907213
 0.04568784 0.05414856 0.06430141 0.06683962 0.06091713 0.05499463] ; 0.35903281168597734 ; 72.02271777815713
[-0.05913073 -0.1001845  -0.06599542 -0.07150872  0.06200262 -0.08336475
  0.00845769 -0.0156537  -0.06001725 -0.07093558 -0.08025852  0.09017335] ; 0.4762949057976403 ; 272.77651344297885
[-0.0177388  -0.063773    0.03051071 -0.05928251  0.04363401 -0.09250522
  0.02342001  0.06004552  0.06977005  0.03646957 -0.06658638  0.01250364] ; 0.3361446586119239 ; 3873.078364866833
[ 0.03612794 -0.01416191  0.0601082   0.00041196  0.02579547  0.04205728
  0.05296789  0.05150336  0.02271889 -0.00018499  0.05971947 -0.02660604] ; 0.22067818893205274 ; 1486.5721290250258
[-0.00474352  0.01735578  0.00235033  0.00906611 -0.04044916  0.03875508
  0.04473239  0.03182025 -0.01954873 -0.0352582  -0.02741122 -0.0280738 ] ; 0.23819273956271877 ; 3189.4820893637448
========

Generation 3
========
[0.07370155 0.08050477 0.07596929 0.07483542 0.07029994 0.08050477
 0.08617412 0.08730799 0.08163864 0.08504025 0.07143381 0.06463059] ; 0.4904829082302638 ; 22.95861562861446
[ 0.03612794 -0.01416191  0.0601082   0.00041196  0.02579547  0.04205728
  0.05296789  0.05150336  0.02271889 -0.00018499  0.05971947 -0.02660604] ; 0.22067818893205274 ; 42.61156422019884
[0.0282951  0.03256606 0.04110798 0.04164185 0.04217572 0.03843863
 0.04057411 0.03470154 0.03630315 0.03737089 0.03683702 0.03416767] ; 0.23446340873511667 ; 45.92449437364701
[0.03449769 0.03449769 0.03349776 0.03149789 0.02699819 0.03049796
 0.03049796 0.03399773 0.03899739 0.04299712 0.03849742 0.03849742] ; 0.21871493167575276 ; 72.02271777815713
[-0.00229892 -0.01656126  0.03152103 -0.01961078 -0.03674285 -0.02841894
  0.04834504 -0.01160952 -0.03000352  0.03353856  0.03092461 -0.02142635] ; 0.23779650688176218 ; 1963.8173815070463
[-0.0504283  -0.03395543 -0.0294676   0.05291049 -0.04128811 -0.02722626
  0.00952245  0.06439922  0.03140517  0.03038445 -0.02548734  0.05745003] ; 0.3079738775562314 ; 900.1127409381519
[ 0.02547481  0.01055143  0.02065086 -0.0289194  -0.01495219 -0.00860952
 -0.04052556  0.07006769  0.03251933  0.00549536  0.03323034  0.01807891] ; 0.21639267533597295 ; 35.799504209427056
[ 1.49607598e-02  1.25394945e-03 -3.68976906e-02 -4.72746705e-04
  2.54110873e-02  2.92736037e-02 -2.91247709e-02  5.03444240e-02
 -1.79009883e-02 -9.45598089e-07 -5.95364653e-02 -2.07940180e-02] ; 0.2228413082471109 ; 2148.122840147646
========

Generation 4
========
[0.07370155 0.08050477 0.07596929 0.07483542 0.07029994 0.08050477
 0.08617412 0.08730799 0.08163864 0.08504025 0.07143381 0.06463059] ; 0.4904829082302638 ; 22.95861562861446
[ 0.03612794 -0.01416191  0.0601082   0.00041196  0.02579547  0.04205728
  0.05296789  0.05150336  0.02271889 -0.00018499  0.05971947 -0.02660604] ; 0.22067818893205274 ; 35.799504209427056
[0.0282951  0.03256606 0.04110798 0.04164185 0.04217572 0.03843863
 0.04057411 0.03470154 0.03630315 0.03737089 0.03683702 0.03416767] ; 0.23446340873511667 ; 42.61156422019884
[0.03449769 0.03449769 0.03349776 0.03149789 0.02699819 0.03049796
 0.03049796 0.03399773 0.03899739 0.04299712 0.03849742 0.03849742] ; 0.21871493167575276 ; 45.92449437364701
[-0.01616512  0.10975399 -0.00372262 -0.05852066  0.10806146 -0.02159448
  0.11511062 -0.03801057  0.09006604  0.07205073  0.00741848 -0.08741154] ; 0.5102633656958397 ; 1842.5714499989738
[-0.06812143  0.12234919 -0.01138899  0.05547013  0.08662052  0.10104773
 -0.0033606  -0.07275972 -0.06631966  0.01746686 -0.05510578  0.12516055] ; 0.4702063784770143 ; 2666.1829943820076
[-0.01878703 -0.00020709 -0.06311182 -0.00957975 -0.0465107  -0.00066689
  0.01325083  0.00634701 -0.03132588  0.00233821  0.05153665  0.0075848 ] ; 0.22525152203479892 ; 1606.133766334672
[-0.02444507  0.01243073 -0.01541985 -0.0308082   0.03554275 -0.05354322
  0.0229442   0.0649934  -0.00091792  0.02714941  0.04699282 -0.01254526] ; 0.2322161849389353 ; 2325.4088130203327
========

Generation 5
========
[0.07370155 0.08050477 0.07596929 0.07483542 0.07029994 0.08050477
 0.08617412 0.08730799 0.08163864 0.08504025 0.07143381 0.06463059] ; 0.4904829082302638 ; 22.95861562861446
[ 0.03612794 -0.01416191  0.0601082   0.00041196  0.02579547  0.04205728
  0.05296789  0.05150336  0.02271889 -0.00018499  0.05971947 -0.02660604] ; 0.22067818893205274 ; 35.799504209427056
[0.0282951  0.03256606 0.04110798 0.04164185 0.04217572 0.03843863
 0.04057411 0.03470154 0.03630315 0.03737089 0.03683702 0.03416767] ; 0.23446340873511667 ; 42.61156422019884
[0.03449769 0.03449769 0.03349776 0.03149789 0.02699819 0.03049796
 0.03049796 0.03399773 0.03899739 0.04299712 0.03849742 0.03849742] ; 0.21871493167575276 ; 45.92449437364701
[ 0.04362484  0.00027935  0.07171749 -0.04371028  0.01910919  0.06278656
 -0.03919988  0.0567635  -0.07682274 -0.07295596 -0.05443896  0.03873014] ; 0.3721315982691632 ; 876.1214312719264
[ 0.06871996  0.05099483  0.03425705 -0.03151242 -0.07320036 -0.00103664
  0.0455108   0.08925956 -0.01908459 -0.01822111 -0.04511726 -0.05685481] ; 0.4904829082302638 ; 381.0812543622898
[-0.00320095  0.01271103  0.0301143   0.01425601  0.03278901  0.01601686
 -0.03487055  0.05244339 -0.04147272 -0.0279857   0.05777448  0.0070135 ] ; 0.21924388391072988 ; 2161.8903250617846
[ 2.38362762e-02  1.40070197e-02  4.48052653e-02 -7.32996474e-05
 -2.43979274e-02 -2.21417436e-02  3.56258829e-02 -5.67255482e-02
  1.61965883e-02  5.59235286e-05  5.68068058e-02  1.15234958e-02] ; 0.21554537718467448 ; 2476.1003579090793
========

