Generation 1
========
[0.04603123 0.05399818 0.05488339 0.05665383 0.05488339 0.05753904
 0.06285034 0.05665383 0.06196512 0.06462077 0.06107991 0.04868688] ; 0.35808159585776733 ; 66209.69316543102
[0.04932628 0.05935874 0.06186686 0.05517855 0.05685063 0.05852271
 0.06604705 0.05685063 0.05517855 0.06437498 0.06437498 0.05601459] ; 0.37070960858309154 ; 104307.71348493668
[0.04424299 0.05297696 0.0575887  0.0594464  0.05747353 0.06037525
 0.06594835 0.05617685 0.063329   0.06780605 0.05819431 0.04597808] ; 0.36481500457401317 ; 77374.72437939943
[0.0488925  0.05744054 0.05847035 0.05387197 0.05463314 0.06093557
 0.06668228 0.05995378 0.05969783 0.06835777 0.06105547 0.047156  ] ; 0.36823317680101014 ; 38990.782318428886
========

Generation 2
========
[0.04603123 0.05399818 0.05488339 0.05665383 0.05488339 0.05753904
 0.06285034 0.05665383 0.06196512 0.06462077 0.06107991 0.04868688] ; 0.35808159585776733 ; 38990.782318428886
[0.04932628 0.05935874 0.06186686 0.05517855 0.05685063 0.05852271
 0.06604705 0.05685063 0.05517855 0.06437498 0.06437498 0.05601459] ; 0.37070960858309154 ; 66209.69316543102
[0.04446187 0.05393711 0.05482133 0.05387345 0.05482133 0.05747397
 0.06277926 0.05506183 0.06189505 0.05996481 0.06101083 0.04863182] ; 0.3520253716650741 ; 107628.29763643384
[0.04628763 0.0549817  0.05488644 0.05444396 0.05043861 0.05642797
 0.06122844 0.05520746 0.05718599 0.06275628 0.0608064  0.05071266] ; 0.35021385643147146 ; 121650.08871401404
========

Generation 3
========
[0.04446187 0.05393711 0.05482133 0.05387345 0.05482133 0.05747397
 0.06277926 0.05506183 0.06189505 0.05996481 0.06101083 0.04863182] ; 0.3520253716650741 ; 38990.782318428886
[0.04603123 0.05399818 0.05488339 0.05665383 0.05488339 0.05753904
 0.06285034 0.05665383 0.06196512 0.06462077 0.06107991 0.04868688] ; 0.35808159585776733 ; 66209.69316543102
[0.04364806 0.05203793 0.05457101 0.05692937 0.0565986  0.06073413
 0.06634035 0.05818516 0.06540598 0.06336625 0.0613125  0.05031122] ; 0.3634707372889645 ; 13535.130219833147
[0.04917326 0.05433216 0.05582572 0.05669641 0.06028696 0.06042309
 0.06510311 0.06083198 0.06159966 0.06551579 0.06709355 0.05348037] ; 0.3736352734103053 ; 109749.04603203209
========

Generation 4
========
[0.04446187 0.05393711 0.05482133 0.05387345 0.05482133 0.05747397
 0.06277926 0.05506183 0.06189505 0.05996481 0.06101083 0.04863182] ; 0.3520253716650741 ; 13535.130219833147
[0.04603123 0.05399818 0.05488339 0.05665383 0.05488339 0.05753904
 0.06285034 0.05665383 0.06196512 0.06462077 0.06107991 0.04868688] ; 0.35808159585776733 ; 38990.782318428886
[0.04287254 0.05032324 0.05589968 0.05527827 0.05589968 0.05760823
 0.06401415 0.05283496 0.06311254 0.0648097  0.06221093 0.04904295] ; 0.3561893150403066 ; 101098.98480525712
[0.04429123 0.05018392 0.05160733 0.05366669 0.05461093 0.05725339
 0.0605371  0.05485051 0.0616575  0.05973467 0.06077668 0.04767006] ; 0.34570296727056493 ; 91345.14685768214
========

Generation 5
========
[0.04446187 0.05393711 0.05482133 0.05387345 0.05482133 0.05747397
 0.06277926 0.05506183 0.06189505 0.05996481 0.06101083 0.04863182] ; 0.3520253716650741 ; 13535.130219833147
[0.04603123 0.05399818 0.05488339 0.05665383 0.05488339 0.05753904
 0.06285034 0.05665383 0.06196512 0.06462077 0.06107991 0.04868688] ; 0.35808159585776733 ; 38990.782318428886
[0.04316212 0.0522453  0.05150816 0.05442252 0.05583371 0.05966905
 0.06517696 0.0585498  0.05828289 0.06640926 0.05783033 0.04892403] ; 0.3544701936323393 ; 99195.85388816005
[0.04187426 0.05450436 0.05539787 0.05384119 0.05534248 0.05807842
 0.0634395  0.05564091 0.05747976 0.06023187 0.05783002 0.04540839] ; 0.34788506341055014 ; 94275.73531822229
========

Generation 6
========
[0.04446187 0.05393711 0.05482133 0.05387345 0.05482133 0.05747397
 0.06277926 0.05506183 0.06189505 0.05996481 0.06101083 0.04863182] ; 0.3520253716650741 ; 13535.130219833147
[0.04603123 0.05399818 0.05488339 0.05665383 0.05488339 0.05753904
 0.06285034 0.05665383 0.06196512 0.06462077 0.06107991 0.04868688] ; 0.35808159585776733 ; 38990.782318428886
[0.04062149 0.05282565 0.05374539 0.05365531 0.05374539 0.05285253
 0.05711575 0.05445322 0.06068028 0.06020378 0.05981342 0.04767736] ; 0.34151711879427693 ; 97193.88192721871
[0.04256603 0.0560057  0.05180068 0.051856   0.05692382 0.0596782
 0.06140612 0.05454357 0.06304773 0.06226456 0.05771249 0.05049694] ; 0.3520253716650741 ; 106431.88981729752
========

Generation 7
========
[0.04446187 0.05393711 0.05482133 0.05387345 0.05482133 0.05747397
 0.06277926 0.05506183 0.06189505 0.05996481 0.06101083 0.04863182] ; 0.3520253716650741 ; 13535.130219833147
[0.04603123 0.05399818 0.05488339 0.05665383 0.05488339 0.05753904
 0.06285034 0.05665383 0.06196512 0.06462077 0.06107991 0.04868688] ; 0.35808159585776733 ; 38990.782318428886
[0.04679461 0.05676699 0.0576976  0.05669999 0.05446653 0.06048942
 0.06607305 0.05795072 0.06227618 0.06311093 0.06421184 0.05118335] ; 0.3675336274916386 ; 99925.04820721313
[0.0438687  0.0523365  0.05319447 0.05346831 0.0490985  0.0557684
 0.05951518 0.05465053 0.06005828 0.06185266 0.0592003  0.04718865] ; 0.3427383105589157 ; 104769.0961768108
========

Generation 8
========
[0.04446187 0.05393711 0.05482133 0.05387345 0.05482133 0.05747397
 0.06277926 0.05506183 0.06189505 0.05996481 0.06101083 0.04863182] ; 0.3520253716650741 ; 13535.130219833147
[0.04603123 0.05399818 0.05488339 0.05665383 0.05488339 0.05753904
 0.06285034 0.05665383 0.06196512 0.06462077 0.06107991 0.04868688] ; 0.35808159585776733 ; 38990.782318428886
[0.0443413  0.05109344 0.05250234 0.05882552 0.05353067 0.0598942
 0.05888061 0.05888993 0.06450145 0.06701739 0.05970162 0.04748689] ; 0.357242247769217 ; 117460.73015159965
[0.04582869 0.05767139 0.05861682 0.05760332 0.05339993 0.05733576
 0.06712572 0.05887398 0.06618029 0.06270584 0.0587766  0.0519988 ] ; 0.3666462953815879 ; 100238.16951893848
========

Generation 9
========
[0.04446187 0.05393711 0.05482133 0.05387345 0.05482133 0.05747397
 0.06277926 0.05506183 0.06189505 0.05996481 0.06101083 0.04863182] ; 0.3520253716650741 ; 13535.130219833147
[0.04603123 0.05399818 0.05488339 0.05665383 0.05488339 0.05753904
 0.06285034 0.05665383 0.06196512 0.06462077 0.06107991 0.04868688] ; 0.35808159585776733 ; 38990.782318428886
[0.04645773 0.05617901 0.05498728 0.05637731 0.05527278 0.05525344
 0.06244619 0.05749932 0.06446771 0.06290369 0.06354675 0.0506532 ] ; 0.36098968308873913 ; 96968.85839164867
[0.04489777 0.05446592 0.05264622 0.05440163 0.0553588  0.05803745
 0.06339476 0.05560167 0.06062682 0.05909944 0.06160899 0.04910861] ; 0.3520253716650741 ; 119946.35905146436
========

Generation 10
========
[0.04446187 0.05393711 0.05482133 0.05387345 0.05482133 0.05747397
 0.06277926 0.05506183 0.06189505 0.05996481 0.06101083 0.04863182] ; 0.3520253716650741 ; 13535.130219833147
[0.04603123 0.05399818 0.05488339 0.05665383 0.05488339 0.05753904
 0.06285034 0.05665383 0.06196512 0.06462077 0.06107991 0.04868688] ; 0.35808159585776733 ; 38990.782318428886
[0.04478761 0.05275539 0.04997405 0.05502017 0.0503494  0.05160515
 0.06140381 0.05516443 0.06053897 0.05707037 0.05621303 0.04756633] ; 0.3376201412236843 ; 77320.8843199958
[0.0469319  0.05693354 0.05364259 0.05538781 0.05618874 0.06042422
 0.06626691 0.05812074 0.05925755 0.05734626 0.06156662 0.04774017] ; 0.3576259520213319 ; 104673.03454924001
========

Generation 11
========
[0.04446187 0.05393711 0.05482133 0.05387345 0.05482133 0.05747397
 0.06277926 0.05506183 0.06189505 0.05996481 0.06101083 0.04863182] ; 0.3520253716650741 ; 13535.130219833147
[0.04603123 0.05399818 0.05488339 0.05665383 0.05488339 0.05753904
 0.06285034 0.05665383 0.06196512 0.06462077 0.06107991 0.04868688] ; 0.35808159585776733 ; 38990.782318428886
[0.04623073 0.0512341  0.05274305 0.05685163 0.05575375 0.05845152
 0.06384704 0.05715816 0.05797491 0.05956423 0.05900815 0.04945898] ; 0.3511828555812855 ; 98168.66457322254
[0.04577221 0.05552671 0.05231708 0.05030328 0.05643698 0.0591678
 0.05829576 0.0532835  0.06371917 0.06173204 0.06180396 0.05006506] ; 0.3520253716650741 ; 113020.8990329531
========

Generation 12
========
[0.04446187 0.05393711 0.05482133 0.05387345 0.05482133 0.05747397
 0.06277926 0.05506183 0.06189505 0.05996481 0.06101083 0.04863182] ; 0.3520253716650741 ; 13535.130219833147
[0.04603123 0.05399818 0.05488339 0.05665383 0.05488339 0.05753904
 0.06285034 0.05665383 0.06196512 0.06462077 0.06107991 0.04868688] ; 0.35808159585776733 ; 38990.782318428886
[0.04516503 0.05240312 0.05207733 0.0540601  0.05642181 0.05589854
 0.05853854 0.05666934 0.06370204 0.06171545 0.06279201 0.04945099] ; 0.3520253716650741 ; 69922.81283781494
[0.04813358 0.05651447 0.05313287 0.05921745 0.05744094 0.05672756
 0.06452933 0.05800662 0.06290709 0.06217039 0.0639262  0.04601297] ; 0.36268564223599553 ; 107217.41857824779
========

Generation 13
========
[0.04446187 0.05393711 0.05482133 0.05387345 0.05482133 0.05747397
 0.06277926 0.05506183 0.06189505 0.05996481 0.06101083 0.04863182] ; 0.3520253716650741 ; 13535.130219833147
[0.04603123 0.05399818 0.05488339 0.05665383 0.05488339 0.05753904
 0.06285034 0.05665383 0.06196512 0.06462077 0.06107991 0.04868688] ; 0.35808159585776733 ; 38990.782318428886
[0.04724107 0.05581857 0.05824808 0.05529476 0.05824808 0.05905134
 0.06036662 0.056456   0.06037132 0.06371307 0.06106466 0.05089661] ; 0.36115118146747466 ; 99840.16929670011
[0.04703815 0.05378044 0.05327531 0.0513866  0.05778234 0.06057825
 0.06001627 0.05681479 0.06184574 0.0590155  0.06430615 0.05125852] ; 0.3559626174762918 ; 92124.6215884658
========

Generation 14
========
[0.04446187 0.05393711 0.05482133 0.05387345 0.05482133 0.05747397
 0.06277926 0.05506183 0.06189505 0.05996481 0.06101083 0.04863182] ; 0.3520253716650741 ; 13535.130219833147
[0.04603123 0.05399818 0.05488339 0.05665383 0.05488339 0.05753904
 0.06285034 0.05665383 0.06196512 0.06462077 0.06107991 0.04868688] ; 0.35808159585776733 ; 38990.782318428886
[0.04488663 0.05386095 0.05474392 0.05467019 0.05145928 0.05739282
 0.06269062 0.05425459 0.05772835 0.06067785 0.06092468 0.04496948] ; 0.34737889836167335 ; 116600.5740294553
[0.04572412 0.05619895 0.05352167 0.05512223 0.05483544 0.05712946
 0.06292625 0.0541007  0.0644906  0.05704371 0.0586109  0.05067119] ; 0.3520253716650741 ; 105856.41028848675
========

Generation 15
========
[0.04446187 0.05393711 0.05482133 0.05387345 0.05482133 0.05747397
 0.06277926 0.05506183 0.06189505 0.05996481 0.06101083 0.04863182] ; 0.3520253716650741 ; 13535.130219833147
[0.04603123 0.05399818 0.05488339 0.05665383 0.05488339 0.05753904
 0.06285034 0.05665383 0.06196512 0.06462077 0.06107991 0.04868688] ; 0.35808159585776733 ; 38990.782318428886
[0.04507829 0.05273711 0.05001349 0.05479812 0.05520253 0.05787362
 0.0632158  0.05575412 0.05609289 0.05959315 0.06143507 0.04598282] ; 0.34650161578731664 ; 73671.94667395746
[0.04352885 0.0512489  0.05378392 0.05551888 0.05423588 0.05922937
 0.06294989 0.05674356 0.06180813 0.05895365 0.06073653 0.05011716] ; 0.3520253716650741 ; 90401.58420680053
========

Generation 16
========
[0.04446187 0.05393711 0.05482133 0.05387345 0.05482133 0.05747397
 0.06277926 0.05506183 0.06189505 0.05996481 0.06101083 0.04863182] ; 0.3520253716650741 ; 13535.130219833147
[0.04603123 0.05399818 0.05488339 0.05665383 0.05488339 0.05753904
 0.06285034 0.05665383 0.06196512 0.06462077 0.06107991 0.04868688] ; 0.35808159585776733 ; 38990.782318428886
[0.04386571 0.05741531 0.05806477 0.0594868  0.05835655 0.06118025
 0.06408773 0.05981589 0.06588643 0.0644736  0.06091859 0.04876537] ; 0.3705532533377833 ; 98377.20361442324
[0.04601018 0.05754164 0.05374766 0.05747372 0.05848494 0.05518337
 0.06697469 0.05515829 0.06603139 0.06397215 0.06508808 0.0518818 ] ; 0.3673268414752737 ; 98663.64421159004
========

Generation 17
========
[0.04446187 0.05393711 0.05482133 0.05387345 0.05482133 0.05747397
 0.06277926 0.05506183 0.06189505 0.05996481 0.06101083 0.04863182] ; 0.3520253716650741 ; 13535.130219833147
[0.04603123 0.05399818 0.05488339 0.05665383 0.05488339 0.05753904
 0.06285034 0.05665383 0.06196512 0.06462077 0.06107991 0.04868688] ; 0.35808159585776733 ; 38990.782318428886
[0.04251313 0.05235846 0.0532168  0.05198288 0.0532168  0.05462018
 0.06094182 0.05195366 0.06008348 0.05820973 0.05922515 0.04329015] ; 0.3385513052031093 ; 117238.92144995581
[0.04660539 0.05487684 0.05577646 0.05726265 0.05499559 0.05713039
 0.05908257 0.05739961 0.06297342 0.06514411 0.05741827 0.04947912] ; 0.356835260724243 ; 59558.40298870726
========

Generation 18
========
[0.04446187 0.05393711 0.05482133 0.05387345 0.05482133 0.05747397
 0.06277926 0.05506183 0.06189505 0.05996481 0.06101083 0.04863182] ; 0.3520253716650741 ; 13535.130219833147
[0.04603123 0.05399818 0.05488339 0.05665383 0.05488339 0.05753904
 0.06285034 0.05665383 0.06196512 0.06462077 0.06107991 0.04868688] ; 0.35808159585776733 ; 38990.782318428886
[0.04423691 0.05022299 0.05542489 0.05300085 0.05027037 0.05810673
 0.06347043 0.05604602 0.06257648 0.06345674 0.06168253 0.04734805] ; 0.35174039737319285 ; 99514.12656292303
[0.04504913 0.05464953 0.05554542 0.05458502 0.05554542 0.05578731
 0.06360846 0.0557891  0.05731929 0.06075683 0.06144578 0.04927416] ; 0.35238385814668494 ; 39637.110673691815
========

Generation 19
========
[0.04446187 0.05393711 0.05482133 0.05387345 0.05482133 0.05747397
 0.06277926 0.05506183 0.06189505 0.05996481 0.06101083 0.04863182] ; 0.3520253716650741 ; 13535.130219833147
[0.04603123 0.05399818 0.05488339 0.05665383 0.05488339 0.05753904
 0.06285034 0.05665383 0.06196512 0.06462077 0.06107991 0.04868688] ; 0.35808159585776733 ; 38990.782318428886
[0.04719629 0.05718403 0.05777275 0.05722018 0.05527352 0.06069007
 0.06655846 0.05592206 0.06562102 0.0633032  0.0610613  0.05155937] ; 0.3680974524002979 ; 99094.12450057521
[0.04464747 0.05416227 0.05505017 0.05409834 0.05505017 0.05592476
 0.06304133 0.05507052 0.06215342 0.06021512 0.06065286 0.04883483] ; 0.3520253716650741 ; 108958.84503900154
========

Generation 20
========
[0.04464747 0.05416227 0.05505017 0.05409834 0.05505017 0.05592476
 0.06304133 0.05507052 0.06215342 0.06021512 0.06065286 0.04883483] ; 0.3520253716650741 ; 13535.130219833147
[0.04446187 0.05393711 0.05482133 0.05387345 0.05482133 0.05747397
 0.06277926 0.05506183 0.06189505 0.05996481 0.06101083 0.04863182] ; 0.3520253716650741 ; 38990.782318428886
[0.04605003 0.05586374 0.05269141 0.05138977 0.05677953 0.05654672
 0.06502172 0.05244534 0.06045189 0.06129935 0.06295543 0.04578537] ; 0.3520253716650741 ; 96395.51525648266
[0.04169914 0.05008478 0.05531768 0.05213786 0.05656205 0.05746065
 0.06166358 0.05658295 0.06239159 0.06112642 0.05639834 0.05017601] ; 0.3484593557218825 ; 12966.47680481551
========

