Generation 1
========
[0.02685226 0.02685226 0.03090543 0.03394531 0.03242537 0.03293202
 0.03445196 0.03343867 0.04002507 0.04103836 0.04053172 0.03445196] ; 0.21606140837885437 ; 110.00711756721594
[0.02892848 0.03516796 0.03857131 0.03119738 0.03119738 0.03460073
 0.03346628 0.03516796 0.04140743 0.04027298 0.04027298 0.03743686] ; 0.2257580234204051 ; 42.96613806406241
[0.03459033 0.03730329 0.0406945  0.04679868 0.04612043 0.04747692
 0.04340747 0.04205098 0.05086813 0.05290285 0.04747692 0.0406945 ] ; 0.28068597011030466 ; 63.845414902050784
[0.04161578 0.04222778 0.0379438  0.0379438  0.04222778 0.03977979
 0.03121184 0.03427182 0.04773575 0.04039179 0.03733181 0.04222778] ; 0.2511453172087464 ; 127.28786938195354
[ 0.0106513   0.03852424  0.01170866 -0.02618093  0.02411444  0.00986256
  0.04230874  0.00169094  0.02109092 -0.04788126 -0.04296484  0.0245484 ] ; 0.23322316493911485 ; 94.47162978057608
[ 0.0150219  -0.03671801  0.06349955 -0.0222616   0.03776911 -0.01798679
  0.03957434  0.03965724 -0.02868205  0.05312149 -0.07434831 -0.03508913] ; 0.2224736936246937 ; 66.79057489490133
[-0.01261587 -0.0375329   0.02759266 -0.00352989  0.00462887 -0.03578993
  0.02967855 -0.00157375 -0.05131924  0.04894686  0.02189746 -0.00960562] ; 0.22411240725994142 ; 58.31948071139108
[ 6.29770185e-05  4.10612336e-02  2.79583847e-02 -8.72201738e-03
 -2.03535530e-02 -1.65608415e-02  3.37691372e-02 -5.30085835e-03
 -3.52728718e-02 -3.47372074e-02  1.21893229e-02 -3.26467233e-02] ; 0.2269796822850126 ; 27.846990371875847
========

Generation 2
========
[0.02685226 0.02685226 0.03090543 0.03394531 0.03242537 0.03293202
 0.03445196 0.03343867 0.04002507 0.04103836 0.04053172 0.03445196] ; 0.21606140837885437 ; 27.846990371875847
[0.02892848 0.03516796 0.03857131 0.03119738 0.03119738 0.03460073
 0.03346628 0.03516796 0.04140743 0.04027298 0.04027298 0.03743686] ; 0.2257580234204051 ; 42.96613806406241
[0.03459033 0.03730329 0.0406945  0.04679868 0.04612043 0.04747692
 0.04340747 0.04205098 0.05086813 0.05290285 0.04747692 0.0406945 ] ; 0.28068597011030466 ; 58.31948071139108
[0.04161578 0.04222778 0.0379438  0.0379438  0.04222778 0.03977979
 0.03121184 0.03427182 0.04773575 0.04039179 0.03733181 0.04222778] ; 0.2511453172087464 ; 63.845414902050784
[ 0.03297897 -0.01444231 -0.01890863  0.04186492  0.05272716 -0.00112433
  0.00423122 -0.02496521 -0.0046909   0.02720994  0.00523001 -0.04079994] ; 0.22656285423829742 ; 2263.806631962501
[ 0.00831433 -0.03121631 -0.0472055   0.01208366  0.00116302 -0.0245563
  0.02042672  0.02534695 -0.02059659 -0.03939326 -0.04267538 -0.00044939] ; 0.24164116732447805 ; 3531.409065875845
[-0.01263448 -0.04289111 -0.0436631   0.00525436 -0.03358604  0.03844493
 -0.04857976  0.04204989  0.02673932  0.05694215  0.05077376 -0.03358721] ; 0.25418896870172797 ; 1524.3135752166236
[ 0.04212942  0.04516982 -0.01518015 -0.01442963 -0.00695363 -0.03245025
  0.02685131  0.02474442  0.02371468 -0.00745496 -0.01658768  0.0123908 ] ; 0.2257580234204051 ; 1613.9017887336945
========

Generation 3
========
[0.02685226 0.02685226 0.03090543 0.03394531 0.03242537 0.03293202
 0.03445196 0.03343867 0.04002507 0.04103836 0.04053172 0.03445196] ; 0.21606140837885437 ; 27.846990371875847
[0.02892848 0.03516796 0.03857131 0.03119738 0.03119738 0.03460073
 0.03346628 0.03516796 0.04140743 0.04027298 0.04027298 0.03743686] ; 0.2257580234204051 ; 42.96613806406241
[0.03459033 0.03730329 0.0406945  0.04679868 0.04612043 0.04747692
 0.04340747 0.04205098 0.05086813 0.05290285 0.04747692 0.0406945 ] ; 0.28068597011030466 ; 58.31948071139108
[0.04161578 0.04222778 0.0379438  0.0379438  0.04222778 0.03977979
 0.03121184 0.03427182 0.04773575 0.04039179 0.03733181 0.04222778] ; 0.2511453172087464 ; 63.845414902050784
[-0.01132796  0.01066018 -0.02540648 -0.0289592  -0.01302873  0.02020916
  0.02465422 -0.01110481 -0.05289297 -0.01695684 -0.03174194  0.03135438] ; 0.21344302069309112 ; 412.8633590914902
[ 0.04580806  0.03267465 -0.04999223 -0.02167579 -0.00109236  0.05204762
  0.05056149  0.01173664  0.0622943  -0.03749316  0.04114391 -0.010898  ] ; 0.28012514677091005 ; 1475.0972756527665
[-0.018367   -0.00461     0.02724296  0.01713476 -0.04410793  0.01100915
 -0.00326862  0.01850663 -0.06212157 -0.00932751 -0.0408842   0.0591878 ] ; 0.22432709205930715 ; 2403.9218499161943
[ 0.00390896 -0.0234911  -0.00552201  0.01606568  0.0113274  -0.04120859
  0.02145005  0.01449827  0.03979671 -0.0436849   0.00013823  0.03759325] ; 0.2193628299488834 ; 1652.023325054456
========

Generation 4
========
[0.02685226 0.02685226 0.03090543 0.03394531 0.03242537 0.03293202
 0.03445196 0.03343867 0.04002507 0.04103836 0.04053172 0.03445196] ; 0.21606140837885437 ; 27.846990371875847
[0.02892848 0.03516796 0.03857131 0.03119738 0.03119738 0.03460073
 0.03346628 0.03516796 0.04140743 0.04027298 0.04027298 0.03743686] ; 0.2257580234204051 ; 42.96613806406241
[0.03459033 0.03730329 0.0406945  0.04679868 0.04612043 0.04747692
 0.04340747 0.04205098 0.05086813 0.05290285 0.04747692 0.0406945 ] ; 0.28068597011030466 ; 58.31948071139108
[0.04161578 0.04222778 0.0379438  0.0379438  0.04222778 0.03977979
 0.03121184 0.03427182 0.04773575 0.04039179 0.03733181 0.04222778] ; 0.2511453172087464 ; 63.845414902050784
[ 0.02535977 -0.01131952 -0.0310306   0.00226559  0.00869537 -0.03761695
  0.02565411  0.0295682  -0.01506545 -0.00708847 -0.01474694  0.04360839] ; 0.21606140837885437 ; 2372.924439317691
[-0.03921475  0.02059739  0.00895228 -0.02564785  0.03880027  0.01116244
 -0.00442987  0.0430287   0.05470115  0.02253872  0.03480415  0.03905994] ; 0.22679237567739396 ; 94.11530104865786
[-0.02863314 -0.0093828   0.0223949   0.05268187  0.01401363  0.01099688
 -0.05033095  0.04973561  0.03181521 -0.01032538 -0.00988432  0.01540055] ; 0.24874433290296746 ; 1709.9575175284922
[ 0.014512   -0.03583142  0.03880282 -0.01112682 -0.01763542  0.01659926
 -0.04559439  0.01814105 -0.04181464 -0.04548062 -0.05325283  0.03796707] ; 0.22630133682610304 ; 1918.0093367176883
========

Generation 5
========
[0.02685226 0.02685226 0.03090543 0.03394531 0.03242537 0.03293202
 0.03445196 0.03343867 0.04002507 0.04103836 0.04053172 0.03445196] ; 0.21606140837885437 ; 27.846990371875847
[0.02892848 0.03516796 0.03857131 0.03119738 0.03119738 0.03460073
 0.03346628 0.03516796 0.04140743 0.04027298 0.04027298 0.03743686] ; 0.2257580234204051 ; 42.96613806406241
[0.03459033 0.03730329 0.0406945  0.04679868 0.04612043 0.04747692
 0.04340747 0.04205098 0.05086813 0.05290285 0.04747692 0.0406945 ] ; 0.28068597011030466 ; 58.31948071139108
[0.04161578 0.04222778 0.0379438  0.0379438  0.04222778 0.03977979
 0.03121184 0.03427182 0.04773575 0.04039179 0.03733181 0.04222778] ; 0.2511453172087464 ; 63.845414902050784
[-0.03358335  0.00739852 -0.01367294  0.00764816  0.02559303 -0.01369078
  0.02169666  0.04161197 -0.01955557  0.04972923  0.05318615 -0.03019074] ; 0.22167959807548546 ; 2686.5896883732526
[ 0.04718339 -0.02528044  0.02179417  0.05096507  0.01132905 -0.01856561
 -0.04613408  0.04011891 -0.0395719   0.01411832  0.04173173 -0.04165014] ; 0.21696002677557208 ; 1404.8200009260252
[-0.05064927  0.01311385 -0.04067707  0.04319567  0.0338949  -0.03158652
  0.03972039 -0.05001352  0.00089333 -0.0327364   0.01852128  0.07593284] ; 0.2486862308662508 ; 1498.299494764875
[ 0.02408396 -0.07387694  0.02127034  0.02719697 -0.04279457 -0.03082462
 -0.01284816 -0.04857131  0.00040221 -0.07030361  0.03352513 -0.07299518] ; 0.22575802342040513 ; 2382.187744631452
========

