Generation 1
========
[0.05063105 0.04965738 0.0486837  0.04965738 0.05549942 0.05549942
 0.06523616 0.07302555 0.06815718 0.06328881 0.06620983 0.06231514] ; 0.37365383557226994 ; 121313.55183817109
[0.041071   0.03727983 0.04233473 0.03854356 0.04359845 0.04359845
 0.04549403 0.03980728 0.03412053 0.03096122 0.03412053 0.03475239] ; 0.24532982584214574 ; 192764.21651263046
[0.02620597 0.02527004 0.03041765 0.03275746 0.02994968 0.03650117
 0.0374371  0.03696914 0.03650117 0.03275746 0.03509728 0.03322543] ; 0.20749148561952083 ; 253517.64787531717
[0.03956435 0.03297029 0.03077227 0.03626732 0.04286138 0.03901485
 0.03077227 0.03022277 0.03846534 0.03681683 0.03077227 0.0335198 ] ; 0.22421590390215834 ; 79022.93536825266
[0.07328717 0.0588226  0.05496538 0.05592968 0.05110816 0.0588226
 0.06267982 0.06267982 0.05207246 0.05592968 0.06846565 0.07039426] ; 0.38331038698273245 ; 172346.19671480078
[0.04350682 0.04601682 0.04601682 0.05522019 0.06526022 0.0577302
 0.04685349 0.04685349 0.0493635  0.0493635  0.05940354 0.05354685] ; 0.32877462930922663 ; 23786.87940770075
[0.04064491 0.03993184 0.04848867 0.04421025 0.03707957 0.03707957
 0.04706253 0.05062787 0.0477756  0.05134094 0.05704549 0.0477756 ] ; 0.2911818875010507 ; 260192.88041443052
[0.04972881 0.04544184 0.04286966 0.04887142 0.06258971 0.05658796
 0.04801402 0.05658796 0.06773407 0.07202103 0.06258971 0.05573056] ; 0.3564461559664531 ; 73676.17066204773
[0.03820313 0.04321338 0.0488499  0.04697106 0.04133453 0.04321338
 0.03757685 0.03381916 0.03757685 0.04196081 0.05010246 0.04446594] ; 0.26831878992962177 ; 116308.32281860553
[0.0403761  0.04368561 0.04831893 0.04831893 0.04434751 0.03706658
 0.03508087 0.03441897 0.03971419 0.04633322 0.04633322 0.0416999 ] ; 0.26735473577054925 ; 71354.58890448151
[0.03640369 0.04393549 0.05021199 0.04142489 0.03263779 0.03138249
 0.03765899 0.03389309 0.03891429 0.04268019 0.05021199 0.04268019] ; 0.25678902919925695 ; 129568.54492102354
[0.07240967 0.0593357  0.05229588 0.05833001 0.07341536 0.0794495
 0.07341536 0.07643243 0.07341536 0.07643243 0.06637553 0.07341536] ; 0.44131218184422294 ; 113171.50084069054
[0.06057546 0.06514719 0.08229119 0.07314772 0.07429066 0.07086186
 0.08114826 0.07657652 0.08571999 0.09600639 0.09143465 0.07200479] ; 0.49278531978487305 ; 94572.31009336446
[0.04388483 0.04560581 0.05507116 0.05076873 0.05076873 0.05076873
 0.04388483 0.04990824 0.05593165 0.05851311 0.06625749 0.05162921] ; 0.3299275499429465 ; 175563.14171724027
[0.04668229 0.04809691 0.05516998 0.04243845 0.04031652 0.05021883
 0.05446267 0.0381946  0.03536537 0.04526768 0.05163344 0.05516998] ; 0.3005281308834027 ; 202436.74628463274
[0.05965952 0.0468214  0.04229029 0.04455584 0.0604147  0.06570099
 0.05965952 0.05512842 0.0558836  0.0558836  0.05059731 0.0558836 ] ; 0.34626885642069427 ; 188415.1525463859
[0.0542064  0.05995833 0.062795   0.06431999 0.06681468 0.05644782
 0.05464475 0.05695649 0.05286626 0.05026591 0.05339885 0.05657083] ; 0.36184032079546014 ; 101799.76282925633
[0.043664   0.0557215  0.06709081 0.06574066 0.05635591 0.05089216
 0.03988834 0.03246311 0.03105659 0.03280111 0.04135577 0.04322204] ; 0.3021078404029744 ; 28525.570025257475
[0.05043275 0.0442411  0.04739584 0.04410366 0.05137106 0.05344015
 0.06861531 0.05567654 0.05048125 0.04608373 0.0496796  0.0472755 ] ; 0.3214766854291051 ; 91235.8200814803
[0.02382853 0.02343464 0.03184673 0.03731447 0.0519332  0.05769282
 0.05937135 0.04858903 0.03640867 0.02720841 0.0243112  0.02116581] ; 0.2448910424529284 ; 49216.60178510348
[0.0361847  0.03530001 0.04304544 0.04308095 0.03814068 0.04256845
 0.04810344 0.04917086 0.04677333 0.04562342 0.0497196  0.04406839] ; 0.27537855687486634 ; 87182.82707949355
[0.0333495  0.03413132 0.03814135 0.04219502 0.04382857 0.03812982
 0.0294499  0.02763799 0.02822432 0.02856076 0.03088661 0.03444487] ; 0.2168621068774261 ; 80187.68430205152
[0.05988274 0.04120627 0.03392628 0.03359007 0.03352105 0.04066489
 0.04780798 0.05581971 0.05673412 0.06255845 0.06960625 0.06538289] ; 0.3237311847582035 ; 28086.629804762466
[0.0559504  0.04386683 0.03801109 0.04191878 0.04861431 0.04681276
 0.04236728 0.04673289 0.06202699 0.06135427 0.05196576 0.05288993] ; 0.3149585452905814 ; 277546.1877354161
[0.05301332 0.03994398 0.03376933 0.03061164 0.02603373 0.03000032
 0.03462614 0.03873615 0.03557516 0.0405381  0.05082597 0.05223398] ; 0.24980699771973294 ; 155160.31775814507
[0.04857255 0.04728689 0.05303707 0.05828576 0.05661888 0.06508415
 0.06383251 0.05856529 0.04960761 0.04873427 0.053648   0.04937136] ; 0.34366797478345307 ; 195999.19716453305
[0.03659863 0.03917779 0.0422757  0.04212745 0.04396609 0.04504564
 0.04965544 0.0491298  0.05492426 0.05604659 0.06165054 0.04844766] ; 0.30173134665813767 ; 75789.09382021267
[0.05113589 0.04537084 0.04062155 0.04469647 0.05513407 0.0493969
 0.04176265 0.04884328 0.06004205 0.06746513 0.06536289 0.05961636] ; 0.33568355889399826 ; 81022.64463454968
[0.02997048 0.0296152  0.03617555 0.04008324 0.04208573 0.04159923
 0.04305014 0.04249256 0.04084441 0.03778954 0.0347773  0.03033214] ; 0.23681193409894816 ; 130600.29233463827
[0.04805984 0.04706167 0.05481319 0.04703634 0.03671601 0.03388063
 0.03995267 0.04141486 0.04002207 0.04674957 0.05813414 0.05369899] ; 0.2911818875010507 ; 58766.403892674876
[0.04555019 0.05061114 0.05305248 0.05386278 0.0560744  0.04257872
 0.03127518 0.02991439 0.03348394 0.03779941 0.04020028 0.04288474] ; 0.2764924588359725 ; 184694.22581956946
[0.02880116 0.02197062 0.02000948 0.02032541 0.02265985 0.02830512
 0.03320068 0.04266465 0.05253279 0.05406702 0.05074949 0.04153811] ; 0.23008062556336453 ; 160769.84425572818
========

