Generation 1
========
[0.02933242 0.03278329 0.03968504 0.0454365  0.04256077 0.03623417
 0.03278329 0.03738446 0.04486135 0.04313591 0.0442862  0.03220815] ; 0.24619280202290392 ; 41858.95403325691
[0.05597564 0.06475613 0.08341468 0.06365857 0.06036589 0.07463419
 0.08451224 0.08341468 0.08231712 0.07463419 0.06256101 0.06146345] ; 0.452942395096909 ; 210800.2812559691
[0.04752528 0.05431461 0.05024102 0.04888315 0.05159888 0.04616742
 0.05024102 0.04480955 0.04752528 0.03869916 0.04073596 0.04073596] ; 0.29523519951389343 ; 119311.94996231241
[0.05292766 0.04967058 0.04478495 0.05374194 0.05944184 0.0431564
 0.04071359 0.04397067 0.05537048 0.05292766 0.05455621 0.05129912] ; 0.3190708325400551 ; 57197.52144095941
[0.01620784 0.02190016 0.03701231 0.04285946 0.04980604 0.0611445
 0.0781743  0.11200702 0.05800357 0.04228264 0.02842139 0.01930667] ; 0.3373562706933987 ; 178747.93003015485
[0.03388181 0.02655125 0.0228762  0.02535694 0.02971941 0.03133505
 0.03720724 0.04805965 0.06327676 0.06267416 0.06167893 0.04375681] ; 0.2685402093660325 ; 91167.43571984464
[0.04299299 0.05754531 0.03634065 0.02476518 0.02175682 0.02797285
 0.03968934 0.05386983 0.06950019 0.07227097 0.06713769 0.05521706] ; 0.3179509652833803 ; 105105.29775993006
[0.0682763  0.08492883 0.10990582 0.07997351 0.065337   0.06291408
 0.05586414 0.04569107 0.0439719  0.04792884 0.05332252 0.06493414] ; 0.4245989459873357 ; 137546.9592482807
========

Generation 2
========
[0.01620784 0.02190016 0.03701231 0.04285946 0.04980604 0.0611445
 0.0781743  0.11200702 0.05800357 0.04228264 0.02842139 0.01930667] ; 0.3373562706933987 ; 41858.95403325691
[0.03388181 0.02655125 0.0228762  0.02535694 0.02971941 0.03133505
 0.03720724 0.04805965 0.06327676 0.06267416 0.06167893 0.04375681] ; 0.2685402093660325 ; 57197.52144095941
[0.02933242 0.03278329 0.03968504 0.0454365  0.04256077 0.03623417
 0.03278329 0.03738446 0.04486135 0.04313591 0.0442862  0.03220815] ; 0.24619280202290392 ; 91167.43571984464
[0.05597564 0.06475613 0.08341468 0.06365857 0.06036589 0.07463419
 0.08451224 0.08341468 0.08231712 0.07463419 0.06256101 0.06146345] ; 0.452942395096909 ; 105105.29775993006
[0.02147856 0.02364036 0.0305544  0.02630813 0.02517495 0.03329524
 0.05795908 0.11692426 0.07880423 0.06759493 0.04739048 0.0297771 ] ; 0.33720919799045207 ; 25932.313272950647
[0.01584696 0.01588676 0.0202591  0.02152893 0.02898898 0.045363
 0.07257736 0.12366124 0.07419261 0.0568587  0.03760989 0.02286324] ; 0.33300517480799313 ; 35014.589597717306
[0.03043661 0.04581827 0.07596824 0.07811124 0.07120678 0.06126545
 0.05533445 0.06527485 0.03667752 0.03492607 0.03228236 0.02886805] ; 0.34251717595012593 ; 100596.17918511337
[0.03626419 0.04441431 0.05742245 0.05264977 0.09603573 0.06008943
 0.04967047 0.04163409 0.03584279 0.02951894 0.03021716 0.03235007] ; 0.31355185085854903 ; 317075.5830097727
========

Generation 3
========
[0.01584696 0.01588676 0.0202591  0.02152893 0.02898898 0.045363
 0.07257736 0.12366124 0.07419261 0.0568587  0.03760989 0.02286324] ; 0.33300517480799313 ; 25932.313272950647
[0.03043661 0.04581827 0.07596824 0.07811124 0.07120678 0.06126545
 0.05533445 0.06527485 0.03667752 0.03492607 0.03228236 0.02886805] ; 0.34251717595012593 ; 35014.589597717306
[0.02147856 0.02364036 0.0305544  0.02630813 0.02517495 0.03329524
 0.05795908 0.11692426 0.07880423 0.06759493 0.04739048 0.0297771 ] ; 0.33720919799045207 ; 41858.95403325691
[0.01620784 0.02190016 0.03701231 0.04285946 0.04980604 0.0611445
 0.0781743  0.11200702 0.05800357 0.04228264 0.02842139 0.01930667] ; 0.3373562706933987 ; 57197.52144095941
[0.00896734 0.006675   0.00679347 0.00719294 0.01208314 0.02546246
 0.05289795 0.11787294 0.10331865 0.07587837 0.03381382 0.01676826] ; 0.3273372800145523 ; 21275.837935690946
[0.01383044 0.01851304 0.03733956 0.04888588 0.051905   0.06294421
 0.08619105 0.11670608 0.05271578 0.03181842 0.02008179 0.01478683] ; 0.34348376697172084 ; 11041.218233050495
[0.01880278 0.03337186 0.06387466 0.07363724 0.0744153  0.07185888
 0.07135112 0.08105567 0.03526469 0.02295147 0.0264775  0.01541545] ; 0.3450386840767525 ; 13228.600924945533
[0.01735057 0.08884648 0.07287441 0.08653656 0.0831962  0.06889885
 0.05468461 0.05195151 0.02197122 0.01573242 0.0125881  0.01252056] ; 0.35807215209242355 ; 93842.3357295742
========

Generation 4
========
[0.00896734 0.006675   0.00679347 0.00719294 0.01208314 0.02546246
 0.05289795 0.11787294 0.10331865 0.07587837 0.03381382 0.01676826] ; 0.3273372800145523 ; 11041.218233050495
[0.01584696 0.01588676 0.0202591  0.02152893 0.02898898 0.045363
 0.07257736 0.12366124 0.07419261 0.0568587  0.03760989 0.02286324] ; 0.33300517480799313 ; 13228.600924945533
[0.03043661 0.04581827 0.07596824 0.07811124 0.07120678 0.06126545
 0.05533445 0.06527485 0.03667752 0.03492607 0.03228236 0.02886805] ; 0.34251717595012593 ; 21275.837935690946
[0.02147856 0.02364036 0.0305544  0.02630813 0.02517495 0.03329524
 0.05795908 0.11692426 0.07880423 0.06759493 0.04739048 0.0297771 ] ; 0.33720919799045207 ; 25932.313272950647
[0.007558   0.00746058 0.00955676 0.01192803 0.02154317 0.04354956
 0.07780347 0.13546336 0.08610591 0.0464395  0.01837449 0.01059431] ; 0.33422769127364965 ; 3004.793580353069
[0.00928468 0.00625443 0.00707257 0.00865342 0.01563938 0.03310742
 0.06716628 0.13382215 0.08770884 0.06341677 0.03463762 0.01643587] ; 0.33481982153812223 ; 28049.959803780886
[0.02463048 0.02230597 0.02350244 0.01911208 0.01913205 0.02439774
 0.04021065 0.08708834 0.0703507  0.11655463 0.07101872 0.03590617] ; 0.33950002660939876 ; 97186.30838702085
[0.01891601 0.02435471 0.0354439  0.03704632 0.04469177 0.06121224
 0.08428401 0.11993253 0.05821748 0.03845564 0.02640937 0.0203394 ] ; 0.34350502541298716 ; 216202.10290132836
========

Generation 5
========
[0.00928468 0.00625443 0.00707257 0.00865342 0.01563938 0.03310742
 0.06716628 0.13382215 0.08770884 0.06341677 0.03463762 0.01643587] ; 0.33481982153812223 ; 3004.793580353069
[0.00896734 0.006675   0.00679347 0.00719294 0.01208314 0.02546246
 0.05289795 0.11787294 0.10331865 0.07587837 0.03381382 0.01676826] ; 0.3273372800145523 ; 11041.218233050495
[0.007558   0.00746058 0.00955676 0.01192803 0.02154317 0.04354956
 0.07780347 0.13546336 0.08610591 0.0464395  0.01837449 0.01059431] ; 0.33422769127364965 ; 13228.600924945533
[0.01584696 0.01588676 0.0202591  0.02152893 0.02898898 0.045363
 0.07257736 0.12366124 0.07419261 0.0568587  0.03760989 0.02286324] ; 0.33300517480799313 ; 21275.837935690946
[0.00451775 0.00363434 0.00508835 0.00761973 0.01638526 0.03818316
 0.07783289 0.14221451 0.07916551 0.04719958 0.02079253 0.0081117 ] ; 0.3314933090734139 ; 3456.790541995688
[0.0161677  0.01466801 0.02284416 0.02899009 0.04204421 0.05882666
 0.08714469 0.1270535  0.06568433 0.04718333 0.03256969 0.0213932 ] ; 0.349253983869577 ; 2787.530922371412
[0.01868542 0.01498609 0.01746526 0.01512296 0.01509581 0.02192039
 0.03748019 0.08727598 0.09794675 0.09679522 0.05530582 0.03238566] ; 0.3249840538315543 ; 13551.531733631711
[0.00994452 0.0127185  0.01972832 0.02440697 0.03671389 0.05958317
 0.0884198  0.12712268 0.06246479 0.03482739 0.017761   0.01145868] ; 0.331959308188061 ; 33012.627309176736
========

Generation 6
========
[0.00994452 0.0127185  0.01972832 0.02440697 0.03671389 0.05958317
 0.0884198  0.12712268 0.06246479 0.03482739 0.017761   0.01145868] ; 0.331959308188061 ; 2787.530922371412
[0.00451775 0.00363434 0.00508835 0.00761973 0.01638526 0.03818316
 0.07783289 0.14221451 0.07916551 0.04719958 0.02079253 0.0081117 ] ; 0.3314933090734139 ; 3004.793580353069
[0.00928468 0.00625443 0.00707257 0.00865342 0.01563938 0.03310742
 0.06716628 0.13382215 0.08770884 0.06341677 0.03463762 0.01643587] ; 0.33481982153812223 ; 3456.790541995688
[0.00896734 0.006675   0.00679347 0.00719294 0.01208314 0.02546246
 0.05289795 0.11787294 0.10331865 0.07587837 0.03381382 0.01676826] ; 0.3273372800145523 ; 11041.218233050495
[0.00505782 0.00513107 0.00754725 0.01114579 0.02250905 0.04835495
 0.08694796 0.13518125 0.06562375 0.03391772 0.01494997 0.00767852] ; 0.3210490495632416 ; 2522.7513994175492
[0.01626651 0.0165313  0.01933997 0.01762512 0.02099516 0.03366861
 0.06307607 0.1283035  0.0912971  0.06592692 0.03590789 0.02204978] ; 0.34194782978311156 ; 11443.2832175286
[0.00264297 0.00198419 0.00259793 0.00385264 0.00870044 0.0248711
 0.06742344 0.14688435 0.09530128 0.04973624 0.01699605 0.00615116] ; 0.33538638427981293 ; 12786.746079991304
[0.00208913 0.00164816 0.00232251 0.00377673 0.00915049 0.02421856
 0.06722832 0.15851617 0.06765555 0.0312485  0.01207513 0.00424732] ; 0.3161438509078791 ; 2070.6877050801313
========

Generation 7
========
[0.00994452 0.0127185  0.01972832 0.02440697 0.03671389 0.05958317
 0.0884198  0.12712268 0.06246479 0.03482739 0.017761   0.01145868] ; 0.331959308188061 ; 2070.6877050801313
[0.00451775 0.00363434 0.00508835 0.00761973 0.01638526 0.03818316
 0.07783289 0.14221451 0.07916551 0.04719958 0.02079253 0.0081117 ] ; 0.3314933090734139 ; 2522.7513994175492
[0.00928468 0.00625443 0.00707257 0.00865342 0.01563938 0.03310742
 0.06716628 0.13382215 0.08770884 0.06341677 0.03463762 0.01643587] ; 0.33481982153812223 ; 2787.530922371412
[0.00896734 0.006675   0.00679347 0.00719294 0.01208314 0.02546246
 0.05289795 0.11787294 0.10331865 0.07587837 0.03381382 0.01676826] ; 0.3273372800145523 ; 3004.793580353069
[0.00244056 0.00291313 0.00582549 0.01022051 0.02210939 0.04889285
 0.09051053 0.14345581 0.06599415 0.03042775 0.01039502 0.0045772 ] ; 0.33103541383382856 ; 3034.043018866892
[0.01930308 0.02171723 0.03084734 0.03412211 0.04371211 0.05764331
 0.07006939 0.09429939 0.05708209 0.07829431 0.0368246  0.02279138] ; 0.3261231123330705 ; 9343.949800397491
[0.00513361 0.00490651 0.00669714 0.00932439 0.01885809 0.04251526
 0.08192422 0.13606222 0.06933348 0.03741682 0.01653679 0.0080903 ] ; 0.31795995439893 ; 3137.881557031079
[0.00472707 0.00271569 0.0025068  0.00458078 0.01095612 0.02156884
 0.05833846 0.13932065 0.10405928 0.07021841 0.02913291 0.01103815] ; 0.3446237364219497 ; 3717.541829873559
========

Generation 8
========
[0.00994452 0.0127185  0.01972832 0.02440697 0.03671389 0.05958317
 0.0884198  0.12712268 0.06246479 0.03482739 0.017761   0.01145868] ; 0.331959308188061 ; 2070.6877050801313
[0.00451775 0.00363434 0.00508835 0.00761973 0.01638526 0.03818316
 0.07783289 0.14221451 0.07916551 0.04719958 0.02079253 0.0081117 ] ; 0.3314933090734139 ; 2522.7513994175492
[0.00928468 0.00625443 0.00707257 0.00865342 0.01563938 0.03310742
 0.06716628 0.13382215 0.08770884 0.06341677 0.03463762 0.01643587] ; 0.33481982153812223 ; 2787.530922371412
[0.00472707 0.00271569 0.0025068  0.00458078 0.01095612 0.02156884
 0.05833846 0.13932065 0.10405928 0.07021841 0.02913291 0.01103815] ; 0.3446237364219497 ; 3004.793580353069
[0.01737162 0.01955875 0.02447274 0.0228441  0.03399537 0.05376473
 0.06760014 0.11171143 0.07346483 0.05161618 0.03045407 0.02075834] ; 0.3194126795374411 ; 4049.841405637285
[0.00271867 0.00159887 0.00172791 0.00289785 0.00745952 0.01822154
 0.05190347 0.12915374 0.09566847 0.08731846 0.02991248 0.00723828] ; 0.33049180050169286 ; 17719.47992922982
[0.00387318 0.0024937  0.00273085 0.00357198 0.00847807 0.02519618
 0.06487037 0.14167128 0.08929898 0.05612153 0.02382223 0.00827152] ; 0.3280580328174491 ; 2983.0614335032224
[0.01749159 0.02235456 0.03809681 0.04733659 0.05851276 0.06406518
 0.06911532 0.09388856 0.05469804 0.04130722 0.02679456 0.01901907] ; 0.3196191059161797 ; 2886.219306661451
========

Generation 9
========
[0.00994452 0.0127185  0.01972832 0.02440697 0.03671389 0.05958317
 0.0884198  0.12712268 0.06246479 0.03482739 0.017761   0.01145868] ; 0.331959308188061 ; 2070.6877050801313
[0.00451775 0.00363434 0.00508835 0.00761973 0.01638526 0.03818316
 0.07783289 0.14221451 0.07916551 0.04719958 0.02079253 0.0081117 ] ; 0.3314933090734139 ; 2522.7513994175492
[0.00928468 0.00625443 0.00707257 0.00865342 0.01563938 0.03310742
 0.06716628 0.13382215 0.08770884 0.06341677 0.03463762 0.01643587] ; 0.33481982153812223 ; 2787.530922371412
[0.00271867 0.00159887 0.00172791 0.00289785 0.00745952 0.01822154
 0.05190347 0.12915374 0.09566847 0.08731846 0.02991248 0.00723828] ; 0.33049180050169286 ; 2886.219306661451
[0.02363298 0.0217018  0.02766912 0.02902137 0.03595832 0.04731604
 0.06160315 0.09938522 0.0747225  0.07142243 0.05132275 0.03293557] ; 0.3311892947499156 ; 16657.540394913827
[0.01246771 0.01709623 0.0279908  0.03427463 0.04818848 0.07040085
 0.09047506 0.10802244 0.04555844 0.02716599 0.01703286 0.01252797] ; 0.32125334876352024 ; 2792.2138865193365
[0.00831463 0.00635381 0.00780342 0.00925608 0.01490332 0.02794257
 0.05635917 0.12311471 0.08797855 0.06645881 0.03479868 0.01477875] ; 0.31607298285524577 ; 2802.1546601710197
[0.01065892 0.00669433 0.00443789 0.00464504 0.00796636 0.01938981
 0.05111644 0.12828882 0.09520196 0.07067839 0.03601819 0.01487367] ; 0.32414915158876806 ; 32191.248898780374
========

Generation 10
========
[0.00994452 0.0127185  0.01972832 0.02440697 0.03671389 0.05958317
 0.0884198  0.12712268 0.06246479 0.03482739 0.017761   0.01145868] ; 0.331959308188061 ; 2070.6877050801313
[0.01065892 0.00669433 0.00443789 0.00464504 0.00796636 0.01938981
 0.05111644 0.12828882 0.09520196 0.07067839 0.03601819 0.01487367] ; 0.32414915158876806 ; 2522.7513994175492
[0.00831463 0.00635381 0.00780342 0.00925608 0.01490332 0.02794257
 0.05635917 0.12311471 0.08797855 0.06645881 0.03479868 0.01477875] ; 0.31607298285524577 ; 2787.530922371412
[0.00451775 0.00363434 0.00508835 0.00761973 0.01638526 0.03818316
 0.07783289 0.14221451 0.07916551 0.04719958 0.02079253 0.0081117 ] ; 0.3314933090734139 ; 2792.2138865193365
[0.01657121 0.01924817 0.02727621 0.03339726 0.0471566  0.06656894
 0.08403313 0.10790296 0.05361281 0.03726554 0.02438575 0.01663001] ; 0.32303878107631145 ; 14808.752360366645
[0.01223426 0.01198439 0.01550877 0.0165169  0.02199108 0.03516104
 0.06461187 0.13385126 0.09084402 0.0648062  0.03469336 0.01778121] ; 0.34358835747760597 ; 19121.52295442222
[0.00631411 0.00297058 0.00181345 0.00250631 0.00546923 0.01400566
 0.04247154 0.12557413 0.10078325 0.0740232  0.03407923 0.0116299 ] ; 0.3195888945577997 ; 2399.403620004942
[0.01365014 0.00709699 0.00356903 0.00275949 0.0038553  0.00961692
 0.03165549 0.10505949 0.09895936 0.08663884 0.04865365 0.02057643] ; 0.3121978580904672 ; 2256.271234971248
========

Generation 11
========
[0.00994452 0.0127185  0.01972832 0.02440697 0.03671389 0.05958317
 0.0884198  0.12712268 0.06246479 0.03482739 0.017761   0.01145868] ; 0.331959308188061 ; 2070.6877050801313
[0.01065892 0.00669433 0.00443789 0.00464504 0.00796636 0.01938981
 0.05111644 0.12828882 0.09520196 0.07067839 0.03601819 0.01487367] ; 0.32414915158876806 ; 2256.271234971248
[0.00831463 0.00635381 0.00780342 0.00925608 0.01490332 0.02794257
 0.05635917 0.12311471 0.08797855 0.06645881 0.03479868 0.01477875] ; 0.31607298285524577 ; 2399.403620004942
[0.00451775 0.00363434 0.00508835 0.00761973 0.01638526 0.03818316
 0.07783289 0.14221451 0.07916551 0.04719958 0.02079253 0.0081117 ] ; 0.3314933090734139 ; 2522.7513994175492
[0.01053111 0.00959185 0.0102608  0.00960041 0.01474514 0.03201696
 0.0690518  0.13800999 0.08491028 0.05527742 0.0290499  0.01569434] ; 0.3324180965226788 ; 20970.374845006827
[0.0151526  0.02023205 0.03153588 0.03655917 0.05565855 0.10090405
 0.0783699  0.08474886 0.04188824 0.03020609 0.02076736 0.01560118] ; 0.3209593854811318 ; 3844.8233533942534
[0.01096107 0.01045769 0.0042959  0.00344962 0.0054853  0.01370504
 0.04083359 0.1205024  0.10345223 0.08482024 0.04481571 0.01794141] ; 0.3326082847294021 ; 3095.3607541092415
[0.00697052 0.00327322 0.00165262 0.00159623 0.00339259 0.0117358
 0.04206529 0.13057972 0.1061877  0.07591783 0.03467225 0.01223846] ; 0.3311145392792865 ; 5195.073559753814
========

Generation 12
========
[0.00994452 0.0127185  0.01972832 0.02440697 0.03671389 0.05958317
 0.0884198  0.12712268 0.06246479 0.03482739 0.017761   0.01145868] ; 0.331959308188061 ; 2070.6877050801313
[0.01065892 0.00669433 0.00443789 0.00464504 0.00796636 0.01938981
 0.05111644 0.12828882 0.09520196 0.07067839 0.03601819 0.01487367] ; 0.32414915158876806 ; 2256.271234971248
[0.00831463 0.00635381 0.00780342 0.00925608 0.01490332 0.02794257
 0.05635917 0.12311471 0.08797855 0.06645881 0.03479868 0.01477875] ; 0.31607298285524577 ; 2399.403620004942
[0.00451775 0.00363434 0.00508835 0.00761973 0.01638526 0.03818316
 0.07783289 0.14221451 0.07916551 0.04719958 0.02079253 0.0081117 ] ; 0.3314933090734139 ; 2522.7513994175492
[0.01221166 0.01062771 0.01120838 0.01121903 0.01740484 0.03592635
 0.07178016 0.1327993  0.07784522 0.05107342 0.0290897  0.0175205 ] ; 0.32424432998661623 ; 3473.003209678667
[0.002999   0.00311222 0.00528366 0.00867122 0.01725667 0.03539899
 0.06476064 0.1426696  0.08038556 0.03396727 0.0117323  0.00469933] ; 0.31447170733126056 ; 22681.121344385258
[0.00621319 0.00292598 0.00175096 0.00233233 0.00567662 0.01780729
 0.05342606 0.1396884  0.10024424 0.06671074 0.03028308 0.01143962] ; 0.3352380254063697 ; 3369.4641297611815
[0.01286396 0.00759046 0.00575691 0.00475518 0.00661063 0.01379988
 0.03677457 0.10795195 0.09730717 0.08496853 0.04805571 0.02344078] ; 0.315329980471696 ; 3349.872792765685
========

Generation 13
========
[0.00994452 0.0127185  0.01972832 0.02440697 0.03671389 0.05958317
 0.0884198  0.12712268 0.06246479 0.03482739 0.017761   0.01145868] ; 0.331959308188061 ; 2070.6877050801313
[0.01065892 0.00669433 0.00443789 0.00464504 0.00796636 0.01938981
 0.05111644 0.12828882 0.09520196 0.07067839 0.03601819 0.01487367] ; 0.32414915158876806 ; 2256.271234971248
[0.00831463 0.00635381 0.00780342 0.00925608 0.01490332 0.02794257
 0.05635917 0.12311471 0.08797855 0.06645881 0.03479868 0.01477875] ; 0.31607298285524577 ; 2399.403620004942
[0.00621319 0.00292598 0.00175096 0.00233233 0.00567662 0.01780729
 0.05342606 0.1396884  0.10024424 0.06671074 0.03028308 0.01143962] ; 0.3352380254063697 ; 2522.7513994175492
[0.00585078 0.00575409 0.00662901 0.00659767 0.01002051 0.02044669
 0.0408661  0.07603276 0.19016166 0.02717252 0.01381076 0.00810544] ; 0.3391591018625856 ; 2916.5608400412416
[0.00392045 0.00493496 0.00918537 0.01501726 0.02841242 0.05418463
 0.08915664 0.13595097 0.06625586 0.03350413 0.01283145 0.00523325] ; 0.3298795868048261 ; 3758.3878773046645
[0.00315384 0.00292489 0.00402588 0.00622649 0.01214489 0.03023034
 0.07862925 0.14788926 0.06575812 0.03553428 0.01352632 0.00463678] ; 0.3165491258005133 ; 2415.1954290964945
[0.00584676 0.00232991 0.00145522 0.00163126 0.00288699 0.00979936
 0.038326   0.1262706  0.10666175 0.07766408 0.03533894 0.01215671] ; 0.32583130454817594 ; 3813.832222486171
========

Generation 14
========
[0.00994452 0.0127185  0.01972832 0.02440697 0.03671389 0.05958317
 0.0884198  0.12712268 0.06246479 0.03482739 0.017761   0.01145868] ; 0.331959308188061 ; 2070.6877050801313
[0.01065892 0.00669433 0.00443789 0.00464504 0.00796636 0.01938981
 0.05111644 0.12828882 0.09520196 0.07067839 0.03601819 0.01487367] ; 0.32414915158876806 ; 2256.271234971248
[0.00831463 0.00635381 0.00780342 0.00925608 0.01490332 0.02794257
 0.05635917 0.12311471 0.08797855 0.06645881 0.03479868 0.01477875] ; 0.31607298285524577 ; 2399.403620004942
[0.00621319 0.00292598 0.00175096 0.00233233 0.00567662 0.01780729
 0.05342606 0.1396884  0.10024424 0.06671074 0.03028308 0.01143962] ; 0.3352380254063697 ; 2415.1954290964945
[0.02717246 0.03040842 0.03503038 0.03293312 0.03695177 0.04593809
 0.06242138 0.10536285 0.06912705 0.05150282 0.03625874 0.02989442] ; 0.32334663501937794 ; 3285.984144065652
[0.01635995 0.02059482 0.03022816 0.0349893  0.05575579 0.08357732
 0.09081624 0.08847658 0.04412722 0.03219346 0.02195272 0.01612596] ; 0.3219286261518447 ; 4014.801988039555
[0.00346378 0.00266773 0.00374596 0.00610585 0.01294069 0.0302993
 0.06829115 0.14330803 0.08933512 0.05474441 0.02164932 0.00677353] ; 0.3336455744723357 ; 3309.1175411844897
[0.00339925 0.0016222  0.00088724 0.00138008 0.00421468 0.01580179
 0.05273994 0.1412584  0.09539855 0.05496928 0.01989389 0.00580656] ; 0.31978104013889014 ; 3529.312861839655
========

Generation 15
========
[0.00994452 0.0127185  0.01972832 0.02440697 0.03671389 0.05958317
 0.0884198  0.12712268 0.06246479 0.03482739 0.017761   0.01145868] ; 0.331959308188061 ; 2070.6877050801313
[0.01065892 0.00669433 0.00443789 0.00464504 0.00796636 0.01938981
 0.05111644 0.12828882 0.09520196 0.07067839 0.03601819 0.01487367] ; 0.32414915158876806 ; 2256.271234971248
[0.00831463 0.00635381 0.00780342 0.00925608 0.01490332 0.02794257
 0.05635917 0.12311471 0.08797855 0.06645881 0.03479868 0.01477875] ; 0.31607298285524577 ; 2399.403620004942
[0.00621319 0.00292598 0.00175096 0.00233233 0.00567662 0.01780729
 0.05342606 0.1396884  0.10024424 0.06671074 0.03028308 0.01143962] ; 0.3352380254063697 ; 2415.1954290964945
[0.00400607 0.00685432 0.01416868 0.02249256 0.04075887 0.07108506
 0.10008789 0.12231792 0.04553956 0.01768887 0.00661009 0.00389662] ; 0.32509130859885665 ; 34404.59272323959
[0.01055914 0.00746036 0.00708035 0.00952336 0.01824006 0.04073493
 0.08197453 0.1434042  0.07685038 0.04835984 0.02670461 0.01392283] ; 0.34065573767384244 ; 24152.74420335629
[0.0037175  0.00179679 0.00111797 0.00141047 0.00327457 0.01058814
 0.03452255 0.15527432 0.10076558 0.05042019 0.02179121 0.00703097] ; 0.3273523152825948 ; 2970.095578370723
[0.01287687 0.00767022 0.00596501 0.00993728 0.00648083 0.01243799
 0.03324795 0.10297432 0.09818803 0.08978546 0.05187169 0.02218285] ; 0.3157944892931963 ; 3254.554275752652
========

Generation 16
========
[0.00994452 0.0127185  0.01972832 0.02440697 0.03671389 0.05958317
 0.0884198  0.12712268 0.06246479 0.03482739 0.017761   0.01145868] ; 0.331959308188061 ; 2070.6877050801313
[0.01065892 0.00669433 0.00443789 0.00464504 0.00796636 0.01938981
 0.05111644 0.12828882 0.09520196 0.07067839 0.03601819 0.01487367] ; 0.32414915158876806 ; 2256.271234971248
[0.00831463 0.00635381 0.00780342 0.00925608 0.01490332 0.02794257
 0.05635917 0.12311471 0.08797855 0.06645881 0.03479868 0.01477875] ; 0.31607298285524577 ; 2399.403620004942
[0.00621319 0.00292598 0.00175096 0.00233233 0.00567662 0.01780729
 0.05342606 0.1396884  0.10024424 0.06671074 0.03028308 0.01143962] ; 0.3352380254063697 ; 2415.1954290964945
[0.02574032 0.03542194 0.04299206 0.04271141 0.05334292 0.06682005
 0.07514225 0.09105899 0.04807665 0.03576439 0.02468577 0.02019709] ; 0.32103329455206364 ; 6975.499133864672
[0.01290625 0.01021871 0.01116895 0.01128081 0.01410129 0.02110922
 0.03761038 0.08720527 0.15072456 0.06368376 0.03732948 0.0188435 ] ; 0.338315261901471 ; 3002.3911664983425
[0.00558911 0.00499152 0.00525209 0.00724156 0.01379997 0.03154303
 0.07129702 0.14314642 0.07834733 0.04128964 0.0162595  0.00657818] ; 0.31958462475076316 ; 3253.6652630916465
[0.02082241 0.01116951 0.00539955 0.00400603 0.0052272  0.01081392
 0.03044756 0.09862739 0.09798197 0.09255613 0.05979146 0.02948948] ; 0.32247536505303104 ; 4395.781348232207
========

Generation 17
========
[0.00994452 0.0127185  0.01972832 0.02440697 0.03671389 0.05958317
 0.0884198  0.12712268 0.06246479 0.03482739 0.017761   0.01145868] ; 0.331959308188061 ; 2070.6877050801313
[0.01065892 0.00669433 0.00443789 0.00464504 0.00796636 0.01938981
 0.05111644 0.12828882 0.09520196 0.07067839 0.03601819 0.01487367] ; 0.32414915158876806 ; 2256.271234971248
[0.00831463 0.00635381 0.00780342 0.00925608 0.01490332 0.02794257
 0.05635917 0.12311471 0.08797855 0.06645881 0.03479868 0.01477875] ; 0.31607298285524577 ; 2399.403620004942
[0.00621319 0.00292598 0.00175096 0.00233233 0.00567662 0.01780729
 0.05342606 0.1396884  0.10024424 0.06671074 0.03028308 0.01143962] ; 0.3352380254063697 ; 2415.1954290964945
[0.00388619 0.00315911 0.00392366 0.00603892 0.01229515 0.03027635
 0.0736908  0.15625572 0.08740435 0.04332308 0.01532699 0.00565159] ; 0.34304421662310564 ; 54708.49517702757
[0.02202558 0.0213121  0.02618681 0.02738194 0.03213547 0.04190789
 0.06028535 0.11085627 0.08401141 0.07261628 0.04594339 0.02663415] ; 0.3395348419944391 ; 5276.547531850412
[0.01639166 0.01151403 0.00795438 0.00815966 0.0127652  0.0259189
 0.05253027 0.11237627 0.10460608 0.06076251 0.03471323 0.01889264] ; 0.31813794802755496 ; 2795.4764581005284
[0.01267547 0.00277214 0.00257251 0.00370691 0.00802779 0.0211979
 0.05549439 0.13486416 0.09371119 0.06112674 0.02576145 0.00854772] ; 0.32294556608275504 ; 9379.300735529589
========

Generation 18
========
[0.00994452 0.0127185  0.01972832 0.02440697 0.03671389 0.05958317
 0.0884198  0.12712268 0.06246479 0.03482739 0.017761   0.01145868] ; 0.331959308188061 ; 2070.6877050801313
[0.01065892 0.00669433 0.00443789 0.00464504 0.00796636 0.01938981
 0.05111644 0.12828882 0.09520196 0.07067839 0.03601819 0.01487367] ; 0.32414915158876806 ; 2256.271234971248
[0.00831463 0.00635381 0.00780342 0.00925608 0.01490332 0.02794257
 0.05635917 0.12311471 0.08797855 0.06645881 0.03479868 0.01477875] ; 0.31607298285524577 ; 2399.403620004942
[0.00621319 0.00292598 0.00175096 0.00233233 0.00567662 0.01780729
 0.05342606 0.1396884  0.10024424 0.06671074 0.03028308 0.01143962] ; 0.3352380254063697 ; 2415.1954290964945
[0.00369825 0.002574   0.00333396 0.0049245  0.01182466 0.03380501
 0.07248995 0.12286658 0.07860003 0.05258347 0.0231568  0.00811169] ; 0.30582160814130405 ; 3036.8151488807366
[0.00793359 0.01092571 0.01539858 0.02214808 0.03721879 0.06397384
 0.09757622 0.13860452 0.06084551 0.02742506 0.01075075 0.00650077] ; 0.34728906146251154 ; 18469.051204256946
[0.03003031 0.01998181 0.01181255 0.01087218 0.01585867 0.030229
 0.05927583 0.11540187 0.08077636 0.07302562 0.05555102 0.03371856] ; 0.3361194605605418 ; 3511.7877161819774
[0.00232032 0.00139565 0.00132385 0.00194626 0.00430627 0.01172999
 0.03212803 0.20472966 0.05552049 0.03564039 0.01446392 0.00448982] ; 0.3340463558162669 ; 2852.914777567851
========

Generation 19
========
[0.00994452 0.0127185  0.01972832 0.02440697 0.03671389 0.05958317
 0.0884198  0.12712268 0.06246479 0.03482739 0.017761   0.01145868] ; 0.331959308188061 ; 2070.6877050801313
[0.00369825 0.002574   0.00333396 0.0049245  0.01182466 0.03380501
 0.07248995 0.12286658 0.07860003 0.05258347 0.0231568  0.00811169] ; 0.30582160814130405 ; 2256.271234971248
[0.01065892 0.00669433 0.00443789 0.00464504 0.00796636 0.01938981
 0.05111644 0.12828882 0.09520196 0.07067839 0.03601819 0.01487367] ; 0.32414915158876806 ; 2399.403620004942
[0.00831463 0.00635381 0.00780342 0.00925608 0.01490332 0.02794257
 0.05635917 0.12311471 0.08797855 0.06645881 0.03479868 0.01477875] ; 0.31607298285524577 ; 2415.1954290964945
[0.00680647 0.00528316 0.00575966 0.00574425 0.009364   0.0237611
 0.0597818  0.12911202 0.09700746 0.07172077 0.03396276 0.01329464] ; 0.3317949524829766 ; 2094.4026974818394
[0.0057048  0.00623783 0.00951631 0.0135566  0.02436714 0.04543889
 0.0798611  0.13825397 0.07423007 0.04067501 0.01768043 0.00802555] ; 0.32860613517539894 ; 7981.81816018122
[0.00399644 0.00370796 0.00620593 0.01026105 0.02147738 0.04728861
 0.08699485 0.13676336 0.07134798 0.04201134 0.01785749 0.00735272] ; 0.3298664720709821 ; 18222.296258929146
[0.01143234 0.00674576 0.00780423 0.00915598 0.01592408 0.032525
 0.05666775 0.10128517 0.08335871 0.07607228 0.04402357 0.02913406] ; 0.3083196907739837 ; 4297.538017090947
========

Generation 20
========
[0.00994452 0.0127185  0.01972832 0.02440697 0.03671389 0.05958317
 0.0884198  0.12712268 0.06246479 0.03482739 0.017761   0.01145868] ; 0.331959308188061 ; 2070.6877050801313
[0.00369825 0.002574   0.00333396 0.0049245  0.01182466 0.03380501
 0.07248995 0.12286658 0.07860003 0.05258347 0.0231568  0.00811169] ; 0.30582160814130405 ; 2094.4026974818394
[0.01065892 0.00669433 0.00443789 0.00464504 0.00796636 0.01938981
 0.05111644 0.12828882 0.09520196 0.07067839 0.03601819 0.01487367] ; 0.32414915158876806 ; 2256.271234971248
[0.00831463 0.00635381 0.00780342 0.00925608 0.01490332 0.02794257
 0.05635917 0.12311471 0.08797855 0.06645881 0.03479868 0.01477875] ; 0.31607298285524577 ; 2399.403620004942
[0.01713851 0.02101858 0.03425647 0.0421267  0.05749366 0.07741233
 0.08817283 0.09417828 0.03740639 0.02154846 0.0169234  0.0163476 ] ; 0.3190217617380206 ; 2925.732107318703
[0.01000705 0.01507507 0.02580308 0.03234647 0.04696062 0.07146982
 0.09200588 0.10453935 0.04289718 0.02305953 0.01293582 0.00952044] ; 0.3135704031003891 ; 3587.4959186623782
[0.00921344 0.0056023  0.00548762 0.00601976 0.0107277  0.02395053
 0.04913439 0.10116946 0.08704689 0.08003627 0.04799278 0.01988718] ; 0.30346143127203784 ; 3265.6965187948135
[0.01042392 0.01489424 0.04357839 0.03836496 0.04486313 0.06653623
 0.08293823 0.09285698 0.03999967 0.02406598 0.0145419  0.01048514] ; 0.3029606706534934 ; 4501.687437389358
========

