Generation 1
========
[0.06205652 0.06368959 0.06123999 0.04980853 0.04735893 0.04899199
 0.04490933 0.04572586 0.04654239 0.05470772 0.05715732 0.06042346] ; 0.33859744810989706 ; 130848.33230225755
[0.02992433 0.03051108 0.04048586 0.04752688 0.04694012 0.04400637
 0.04694012 0.03461834 0.02992433 0.02640382 0.02933758 0.03109783] ; 0.23410774917897326 ; 199521.667684349
[0.04007626 0.03930556 0.04855393 0.04778323 0.04624184 0.05009532
 0.05086602 0.04470044 0.03930556 0.04470044 0.0570316  0.05163672] ; 0.2974649019014137 ; 62228.70176863234
[0.03525962 0.04281525 0.04659306 0.03651889 0.03400034 0.03714852
 0.04659306 0.04848197 0.04659306 0.0384078  0.03966707 0.03651889] ; 0.2594253895881976 ; 63085.232014115645
[0.04492441 0.04543107 0.05136579 0.05222323 0.05089566 0.04932114
 0.05010453 0.0416536  0.03897083 0.03967328 0.04293909 0.04544355] ; 0.29069942751974304 ; 20960.135356083152
[0.06205652 0.06368959 0.06123999 0.04980853 0.04735893 0.04899199
 0.04490933 0.04572586 0.04654239 0.05470772 0.05715732 0.06042346] ; 0.33859744810989706 ; 30439.401424509568
[0.04202649 0.03938582 0.04511839 0.04939248 0.05252704 0.05599654
 0.06349748 0.05422955 0.05044914 0.04817297 0.04915166 0.04737589] ; 0.31510495860007026 ; 5661.052553505065
[0.03865821 0.0388138  0.05010903 0.05525721 0.05420677 0.05342883
 0.05599647 0.04407889 0.03835993 0.03772468 0.04476657 0.04404021] ; 0.2948774376209603 ; 77469.72699593338
========

Generation 2
========
[0.06205652 0.06368959 0.06123999 0.04980853 0.04735893 0.04899199
 0.04490933 0.04572586 0.04654239 0.05470772 0.05715732 0.06042346] ; 0.33859744810989706 ; 5661.052553505065
[0.06205652 0.06368959 0.06123999 0.04980853 0.04735893 0.04899199
 0.04490933 0.04572586 0.04654239 0.05470772 0.05715732 0.06042346] ; 0.33859744810989706 ; 20960.135356083152
[0.02992433 0.03051108 0.04048586 0.04752688 0.04694012 0.04400637
 0.04694012 0.03461834 0.02992433 0.02640382 0.02933758 0.03109783] ; 0.23410774917897326 ; 30439.401424509568
[0.04007626 0.03930556 0.04855393 0.04778323 0.04624184 0.05009532
 0.05086602 0.04470044 0.03930556 0.04470044 0.0570316  0.05163672] ; 0.2974649019014137 ; 62228.70176863234
[0.05518341 0.05640631 0.05558849 0.04625367 0.04408048 0.04588426
 0.04268178 0.04256714 0.04254931 0.04982557 0.05335414 0.05531588] ; 0.3102490061338822 ; 35998.03070141979
[0.06324052 0.06436877 0.06093883 0.04900697 0.04646421 0.04806631
 0.04406078 0.0448875  0.04598635 0.05486008 0.0580641  0.06164508] ; 0.33859744810989706 ; 5661.052553505065
[0.0518394  0.0522302  0.05595937 0.04993586 0.04791119 0.05076792
 0.04917444 0.04628743 0.04381141 0.05069727 0.05847577 0.05720243] ; 0.32298623979952024 ; 69768.47502386452
[0.05952767 0.0552006  0.04958635 0.04002122 0.04024389 0.0458612
 0.0466772  0.05175718 0.05533468 0.06538193 0.06566526 0.06420107] ; 0.33859744810989706 ; 62424.767050638126
========

Generation 3
========
[0.06205652 0.06368959 0.06123999 0.04980853 0.04735893 0.04899199
 0.04490933 0.04572586 0.04654239 0.05470772 0.05715732 0.06042346] ; 0.33859744810989706 ; 5661.052553505065
[0.06205652 0.06368959 0.06123999 0.04980853 0.04735893 0.04899199
 0.04490933 0.04572586 0.04654239 0.05470772 0.05715732 0.06042346] ; 0.33859744810989706 ; 5661.052553505065
[0.02992433 0.03051108 0.04048586 0.04752688 0.04694012 0.04400637
 0.04694012 0.03461834 0.02992433 0.02640382 0.02933758 0.03109783] ; 0.23410774917897326 ; 20960.135356083152
[0.04007626 0.03930556 0.04855393 0.04778323 0.04624184 0.05009532
 0.05086602 0.04470044 0.03930556 0.04470044 0.0570316  0.05163672] ; 0.2974649019014137 ; 30439.401424509568
[0.04268893 0.04813824 0.05349805 0.05046044 0.05092433 0.05214809
 0.0474767  0.04226877 0.03795421 0.03887916 0.03806987 0.03975195] ; 0.28566054209077446 ; 130874.5709803996
[0.04675429 0.04617318 0.05507577 0.05302474 0.05121943 0.05522742
 0.05553292 0.049506   0.04424392 0.05051656 0.06302977 0.0580433 ] ; 0.33250269573468694 ; 170592.9997658579
[0.04242603 0.04334207 0.05280683 0.05752629 0.05644517 0.05384592
 0.05594993 0.04381149 0.03928952 0.03742502 0.04084967 0.04326764] ; 0.3000262393118626 ; 81719.46805237446
[0.06205652 0.06368959 0.06123999 0.04980853 0.04735893 0.04899199
 0.04490933 0.04572586 0.04654239 0.05470772 0.05715732 0.06042346] ; 0.33859744810989706 ; 109300.0437653087
========

Generation 4
========
[0.06205652 0.06368959 0.06123999 0.04980853 0.04735893 0.04899199
 0.04490933 0.04572586 0.04654239 0.05470772 0.05715732 0.06042346] ; 0.33859744810989706 ; 5661.052553505065
[0.06205652 0.06368959 0.06123999 0.04980853 0.04735893 0.04899199
 0.04490933 0.04572586 0.04654239 0.05470772 0.05715732 0.06042346] ; 0.33859744810989706 ; 5661.052553505065
[0.06205652 0.06368959 0.06123999 0.04980853 0.04735893 0.04899199
 0.04490933 0.04572586 0.04654239 0.05470772 0.05715732 0.06042346] ; 0.33859744810989706 ; 20960.135356083152
[0.02992433 0.03051108 0.04048586 0.04752688 0.04694012 0.04400637
 0.04694012 0.03461834 0.02992433 0.02640382 0.02933758 0.03109783] ; 0.23410774917897326 ; 30439.401424509568
[0.04115736 0.04656997 0.06008965 0.06671774 0.06490844 0.05913866
 0.0559765  0.04008996 0.03296092 0.03027117 0.03324242 0.03774647] ; 0.30718720933518323 ; 96889.92161416795
[0.06205652 0.06368959 0.06123999 0.04980853 0.04735893 0.04899199
 0.04490933 0.04572586 0.04654239 0.05470772 0.05715732 0.06042346] ; 0.338597448109897 ; 97963.33815599146
[0.06085879 0.05626342 0.04997869 0.03969059 0.03934638 0.04452699
 0.04536292 0.05063677 0.05467277 0.06531754 0.06630176 0.06537437] ; 0.33859744810989706 ; 87031.76302642476
[0.06205652 0.06368959 0.06123999 0.04980853 0.04735893 0.04899199
 0.04490933 0.04572586 0.04654239 0.05470772 0.05715732 0.06042346] ; 0.33859744810989706 ; 5660.492540801685
========

Generation 5
========
[0.06205652 0.06368959 0.06123999 0.04980853 0.04735893 0.04899199
 0.04490933 0.04572586 0.04654239 0.05470772 0.05715732 0.06042346] ; 0.33859744810989706 ; 5660.492540801685
[0.06205652 0.06368959 0.06123999 0.04980853 0.04735893 0.04899199
 0.04490933 0.04572586 0.04654239 0.05470772 0.05715732 0.06042346] ; 0.33859744810989706 ; 5661.052553505065
[0.06205652 0.06368959 0.06123999 0.04980853 0.04735893 0.04899199
 0.04490933 0.04572586 0.04654239 0.05470772 0.05715732 0.06042346] ; 0.33859744810989706 ; 5661.052553505065
[0.06205652 0.06368959 0.06123999 0.04980853 0.04735893 0.04899199
 0.04490933 0.04572586 0.04654239 0.05470772 0.05715732 0.06042346] ; 0.33859744810989706 ; 20960.135356083152
[0.06107533 0.06360561 0.06361694 0.05225938 0.04880975 0.04858545
 0.04419924 0.04500286 0.04580648 0.05384271 0.05625358 0.05946807] ; 0.3385731390272241 ; 105100.50251284653
[0.0672723  0.0727244  0.07051113 0.05529216 0.04873395 0.04555911
 0.03769403 0.03622527 0.03935336 0.04804941 0.05124581 0.060028  ] ; 0.33859744810989706 ; 5661.849213245713
[0.06205652 0.06368959 0.06123999 0.04980853 0.04735893 0.04899199
 0.04490933 0.04572586 0.04654239 0.05470772 0.05715732 0.06042346] ; 0.3385974481098971 ; 140698.63173859628
[0.07149149 0.07955398 0.0694291  0.05373382 0.04714438 0.0439912
 0.03648047 0.03482355 0.03533954 0.04409989 0.05083788 0.05963681] ; 0.33859744810989706 ; 5660.492540801685
========

Generation 6
========
[0.06205652 0.06368959 0.06123999 0.04980853 0.04735893 0.04899199
 0.04490933 0.04572586 0.04654239 0.05470772 0.05715732 0.06042346] ; 0.33859744810989706 ; 5660.492540801685
[0.06205652 0.06368959 0.06123999 0.04980853 0.04735893 0.04899199
 0.04490933 0.04572586 0.04654239 0.05470772 0.05715732 0.06042346] ; 0.33859744810989706 ; 5660.492540801685
[0.06205652 0.06368959 0.06123999 0.04980853 0.04735893 0.04899199
 0.04490933 0.04572586 0.04654239 0.05470772 0.05715732 0.06042346] ; 0.33859744810989706 ; 5661.052553505065
[0.06205652 0.06368959 0.06123999 0.04980853 0.04735893 0.04899199
 0.04490933 0.04572586 0.04654239 0.05470772 0.05715732 0.06042346] ; 0.33859744810989706 ; 5661.052553505065
[0.06205652 0.06368959 0.06123999 0.04980853 0.04735893 0.04899199
 0.04490933 0.04572586 0.04654239 0.05470772 0.05715732 0.06042346] ; 0.33859744810989706 ; 166054.8489237173
[0.05899938 0.060552   0.05822308 0.04735477 0.04502585 0.04657846
 0.04269692 0.04347323 0.04424954 0.05201262 0.05434154 0.05744677] ; 0.32191685626715055 ; 210539.5814954069
[0.06205652 0.06368959 0.06123999 0.04980853 0.04735893 0.04899199
 0.04490933 0.04572586 0.04654239 0.05470772 0.05715732 0.06042346] ; 0.33859744810989706 ; 5661.363403338806
[0.06503436 0.07256686 0.07312013 0.05962992 0.05437268 0.05192613
 0.04294208 0.03954362 0.03770808 0.04414903 0.04893143 0.05705732] ; 0.3452521464562769 ; 185039.53055789784
========

Generation 7
========
[0.06205652 0.06368959 0.06123999 0.04980853 0.04735893 0.04899199
 0.04490933 0.04572586 0.04654239 0.05470772 0.05715732 0.06042346] ; 0.33859744810989706 ; 5660.492540801685
[0.06205652 0.06368959 0.06123999 0.04980853 0.04735893 0.04899199
 0.04490933 0.04572586 0.04654239 0.05470772 0.05715732 0.06042346] ; 0.33859744810989706 ; 5660.492540801685
[0.06205652 0.06368959 0.06123999 0.04980853 0.04735893 0.04899199
 0.04490933 0.04572586 0.04654239 0.05470772 0.05715732 0.06042346] ; 0.33859744810989706 ; 5661.052553505065
[0.06205652 0.06368959 0.06123999 0.04980853 0.04735893 0.04899199
 0.04490933 0.04572586 0.04654239 0.05470772 0.05715732 0.06042346] ; 0.33859744810989706 ; 5661.052553505065
[0.06126281 0.06311534 0.0612336  0.05033872 0.04817947 0.04993668
 0.0457376  0.04634923 0.04672093 0.05435569 0.05647227 0.05962348] ; 0.33859744810989706 ; 5660.492540801685
[0.06020715 0.06827203 0.07058683 0.05930261 0.05568118 0.05447721
 0.04564585 0.04182313 0.03881508 0.04354665 0.04634725 0.05284862] ; 0.33859744810989706 ; 120981.02345273038
[0.06205652 0.06368959 0.06123999 0.04980853 0.04735893 0.04899199
 0.04490933 0.04572586 0.04654239 0.05470772 0.05715732 0.06042346] ; 0.33859744810989706 ; 5661.690485810741
[0.06155151 0.06317129 0.06074163 0.04940319 0.04697352 0.0485933
 0.04454386 0.04535375 0.04616364 0.05426252 0.05669218 0.05993174] ; 0.335841979843733 ; 208506.19661885145
========

Generation 8
========
[0.06205652 0.06368959 0.06123999 0.04980853 0.04735893 0.04899199
 0.04490933 0.04572586 0.04654239 0.05470772 0.05715732 0.06042346] ; 0.33859744810989706 ; 5660.492540801685
[0.06205652 0.06368959 0.06123999 0.04980853 0.04735893 0.04899199
 0.04490933 0.04572586 0.04654239 0.05470772 0.05715732 0.06042346] ; 0.33859744810989706 ; 5660.492540801685
[0.06205652 0.06368959 0.06123999 0.04980853 0.04735893 0.04899199
 0.04490933 0.04572586 0.04654239 0.05470772 0.05715732 0.06042346] ; 0.33859744810989706 ; 5660.492540801685
[0.06205652 0.06368959 0.06123999 0.04980853 0.04735893 0.04899199
 0.04490933 0.04572586 0.04654239 0.05470772 0.05715732 0.06042346] ; 0.33859744810989706 ; 5661.052553505065
[0.06205652 0.06368959 0.06123999 0.04980853 0.04735893 0.04899199
 0.04490933 0.04572586 0.04654239 0.05470772 0.05715732 0.06042346] ; 0.33859744810989706 ; 163184.81892442392
[0.06205652 0.06368959 0.06123999 0.04980853 0.04735893 0.04899199
 0.04490933 0.04572586 0.04654239 0.05470772 0.05715732 0.06042346] ; 0.33859744810989706 ; 185521.42830975735
[0.06155761 0.06404718 0.06231813 0.05090062 0.04836979 0.04972286
 0.04496819 0.04523412 0.04583728 0.05386617 0.05627809 0.05954415] ; 0.33859744810989706 ; 5660.472484444738
[0.05423952 0.0615651  0.06560617 0.05777549 0.05725005 0.05903051
 0.05160759 0.04831129 0.04430318 0.04722553 0.04654495 0.04944354] ; 0.33859744810989706 ; 163569.6290678764
========

Generation 9
========
[0.06205652 0.06368959 0.06123999 0.04980853 0.04735893 0.04899199
 0.04490933 0.04572586 0.04654239 0.05470772 0.05715732 0.06042346] ; 0.33859744810989706 ; 5660.472484444738
[0.06205652 0.06368959 0.06123999 0.04980853 0.04735893 0.04899199
 0.04490933 0.04572586 0.04654239 0.05470772 0.05715732 0.06042346] ; 0.33859744810989706 ; 5660.492540801685
[0.06205652 0.06368959 0.06123999 0.04980853 0.04735893 0.04899199
 0.04490933 0.04572586 0.04654239 0.05470772 0.05715732 0.06042346] ; 0.33859744810989706 ; 5660.492540801685
[0.06205652 0.06368959 0.06123999 0.04980853 0.04735893 0.04899199
 0.04490933 0.04572586 0.04654239 0.05470772 0.05715732 0.06042346] ; 0.33859744810989706 ; 5660.492540801685
[0.06123478 0.06284622 0.06042906 0.04914897 0.04673181 0.04834325
 0.04431464 0.04512036 0.04592608 0.05398329 0.05640045 0.05962334] ; 0.33411378622508203 ; 5662.106736594113
[0.06152758 0.06314673 0.06071801 0.04938398 0.04695526 0.04857441
 0.04452654 0.04533611 0.04614569 0.05424142 0.05667014 0.05990843] ; 0.33571138834758574 ; 5660.495664754829
[0.06205652 0.06368959 0.06123999 0.04980853 0.04735893 0.04899199
 0.04490933 0.04572586 0.04654239 0.05470772 0.05715732 0.06042346] ; 0.33859744810989706 ; 133449.34389019263
[0.07163027 0.07189722 0.06483624 0.04794736 0.04102921 0.03898102
 0.03455857 0.03634859 0.04026241 0.05258286 0.06044087 0.06816566] ; 0.33859744810989706 ; 153431.6350687255
========

Generation 10
========
[0.06205652 0.06368959 0.06123999 0.04980853 0.04735893 0.04899199
 0.04490933 0.04572586 0.04654239 0.05470772 0.05715732 0.06042346] ; 0.33859744810989706 ; 5660.472484444738
[0.06205652 0.06368959 0.06123999 0.04980853 0.04735893 0.04899199
 0.04490933 0.04572586 0.04654239 0.05470772 0.05715732 0.06042346] ; 0.33859744810989706 ; 5660.492540801685
[0.06205652 0.06368959 0.06123999 0.04980853 0.04735893 0.04899199
 0.04490933 0.04572586 0.04654239 0.05470772 0.05715732 0.06042346] ; 0.33859744810989706 ; 5660.492540801685
[0.06205652 0.06368959 0.06123999 0.04980853 0.04735893 0.04899199
 0.04490933 0.04572586 0.04654239 0.05470772 0.05715732 0.06042346] ; 0.33859744810989706 ; 5660.492540801685
[0.06139647 0.06931932 0.07109932 0.05915834 0.05500238 0.05335644
 0.04446752 0.04074781 0.03809639 0.04331817 0.04676222 0.05380352] ; 0.33859744810989706 ; 161841.94552110598
[0.06091111 0.05630732 0.04999764 0.0396809  0.03931382 0.04447614
 0.04531123 0.05059117 0.05464403 0.06531132 0.06632346 0.06541847] ; 0.33859744810989706 ; 163455.674034494
[0.06902445 0.07372275 0.07054891 0.05464938 0.04772674 0.04447002
 0.03699638 0.03560001 0.03649287 0.04589409 0.05306022 0.06213861] ; 0.33859744810989706 ; 5660.492540801685
[0.05515616 0.05254407 0.04968379 0.04240497 0.04425489 0.05086953
 0.05097779 0.05482209 0.05643897 0.06414877 0.06227147 0.0595539 ] ; 0.33859744810989706 ; 215427.92793011386
========

Generation 11
========
[0.06205652 0.06368959 0.06123999 0.04980853 0.04735893 0.04899199
 0.04490933 0.04572586 0.04654239 0.05470772 0.05715732 0.06042346] ; 0.33859744810989706 ; 5660.472484444738
[0.06205652 0.06368959 0.06123999 0.04980853 0.04735893 0.04899199
 0.04490933 0.04572586 0.04654239 0.05470772 0.05715732 0.06042346] ; 0.33859744810989706 ; 5660.492540801685
[0.06205652 0.06368959 0.06123999 0.04980853 0.04735893 0.04899199
 0.04490933 0.04572586 0.04654239 0.05470772 0.05715732 0.06042346] ; 0.33859744810989706 ; 5660.492540801685
[0.06205652 0.06368959 0.06123999 0.04980853 0.04735893 0.04899199
 0.04490933 0.04572586 0.04654239 0.05470772 0.05715732 0.06042346] ; 0.33859744810989706 ; 5660.492540801685
[0.06205652 0.06368959 0.06123999 0.04980853 0.04735893 0.04899199
 0.04490933 0.04572586 0.04654239 0.05470772 0.05715732 0.06042346] ; 0.33859744810989706 ; 190846.44059779076
[0.06205652 0.06368959 0.06123999 0.04980853 0.04735893 0.04899199
 0.04490933 0.04572586 0.04654239 0.05470772 0.05715732 0.06042346] ; 0.33859744810989706 ; 140917.96204863503
[0.06198229 0.0636134  0.06116673 0.04974894 0.04730228 0.04893339
 0.04485561 0.04567116 0.04648672 0.05464228 0.05708895 0.06035118] ; 0.33819241673839473 ; 217563.0933594803
[0.06157406 0.07292241 0.05979637 0.04863438 0.04624253 0.0478371
 0.04385067 0.04464796 0.04544524 0.05341809 0.05580994 0.05899908] ; 0.33859744810989706 ; 63619.574820234135
========

Generation 12
========
[0.06198229 0.0636134  0.06116673 0.04974894 0.04730228 0.04893339
 0.04485561 0.04567116 0.04648672 0.05464228 0.05708895 0.06035118] ; 0.33819241673839473 ; 5660.472484444738
[0.06205652 0.06368959 0.06123999 0.04980853 0.04735893 0.04899199
 0.04490933 0.04572586 0.04654239 0.05470772 0.05715732 0.06042346] ; 0.33859744810989706 ; 5660.492540801685
[0.06205652 0.06368959 0.06123999 0.04980853 0.04735893 0.04899199
 0.04490933 0.04572586 0.04654239 0.05470772 0.05715732 0.06042346] ; 0.33859744810989706 ; 5660.492540801685
[0.06205652 0.06368959 0.06123999 0.04980853 0.04735893 0.04899199
 0.04490933 0.04572586 0.04654239 0.05470772 0.05715732 0.06042346] ; 0.33859744810989706 ; 5660.492540801685
[0.06260673 0.06467912 0.0622707  0.05053297 0.04765531 0.04867771
 0.04421813 0.04489503 0.0456936  0.05372723 0.0563649  0.06021752] ; 0.3383262479066611 ; 5660.472484444738
[0.06204487 0.06367763 0.06122849 0.04979917 0.04735003 0.04898279
 0.04490089 0.04571727 0.04653365 0.05469745 0.05714659 0.06041211] ; 0.3385338682632121 ; 5660.472484444738
[0.06263729 0.06375699 0.06066994 0.0490043  0.04648751 0.0481
 0.04422998 0.04539419 0.04669036 0.05528095 0.05790496 0.06119882] ; 0.3382124191770617 ; 5654.913329601246
[0.06205652 0.06368959 0.06123999 0.04980853 0.04735893 0.04899199
 0.04490933 0.04572586 0.04654239 0.05470772 0.05715732 0.06042346] ; 0.338597448109897 ; 6102.3789188682385
========

Generation 13
========
[0.06198229 0.0636134  0.06116673 0.04974894 0.04730228 0.04893339
 0.04485561 0.04567116 0.04648672 0.05464228 0.05708895 0.06035118] ; 0.33819241673839473 ; 5654.913329601246
[0.06204487 0.06367763 0.06122849 0.04979917 0.04735003 0.04898279
 0.04490089 0.04571727 0.04653365 0.05469745 0.05714659 0.06041211] ; 0.3385338682632121 ; 5660.472484444738
[0.06205652 0.06368959 0.06123999 0.04980853 0.04735893 0.04899199
 0.04490933 0.04572586 0.04654239 0.05470772 0.05715732 0.06042346] ; 0.33859744810989706 ; 5660.472484444738
[0.06205652 0.06368959 0.06123999 0.04980853 0.04735893 0.04899199
 0.04490933 0.04572586 0.04654239 0.05470772 0.05715732 0.06042346] ; 0.33859744810989706 ; 5660.472484444738
[0.06198229 0.0636134  0.06116673 0.04974894 0.04730228 0.04893339
 0.04485561 0.04567116 0.04648672 0.05464228 0.05708895 0.06035118] ; 0.33819241673839473 ; 136189.9450106408
[0.06200786 0.06363964 0.06119197 0.04976947 0.04732179 0.04895357
 0.04487411 0.04569    0.04650589 0.05466482 0.0571125  0.06037607] ; 0.33833192044417226 ; 5659.458985157912
[0.06204499 0.06367776 0.06122861 0.04979927 0.04735013 0.04898289
 0.04490098 0.04571736 0.04653375 0.05469756 0.05714671 0.06041223] ; 0.3385345407894826 ; 167431.20349229363
[0.07159816 0.07215334 0.06529075 0.04838433 0.04139447 0.03920269
 0.03456143 0.03614396 0.03989586 0.0520781  0.05997411 0.06786485] ; 0.3385338682632121 ; 5661.011971014705
========

Generation 14
========
[0.06200786 0.06363964 0.06119197 0.04976947 0.04732179 0.04895357
 0.04487411 0.04569    0.04650589 0.05466482 0.0571125  0.06037607] ; 0.33833192044417226 ; 5654.913329601246
[0.06198229 0.0636134  0.06116673 0.04974894 0.04730228 0.04893339
 0.04485561 0.04567116 0.04648672 0.05464228 0.05708895 0.06035118] ; 0.33819241673839473 ; 5659.458985157912
[0.06198229 0.0636134  0.06116673 0.04974894 0.04730228 0.04893339
 0.04485561 0.04567116 0.04648672 0.05464228 0.05708895 0.06035118] ; 0.33819241673839473 ; 5660.472484444738
[0.06204499 0.06367776 0.06122861 0.04979927 0.04735013 0.04898289
 0.04490098 0.04571736 0.04653375 0.05469756 0.05714671 0.06041223] ; 0.3385345407894826 ; 5660.472484444738
[0.06131043 0.06374188 0.06222627 0.05095488 0.04845978 0.04983371
 0.04501726 0.0452134  0.04580437 0.05383158 0.05624195 0.05945979] ; 0.3382459035345499 ; 5655.521727610431
[0.06322579 0.06396395 0.06114197 0.0497076  0.04726296 0.04889405
 0.04497157 0.04633984 0.04789126 0.05672027 0.05930477 0.06239372] ; 0.3435760871597327 ; 5619.858547382324
[0.06201968 0.06365178 0.06120364 0.04977896 0.04733081 0.04896291
 0.04488267 0.04569872 0.04651476 0.05467525 0.05712339 0.06038759] ; 0.3383964450864837 ; 5658.947713148663
[0.06116209 0.06275705 0.06034331 0.04907926 0.04680319 0.04899781
 0.04564241 0.04684983 0.04772297 0.05580001 0.05746275 0.05987014] ; 0.3382388645014054 ; 216340.3891489991
========

Generation 15
========
[0.06200786 0.06363964 0.06119197 0.04976947 0.04732179 0.04895357
 0.04487411 0.04569    0.04650589 0.05466482 0.0571125  0.06037607] ; 0.33833192044417226 ; 5619.858547382324
[0.06198229 0.0636134  0.06116673 0.04974894 0.04730228 0.04893339
 0.04485561 0.04567116 0.04648672 0.05464228 0.05708895 0.06035118] ; 0.33819241673839473 ; 5654.913329601246
[0.06198229 0.0636134  0.06116673 0.04974894 0.04730228 0.04893339
 0.04485561 0.04567116 0.04648672 0.05464228 0.05708895 0.06035118] ; 0.33819241673839473 ; 5655.521727610431
[0.06201968 0.06365178 0.06120364 0.04977896 0.04733081 0.04896291
 0.04488267 0.04569872 0.04651476 0.05467525 0.05712339 0.06038759] ; 0.3383964450864837 ; 5658.947713148663
[0.07133917 0.07286613 0.06672885 0.04984906 0.04269102 0.04008143
 0.03472377 0.03560667 0.0387769  0.05043873 0.05837738 0.06674731] ; 0.33833192044417226 ; 110418.77453400515
[0.06201685 0.06364887 0.06120084 0.04977668 0.04732865 0.04896067
 0.04488062 0.04569663 0.04651264 0.05467275 0.05712078 0.06038483] ; 0.33838098844597664 ; 169657.85406413284
[0.05439811 0.05183664 0.04932813 0.04395774 0.04681119 0.05299995
 0.05078612 0.05411193 0.05569213 0.06328269 0.06141739 0.05873097] ; 0.33819241673839473 ; 5656.5911822010785
[0.07008047 0.07308316 0.06940452 0.05213215 0.04365072 0.03956334
 0.03410311 0.03496473 0.03807337 0.04952165 0.05731773 0.06554078] ; 0.33821565612791515 ; 129294.90667684174
========

Generation 16
========
[0.06200786 0.06363964 0.06119197 0.04976947 0.04732179 0.04895357
 0.04487411 0.04569    0.04650589 0.05466482 0.0571125  0.06037607] ; 0.33833192044417226 ; 5619.858547382324
[0.06198229 0.0636134  0.06116673 0.04974894 0.04730228 0.04893339
 0.04485561 0.04567116 0.04648672 0.05464228 0.05708895 0.06035118] ; 0.33819241673839473 ; 5654.913329601246
[0.06198229 0.0636134  0.06116673 0.04974894 0.04730228 0.04893339
 0.04485561 0.04567116 0.04648672 0.05464228 0.05708895 0.06035118] ; 0.33819241673839473 ; 5655.521727610431
[0.06201685 0.06364887 0.06120084 0.04977668 0.04732865 0.04896067
 0.04488062 0.04569663 0.04651264 0.05467275 0.05712078 0.06038483] ; 0.33838098844597664 ; 5656.5911822010785
[0.06312027 0.06478133 0.06228974 0.05066232 0.04817073 0.04983179
 0.04567914 0.04650967 0.0473402  0.0556455  0.05813709 0.06145921] ; 0.34440151999456664 ; 218408.3414505212
[0.06199347 0.06362488 0.06117777 0.04975792 0.04731081 0.04894221
 0.0448637  0.0456794  0.0464951  0.05465214 0.05709925 0.06036206] ; 0.33825341755713245 ; 5655.5834754534635
[0.06648212 0.06209863 0.05373074 0.04007385 0.03675368 0.03917107
 0.03901223 0.04412474 0.04945708 0.06211769 0.06652757 0.06891079] ; 0.3361132772704953 ; 94876.85772487447
[0.05899806 0.06118748 0.05920269 0.04823567 0.04582149 0.047173
 0.04282502 0.04316518 0.04369648 0.05129921 0.05362718 0.05692407] ; 0.32258645536159014 ; 217466.77281595801
========

Generation 17
========
[0.06200786 0.06363964 0.06119197 0.04976947 0.04732179 0.04895357
 0.04487411 0.04569    0.04650589 0.05466482 0.0571125  0.06037607] ; 0.33833192044417226 ; 5619.858547382324
[0.06198229 0.0636134  0.06116673 0.04974894 0.04730228 0.04893339
 0.04485561 0.04567116 0.04648672 0.05464228 0.05708895 0.06035118] ; 0.33819241673839473 ; 5654.913329601246
[0.06198229 0.0636134  0.06116673 0.04974894 0.04730228 0.04893339
 0.04485561 0.04567116 0.04648672 0.05464228 0.05708895 0.06035118] ; 0.33819241673839473 ; 5655.521727610431
[0.06201685 0.06364887 0.06120084 0.04977668 0.04732865 0.04896067
 0.04488062 0.04569663 0.04651264 0.05467275 0.05712078 0.06038483] ; 0.33838098844597664 ; 5655.5834754534635
[0.06200786 0.06363964 0.06119197 0.04976947 0.04732179 0.04895357
 0.04487411 0.04569    0.04650589 0.05466482 0.0571125  0.06037607] ; 0.33833192044417226 ; 137195.26744961075
[0.05859654 0.06671344 0.0696442  0.05924539 0.05636516 0.05580997
 0.04716    0.04329702 0.03989272 0.04403413 0.0459654  0.05167387] ; 0.3383205511159709 ; 5656.239560027885
[0.05862552 0.0601683  0.05785414 0.0470547  0.07426463 0.04628331
 0.04242637 0.04319775 0.04396914 0.05168303 0.05399719 0.05708275] ; 0.3383746345912332 ; 170796.69246942148
[0.06198229 0.0636134  0.06116673 0.04974894 0.04730228 0.04893339
 0.04485561 0.04567116 0.04648672 0.05464228 0.05708895 0.06035118] ; 0.33819241673839473 ; 152194.77490048675
========

