Generation 1
========
[0.03962204 0.03180924 0.02901896 0.03348341 0.03906398 0.03794787
 0.04129621 0.04129621 0.0362737  0.03906398 0.03515758 0.03794787] ; 0.2329583251456927 ; 79095.21918784836
[0.03767993 0.03840454 0.03840454 0.041303   0.03985377 0.0463753
 0.05434605 0.04782452 0.04275223 0.04999837 0.05796912 0.04565068] ; 0.2870843474735209 ; 47558.76377146675
[0.06409582 0.06770685 0.07131788 0.07492892 0.06951237 0.06590134
 0.06138755 0.0622903  0.05416548 0.05235997 0.05777651 0.055971  ] ; 0.39819115633679447 ; 60809.244038197336
[0.04363385 0.04977946 0.04793578 0.0522377  0.04609209 0.0411756
 0.03441543 0.03257174 0.03564455 0.03318631 0.03748823 0.03748823] ; 0.26004502430585563 ; 152541.34981954852
[0.06306582 0.05714506 0.07009771 0.05856541 0.06378158 0.06154679
 0.06435569 0.06458484 0.05659058 0.05942782 0.05618895 0.05902619] ; 0.3846949630327774 ; 89541.78978914411
[0.04121868 0.03165218 0.02808838 0.03231822 0.03770458 0.03662731
 0.03985913 0.03987136 0.03558967 0.04004603 0.03712276 0.04019684] ; 0.23244953057473627 ; 232421.3714149444
[0.03898178 0.04052326 0.04092814 0.04410178 0.04240847 0.04873378
 0.05591718 0.04831761 0.04285101 0.05006427 0.05816612 0.04628685] ; 0.29544660009683243 ; 247385.21620806487
[0.0429808  0.04885701 0.04772848 0.05333686 0.04834782 0.04422513
 0.03790449 0.03528659 0.03712477 0.03431422 0.03843344 0.03768707] ; 0.2670890627877972 ; 58894.03943168788
========

