Generation 1
========
[0.04800288 0.04200252 0.04133582 0.04533606 0.05333654 0.04866959
 0.04266923 0.04466935 0.03800228 0.03666887 0.03666887 0.03866899] ; 0.2723300793759296 ; 46773.05847137257
[0.03482494 0.03482494 0.03100851 0.02719208 0.02766913 0.03053146
 0.03243967 0.03482494 0.03291673 0.03339378 0.03196262 0.03577905] ; 0.2035721351580863 ; 33102.849190238536
[0.0453923  0.04387923 0.03782692 0.04463576 0.05674038 0.04766192
 0.03782692 0.04085307 0.04009653 0.04690538 0.04690538 0.04766192] ; 0.28426123906806994 ; 192802.03543473798
[0.06266271 0.05468746 0.05924474 0.07975254 0.09000644 0.08089186
 0.06152339 0.06722    0.06266271 0.06835932 0.06835932 0.06608068] ; 0.43722334730538326 ; 145250.98927079805
[0.0232452  0.02247396 0.02900079 0.04258    0.06316368 0.06672846
 0.06185169 0.06248107 0.0468271  0.03647084 0.02748552 0.02176127] ; 0.2822890570668185 ; 78253.32450778928
[0.05804291 0.05668411 0.04969456 0.05158898 0.05278967 0.03448308
 0.02093341 0.01852624 0.01846942 0.03167738 0.04976463 0.06165563] ; 0.2845240827505785 ; 174825.0623278094
[0.05976969 0.04355191 0.0332802  0.02386141 0.01844527 0.01517827
 0.01344385 0.01534636 0.01872431 0.0255324  0.03117831 0.0409657 ] ; 0.1942168277996657 ; 84241.14840829365
[0.02918799 0.02791607 0.03236642 0.03485332 0.03885047 0.0415672
 0.03887185 0.03450654 0.02492922 0.01889625 0.01479648 0.02738646] ; 0.19812615016148794 ; 149738.49452107548
========

Generation 2
========
[0.0232452  0.02247396 0.02900079 0.04258    0.06316368 0.06672846
 0.06185169 0.06248107 0.0468271  0.03647084 0.02748552 0.02176127] ; 0.2822890570668185 ; 33102.849190238536
[0.02918799 0.02791607 0.03236642 0.03485332 0.03885047 0.0415672
 0.03887185 0.03450654 0.02492922 0.01889625 0.01479648 0.02738646] ; 0.19812615016148794 ; 46773.05847137257
[0.04800288 0.04200252 0.04133582 0.04533606 0.05333654 0.04866959
 0.04266923 0.04466935 0.03800228 0.03666887 0.03666887 0.03866899] ; 0.2723300793759296 ; 78253.32450778928
[0.03482494 0.03482494 0.03100851 0.02719208 0.02766913 0.03053146
 0.03243967 0.03482494 0.03291673 0.03339378 0.03196262 0.03577905] ; 0.2035721351580863 ; 84241.14840829365
[0.03768267 0.03451494 0.03595019 0.03422398 0.03199391 0.02574853
 0.02117968 0.0229992  0.02667457 0.03028718 0.02806753 0.03628425] ; 0.19422478668940718 ; 23428.100610096335
[0.03859333 0.0370016  0.04653568 0.06095819 0.07576926 0.06342421
 0.04424361 0.03437659 0.02402596 0.02316158 0.03159325 0.03715576] ; 0.2886337715382492 ; 135395.82455736274
[0.03583698 0.0315252  0.03240858 0.03366755 0.03514086 0.03050912
 0.02963269 0.03743907 0.03716031 0.03645398 0.03249451 0.03297375] ; 0.2130608961689358 ; 72963.60243447356
[0.01515257 0.02040777 0.03172638 0.04105026 0.04746209 0.04959918
 0.0438878  0.03394585 0.01959984 0.01113693 0.00660894 0.01129775] ; 0.19567681434079498 ; 31214.68160353995
========

Generation 3
========
[0.01515257 0.02040777 0.03172638 0.04105026 0.04746209 0.04959918
 0.0438878  0.03394585 0.01959984 0.01113693 0.00660894 0.01129775] ; 0.19567681434079498 ; 23428.100610096335
[0.0232452  0.02247396 0.02900079 0.04258    0.06316368 0.06672846
 0.06185169 0.06248107 0.0468271  0.03647084 0.02748552 0.02176127] ; 0.2822890570668185 ; 31214.68160353995
[0.02918799 0.02791607 0.03236642 0.03485332 0.03885047 0.0415672
 0.03887185 0.03450654 0.02492922 0.01889625 0.01479648 0.02738646] ; 0.19812615016148794 ; 33102.849190238536
[0.04800288 0.04200252 0.04133582 0.04533606 0.05333654 0.04866959
 0.04266923 0.04466935 0.03800228 0.03666887 0.03666887 0.03866899] ; 0.2723300793759296 ; 46773.05847137257
[0.01443559 0.01796284 0.02692137 0.04337358 0.06443099 0.06561692
 0.05275384 0.03868678 0.02246914 0.0148018  0.0105247  0.01023444] ; 0.23077400061812253 ; 33200.3511691954
[0.04826422 0.03908673 0.0387897  0.03530471 0.02981746 0.02536278
 0.02328589 0.02424143 0.02124295 0.01853809 0.01770317 0.04241889] ; 0.20143181558518322 ; 48978.744058949276
[0.03432844 0.04380508 0.05962997 0.06302604 0.05729298 0.04363747
 0.03020119 0.02018219 0.0123514  0.01014864 0.01031342 0.0247806 ] ; 0.24201885133278128 ; 43441.66215540984
[0.06353584 0.0616107  0.0586106  0.05460608 0.04685437 0.03072291
 0.02141357 0.02160234 0.02187836 0.02709296 0.03362627 0.04235652] ; 0.26962050222985845 ; 23235.292627074254
========

Generation 4
========
[0.04826422 0.03908673 0.0387897  0.03530471 0.02981746 0.02536278
 0.02328589 0.02424143 0.02124295 0.01853809 0.01770317 0.04241889] ; 0.20143181558518322 ; 23235.292627074254
[0.01443559 0.01796284 0.02692137 0.04337358 0.06443099 0.06561692
 0.05275384 0.03868678 0.02246914 0.0148018  0.0105247  0.01023444] ; 0.23077400061812253 ; 23428.100610096335
[0.01515257 0.02040777 0.03172638 0.04105026 0.04746209 0.04959918
 0.0438878  0.03394585 0.01959984 0.01113693 0.00660894 0.01129775] ; 0.19567681434079498 ; 31214.68160353995
[0.0232452  0.02247396 0.02900079 0.04258    0.06316368 0.06672846
 0.06185169 0.06248107 0.0468271  0.03647084 0.02748552 0.02176127] ; 0.2822890570668185 ; 33102.849190238536
[0.01310824 0.01666328 0.0279804  0.04037605 0.04981    0.0530802
 0.04655237 0.03506277 0.01926124 0.01013611 0.00670926 0.01886517] ; 0.2014782597659971 ; 22793.908963182686
[0.03138214 0.02010129 0.0200313  0.0245165  0.03258985 0.03891683
 0.04347405 0.05075249 0.0438297  0.0344553  0.0256394  0.03809708] ; 0.2215772994619973 ; 12656.93678862665
[0.02098689 0.02104786 0.02375317 0.0287609  0.03690778 0.05237345
 0.06961225 0.04733409 0.03159977 0.02406154 0.01805884 0.0169174 ] ; 0.22526426372572933 ; 53735.705452011964
[0.01608716 0.01554293 0.01800278 0.02407305 0.03880608 0.05433306
 0.06088194 0.0569493  0.03714778 0.02334313 0.01441569 0.01446564] ; 0.22009288329304916 ; 162191.25012599834
========

Generation 5
========
[0.01608716 0.01554293 0.01800278 0.02407305 0.03880608 0.05433306
 0.06088194 0.0569493  0.03714778 0.02334313 0.01441569 0.01446564] ; 0.22009288329304916 ; 12656.93678862665
[0.04826422 0.03908673 0.0387897  0.03530471 0.02981746 0.02536278
 0.02328589 0.02424143 0.02124295 0.01853809 0.01770317 0.04241889] ; 0.20143181558518322 ; 22793.908963182686
[0.02098689 0.02104786 0.02375317 0.0287609  0.03690778 0.05237345
 0.06961225 0.04733409 0.03159977 0.02406154 0.01805884 0.0169174 ] ; 0.22526426372572933 ; 23235.292627074254
[0.01443559 0.01796284 0.02692137 0.04337358 0.06443099 0.06561692
 0.05275384 0.03868678 0.02246914 0.0148018  0.0105247  0.01023444] ; 0.23077400061812253 ; 23428.100610096335
[0.01047279 0.00985088 0.01362692 0.02486286 0.04684312 0.06348567
 0.06567996 0.05643423 0.03408122 0.02059634 0.01249599 0.01021528] ; 0.22815441890441387 ; 27297.077494905338
[0.02506241 0.02694631 0.03784655 0.04982955 0.06169254 0.05372194
 0.04330402 0.0329828  0.0221353  0.01766918 0.01469231 0.01898424] ; 0.22939592961146396 ; 25672.187248254322
[0.03443109 0.02974127 0.03844541 0.04445521 0.04385114 0.03979071
 0.03556918 0.03291129 0.02346955 0.01613283 0.01407529 0.03038721] ; 0.21148385011131476 ; 16573.997302213964
[0.03583539 0.03213527 0.0321899  0.09804001 0.02879116 0.02574194
 0.02072691 0.01751256 0.0140505  0.01309004 0.01306246 0.02763888] ; 0.22508126570615214 ; 8432.648485114974
========

