Generation 1
========
[0.0717241  0.06520372 0.05868335 0.05216298 0.05868335 0.07607101
 0.08041793 0.07824447 0.08476484 0.07498428 0.05868335 0.06411699] ; 0.4377006126750089 ; 35581.2749229867
[0.02743522 0.02853263 0.03566579 0.04225024 0.04389636 0.03566579
 0.03072745 0.03292227 0.03621449 0.03456838 0.02963004 0.02688652] ; 0.21554633389133265 ; 132543.5107619084
[0.04338549 0.04131951 0.04131951 0.03718756 0.03856488 0.04682878
 0.04682878 0.04063085 0.04200817 0.04820609 0.05096073 0.05096073] ; 0.278580070756574 ; 106038.24999234878
[0.03741518 0.03533656 0.03065966 0.03325794 0.03429725 0.0337776
 0.02806139 0.0291007  0.03845449 0.03533656 0.03221863 0.03325794] ; 0.21157992186570554 ; 163481.41343004667
[0.0540096  0.05159126 0.04433624 0.04675458 0.05884628 0.0540096
 0.05642794 0.05320349 0.05481571 0.0540096  0.05642794 0.06045851] ; 0.33914592961146 ; 165374.8713894228
[0.06260836 0.05716416 0.05988626 0.05988626 0.05625679 0.05171995
 0.04990522 0.05353469 0.0644231  0.06351573 0.05988626 0.05807152] ; 0.36612915196995466 ; 301063.79524556786
[0.05317797 0.04957268 0.0459674  0.04416475 0.05137533 0.04777004
 0.04777004 0.04957268 0.04777004 0.05317797 0.06219118 0.05227665] ; 0.3178560315213204 ; 128389.20860056335
[0.05971549 0.05347656 0.04902018 0.0632806  0.06862826 0.07308464
 0.07041081 0.06149805 0.04902018 0.04902018 0.04545508 0.05169401] ; 0.3688817987492341 ; 100824.63610872248
[0.07484521 0.0680411  0.06123699 0.05443288 0.06123699 0.07938128
 0.08391735 0.08164931 0.08845342 0.07824726 0.06123699 0.06690708] ; 0.4567473716575048 ; 92751.49261027438
[0.05558276 0.05485161 0.05189158 0.04590492 0.04868308 0.05752158
 0.05446151 0.04763254 0.04866182 0.0445061  0.03868768 0.04626131] ; 0.31433027476944886 ; 38545.5161610712
[0.02085345 0.0216476  0.0292652  0.03967784 0.04809742 0.04494717
 0.04203576 0.0449532  0.04572906 0.03797817 0.02773857 0.02207165] ; 0.23189583307528513 ; 162047.94539037268
[0.02844694 0.03135401 0.03660161 0.04438074 0.04662053 0.03958206
 0.03127442 0.02994687 0.03206465 0.02787506 0.02405968 0.02424605] ; 0.21236667490468358 ; 137471.77320471953
[0.03542874 0.03065064 0.02839298 0.0248778  0.0258324  0.03184118
 0.03469263 0.03406306 0.03845837 0.04524276 0.04694331 0.04455488] ; 0.22465324243435247 ; 263073.6644371039
[0.03322878 0.03892535 0.04739875 0.04914014 0.05415046 0.06386545
 0.05694241 0.04121252 0.0345395  0.03308768 0.03206179 0.03345649] ; 0.278580070756574 ; 182474.08541097725
[0.03709013 0.03819902 0.03820663 0.0411433  0.039336   0.03293326
 0.0261351  0.02667463 0.03274665 0.03118386 0.02928295 0.03129592] ; 0.2142598140381463 ; 50081.97981950873
[0.04936225 0.05286125 0.06187733 0.07217669 0.07462269 0.0694491
 0.0589418  0.05434795 0.05696403 0.04783375 0.04141313 0.04123898] ; 0.362626011878687 ; 42974.47351910375
========

Generation 2
========
[0.02844694 0.03135401 0.03660161 0.04438074 0.04662053 0.03958206
 0.03127442 0.02994687 0.03206465 0.02787506 0.02405968 0.02424605] ; 0.21236667490468358 ; 35581.2749229867
[0.02085345 0.0216476  0.0292652  0.03967784 0.04809742 0.04494717
 0.04203576 0.0449532  0.04572906 0.03797817 0.02773857 0.02207165] ; 0.23189583307528513 ; 38545.5161610712
[0.0717241  0.06520372 0.05868335 0.05216298 0.05868335 0.07607101
 0.08041793 0.07824447 0.08476484 0.07498428 0.05868335 0.06411699] ; 0.4377006126750089 ; 42974.47351910375
[0.03542874 0.03065064 0.02839298 0.0248778  0.0258324  0.03184118
 0.03469263 0.03406306 0.03845837 0.04524276 0.04694331 0.04455488] ; 0.22465324243435247 ; 50081.97981950873
[0.02743522 0.02853263 0.03566579 0.04225024 0.04389636 0.03566579
 0.03072745 0.03292227 0.03621449 0.03456838 0.02963004 0.02688652] ; 0.21554633389133265 ; 92751.49261027438
[0.04338549 0.04131951 0.04131951 0.03718756 0.03856488 0.04682878
 0.04682878 0.04063085 0.04200817 0.04820609 0.05096073 0.05096073] ; 0.278580070756574 ; 100824.63610872248
[0.03741518 0.03533656 0.03065966 0.03325794 0.03429725 0.0337776
 0.02806139 0.0291007  0.03845449 0.03533656 0.03221863 0.03325794] ; 0.21157992186570554 ; 106038.24999234878
[0.03709013 0.03819902 0.03820663 0.0411433  0.039336   0.03293326
 0.0261351  0.02667463 0.03274665 0.03118386 0.02928295 0.03129592] ; 0.2142598140381463 ; 128389.20860056335
[0.03448718 0.03350496 0.03105487 0.03446832 0.03555118 0.03347099
 0.02745112 0.02800849 0.03555707 0.03261336 0.02957451 0.03043135] ; 0.20355090472982218 ; 210276.23638034888
[0.03631457 0.03762408 0.04136585 0.04538599 0.04749196 0.04552668
 0.03960296 0.03636627 0.03838525 0.03768798 0.03598527 0.03611816] ; 0.25135430256216257 ; 124839.81595786297
[0.02307074 0.02443477 0.02965065 0.0393645  0.04645777 0.04380763
 0.03761642 0.03739224 0.03900336 0.03169457 0.02448348 0.0217654 ] ; 0.21521756363356534 ; 25754.68775168687
[0.02139107 0.02011024 0.02442191 0.03126977 0.03869499 0.03760216
 0.0366152  0.04264543 0.0475919  0.04200627 0.03127373 0.02424141] ; 0.21606990935688405 ; 13084.768118170628
[0.04736781 0.05219678 0.05814271 0.06194534 0.07239934 0.08226389
 0.07456563 0.06202784 0.05606519 0.04370349 0.03299212 0.03716546] ; 0.3675632441307454 ; 36338.778652893256
[0.06361561 0.05278689 0.04543789 0.04123816 0.05011743 0.07209145
 0.084152   0.08793219 0.09825033 0.08569342 0.06333992 0.06319987] ; 0.4377006126750089 ; 68469.8497600445
[0.03030271 0.02480019 0.02225596 0.02387724 0.02704652 0.03059788
 0.03289244 0.03908179 0.05058596 0.05054136 0.04364775 0.03639255] ; 0.22287126641617083 ; 50832.301357056436
[0.03495056 0.03744944 0.04084173 0.04471935 0.04225512 0.03317841
 0.02548757 0.02499998 0.02903883 0.02858501 0.02764475 0.02973195] ; 0.212944583842823 ; 84140.69123832097
========

Generation 3
========
[0.03030271 0.02480019 0.02225596 0.02387724 0.02704652 0.03059788
 0.03289244 0.03908179 0.05058596 0.05054136 0.04364775 0.03639255] ; 0.22287126641617083 ; 13084.768118170628
[0.02844694 0.03135401 0.03660161 0.04438074 0.04662053 0.03958206
 0.03127442 0.02994687 0.03206465 0.02787506 0.02405968 0.02424605] ; 0.21236667490468358 ; 25754.68775168687
[0.02139107 0.02011024 0.02442191 0.03126977 0.03869499 0.03760216
 0.0366152  0.04264543 0.0475919  0.04200627 0.03127373 0.02424141] ; 0.21606990935688405 ; 35581.2749229867
[0.02085345 0.0216476  0.0292652  0.03967784 0.04809742 0.04494717
 0.04203576 0.0449532  0.04572906 0.03797817 0.02773857 0.02207165] ; 0.23189583307528513 ; 36338.778652893256
[0.03631457 0.03762408 0.04136585 0.04538599 0.04749196 0.04552668
 0.03960296 0.03636627 0.03838525 0.03768798 0.03598527 0.03611816] ; 0.25135430256216257 ; 38545.5161610712
[0.02307074 0.02443477 0.02965065 0.0393645  0.04645777 0.04380763
 0.03761642 0.03739224 0.03900336 0.03169457 0.02448348 0.0217654 ] ; 0.21521756363356534 ; 42974.47351910375
[0.0717241  0.06520372 0.05868335 0.05216298 0.05868335 0.07607101
 0.08041793 0.07824447 0.08476484 0.07498428 0.05868335 0.06411699] ; 0.4377006126750089 ; 50081.97981950873
[0.03542874 0.03065064 0.02839298 0.0248778  0.0258324  0.03184118
 0.03469263 0.03406306 0.03845837 0.04524276 0.04694331 0.04455488] ; 0.22465324243435247 ; 50832.301357056436
[0.02845782 0.03159468 0.03843551 0.04688572 0.05267285 0.05131351
 0.04285078 0.03641822 0.03510386 0.03146026 0.02818118 0.02759259] ; 0.2415768501648809 ; 39159.818017569465
[0.02341205 0.01986441 0.01981677 0.02407805 0.03027715 0.03606096
 0.03943177 0.04571787 0.05494571 0.04959951 0.03827466 0.02913886] ; 0.22532607975873858 ; 26317.428800755577
[0.02520435 0.02718821 0.03311982 0.04312334 0.05061445 0.05556379
 0.04093222 0.03862988 0.03947349 0.0328674  0.02645731 0.02408739] ; 0.2367014221637519 ; 27860.076291604226
[0.06625293 0.07056435 0.07408085 0.07553764 0.07708095 0.07534361
 0.06513794 0.05872107 0.06134289 0.05422237 0.04568243 0.05268589] ; 0.4113730808827583 ; 15975.524616358296
[0.02089232 0.01964134 0.02385248 0.03054068 0.03779278 0.03672543
 0.03576148 0.04165111 0.04789293 0.04521103 0.03231482 0.02367619] ; 0.21606990935688405 ; 114615.3513396087
[0.01735    0.01850888 0.02492176 0.03490887 0.04461884 0.0430238
 0.04639177 0.04071504 0.04029863 0.0317805  0.02238965 0.01779742] ; 0.21075085297779417 ; 137408.3361282619
[0.02880202 0.02985401 0.03455866 0.04032103 0.04428135 0.04208053
 0.03753799 0.0364878  0.03796729 0.03507972 0.03078764 0.02906896] ; 0.22570363590677628 ; 8874.298528986143
[0.03900776 0.03669858 0.03866317 0.03873083 0.03676455 0.03054019
 0.02692171 0.02866239 0.03454756 0.03969131 0.04131778 0.04180845] ; 0.22930832569613885 ; 58852.68618388489
========

Generation 4
========
[0.03030271 0.02480019 0.02225596 0.02387724 0.02704652 0.03059788
 0.03289244 0.03908179 0.05058596 0.05054136 0.04364775 0.03639255] ; 0.22287126641617083 ; 8874.298528986143
[0.02089232 0.01964134 0.02385248 0.03054068 0.03779278 0.03672543
 0.03576148 0.04165111 0.04789293 0.04521103 0.03231482 0.02367619] ; 0.21606990935688405 ; 13084.768118170628
[0.02341205 0.01986441 0.01981677 0.02407805 0.03027715 0.03606096
 0.03943177 0.04571787 0.05494571 0.04959951 0.03827466 0.02913886] ; 0.22532607975873858 ; 15975.524616358296
[0.02844694 0.03135401 0.03660161 0.04438074 0.04662053 0.03958206
 0.03127442 0.02994687 0.03206465 0.02787506 0.02405968 0.02424605] ; 0.21236667490468358 ; 25754.68775168687
[0.01735    0.01850888 0.02492176 0.03490887 0.04461884 0.0430238
 0.04639177 0.04071504 0.04029863 0.0317805  0.02238965 0.01779742] ; 0.21075085297779417 ; 26317.428800755577
[0.02139107 0.02011024 0.02442191 0.03126977 0.03869499 0.03760216
 0.0366152  0.04264543 0.0475919  0.04200627 0.03127373 0.02424141] ; 0.21606990935688405 ; 27860.076291604226
[0.02845782 0.03159468 0.03843551 0.04688572 0.05267285 0.05131351
 0.04285078 0.03641822 0.03510386 0.03146026 0.02818118 0.02759259] ; 0.2415768501648809 ; 35581.2749229867
[0.02085345 0.0216476  0.0292652  0.03967784 0.04809742 0.04494717
 0.04203576 0.0449532  0.04572906 0.03797817 0.02773857 0.02207165] ; 0.23189583307528513 ; 36338.778652893256
[0.02623742 0.02234768 0.02136352 0.0246204  0.02974419 0.03470015
 0.03824505 0.04616959 0.05315015 0.0470454  0.03846792 0.03122853] ; 0.22425256019483916 ; 22069.292667674792
[0.02246155 0.02160976 0.0250882  0.03405058 0.04290405 0.04223432
 0.0396491  0.04282267 0.04629496 0.03957082 0.03023748 0.0246239 ] ; 0.22273381081878105 ; 13055.974475211176
[0.03242461 0.0252183  0.02176829 0.02200525 0.02373345 0.02541538
 0.02804713 0.03644299 0.05106821 0.05508966 0.04846016 0.03996188] ; 0.22487398149372925 ; 34527.77844873456
[0.01669615 0.01601211 0.02114273 0.02990182 0.0396714  0.04120915
 0.04224667 0.04791999 0.04955007 0.03999001 0.02722691 0.01962313] ; 0.2176950215814059 ; 205228.84593508122
[0.03288148 0.03007138 0.03360595 0.03943368 0.04320945 0.04200482
 0.03675454 0.03531322 0.03912331 0.03715371 0.03301982 0.03359751] ; 0.22996855126893284 ; 9356.950896543894
[0.02664418 0.02815145 0.03446152 0.04237648 0.0461655  0.0390465
 0.03681732 0.03243247 0.03501332 0.03238278 0.02777234 0.02568618] ; 0.2167795411819275 ; 15199.268389911353
[0.02837925 0.03121767 0.03626156 0.04325181 0.04481051 0.03879156
 0.03231213 0.03254542 0.0360429  0.03145936 0.02620654 0.0250561 ] ; 0.21664271720585307 ; 34036.441455377484
[0.03923421 0.04039233 0.04187108 0.04308795 0.03757962 0.02754776
 0.02086865 0.0218167  0.02785208 0.02972848 0.03012542 0.03317408] ; 0.2113537367326791 ; 57901.56726322413
========

