Generation 1
========
[0.04065759 0.04783245 0.05500732 0.05341291 0.05022408 0.04942687
 0.05421012 0.05979057 0.05660174 0.05022408 0.04703525 0.04145479] ; 0.31996826847325444 ; 45834.92871583906
[0.03424718 0.03762366 0.03472953 0.03762366 0.03280011 0.02942363
 0.03183541 0.03424718 0.03038834 0.03183541 0.03810602 0.0361766 ] ; 0.2149172225509895 ; 114429.42273081979
[0.03719863 0.03353975 0.03719863 0.03110049 0.03232012 0.03232012
 0.03719863 0.03110049 0.03171031 0.04146732 0.04573602 0.04451639] ; 0.23068329637713797 ; 54103.76587709525
[0.03920286 0.04674187 0.04824968 0.04071066 0.04071066 0.03769506
 0.04071066 0.04674187 0.05126528 0.04975748 0.05352698 0.04749577] ; 0.2864071546037006 ; 267906.7952211479
[0.05197081 0.04928267 0.06003525 0.05017872 0.04480242 0.04301033
 0.04659452 0.05555501 0.07168388 0.07168388 0.05824315 0.05555501] ; 0.35116980101289785 ; 268556.501339058
[0.05507091 0.05083469 0.05591815 0.06269611 0.05845989 0.04490397
 0.04320948 0.04829295 0.05930713 0.04998744 0.04998744 0.05761264] ; 0.33684873030638307 ; 202557.70960984187
[0.03634184 0.04006527 0.04697085 0.05042827 0.05127552 0.05083797
 0.05608559 0.06107998 0.06245762 0.05279897 0.04150658 0.03794341] ; 0.3125844482220165 ; 163885.3055551968
[0.04704483 0.04657717 0.04458619 0.0375965  0.03354617 0.0348577
 0.04408027 0.05842295 0.06567772 0.06561184 0.06404738 0.05407222] ; 0.31996826847325444 ; 50436.7468976862
[0.04961902 0.03959142 0.03869731 0.02835948 0.02395149 0.02452685
 0.03140333 0.04548668 0.06867378 0.07773611 0.06727796 0.06063928] ; 0.310296958194164 ; 117753.39197132204
[0.04791747 0.04956305 0.04049593 0.03611287 0.02724204 0.02217191
 0.02367323 0.02773979 0.02925709 0.03599509 0.04929681 0.05075986] ; 0.23829950984525147 ; 1826.314548269836
[0.03692811 0.03267545 0.03078064 0.02538041 0.02816917 0.03178667
 0.04263947 0.05046899 0.05938025 0.06572373 0.06665688 0.05348608] ; 0.2869262176412814 ; 264267.3989516033
[0.04716332 0.04683477 0.05555816 0.04740523 0.04770201 0.04456106
 0.04645474 0.03557901 0.0339025  0.04230221 0.0476552  0.05054053] ; 0.2884780160074947 ; 154107.94976048125
========

Generation 2
========
[0.04065759 0.04783245 0.05500732 0.05341291 0.05022408 0.04942687
 0.05421012 0.05979057 0.05660174 0.05022408 0.04703525 0.04145479] ; 0.31996826847325444 ; 1826.314548269836
[0.03424718 0.03762366 0.03472953 0.03762366 0.03280011 0.02942363
 0.03183541 0.03424718 0.03038834 0.03183541 0.03810602 0.0361766 ] ; 0.2149172225509895 ; 45834.92871583906
[0.03692811 0.03267545 0.03078064 0.02538041 0.02816917 0.03178667
 0.04263947 0.05046899 0.05938025 0.06572373 0.06665688 0.05348608] ; 0.2869262176412814 ; 50436.7468976862
[0.03719863 0.03353975 0.03719863 0.03110049 0.03232012 0.03232012
 0.03719863 0.03110049 0.03171031 0.04146732 0.04573602 0.04451639] ; 0.23068329637713797 ; 54103.76587709525
[0.03920286 0.04674187 0.04824968 0.04071066 0.04071066 0.03769506
 0.04071066 0.04674187 0.05126528 0.04975748 0.05352698 0.04749577] ; 0.2864071546037006 ; 114429.42273081979
[0.04716332 0.04683477 0.05555816 0.04740523 0.04770201 0.04456106
 0.04645474 0.03557901 0.0339025  0.04230221 0.0476552  0.05054053] ; 0.2884780160074947 ; 117753.39197132204
[0.03826931 0.04417331 0.05177053 0.05026021 0.04849603 0.04789873
 0.05228605 0.05499718 0.05133369 0.04643335 0.04387715 0.03942314] ; 0.30009514063110326 ; 59216.54730177814
[0.04722257 0.04664919 0.05319074 0.04751201 0.04809825 0.04790836
 0.05391648 0.04914451 0.0479464  0.054388   0.05684719 0.0539147 ] ; 0.3186425278770327 ; 88787.71816964656
[0.04548166 0.05309057 0.05871194 0.05748102 0.05265569 0.05030025
 0.05432102 0.05931098 0.05581988 0.05125781 0.05078751 0.04612762] ; 0.33439332390243054 ; 82400.4201604989
[0.0350556  0.03466282 0.03347047 0.03277399 0.0306254  0.029279
 0.03346566 0.03370334 0.0321566  0.03738225 0.0431019  0.04042424] ; 0.2191704967985212 ; 94999.56577585575
[0.03445563 0.03048472 0.02919549 0.02475996 0.02838655 0.03295647
 0.04495497 0.05323275 0.0616614  0.0663943  0.06516343 0.05077276] ; 0.2869262176412814 ; 49079.79327909728
[0.03882259 0.04461451 0.0460139  0.03898899 0.03962537 0.03765397
 0.04187278 0.04762137 0.05230074 0.05195051 0.05506662 0.04814955] ; 0.28663537271227707 ; 55482.80526558162
========

Generation 3
========
[0.04065759 0.04783245 0.05500732 0.05341291 0.05022408 0.04942687
 0.05421012 0.05979057 0.05660174 0.05022408 0.04703525 0.04145479] ; 0.31996826847325444 ; 1826.314548269836
[0.03445563 0.03048472 0.02919549 0.02475996 0.02838655 0.03295647
 0.04495497 0.05323275 0.0616614  0.0663943  0.06516343 0.05077276] ; 0.2869262176412814 ; 45834.92871583906
[0.03424718 0.03762366 0.03472953 0.03762366 0.03280011 0.02942363
 0.03183541 0.03424718 0.03038834 0.03183541 0.03810602 0.0361766 ] ; 0.2149172225509895 ; 49079.79327909728
[0.0350556  0.03466282 0.03347047 0.03277399 0.0306254  0.029279
 0.03346566 0.03370334 0.0321566  0.03738225 0.0431019  0.04042424] ; 0.2191704967985212 ; 50436.7468976862
[0.03692811 0.03267545 0.03078064 0.02538041 0.02816917 0.03178667
 0.04263947 0.05046899 0.05938025 0.06572373 0.06665688 0.05348608] ; 0.2869262176412814 ; 54103.76587709525
[0.03719863 0.03353975 0.03719863 0.03110049 0.03232012 0.03232012
 0.03719863 0.03110049 0.03171031 0.04146732 0.04573602 0.04451639] ; 0.23068329637713797 ; 55482.80526558162
[0.03900898 0.03879736 0.04415593 0.03987327 0.04035522 0.04055208
 0.04598457 0.04304075 0.04198307 0.0464691  0.04784285 0.04466654] ; 0.269230194736511 ; 84447.30282474664
[0.036835   0.04413434 0.05217959 0.05218335 0.0502325  0.05000278
 0.05465114 0.05923055 0.05457128 0.04700663 0.04296892 0.03741968] ; 0.30800848221725347 ; 96616.85117407082
[0.04211624 0.04364228 0.04633696 0.04190283 0.04175483 0.0428942
 0.05099284 0.05717487 0.06072005 0.06187437 0.06156813 0.05187229] ; 0.3193953031900666 ; 94780.2165550118
[0.04230814 0.0462302  0.04270973 0.0460366  0.04036446 0.03646266
 0.03976581 0.04294314 0.03859235 0.04049084 0.04798243 0.04517786] ; 0.26739447055170695 ; 47898.77682066849
[0.03465751 0.03586341 0.03374709 0.03479493 0.03150814 0.02939006
 0.03298454 0.03453086 0.03194363 0.03629585 0.0413028  0.03866401] ; 0.2184930971434977 ; 42460.05874435639
[0.03355402 0.03008876 0.02859932 0.02536492 0.02845492 0.03279146
 0.0446916  0.0532247  0.06071582 0.06469878 0.06316283 0.04886319] ; 0.28181370754183305 ; 65755.2439185943
========

Generation 4
========
[0.04065759 0.04783245 0.05500732 0.05341291 0.05022408 0.04942687
 0.05421012 0.05979057 0.05660174 0.05022408 0.04703525 0.04145479] ; 0.31996826847325444 ; 1826.314548269836
[0.03900898 0.03879736 0.04415593 0.03987327 0.04035522 0.04055208
 0.04598457 0.04304075 0.04198307 0.0464691  0.04784285 0.04466654] ; 0.269230194736511 ; 42460.05874435639
[0.03355402 0.03008876 0.02859932 0.02536492 0.02845492 0.03279146
 0.0446916  0.0532247  0.06071582 0.06469878 0.06316283 0.04886319] ; 0.28181370754183305 ; 45834.92871583906
[0.03445563 0.03048472 0.02919549 0.02475996 0.02838655 0.03295647
 0.04495497 0.05323275 0.0616614  0.0663943  0.06516343 0.05077276] ; 0.2869262176412814 ; 47898.77682066849
[0.03465751 0.03586341 0.03374709 0.03479493 0.03150814 0.02939006
 0.03298454 0.03453086 0.03194363 0.03629585 0.0413028  0.03866401] ; 0.2184930971434977 ; 49079.79327909728
[0.03424718 0.03762366 0.03472953 0.03762366 0.03280011 0.02942363
 0.03183541 0.03424718 0.03038834 0.03183541 0.03810602 0.0361766 ] ; 0.2149172225509895 ; 50436.7468976862
[0.03863556 0.0422948  0.04661895 0.0444582  0.04335344 0.04427663
 0.05149823 0.05812289 0.05849921 0.05555034 0.05288884 0.0443236 ] ; 0.30688994600649394 ; 39526.42665649758
[0.03909805 0.04137201 0.04441473 0.04090093 0.04001449 0.04118318
 0.04880846 0.05583916 0.05819427 0.05719988 0.05544889 0.04646629] ; 0.3012736721241134 ; 84469.06042720834
[0.04005543 0.04064418 0.04663319 0.04186226 0.04159551 0.04071763
 0.04493779 0.04120134 0.03985124 0.04438255 0.04657231 0.04465029] ; 0.269230194736511 ; 78690.25170614019
[0.03453928 0.03700993 0.03906285 0.03872074 0.03641463 0.03425484
 0.0371494  0.03589951 0.03292291 0.03527417 0.03884659 0.03716467] ; 0.2292826008829859 ; 68568.7817532415
[0.0394601  0.04473138 0.05057938 0.04859566 0.04687943 0.04649172
 0.05202764 0.05648717 0.05558166 0.05259244 0.05081516 0.04381482] ; 0.3098540906901054 ; 43276.239664428846
[0.02917516 0.02646237 0.02463507 0.02251046 0.02396168 0.02672218
 0.03586307 0.04277433 0.04825977 0.0523441  0.05213384 0.04109959] ; 0.23198378435280817 ; 39984.27178636623
========

Generation 5
========
[0.04065759 0.04783245 0.05500732 0.05341291 0.05022408 0.04942687
 0.05421012 0.05979057 0.05660174 0.05022408 0.04703525 0.04145479] ; 0.31996826847325444 ; 1826.314548269836
[0.03453928 0.03700993 0.03906285 0.03872074 0.03641463 0.03425484
 0.0371494  0.03589951 0.03292291 0.03527417 0.03884659 0.03716467] ; 0.2292826008829859 ; 39526.42665649758
[0.02917516 0.02646237 0.02463507 0.02251046 0.02396168 0.02672218
 0.03586307 0.04277433 0.04825977 0.0523441  0.05213384 0.04109959] ; 0.23198378435280817 ; 39984.27178636623
[0.0394601  0.04473138 0.05057938 0.04859566 0.04687943 0.04649172
 0.05202764 0.05648717 0.05558166 0.05259244 0.05081516 0.04381482] ; 0.3098540906901054 ; 42460.05874435639
[0.03900898 0.03879736 0.04415593 0.03987327 0.04035522 0.04055208
 0.04598457 0.04304075 0.04198307 0.0464691  0.04784285 0.04466654] ; 0.269230194736511 ; 43276.239664428846
[0.03355402 0.03008876 0.02859932 0.02536492 0.02845492 0.03279146
 0.0446916  0.0532247  0.06071582 0.06469878 0.06316283 0.04886319] ; 0.28181370754183305 ; 45834.92871583906
[0.03998104 0.04658808 0.05342151 0.0521135  0.04953514 0.04943474
 0.05494648 0.06116328 0.0580605  0.0512924  0.04753667 0.04132148] ; 0.31996826847325444 ; 74071.30075893765
[0.03976979 0.04097399 0.04681086 0.04267845 0.04224322 0.04183801
 0.04669738 0.04475355 0.04332372 0.04628616 0.04734328 0.04430046] ; 0.276445658642093 ; 70210.62938877566
[0.03441033 0.03400699 0.03821141 0.03477752 0.03525964 0.03570519
 0.04093529 0.03886098 0.03799083 0.04194073 0.04306347 0.03978042] ; 0.23901323920874018 ; 61768.72310931144
[0.03183794 0.02945663 0.0284319  0.02563701 0.02737239 0.03013902
 0.03952044 0.04590798 0.05146517 0.05538214 0.05524134 0.04413364] ; 0.25140697900571857 ; 9162.725953533467
[0.03056664 0.02896137 0.0279647  0.0262118  0.02685626 0.02856689
 0.03641821 0.04160596 0.04529146 0.04902987 0.04964142 0.04055833] ; 0.23154538711890688 ; 32963.58008635131
[0.0325276  0.0354151  0.03871301 0.03671745 0.03565742 0.03566203
 0.04093014 0.04500861 0.04575298 0.04522631 0.04458154 0.03795535] ; 0.25004090954023556 ; 16003.004308608562
========

Generation 6
========
[0.04065759 0.04783245 0.05500732 0.05341291 0.05022408 0.04942687
 0.05421012 0.05979057 0.05660174 0.05022408 0.04703525 0.04145479] ; 0.31996826847325444 ; 1826.314548269836
[0.03056664 0.02896137 0.0279647  0.0262118  0.02685626 0.02856689
 0.03641821 0.04160596 0.04529146 0.04902987 0.04964142 0.04055833] ; 0.23154538711890688 ; 9162.725953533467
[0.03453928 0.03700993 0.03906285 0.03872074 0.03641463 0.03425484
 0.0371494  0.03589951 0.03292291 0.03527417 0.03884659 0.03716467] ; 0.2292826008829859 ; 16003.004308608562
[0.0325276  0.0354151  0.03871301 0.03671745 0.03565742 0.03566203
 0.04093014 0.04500861 0.04575298 0.04522631 0.04458154 0.03795535] ; 0.25004090954023556 ; 32963.58008635131
[0.02917516 0.02646237 0.02463507 0.02251046 0.02396168 0.02672218
 0.03586307 0.04277433 0.04825977 0.0523441  0.05213384 0.04109959] ; 0.23198378435280817 ; 39526.42665649758
[0.03183794 0.02945663 0.0284319  0.02563701 0.02737239 0.03013902
 0.03952044 0.04590798 0.05146517 0.05538214 0.05524134 0.04413364] ; 0.25140697900571857 ; 39984.27178636623
[0.03244983 0.0364551  0.04107661 0.04018102 0.03922145 0.04031862
 0.04643579 0.05259698 0.05113171 0.04675425 0.0427214  0.03559195] ; 0.2673607106212188 ; 91825.25139587164
[0.03031649 0.03614486 0.04235632 0.04210447 0.04011852 0.03941834
 0.04275577 0.0458728  0.04230771 0.03713055 0.034691   0.03071966] ; 0.24523380788788413 ; 72968.05773197892
[0.03085639 0.03011881 0.02946773 0.02743498 0.0274294  0.02821883
 0.03471523 0.03847671 0.0412167  0.04475086 0.04644295 0.03938935] ; 0.22263681087136766 ; 49739.35814396378
[0.03701142 0.04013752 0.04376879 0.04241982 0.04136776 0.04199038
 0.0487062  0.05418415 0.05395715 0.05204126 0.05031734 0.04255054] ; 0.2894840164681898 ; 28008.940012016403
[0.03373624 0.03857981 0.03915226 0.03926602 0.0371737  0.03496613
 0.03766438 0.03597088 0.03253848 0.03444628 0.03767214 0.03604407] ; 0.2292826008829859 ; 1837.5502491816787
[0.03222427 0.03703927 0.04175382 0.04073358 0.03830306 0.03731469
 0.04082468 0.043807   0.04121524 0.0380288  0.03701197 0.03332461] ; 0.2429258703596741 ; 14456.715097002834
========

Generation 7
========
[0.04065759 0.04783245 0.05500732 0.05341291 0.05022408 0.04942687
 0.05421012 0.05979057 0.05660174 0.05022408 0.04703525 0.04145479] ; 0.31996826847325444 ; 1826.314548269836
[0.03056664 0.02896137 0.0279647  0.0262118  0.02685626 0.02856689
 0.03641821 0.04160596 0.04529146 0.04902987 0.04964142 0.04055833] ; 0.23154538711890688 ; 1837.5502491816787
[0.03453928 0.03700993 0.03906285 0.03872074 0.03641463 0.03425484
 0.0371494  0.03589951 0.03292291 0.03527417 0.03884659 0.03716467] ; 0.2292826008829859 ; 9162.725953533467
[0.0325276  0.0354151  0.03871301 0.03671745 0.03565742 0.03566203
 0.04093014 0.04500861 0.04575298 0.04522631 0.04458154 0.03795535] ; 0.25004090954023556 ; 14456.715097002834
[0.02917516 0.02646237 0.02463507 0.02251046 0.02396168 0.02672218
 0.03586307 0.04277433 0.04825977 0.0523441  0.05213384 0.04109959] ; 0.23198378435280817 ; 16003.004308608562
[0.03183794 0.02945663 0.0284319  0.02563701 0.02737239 0.03013902
 0.03952044 0.04590798 0.05146517 0.05538214 0.05524134 0.04413364] ; 0.25140697900571857 ; 28008.940012016403
[0.04174066 0.04885352 0.05560917 0.05330459 0.04953051 0.04838745
 0.05301685 0.05879252 0.05624913 0.05056397 0.04790692 0.04251977] ; 0.31996826847325444 ; 55186.93376973315
[0.03688209 0.03877541 0.04125228 0.03949006 0.0392327  0.04116127
 0.04820556 0.05413385 0.05552382 0.05516744 0.05380041 0.04466466] ; 0.29026762397389383 ; 42316.93165985104
[0.02913293 0.02680026 0.02527976 0.02330428 0.024836   0.02754035
 0.0365477  0.04298679 0.04786172 0.05146791 0.05116661 0.04056194] ; 0.2318906752288672 ; 35620.64530035346
[0.03037267 0.02864784 0.02737478 0.02531062 0.02558084 0.02694591
 0.03426178 0.03934063 0.0432887  0.04749653 0.04872028 0.04018317] ; 0.2240133322732894 ; 56606.67465549599
[0.03059124 0.03004441 0.02986916 0.02864637 0.02844412 0.02910092
 0.03539979 0.03870265 0.04034022 0.04360182 0.04498234 0.03819885] ; 0.2216134894496129 ; 57507.4304704078
[0.03415101 0.03610821 0.03777768 0.03725367 0.03531745 0.03364587
 0.03718543 0.03675577 0.03462211 0.03715926 0.04036489 0.0377291 ] ; 0.2296948523418819 ; 34922.28913584514
========

Generation 8
========
[0.04065759 0.04783245 0.05500732 0.05341291 0.05022408 0.04942687
 0.05421012 0.05979057 0.05660174 0.05022408 0.04703525 0.04145479] ; 0.31996826847325444 ; 1826.314548269836
[0.03056664 0.02896137 0.0279647  0.0262118  0.02685626 0.02856689
 0.03641821 0.04160596 0.04529146 0.04902987 0.04964142 0.04055833] ; 0.23154538711890688 ; 1837.5502491816787
[0.02913293 0.02680026 0.02527976 0.02330428 0.024836   0.02754035
 0.0365477  0.04298679 0.04786172 0.05146791 0.05116661 0.04056194] ; 0.2318906752288672 ; 9162.725953533467
[0.03453928 0.03700993 0.03906285 0.03872074 0.03641463 0.03425484
 0.0371494  0.03589951 0.03292291 0.03527417 0.03884659 0.03716467] ; 0.2292826008829859 ; 14456.715097002834
[0.0325276  0.0354151  0.03871301 0.03671745 0.03565742 0.03566203
 0.04093014 0.04500861 0.04575298 0.04522631 0.04458154 0.03795535] ; 0.25004090954023556 ; 16003.004308608562
[0.02917516 0.02646237 0.02463507 0.02251046 0.02396168 0.02672218
 0.03586307 0.04277433 0.04825977 0.0523441  0.05213384 0.04109959] ; 0.23198378435280817 ; 28008.940012016403
[0.04193179 0.04925403 0.0561389  0.05375832 0.04979482 0.04842322
 0.05281281 0.05837081 0.05575809 0.05014782 0.04765072 0.04249747] ; 0.31996826847325444 ; 100294.35704975761
[0.03915817 0.04412348 0.04946123 0.04969387 0.04788197 0.04694629
 0.05159467 0.05325624 0.04889621 0.04621695 0.04583088 0.04142058] ; 0.2967119147164811 ; 26665.673563525903
[0.03176453 0.03054127 0.02974956 0.02759649 0.0277034  0.02893262
 0.03623884 0.0413157  0.045013   0.04886017 0.04996486 0.0413895 ] ; 0.23473955092612608 ; 3006.980621476964
[0.02979641 0.02811462 0.02722015 0.02573841 0.02669944 0.02876012
 0.03701446 0.04245521 0.04609761 0.04948265 0.04949317 0.03992604] ; 0.23154538711890688 ; 18752.74100491109
[0.02937691 0.02642772 0.02439591 0.02215131 0.02351524 0.02627677
 0.03548004 0.04267357 0.04854766 0.05298194 0.05289571 0.04162006] ; 0.2327368529777309 ; 35498.396992248505
[0.03135452 0.03222464 0.03347937 0.03124578 0.03092348 0.03164997
 0.03795625 0.04263449 0.04507484 0.04659122 0.04664781 0.03896608] ; 0.23794549217553349 ; 52485.81705342404
========

Generation 9
========
[0.04065759 0.04783245 0.05500732 0.05341291 0.05022408 0.04942687
 0.05421012 0.05979057 0.05660174 0.05022408 0.04703525 0.04145479] ; 0.31996826847325444 ; 1826.314548269836
[0.03056664 0.02896137 0.0279647  0.0262118  0.02685626 0.02856689
 0.03641821 0.04160596 0.04529146 0.04902987 0.04964142 0.04055833] ; 0.23154538711890688 ; 1837.5502491816787
[0.02913293 0.02680026 0.02527976 0.02330428 0.024836   0.02754035
 0.0365477  0.04298679 0.04786172 0.05146791 0.05116661 0.04056194] ; 0.2318906752288672 ; 3006.980621476964
[0.03453928 0.03700993 0.03906285 0.03872074 0.03641463 0.03425484
 0.0371494  0.03589951 0.03292291 0.03527417 0.03884659 0.03716467] ; 0.2292826008829859 ; 9162.725953533467
[0.0325276  0.0354151  0.03871301 0.03671745 0.03565742 0.03566203
 0.04093014 0.04500861 0.04575298 0.04522631 0.04458154 0.03795535] ; 0.25004090954023556 ; 14456.715097002834
[0.02937691 0.02642772 0.02439591 0.02215131 0.02351524 0.02627677
 0.03548004 0.04267357 0.04854766 0.05298194 0.05289571 0.04162006] ; 0.2327368529777309 ; 16003.004308608562
[0.0388931  0.04436317 0.04998616 0.0483268  0.04602332 0.04567296
 0.05110042 0.05636468 0.05470415 0.05066509 0.04838928 0.04191361] ; 0.3038806933167639 ; 102044.70356907023
[0.03810717 0.03886963 0.04007917 0.03745562 0.03679185 0.03805575
 0.04622962 0.05347639 0.05671965 0.05798608 0.05727616 0.0472346 ] ; 0.2914257673526235 ; 81574.30955602607
[0.02989008 0.02862999 0.02782101 0.02608309 0.02656567 0.02795886
 0.03519825 0.0397674  0.04300452 0.046543   0.0474169  0.03916524] ; 0.223548609435822 ; 32790.95601767762
[0.02942333 0.02729632 0.02601017 0.02428176 0.02545022 0.02783097
 0.03648758 0.04261781 0.04722855 0.05100015 0.05081423 0.04037008] ; 0.23187825212152474 ; 27909.925575399386
[0.03163498 0.03277651 0.03447771 0.03245351 0.03223591 0.03320808
 0.03987842 0.04493956 0.04714954 0.04795493 0.04727748 0.03913784] ; 0.2456329489229742 ; 15909.303258199476
[0.03349145 0.03287396 0.03243883 0.03063935 0.03032601 0.03090469
 0.03760052 0.04128796 0.04357682 0.04737907 0.04921512 0.04198198] ; 0.2396882933195334 ; 41194.21090181764
========

Generation 10
========
[0.04065759 0.04783245 0.05500732 0.05341291 0.05022408 0.04942687
 0.05421012 0.05979057 0.05660174 0.05022408 0.04703525 0.04145479] ; 0.31996826847325444 ; 1826.314548269836
[0.03056664 0.02896137 0.0279647  0.0262118  0.02685626 0.02856689
 0.03641821 0.04160596 0.04529146 0.04902987 0.04964142 0.04055833] ; 0.23154538711890688 ; 1837.5502491816787
[0.02913293 0.02680026 0.02527976 0.02330428 0.024836   0.02754035
 0.0365477  0.04298679 0.04786172 0.05146791 0.05116661 0.04056194] ; 0.2318906752288672 ; 3006.980621476964
[0.03810717 0.03886963 0.04007917 0.03745562 0.03679185 0.03805575
 0.04622962 0.05347639 0.05671965 0.05798608 0.05727616 0.0472346 ] ; 0.2914257673526235 ; 9162.725953533467
[0.03453928 0.03700993 0.03906285 0.03872074 0.03641463 0.03425484
 0.0371494  0.03589951 0.03292291 0.03527417 0.03884659 0.03716467] ; 0.2292826008829859 ; 14456.715097002834
[0.02989008 0.02862999 0.02782101 0.02608309 0.02656567 0.02795886
 0.03519825 0.0397674  0.04300452 0.046543   0.0474169  0.03916524] ; 0.223548609435822 ; 15909.303258199476
[0.03865814 0.0403295  0.04228893 0.03957947 0.03826313 0.03916496
 0.04677189 0.05416111 0.05668884 0.05680271 0.05571726 0.04638019] ; 0.2940739282948826 ; 69157.33545597713
[0.03605204 0.0348426  0.03424967 0.03168916 0.03235133 0.03452759
 0.04377856 0.05081389 0.05535597 0.05850904 0.0584359  0.0474903 ] ; 0.2777321149559435 ; 5068.891509052171
[0.03756928 0.04273235 0.04802318 0.04637711 0.0441017  0.04425735
 0.04997394 0.05628252 0.05454358 0.04944942 0.04637886 0.03996441] ; 0.2955076135051245 ; 10993.969090756998
[0.03011397 0.02776007 0.02609105 0.02389332 0.0248922  0.02711109
 0.03559416 0.0418168  0.04677891 0.05101477 0.05148003 0.04137113] ; 0.2315635178740216 ; 23910.076192781675
[0.03069436 0.02921378 0.0282497  0.0263975  0.02707655 0.02873409
 0.03649441 0.04152341 0.04515585 0.0488207  0.04953453 0.04063404] ; 0.23179543305679898 ; 20407.084828575713
[0.03021457 0.03569122 0.04102782 0.03973697 0.03715655 0.03618287
 0.03925305 0.0428587  0.04057313 0.03630848 0.0343878  0.03061775] ; 0.2342886930603989 ; 42986.001311690605
========

Generation 11
========
[0.04065759 0.04783245 0.05500732 0.05341291 0.05022408 0.04942687
 0.05421012 0.05979057 0.05660174 0.05022408 0.04703525 0.04145479] ; 0.31996826847325444 ; 1826.314548269836
[0.03056664 0.02896137 0.0279647  0.0262118  0.02685626 0.02856689
 0.03641821 0.04160596 0.04529146 0.04902987 0.04964142 0.04055833] ; 0.23154538711890688 ; 1837.5502491816787
[0.02913293 0.02680026 0.02527976 0.02330428 0.024836   0.02754035
 0.0365477  0.04298679 0.04786172 0.05146791 0.05116661 0.04056194] ; 0.2318906752288672 ; 3006.980621476964
[0.03810717 0.03886963 0.04007917 0.03745562 0.03679185 0.03805575
 0.04622962 0.05347639 0.05671965 0.05798608 0.05727616 0.0472346 ] ; 0.2914257673526235 ; 5068.891509052171
[0.03453928 0.03700993 0.03906285 0.03872074 0.03641463 0.03425484
 0.0371494  0.03589951 0.03292291 0.03527417 0.03884659 0.03716467] ; 0.2292826008829859 ; 9162.725953533467
[0.02989008 0.02862999 0.02782101 0.02608309 0.02656567 0.02795886
 0.03519825 0.0397674  0.04300452 0.046543   0.0474169  0.03916524] ; 0.223548609435822 ; 10993.969090756998
[0.03888838 0.04486863 0.05160968 0.05098905 0.04923026 0.04953162
 0.055392   0.06111094 0.05782595 0.05145207 0.04785073 0.0411585 ] ; 0.3170655548223644 ; 65974.7727241824
[0.04465294 0.04898811 0.0525281  0.0513561  0.04767746 0.04469857
 0.04810506 0.04782284 0.04436435 0.04580661 0.04933803 0.04706282] ; 0.30014247513785897 ; 24340.82560863426
[0.02943025 0.02829738 0.02810238 0.02699069 0.0280103  0.02993949
 0.0380656  0.04290059 0.04573972 0.04839441 0.04810104 0.03894616] ; 0.231780260319507 ; 76136.80131230506
[0.03417069 0.03543148 0.03650682 0.03568737 0.03400549 0.03284226
 0.03707501 0.0375421  0.03622006 0.03912304 0.04218177 0.03870382] ; 0.2306511601012951 ; 15438.634006394372
[0.02966084 0.02822752 0.02750188 0.02536315 0.0259554  0.02810847
 0.03633337 0.04319532 0.04768956 0.05041254 0.04979695 0.03972833] ; 0.23281073282110815 ; 24617.07457568065
[0.02901764 0.02743548 0.02653469 0.02491086 0.02619324 0.02842476
 0.03671426 0.04207199 0.04602971 0.04957386 0.04864999 0.03917935] ; 0.2286258267609374 ; 53709.99473541293
========

Generation 12
========
[0.02901764 0.02743548 0.02653469 0.02491086 0.02619324 0.02842476
 0.03671426 0.04207199 0.04602971 0.04957386 0.04864999 0.03917935] ; 0.2286258267609374 ; 1826.314548269836
[0.04065759 0.04783245 0.05500732 0.05341291 0.05022408 0.04942687
 0.05421012 0.05979057 0.05660174 0.05022408 0.04703525 0.04145479] ; 0.31996826847325444 ; 1837.5502491816787
[0.03056664 0.02896137 0.0279647  0.0262118  0.02685626 0.02856689
 0.03641821 0.04160596 0.04529146 0.04902987 0.04964142 0.04055833] ; 0.23154538711890688 ; 3006.980621476964
[0.02913293 0.02680026 0.02527976 0.02330428 0.024836   0.02754035
 0.0365477  0.04298679 0.04786172 0.05146791 0.05116661 0.04056194] ; 0.2318906752288672 ; 5068.891509052171
[0.03810717 0.03886963 0.04007917 0.03745562 0.03679185 0.03805575
 0.04622962 0.05347639 0.05671965 0.05798608 0.05727616 0.0472346 ] ; 0.2914257673526235 ; 9162.725953533467
[0.02943025 0.02829738 0.02810238 0.02699069 0.0280103  0.02993949
 0.0380656  0.04290059 0.04573972 0.04839441 0.04810104 0.03894616] ; 0.231780260319507 ; 10993.969090756998
[0.03484853 0.03438895 0.03469706 0.03288382 0.033562   0.03565349
 0.04452933 0.05088106 0.05420884 0.05644881 0.05503789 0.04484517] ; 0.27336193618120724 ; 85564.10866699851
[0.02898526 0.02740487 0.02650508 0.02492276 0.02637531 0.02864089
 0.03678214 0.04202503 0.04597834 0.04951853 0.0485957  0.03913563] ; 0.2286258267609374 ; 98465.46683838502
[0.03147825 0.03353997 0.03600292 0.03454406 0.03397758 0.03504637
 0.04152604 0.04698335 0.04768419 0.04651996 0.04442657 0.03703493] ; 0.24808479468329203 ; 5918.938600007702
[0.03896194 0.04467206 0.05046957 0.04872103 0.04614639 0.04586956
 0.05129142 0.05709019 0.05521921 0.05040598 0.04768547 0.04136445] ; 0.3048861094952131 ; 50230.980791793634
[0.03065088 0.02885573 0.02793195 0.02624552 0.0269261  0.02865555
 0.03652108 0.04166526 0.04526074 0.04888553 0.04953209 0.04075054] ; 0.23159814982663718 ; 27981.522705309162
[0.03539598 0.0348294  0.03464513 0.03204338 0.03167733 0.03292499
 0.04077918 0.04716778 0.05107781 0.05415685 0.05464577 0.04516438] ; 0.2637968862602583 ; 1606.0933562330922
========

Generation 13
========
[0.02898526 0.02740487 0.02650508 0.02492276 0.02637531 0.02864089
 0.03678214 0.04202503 0.04597834 0.04951853 0.0485957  0.03913563] ; 0.2286258267609374 ; 1606.0933562330922
[0.02901764 0.02743548 0.02653469 0.02491086 0.02619324 0.02842476
 0.03671426 0.04207199 0.04602971 0.04957386 0.04864999 0.03917935] ; 0.2286258267609374 ; 1826.314548269836
[0.04065759 0.04783245 0.05500732 0.05341291 0.05022408 0.04942687
 0.05421012 0.05979057 0.05660174 0.05022408 0.04703525 0.04145479] ; 0.31996826847325444 ; 1837.5502491816787
[0.03056664 0.02896137 0.0279647  0.0262118  0.02685626 0.02856689
 0.03641821 0.04160596 0.04529146 0.04902987 0.04964142 0.04055833] ; 0.23154538711890688 ; 3006.980621476964
[0.02913293 0.02680026 0.02527976 0.02330428 0.024836   0.02754035
 0.0365477  0.04298679 0.04786172 0.05146791 0.05116661 0.04056194] ; 0.2318906752288672 ; 5068.891509052171
[0.03810717 0.03886963 0.04007917 0.03745562 0.03679185 0.03805575
 0.04622962 0.05347639 0.05671965 0.05798608 0.05727616 0.0472346 ] ; 0.2914257673526235 ; 5918.938600007702
[0.02835577 0.0268097  0.02592946 0.02438024 0.02579579 0.02801102
 0.03597987 0.04111236 0.04497981 0.04844312 0.04754032 0.0382857 ] ; 0.22365251414698897 ; 47480.73161476808
[0.02911905 0.02744982 0.02644892 0.02478124 0.02617209 0.02841703
 0.03654578 0.04185744 0.04594559 0.04966343 0.04887138 0.03937893] ; 0.2286258267609374 ; 1604.545003404202
[0.03649794 0.03632897 0.03653524 0.03390265 0.03369258 0.03507615
 0.04326048 0.04980154 0.05363096 0.05636942 0.0561352  0.04634592] ; 0.27582503849125345 ; 21029.40661219973
[0.02960481 0.02789087 0.02672481 0.02477112 0.02581932 0.02788984
 0.03598326 0.04142406 0.0457235  0.04973459 0.04921591 0.03985142] ; 0.2286258267609374 ; 83569.02063978954
[0.03142095 0.03674354 0.04223524 0.04124483 0.03916501 0.03871101
 0.04266438 0.04675306 0.04436117 0.03980102 0.03732853 0.03264201] ; 0.24973630446659484 ; 26635.697887407987
[0.0329206  0.03742501 0.04207124 0.04063477 0.03871925 0.03864574
 0.04349316 0.04903704 0.04743839 0.04336987 0.04113426 0.03546216] ; 0.25879039375915813 ; 48662.65627353537
========

Generation 14
========
[0.02898526 0.02740487 0.02650508 0.02492276 0.02637531 0.02864089
 0.03678214 0.04202503 0.04597834 0.04951853 0.0485957  0.03913563] ; 0.2286258267609374 ; 1604.545003404202
[0.02901764 0.02743548 0.02653469 0.02491086 0.02619324 0.02842476
 0.03671426 0.04207199 0.04602971 0.04957386 0.04864999 0.03917935] ; 0.2286258267609374 ; 1606.0933562330922
[0.04065759 0.04783245 0.05500732 0.05341291 0.05022408 0.04942687
 0.05421012 0.05979057 0.05660174 0.05022408 0.04703525 0.04145479] ; 0.31996826847325444 ; 1826.314548269836
[0.03056664 0.02896137 0.0279647  0.0262118  0.02685626 0.02856689
 0.03641821 0.04160596 0.04529146 0.04902987 0.04964142 0.04055833] ; 0.23154538711890688 ; 1837.5502491816787
[0.0329206  0.03742501 0.04207124 0.04063477 0.03871925 0.03864574
 0.04349316 0.04903704 0.04743839 0.04336987 0.04113426 0.03546216] ; 0.25879039375915813 ; 3006.980621476964
[0.02913293 0.02680026 0.02527976 0.02330428 0.024836   0.02754035
 0.0365477  0.04298679 0.04786172 0.05146791 0.05116661 0.04056194] ; 0.2318906752288672 ; 5068.891509052171
[0.02849743 0.02642036 0.02518224 0.0234584  0.02517254 0.02796696
 0.03697599 0.04314387 0.04755346 0.05065938 0.04998199 0.03953877] ; 0.22995341275727127 ; 28080.534409344564
[0.02910268 0.02750947 0.02657904 0.02492242 0.02619273 0.02839992
 0.03663913 0.04197532 0.04595562 0.04955227 0.04869861 0.03926855] ; 0.2286258267609374 ; 29651.13649902587
[0.02883706 0.02780792 0.0275386  0.02633498 0.02791645 0.03031316
 0.03875689 0.04379415 0.04690129 0.04943798 0.04788653 0.03847941] ; 0.23288208439645103 ; 33217.23316100344
[0.02833411 0.02647022 0.02545102 0.02390957 0.02553129 0.02819819
 0.03702943 0.04292447 0.04710624 0.05027692 0.04915349 0.03897417] ; 0.2288695989176614 ; 24736.958329226814
[0.03719641 0.04406448 0.05109496 0.04996669 0.04717946 0.04634982
 0.05058241 0.05530539 0.05191755 0.04592921 0.04301179 0.03791521] ; 0.2961037182104754 ; 56978.70886356144
[0.04148161 0.04874813 0.05574238 0.05365193 0.04996598 0.04878912
 0.05330283 0.05885709 0.05604523 0.05017667 0.04744304 0.04213606] ; 0.31996826847325444 ; 2051.854217805108
========

Generation 15
========
[0.02898526 0.02740487 0.02650508 0.02492276 0.02637531 0.02864089
 0.03678214 0.04202503 0.04597834 0.04951853 0.0485957  0.03913563] ; 0.2286258267609374 ; 1604.545003404202
[0.02901764 0.02743548 0.02653469 0.02491086 0.02619324 0.02842476
 0.03671426 0.04207199 0.04602971 0.04957386 0.04864999 0.03917935] ; 0.2286258267609374 ; 1606.0933562330922
[0.02910268 0.02750947 0.02657904 0.02492242 0.02619273 0.02839992
 0.03663913 0.04197532 0.04595562 0.04955227 0.04869861 0.03926855] ; 0.2286258267609374 ; 1826.314548269836
[0.04065759 0.04783245 0.05500732 0.05341291 0.05022408 0.04942687
 0.05421012 0.05979057 0.05660174 0.05022408 0.04703525 0.04145479] ; 0.31996826847325444 ; 1837.5502491816787
[0.03056664 0.02896137 0.0279647  0.0262118  0.02685626 0.02856689
 0.03641821 0.04160596 0.04529146 0.04902987 0.04964142 0.04055833] ; 0.23154538711890688 ; 2051.854217805108
[0.0329206  0.03742501 0.04207124 0.04063477 0.03871925 0.03864574
 0.04349316 0.04903704 0.04743839 0.04336987 0.04113426 0.03546216] ; 0.25879039375915813 ; 3006.980621476964
[0.02927798 0.03117784 0.03357569 0.03240213 0.03213274 0.03329846
 0.03951094 0.04501967 0.04545483 0.04396026 0.04181512 0.03463923] ; 0.23427289428443832 ; 18745.015742018055
[0.02837077 0.02700378 0.02640147 0.02508789 0.02665139 0.02915735
 0.03776573 0.04297218 0.04631204 0.04918261 0.04778348 0.03827641] ; 0.2286258267609374 ; 1667.1298062098979
[0.03229904 0.03297243 0.03401032 0.0321424  0.03201706 0.03319854
 0.04026485 0.0457363  0.04791239 0.04913414 0.04813573 0.03998544] ; 0.24834667016616968 ; 30166.98547531286
[0.02907117 0.02748011 0.02655246 0.02489949 0.02616946 0.0283763
 0.03661151 0.04194438 0.04591965 0.0496954  0.04875561 0.03922773] ; 0.2286258267609374 ; 10462.766591956835
[0.02856928 0.0266484  0.02554985 0.02398835 0.02552436 0.02808705
 0.03671912 0.04246585 0.04677185 0.05043403 0.0491909  0.03914432] ; 0.2286258267609374 ; 32258.60942171335
[0.0291289  0.02751383 0.02655711 0.02488492 0.02614716 0.02835049
 0.0365838  0.0419402  0.04596234 0.0495966  0.04875639 0.0393152 ] ; 0.2286258267609374 ; 82672.61360195628
========

Generation 16
========
[0.02898526 0.02740487 0.02650508 0.02492276 0.02637531 0.02864089
 0.03678214 0.04202503 0.04597834 0.04951853 0.0485957  0.03913563] ; 0.2286258267609374 ; 1604.545003404202
[0.02901764 0.02743548 0.02653469 0.02491086 0.02619324 0.02842476
 0.03671426 0.04207199 0.04602971 0.04957386 0.04864999 0.03917935] ; 0.2286258267609374 ; 1606.0933562330922
[0.02907117 0.02748011 0.02655246 0.02489949 0.02616946 0.0283763
 0.03661151 0.04194438 0.04591965 0.0496954  0.04875561 0.03922773] ; 0.2286258267609374 ; 1667.1298062098979
[0.02910268 0.02750947 0.02657904 0.02492242 0.02619273 0.02839992
 0.03663913 0.04197532 0.04595562 0.04955227 0.04869861 0.03926855] ; 0.2286258267609374 ; 1826.314548269836
[0.04065759 0.04783245 0.05500732 0.05341291 0.05022408 0.04942687
 0.05421012 0.05979057 0.05660174 0.05022408 0.04703525 0.04145479] ; 0.31996826847325444 ; 1837.5502491816787
[0.03056664 0.02896137 0.0279647  0.0262118  0.02685626 0.02856689
 0.03641821 0.04160596 0.04529146 0.04902987 0.04964142 0.04055833] ; 0.23154538711890688 ; 2051.854217805108
[0.0291806  0.02735208 0.02620816 0.02445037 0.02574335 0.02798908
 0.03620802 0.0417619  0.04611251 0.05007763 0.04929199 0.03962319] ; 0.2286258267609374 ; 27753.93403624654
[0.03733256 0.04057273 0.04414836 0.04245234 0.04137388 0.04221953
 0.04923186 0.05474134 0.05472682 0.0529186  0.05068397 0.04283906] ; 0.2921204971165716 ; 9942.54266352956
[0.02972231 0.02824964 0.02736392 0.02566304 0.02672034 0.02865635
 0.03658935 0.04158409 0.04526774 0.04885452 0.04860708 0.03964857] ; 0.2291081035356165 ; 43119.75408974854
[0.02886296 0.02752619 0.02685723 0.02538211 0.02676723 0.02899524
 0.03722248 0.04228691 0.04585443 0.04904936 0.04799937 0.03873101] ; 0.2286258267609374 ; 1665.773750716639
[0.03863308 0.04138038 0.04420238 0.04179078 0.04022988 0.04068426
 0.04752456 0.05373871 0.05492165 0.05431989 0.05272247 0.04470926] ; 0.2930337020549941 ; 20725.12526843852
[0.02906808 0.02773373 0.02702128 0.02546606 0.02676772 0.02890275
 0.0370166  0.04202596 0.04562906 0.0490328  0.04811916 0.03892005] ; 0.2286258267609374 ; 26631.769587007493
========

Generation 17
========
[0.02898526 0.02740487 0.02650508 0.02492276 0.02637531 0.02864089
 0.03678214 0.04202503 0.04597834 0.04951853 0.0485957  0.03913563] ; 0.2286258267609374 ; 1604.545003404202
[0.02901764 0.02743548 0.02653469 0.02491086 0.02619324 0.02842476
 0.03671426 0.04207199 0.04602971 0.04957386 0.04864999 0.03917935] ; 0.2286258267609374 ; 1606.0933562330922
[0.02907117 0.02748011 0.02655246 0.02489949 0.02616946 0.0283763
 0.03661151 0.04194438 0.04591965 0.0496954  0.04875561 0.03922773] ; 0.2286258267609374 ; 1665.773750716639
[0.02910268 0.02750947 0.02657904 0.02492242 0.02619273 0.02839992
 0.03663913 0.04197532 0.04595562 0.04955227 0.04869861 0.03926855] ; 0.2286258267609374 ; 1667.1298062098979
[0.04065759 0.04783245 0.05500732 0.05341291 0.05022408 0.04942687
 0.05421012 0.05979057 0.05660174 0.05022408 0.04703525 0.04145479] ; 0.31996826847325444 ; 1826.314548269836
[0.03056664 0.02896137 0.0279647  0.0262118  0.02685626 0.02856689
 0.03641821 0.04160596 0.04529146 0.04902987 0.04964142 0.04055833] ; 0.23154538711890688 ; 1837.5502491816787
[0.028726   0.02693852 0.02591841 0.02431674 0.02568428 0.028902
 0.03657372 0.04223698 0.0464455  0.05006081 0.04894573 0.03913253] ; 0.2286258267609374 ; 10107.87429244642
[0.02926074 0.02807229 0.02730556 0.02605084 0.02753595 0.02978707
 0.03798418 0.04289775 0.04610658 0.048968   0.04807158 0.03876731] ; 0.2310476234821307 ; 26464.023683126223
[0.029985   0.0283914  0.0274284  0.0257219  0.02662584 0.02869216
 0.03663045 0.04164995 0.04541307 0.04907878 0.04919096 0.04000584] ; 0.2302158461699952 ; 31427.005425082785
[0.03445089 0.04018263 0.04592275 0.04450629 0.04195284 0.04139858
 0.04567236 0.05046321 0.0481045  0.04315147 0.04056066 0.03559243] ; 0.2702170944204832 ; 26503.326810775372
[0.03115197 0.0301028  0.02933736 0.02737858 0.0277738  0.02896881
 0.03608891 0.04041494 0.04365493 0.04747411 0.04847722 0.04044803] ; 0.23015251747549728 ; 45878.09382983724
[0.02831214 0.02660709 0.02550181 0.02373081 0.02484262 0.02687751
 0.03467864 0.03992788 0.04407639 0.04802555 0.04743384 0.03828277] ; 0.21996543479231045 ; 26917.948597385825
========

Generation 18
========
[0.02898526 0.02740487 0.02650508 0.02492276 0.02637531 0.02864089
 0.03678214 0.04202503 0.04597834 0.04951853 0.0485957  0.03913563] ; 0.2286258267609374 ; 1604.545003404202
[0.02901764 0.02743548 0.02653469 0.02491086 0.02619324 0.02842476
 0.03671426 0.04207199 0.04602971 0.04957386 0.04864999 0.03917935] ; 0.2286258267609374 ; 1606.0933562330922
[0.02907117 0.02748011 0.02655246 0.02489949 0.02616946 0.0283763
 0.03661151 0.04194438 0.04591965 0.0496954  0.04875561 0.03922773] ; 0.2286258267609374 ; 1665.773750716639
[0.02910268 0.02750947 0.02657904 0.02492242 0.02619273 0.02839992
 0.03663913 0.04197532 0.04595562 0.04955227 0.04869861 0.03926855] ; 0.2286258267609374 ; 1667.1298062098979
[0.029985   0.0283914  0.0274284  0.0257219  0.02662584 0.02869216
 0.03663045 0.04164995 0.04541307 0.04907878 0.04919096 0.04000584] ; 0.2302158461699952 ; 1826.314548269836
[0.04065759 0.04783245 0.05500732 0.05341291 0.05022408 0.04942687
 0.05421012 0.05979057 0.05660174 0.05022408 0.04703525 0.04145479] ; 0.31996826847325444 ; 1837.5502491816787
[0.02852244 0.02692917 0.02611244 0.02467387 0.02620243 0.02865198
 0.03712197 0.04255215 0.04642843 0.04984618 0.04848687 0.03870365] ; 0.2286258267609374 ; 21115.483451490636
[0.02956717 0.02851937 0.02832184 0.0266397  0.02835446 0.0306948
 0.03898331 0.04381885 0.04712339 0.05007522 0.04885096 0.0394672 ] ; 0.2361546509019171 ; 30734.56421874986
[0.02992892 0.02850361 0.02780738 0.02630832 0.02779619 0.03018179
 0.03883525 0.04418456 0.04792443 0.05121105 0.05080289 0.04027712] ; 0.2386941761513324 ; 1764.1728900070125
[0.03074134 0.03118662 0.03211317 0.03046021 0.03056039 0.03198818
 0.03914863 0.04452799 0.04683056 0.04801542 0.04664177 0.03838416] ; 0.23960238860891775 ; 57740.8021393443
[0.02882391 0.02702822 0.02598385 0.02435916 0.02574395 0.028124
 0.03655012 0.04217518 0.0464049  0.05020077 0.04909229 0.03923903] ; 0.2286258267609374 ; 23732.8155371879
[0.02868234 0.02690748 0.02594382 0.02439143 0.02580162 0.02821656
 0.03670706 0.04230427 0.0464698  0.05016757 0.04899627 0.03911937] ; 0.2286258267609374 ; 14399.25595079955
========

Generation 19
========
[0.02898526 0.02740487 0.02650508 0.02492276 0.02637531 0.02864089
 0.03678214 0.04202503 0.04597834 0.04951853 0.0485957  0.03913563] ; 0.2286258267609374 ; 1604.545003404202
[0.02901764 0.02743548 0.02653469 0.02491086 0.02619324 0.02842476
 0.03671426 0.04207199 0.04602971 0.04957386 0.04864999 0.03917935] ; 0.2286258267609374 ; 1606.0933562330922
[0.02907117 0.02748011 0.02655246 0.02489949 0.02616946 0.0283763
 0.03661151 0.04194438 0.04591965 0.0496954  0.04875561 0.03922773] ; 0.2286258267609374 ; 1665.773750716639
[0.02910268 0.02750947 0.02657904 0.02492242 0.02619273 0.02839992
 0.03663913 0.04197532 0.04595562 0.04955227 0.04869861 0.03926855] ; 0.2286258267609374 ; 1667.1298062098979
[0.029985   0.0283914  0.0274284  0.0257219  0.02662584 0.02869216
 0.03663045 0.04164995 0.04541307 0.04907878 0.04919096 0.04000584] ; 0.2302158461699952 ; 1764.1728900070125
[0.04065759 0.04783245 0.05500732 0.05341291 0.05022408 0.04942687
 0.05421012 0.05979057 0.05660174 0.05022408 0.04703525 0.04145479] ; 0.31996826847325444 ; 1826.314548269836
[0.02898526 0.02740487 0.02650508 0.02492276 0.02637531 0.02864089
 0.03678214 0.04202503 0.04597834 0.04951853 0.0485957  0.03913563] ; 0.2286258267609374 ; 28394.248191669478
[0.0289733  0.02749803 0.02653108 0.02476381 0.02550953 0.02729424
 0.03465652 0.0393264  0.04296106 0.04664878 0.04699151 0.0384784 ] ; 0.21969709016744304 ; 31928.501313572622
[0.02906292 0.02747323 0.02654973 0.02490125 0.02617314 0.02838379
 0.03662737 0.04196408 0.04593664 0.04967667 0.04873934 0.03922028] ; 0.2286258267609374 ; 32033.71771884403
[0.03867357 0.04537336 0.05208585 0.0505666  0.04765281 0.04703231
 0.05172904 0.05707827 0.05408839 0.04806878 0.04502281 0.03961071] ; 0.3046816660497254 ; 38344.63423068192
[0.03074297 0.02909448 0.02810905 0.02635989 0.02741162 0.02959477
 0.03790479 0.04319921 0.04716121 0.05098998 0.05077213 0.04115716] ; 0.23775188934569252 ; 21269.297313391697
[0.02831648 0.02676672 0.02586316 0.02425309 0.0254901  0.02763965
 0.03566107 0.0408555  0.04472757 0.0484053  0.04748991 0.03820937] ; 0.2226906773962351 ; 23082.436490758457
========

Generation 20
========
[0.02898526 0.02740487 0.02650508 0.02492276 0.02637531 0.02864089
 0.03678214 0.04202503 0.04597834 0.04951853 0.0485957  0.03913563] ; 0.2286258267609374 ; 1604.545003404202
[0.02898526 0.02740487 0.02650508 0.02492276 0.02637531 0.02864089
 0.03678214 0.04202503 0.04597834 0.04951853 0.0485957  0.03913563] ; 0.2286258267609374 ; 1606.0933562330922
[0.02901764 0.02743548 0.02653469 0.02491086 0.02619324 0.02842476
 0.03671426 0.04207199 0.04602971 0.04957386 0.04864999 0.03917935] ; 0.2286258267609374 ; 1665.773750716639
[0.02906292 0.02747323 0.02654973 0.02490125 0.02617314 0.02838379
 0.03662737 0.04196408 0.04593664 0.04967667 0.04873934 0.03922028] ; 0.2286258267609374 ; 1667.1298062098979
[0.02907117 0.02748011 0.02655246 0.02489949 0.02616946 0.0283763
 0.03661151 0.04194438 0.04591965 0.0496954  0.04875561 0.03922773] ; 0.2286258267609374 ; 1764.1728900070125
[0.02910268 0.02750947 0.02657904 0.02492242 0.02619273 0.02839992
 0.03663913 0.04197532 0.04595562 0.04955227 0.04869861 0.03926855] ; 0.2286258267609374 ; 1826.314548269836
[0.02890323 0.02711823 0.02577045 0.02368531 0.02456647 0.02634335
 0.03369384 0.03871934 0.04301128 0.04738655 0.04753398 0.0388604 ] ; 0.21826844850901123 ; 1604.545003404202
[0.02843188 0.02688224 0.02598365 0.02438223 0.02567065 0.02789718
 0.03613025 0.0413026  0.04496628 0.04845457 0.04759709 0.03836603] ; 0.2239202980065331 ; 23996.216488877944
[0.02888672 0.0268906  0.02567093 0.02394796 0.02526926 0.02767414
 0.03617823 0.04205795 0.04660059 0.05063707 0.04959077 0.03954632] ; 0.2286258267609374 ; 1651.9885575406618
[0.02971307 0.02811429 0.02700312 0.02506121 0.02609236 0.02794373
 0.03561645 0.04067992 0.04482339 0.04890641 0.04873827 0.0397883 ] ; 0.22699849482652446 ; 62485.71837719596
[0.02896048 0.02732421 0.02638831 0.0247797  0.02615197 0.0284295
 0.03669121 0.04207636 0.04611357 0.04969758 0.04874221 0.03918823] ; 0.2286258267609374 ; 22410.626430449956
[0.02893681 0.02724649 0.02626935 0.0246587  0.02607915 0.02838881
 0.03664294 0.04206753 0.04617964 0.04981191 0.04884717 0.03922801] ; 0.2286258267609374 ; 22751.8285946084
========

Generation 21
========
[0.02898526 0.02740487 0.02650508 0.02492276 0.02637531 0.02864089
 0.03678214 0.04202503 0.04597834 0.04951853 0.0485957  0.03913563] ; 0.2286258267609374 ; 1604.545003404202
[0.02898526 0.02740487 0.02650508 0.02492276 0.02637531 0.02864089
 0.03678214 0.04202503 0.04597834 0.04951853 0.0485957  0.03913563] ; 0.2286258267609374 ; 1604.545003404202
[0.02901764 0.02743548 0.02653469 0.02491086 0.02619324 0.02842476
 0.03671426 0.04207199 0.04602971 0.04957386 0.04864999 0.03917935] ; 0.2286258267609374 ; 1606.0933562330922
[0.02906292 0.02747323 0.02654973 0.02490125 0.02617314 0.02838379
 0.03662737 0.04196408 0.04593664 0.04967667 0.04873934 0.03922028] ; 0.2286258267609374 ; 1651.9885575406618
[0.02907117 0.02748011 0.02655246 0.02489949 0.02616946 0.0283763
 0.03661151 0.04194438 0.04591965 0.0496954  0.04875561 0.03922773] ; 0.2286258267609374 ; 1665.773750716639
[0.02910268 0.02750947 0.02657904 0.02492242 0.02619273 0.02839992
 0.03663913 0.04197532 0.04595562 0.04955227 0.04869861 0.03926855] ; 0.2286258267609374 ; 1667.1298062098979
[0.02999634 0.02836083 0.02742965 0.02579214 0.02729535 0.02963997
 0.0380652  0.04349099 0.04758219 0.05124588 0.05029086 0.04050079] ; 0.2366009473647342 ; 9986.510171379374
[0.02876088 0.02718917 0.02632968 0.0247922  0.02620538 0.02854801
 0.03696372 0.04237459 0.04626967 0.049701   0.0484863  0.03888976] ; 0.2286258267609374 ; 22933.615739501653
[0.02873864 0.02735585 0.02667252 0.02523839 0.02672598 0.0290275
 0.0372775  0.04238469 0.04599914 0.04917845 0.04803973 0.03866439] ; 0.2286258267609374 ; 28637.885237282393
[0.0292535  0.02747727 0.02636181 0.02460547 0.02591713 0.02812294
 0.03624225 0.04168609 0.0459775  0.04988038 0.04917632 0.03963112] ; 0.2286258267609374 ; 21010.10057898703
[0.028841   0.02752241 0.02687205 0.02541176 0.0268101  0.02903615
 0.03724606 0.04227686 0.04581185 0.04907131 0.04797987 0.03868419] ; 0.2286258267609374 ; 26237.864588486882
[0.0287223  0.02733602 0.02665263 0.0252255  0.02673098 0.02904213
 0.0372897  0.04239605 0.04601279 0.04918754 0.04803779 0.03865212] ; 0.2286258267609374 ; 23613.25711755889
========

Generation 22
========
[0.02898526 0.02740487 0.02650508 0.02492276 0.02637531 0.02864089
 0.03678214 0.04202503 0.04597834 0.04951853 0.0485957  0.03913563] ; 0.2286258267609374 ; 1604.545003404202
[0.02898526 0.02740487 0.02650508 0.02492276 0.02637531 0.02864089
 0.03678214 0.04202503 0.04597834 0.04951853 0.0485957  0.03913563] ; 0.2286258267609374 ; 1604.545003404202
[0.02901764 0.02743548 0.02653469 0.02491086 0.02619324 0.02842476
 0.03671426 0.04207199 0.04602971 0.04957386 0.04864999 0.03917935] ; 0.2286258267609374 ; 1606.0933562330922
[0.02906292 0.02747323 0.02654973 0.02490125 0.02617314 0.02838379
 0.03662737 0.04196408 0.04593664 0.04967667 0.04873934 0.03922028] ; 0.2286258267609374 ; 1651.9885575406618
[0.02907117 0.02748011 0.02655246 0.02489949 0.02616946 0.0283763
 0.03661151 0.04194438 0.04591965 0.0496954  0.04875561 0.03922773] ; 0.2286258267609374 ; 1665.773750716639
[0.02910268 0.02750947 0.02657904 0.02492242 0.02619273 0.02839992
 0.03663913 0.04197532 0.04595562 0.04955227 0.04869861 0.03926855] ; 0.2286258267609374 ; 1667.1298062098979
[0.02850346 0.02685408 0.02599352 0.0245632  0.02619851 0.02869433
 0.03711196 0.04255532 0.04651981 0.0498495  0.04853664 0.03875445] ; 0.2286258267609374 ; 25559.19824710387
[0.02827111 0.02675628 0.02605446 0.02475214 0.02644841 0.02899837
 0.03750719 0.04284846 0.04655109 0.04967211 0.04814136 0.03836268] ; 0.2286258267609374 ; 25941.56670960678
[0.02855912 0.02709715 0.02638126 0.02500282 0.02664726 0.02906254
 0.03734355 0.04252052 0.04621896 0.04938728 0.04812193 0.03858146] ; 0.2286258267609374 ; 21651.58128913216
[0.02921076 0.02740927 0.02628094 0.02474411 0.02586276 0.02792571
 0.03618625 0.04174864 0.04605816 0.0499512  0.04920921 0.03961762] ; 0.2286258267609374 ; 21943.19586000023
[0.02861822 0.02671158 0.0255476  0.02383183 0.02507065 0.02738395
 0.03575346 0.04149913 0.04614403 0.05027463 0.0488404  0.03907548] ; 0.2262710683201892 ; 9849.71133763348
[0.02978959 0.02837248 0.02765429 0.02612141 0.02754703 0.02986153
 0.03838623 0.0437888  0.04767267 0.05100187 0.04970101 0.04002431] ; 0.23651495168899325 ; 21603.847594942836
========

Generation 23
========
[0.02898526 0.02740487 0.02650508 0.02492276 0.02637531 0.02864089
 0.03678214 0.04202503 0.04597834 0.04951853 0.0485957  0.03913563] ; 0.2286258267609374 ; 1604.545003404202
[0.02898526 0.02740487 0.02650508 0.02492276 0.02637531 0.02864089
 0.03678214 0.04202503 0.04597834 0.04951853 0.0485957  0.03913563] ; 0.2286258267609374 ; 1604.545003404202
[0.02901764 0.02743548 0.02653469 0.02491086 0.02619324 0.02842476
 0.03671426 0.04207199 0.04602971 0.04957386 0.04864999 0.03917935] ; 0.2286258267609374 ; 1606.0933562330922
[0.02906292 0.02747323 0.02654973 0.02490125 0.02617314 0.02838379
 0.03662737 0.04196408 0.04593664 0.04967667 0.04873934 0.03922028] ; 0.2286258267609374 ; 1651.9885575406618
[0.02907117 0.02748011 0.02655246 0.02489949 0.02616946 0.0283763
 0.03661151 0.04194438 0.04591965 0.0496954  0.04875561 0.03922773] ; 0.2286258267609374 ; 1665.773750716639
[0.02910268 0.02750947 0.02657904 0.02492242 0.02619273 0.02839992
 0.03663913 0.04197532 0.04595562 0.04955227 0.04869861 0.03926855] ; 0.2286258267609374 ; 1667.1298062098979
[0.02843292 0.02667597 0.02570398 0.02417251 0.02563877 0.02819125
 0.03683295 0.0426102  0.0468414  0.05032623 0.04894945 0.03890628] ; 0.2286258267609374 ; 22944.551173977976
[0.02907745 0.0273832  0.0263735  0.02470662 0.02605861 0.02830762
 0.03650447 0.04190309 0.04603687 0.04980101 0.04893372 0.03936367] ; 0.2286258267609374 ; 15460.517376343445
[0.02861106 0.02714169 0.02640862 0.02499181 0.02654441 0.02892721
 0.03724943 0.04247069 0.04618569 0.04947412 0.04820915 0.03863926] ; 0.2286258267609374 ; 16874.76831691639
[0.02893693 0.02753663 0.02683827 0.02537963 0.02684327 0.02914912
 0.03746794 0.04263104 0.04628443 0.04950302 0.048371   0.03893528] ; 0.23002832083751568 ; 26506.577472057685
[0.03081424 0.02935839 0.02842372 0.02658734 0.02782908 0.0298773
 0.03803719 0.04316528 0.04709264 0.05087708 0.05039329 0.04111943] ; 0.23803621998828056 ; 20809.428474875232
[0.02974161 0.02829767 0.02734728 0.02547801 0.02645617 0.02830848
 0.03615179 0.0412585  0.04524062 0.04909691 0.04869839 0.03969719] ; 0.2286258267609374 ; 28262.387099698684
========

Generation 24
========
[0.02898526 0.02740487 0.02650508 0.02492276 0.02637531 0.02864089
 0.03678214 0.04202503 0.04597834 0.04951853 0.0485957  0.03913563] ; 0.2286258267609374 ; 1604.545003404202
[0.02898526 0.02740487 0.02650508 0.02492276 0.02637531 0.02864089
 0.03678214 0.04202503 0.04597834 0.04951853 0.0485957  0.03913563] ; 0.2286258267609374 ; 1604.545003404202
[0.02901764 0.02743548 0.02653469 0.02491086 0.02619324 0.02842476
 0.03671426 0.04207199 0.04602971 0.04957386 0.04864999 0.03917935] ; 0.2286258267609374 ; 1606.0933562330922
[0.02906292 0.02747323 0.02654973 0.02490125 0.02617314 0.02838379
 0.03662737 0.04196408 0.04593664 0.04967667 0.04873934 0.03922028] ; 0.2286258267609374 ; 1651.9885575406618
[0.02907117 0.02748011 0.02655246 0.02489949 0.02616946 0.0283763
 0.03661151 0.04194438 0.04591965 0.0496954  0.04875561 0.03922773] ; 0.2286258267609374 ; 1665.773750716639
[0.02910268 0.02750947 0.02657904 0.02492242 0.02619273 0.02839992
 0.03663913 0.04197532 0.04595562 0.04955227 0.04869861 0.03926855] ; 0.2286258267609374 ; 1667.1298062098979
[0.02895791 0.02771857 0.02710515 0.02562646 0.02699352 0.02914365
 0.03723812 0.04213204 0.04557647 0.04888832 0.0478691  0.03869575] ; 0.2286258267609374 ; 25047.903888461424
[0.02970424 0.02812715 0.0270867  0.02521656 0.02627257 0.02821183
 0.03611189 0.04127872 0.04535731 0.04928764 0.04891977 0.03982238] ; 0.2286258267609374 ; 17212.51112695272
[0.0296093  0.02779019 0.02672947 0.0250448  0.02640697 0.02880891
 0.03744584 0.04320401 0.04752545 0.05129473 0.05025384 0.04026558] ; 0.23428787492910075 ; 14865.488419486479
[0.02834129 0.02666934 0.02575714 0.02426325 0.02576301 0.02816923
 0.03649113 0.04192623 0.04592813 0.04934791 0.04817037 0.03852485] ; 0.2260748363654551 ; 21945.077208079176
[0.03041547 0.02895055 0.02811617 0.02643042 0.02779247 0.02998417
 0.0383263  0.04355581 0.04745162 0.0522675  0.0502952  0.04075973] ; 0.2388495876829868 ; 27287.88409801034
[0.02746426 0.02584886 0.02497144 0.02350624 0.02486409 0.02717722
 0.03532951 0.04065919 0.04452915 0.04789699 0.0467174  0.0373308 ] ; 0.21909029464610805 ; 23107.307406150456
========

Generation 25
========
[0.02746426 0.02584886 0.02497144 0.02350624 0.02486409 0.02717722
 0.03532951 0.04065919 0.04452915 0.04789699 0.0467174  0.0373308 ] ; 0.21909029464610805 ; 1604.545003404202
[0.02898526 0.02740487 0.02650508 0.02492276 0.02637531 0.02864089
 0.03678214 0.04202503 0.04597834 0.04951853 0.0485957  0.03913563] ; 0.2286258267609374 ; 1604.545003404202
[0.02898526 0.02740487 0.02650508 0.02492276 0.02637531 0.02864089
 0.03678214 0.04202503 0.04597834 0.04951853 0.0485957  0.03913563] ; 0.2286258267609374 ; 1606.0933562330922
[0.02901764 0.02743548 0.02653469 0.02491086 0.02619324 0.02842476
 0.03671426 0.04207199 0.04602971 0.04957386 0.04864999 0.03917935] ; 0.2286258267609374 ; 1651.9885575406618
[0.02906292 0.02747323 0.02654973 0.02490125 0.02617314 0.02838379
 0.03662737 0.04196408 0.04593664 0.04967667 0.04873934 0.03922028] ; 0.2286258267609374 ; 1665.773750716639
[0.02907117 0.02748011 0.02655246 0.02489949 0.02616946 0.0283763
 0.03661151 0.04194438 0.04591965 0.0496954  0.04875561 0.03922773] ; 0.2286258267609374 ; 1667.1298062098979
[0.02780398 0.02643539 0.02576536 0.02437913 0.02578833 0.02804693
 0.03614547 0.04118103 0.04470566 0.04782544 0.04664736 0.03746541] ; 0.22169829463048962 ; 24301.966372086998
[0.02687471 0.02515376 0.02416357 0.02266663 0.02418115 0.02643038
 0.03421798 0.03955908 0.0435673  0.04703017 0.04595157 0.03667666] ; 0.21398761336513344 ; 27839.840563284415
[0.02894066 0.02736271 0.0264643  0.02486143 0.02621241 0.02845335
 0.03666254 0.04196038 0.0459076  0.04944235 0.04852094 0.03997715] ; 0.2286258267609374 ; 24628.21544049625
[0.02878269 0.02739016 0.0266855  0.02524861 0.02681277 0.02911065
 0.03724448 0.04228213 0.04592198 0.04914749 0.04806091 0.03871217] ; 0.2286258267609374 ; 19019.70546110094
[0.02907394 0.0274965  0.0264119  0.02450679 0.02583248 0.02809978
 0.03634262 0.0418583  0.04611989 0.04992626 0.04908733 0.03945743] ; 0.2286258267609374 ; 26550.74843081207
[0.02912428 0.02734187 0.02623553 0.02448273 0.02571424 0.02793457
 0.03620601 0.04182363 0.04615497 0.05015772 0.04925752 0.03951238] ; 0.2286258267609374 ; 1529.6081612400299
========

Generation 26
========
[0.02746426 0.02584886 0.02497144 0.02350624 0.02486409 0.02717722
 0.03532951 0.04065919 0.04452915 0.04789699 0.0467174  0.0373308 ] ; 0.21909029464610805 ; 1529.6081612400299
[0.02898526 0.02740487 0.02650508 0.02492276 0.02637531 0.02864089
 0.03678214 0.04202503 0.04597834 0.04951853 0.0485957  0.03913563] ; 0.2286258267609374 ; 1604.545003404202
[0.02898526 0.02740487 0.02650508 0.02492276 0.02637531 0.02864089
 0.03678214 0.04202503 0.04597834 0.04951853 0.0485957  0.03913563] ; 0.2286258267609374 ; 1604.545003404202
[0.02901764 0.02743548 0.02653469 0.02491086 0.02619324 0.02842476
 0.03671426 0.04207199 0.04602971 0.04957386 0.04864999 0.03917935] ; 0.2286258267609374 ; 1606.0933562330922
[0.02906292 0.02747323 0.02654973 0.02490125 0.02617314 0.02838379
 0.03662737 0.04196408 0.04593664 0.04967667 0.04873934 0.03922028] ; 0.2286258267609374 ; 1651.9885575406618
[0.02907117 0.02748011 0.02655246 0.02489949 0.02616946 0.0283763
 0.03661151 0.04194438 0.04591965 0.0496954  0.04875561 0.03922773] ; 0.2286258267609374 ; 1665.773750716639
[0.02842738 0.02690682 0.02596533 0.02429237 0.02553686 0.02755947
 0.03525249 0.04023693 0.0441226  0.04776389 0.0471761  0.03822383] ; 0.22121870740488306 ; 24397.46625863308
[0.02917164 0.02754429 0.0265267  0.02475282 0.02586496 0.02793451
 0.03600839 0.04131862 0.04540181 0.04920364 0.04858707 0.03931098] ; 0.22689783046693945 ; 13015.883695188746
[0.03099232 0.02914003 0.02785634 0.02578326 0.02679117 0.02882095
 0.03709906 0.04271821 0.04728074 0.05182487 0.05148253 0.04176118] ; 0.2377550919847041 ; 26327.82414232707
[0.02898526 0.02740487 0.02650508 0.02492276 0.02637531 0.02864089
 0.03678214 0.04202503 0.04597834 0.04951853 0.0485957  0.03913563] ; 0.2286258267609374 ; 19978.166183933707
[0.02924137 0.02779761 0.02695718 0.0253286  0.02669758 0.02881132
 0.03675121 0.04175878 0.0455617  0.0491081  0.04839047 0.03921566] ; 0.2286258267609374 ; 29645.651664526416
[0.0290124  0.02742534 0.02650286 0.02486183 0.02615363 0.02836456
 0.036574   0.04194893 0.04616393 0.0498008  0.04865501 0.03915155] ; 0.2286258267609374 ; 21743.537638057616
========

