Generation 1
========
[0.03102759 0.03490604 0.03878449 0.03296682 0.03345162 0.03054279
 0.03054279 0.02811876 0.02424031 0.0315124  0.03829968 0.03684527] ; 0.20713862902963404 ; 50598.097378048646
[0.04165605 0.04870553 0.0493464  0.04550122 0.05126898 0.05511416
 0.05126898 0.03781088 0.03588829 0.03973346 0.0493464  0.04742381] ; 0.29345707247490194 ; 138188.54086014754
[0.04040465 0.04515814 0.05704186 0.04991163 0.05149612 0.05704186
 0.05624961 0.05228837 0.05466512 0.04911938 0.04515814 0.04436589] ; 0.3175455118594658 ; 94769.13341444256
[0.05616753 0.04554124 0.04174614 0.04098712 0.04933635 0.05692655
 0.05768558 0.05464949 0.04630026 0.05009537 0.05464949 0.05996264] ; 0.3256879914639371 ; 229645.08361353798
[0.03348103 0.03432288 0.03448451 0.02722732 0.02707363 0.02569704
 0.02794186 0.02845378 0.02677391 0.03670464 0.04517068 0.0423267 ] ; 0.207945809161914 ; 166117.618064265
[0.03620039 0.03834096 0.0420123  0.03824956 0.04337355 0.04495048
 0.0483542  0.04534357 0.03963358 0.04847995 0.05450976 0.0472995 ] ; 0.27886255792634385 ; 244070.83449806462
[0.02669657 0.02860538 0.03003618 0.02812951 0.03325306 0.03701324
 0.03866532 0.0331455  0.03025271 0.03478757 0.03955573 0.03434543] ; 0.20916321791567064 ; 104908.34024710467
[0.04233086 0.03934548 0.03766375 0.03119604 0.03520114 0.0448889
 0.05285068 0.05392716 0.06222179 0.06428071 0.0657117  0.05675182] ; 0.3146260358002047 ; 91848.0184069481
========

Generation 2
========
[0.02669657 0.02860538 0.03003618 0.02812951 0.03325306 0.03701324
 0.03866532 0.0331455  0.03025271 0.03478757 0.03955573 0.03434543] ; 0.20916321791567064 ; 50598.097378048646
[0.03620039 0.03834096 0.0420123  0.03824956 0.04337355 0.04495048
 0.0483542  0.04534357 0.03963358 0.04847995 0.05450976 0.0472995 ] ; 0.27886255792634385 ; 91848.0184069481
[0.03348103 0.03432288 0.03448451 0.02722732 0.02707363 0.02569704
 0.02794186 0.02845378 0.02677391 0.03670464 0.04517068 0.0423267 ] ; 0.207945809161914 ; 94769.13341444256
[0.03102759 0.03490604 0.03878449 0.03296682 0.03345162 0.03054279
 0.03054279 0.02811876 0.02424031 0.0315124  0.03829968 0.03684527] ; 0.20713862902963404 ; 104908.34024710467
[0.02244329 0.02297681 0.02510752 0.02378524 0.02953627 0.03475096
 0.04157576 0.04104203 0.03562179 0.04012274 0.0402903  0.03145729] ; 0.20877239596750957 ; 46907.39948021782
[0.03229814 0.0308079  0.02885485 0.02408153 0.0269067  0.02997901
 0.0341913  0.03730836 0.03463724 0.04197648 0.05044103 0.04420994] ; 0.2226773312666215 ; 37197.2515895295
[0.02778835 0.02945428 0.03218448 0.02935596 0.03338197 0.03477152
 0.03732515 0.03478664 0.03049438 0.03714795 0.04179875 0.03627134] ; 0.21428745438140123 ; 16516.04221533291
[0.03727165 0.03925114 0.0423933  0.03777426 0.0420849  0.04314935
 0.04647565 0.04402607 0.03885736 0.04831044 0.05508852 0.04841921] ; 0.27685339041301316 ; 66818.46937606146
========

Generation 3
========
[0.02669657 0.02860538 0.03003618 0.02812951 0.03325306 0.03701324
 0.03866532 0.0331455  0.03025271 0.03478757 0.03955573 0.03434543] ; 0.20916321791567064 ; 16516.04221533291
[0.02244329 0.02297681 0.02510752 0.02378524 0.02953627 0.03475096
 0.04157576 0.04104203 0.03562179 0.04012274 0.0402903  0.03145729] ; 0.20877239596750957 ; 37197.2515895295
[0.03229814 0.0308079  0.02885485 0.02408153 0.0269067  0.02997901
 0.0341913  0.03730836 0.03463724 0.04197648 0.05044103 0.04420994] ; 0.2226773312666215 ; 46907.39948021782
[0.02778835 0.02945428 0.03218448 0.02935596 0.03338197 0.03477152
 0.03732515 0.03478664 0.03049438 0.03714795 0.04179875 0.03627134] ; 0.21428745438140123 ; 50598.097378048646
[0.02280911 0.02309    0.02400084 0.02330159 0.03017446 0.03796392
 0.04452697 0.04201154 0.03759293 0.04023974 0.04115844 0.0320642 ] ; 0.21515318396427674 ; 20698.34176069782
[0.03429549 0.0383865  0.04103056 0.03434339 0.03395528 0.03030952
 0.02844636 0.02471826 0.02231146 0.02994232 0.03931556 0.03984715] ; 0.2116755719393168 ; 33648.3099156159
[0.03082995 0.02943727 0.02763927 0.02324223 0.02688071 0.03060274
 0.03479622 0.03670075 0.03330737 0.04027648 0.04824769 0.04221427] ; 0.21641886103927954 ; 35289.482257680604
[0.01810408 0.01946244 0.02309896 0.02411614 0.03219845 0.03931025
 0.04641676 0.04379967 0.03603174 0.03721142 0.03452788 0.02555808] ; 0.20675972268523102 ; 63774.99697522117
========

Generation 4
========
[0.01810408 0.01946244 0.02309896 0.02411614 0.03219845 0.03931025
 0.04641676 0.04379967 0.03603174 0.03721142 0.03452788 0.02555808] ; 0.20675972268523102 ; 16516.04221533291
[0.02280911 0.02309    0.02400084 0.02330159 0.03017446 0.03796392
 0.04452697 0.04201154 0.03759293 0.04023974 0.04115844 0.0320642 ] ; 0.21515318396427674 ; 20698.34176069782
[0.02669657 0.02860538 0.03003618 0.02812951 0.03325306 0.03701324
 0.03866532 0.0331455  0.03025271 0.03478757 0.03955573 0.03434543] ; 0.20916321791567064 ; 33648.3099156159
[0.02244329 0.02297681 0.02510752 0.02378524 0.02953627 0.03475096
 0.04157576 0.04104203 0.03562179 0.04012274 0.0402903  0.03145729] ; 0.20877239596750957 ; 35289.482257680604
[0.02131271 0.02140231 0.02314047 0.0219416  0.02731769 0.03278512
 0.04040444 0.04152343 0.03768584 0.04234187 0.04140885 0.03101969] ; 0.20675972268523102 ; 15539.113680927276
[0.0241249  0.02524343 0.02704508 0.02627644 0.03265696 0.03760889
 0.04071269 0.03592686 0.03169138 0.03582527 0.03891554 0.03237052] ; 0.20711797082001746 ; 26927.952693212475
[0.02480362 0.02290915 0.02166204 0.01883443 0.02257812 0.02737265
 0.03366532 0.03522008 0.03485469 0.04243596 0.0571917  0.03655517] ; 0.20896766941743367 ; 27555.257185566883
[0.02255438 0.01997239 0.01858079 0.01700429 0.02213725 0.0298334
 0.03933232 0.0424312  0.04251124 0.04838785 0.04921708 0.03570566] ; 0.2148770317186344 ; 15425.05831529948
========

Generation 5
========
[0.02480362 0.02290915 0.02166204 0.01883443 0.02257812 0.02737265
 0.03366532 0.03522008 0.03485469 0.04243596 0.0571917  0.03655517] ; 0.20896766941743367 ; 15425.05831529948
[0.01810408 0.01946244 0.02309896 0.02411614 0.03219845 0.03931025
 0.04641676 0.04379967 0.03603174 0.03721142 0.03452788 0.02555808] ; 0.20675972268523102 ; 15539.113680927276
[0.02280911 0.02309    0.02400084 0.02330159 0.03017446 0.03796392
 0.04452697 0.04201154 0.03759293 0.04023974 0.04115844 0.0320642 ] ; 0.21515318396427674 ; 16516.04221533291
[0.02131271 0.02140231 0.02314047 0.0219416  0.02731769 0.03278512
 0.04040444 0.04152343 0.03768584 0.04234187 0.04140885 0.03101969] ; 0.20675972268523102 ; 20698.34176069782
[0.01450172 0.01638155 0.02052281 0.02351898 0.03504775 0.04570428
 0.05223036 0.04415962 0.03301367 0.03092164 0.03287882 0.02000112] ; 0.20678398652751032 ; 16086.75932131262
[0.03666351 0.03737962 0.03471126 0.02643886 0.02539345 0.02371662
 0.02321909 0.02151146 0.02186543 0.03134875 0.05394473 0.04438422] ; 0.20896766941743367 ; 25045.80170023247
[0.02697684 0.02605992 0.02586174 0.02191259 0.02439163 0.02695826
 0.03230314 0.0345057  0.03446726 0.04376786 0.04787371 0.03856429] ; 0.20675972268523102 ; 7074.842646740569
[0.01666035 0.01634111 0.01826777 0.01897934 0.02669585 0.03561052
 0.04626661 0.04718959 0.04057792 0.04204972 0.03756343 0.02584268] ; 0.20675972268523102 ; 16681.92977520321
========

Generation 6
========
[0.01666035 0.01634111 0.01826777 0.01897934 0.02669585 0.03561052
 0.04626661 0.04718959 0.04057792 0.04204972 0.03756343 0.02584268] ; 0.20675972268523102 ; 7074.842646740569
[0.02480362 0.02290915 0.02166204 0.01883443 0.02257812 0.02737265
 0.03366532 0.03522008 0.03485469 0.04243596 0.0571917  0.03655517] ; 0.20896766941743367 ; 15425.05831529948
[0.01450172 0.01638155 0.02052281 0.02351898 0.03504775 0.04570428
 0.05223036 0.04415962 0.03301367 0.03092164 0.03287882 0.02000112] ; 0.20678398652751032 ; 15539.113680927276
[0.01810408 0.01946244 0.02309896 0.02411614 0.03219845 0.03931025
 0.04641676 0.04379967 0.03603174 0.03721142 0.03452788 0.02555808] ; 0.20675972268523102 ; 16086.75932131262
[0.01450171 0.01292105 0.0136721  0.01413716 0.02082068 0.03038177
 0.04418618 0.04998759 0.04581364 0.04774776 0.04041533 0.0252023 ] ; 0.20675972268523102 ; 9804.15353486194
[0.01282176 0.01468968 0.01934409 0.02334427 0.03623281 0.04872254
 0.05723942 0.04924462 0.03593538 0.03209505 0.02918549 0.01816952] ; 0.21502644549468805 ; 47610.881167391104
[0.02451208 0.02259664 0.02151935 0.01887199 0.02311275 0.02855306
 0.03583728 0.0373457  0.03553295 0.04241883 0.0520848  0.03605909] ; 0.2074769486369617 ; 23888.909959625587
[0.02417123 0.01864346 0.0148298  0.01157625 0.01364061 0.01775755
 0.02520893 0.03148195 0.03655856 0.04945834 0.06871228 0.04113042] ; 0.20896766941743367 ; 1753.4104609919934
========

Generation 7
========
[0.01450171 0.01292105 0.0136721  0.01413716 0.02082068 0.03038177
 0.04418618 0.04998759 0.04581364 0.04774776 0.04041533 0.0252023 ] ; 0.20675972268523102 ; 1753.4104609919934
[0.01666035 0.01634111 0.01826777 0.01897934 0.02669585 0.03561052
 0.04626661 0.04718959 0.04057792 0.04204972 0.03756343 0.02584268] ; 0.20675972268523102 ; 7074.842646740569
[0.02417123 0.01864346 0.0148298  0.01157625 0.01364061 0.01775755
 0.02520893 0.03148195 0.03655856 0.04945834 0.06871228 0.04113042] ; 0.20896766941743367 ; 9804.15353486194
[0.02480362 0.02290915 0.02166204 0.01883443 0.02257812 0.02737265
 0.03366532 0.03522008 0.03485469 0.04243596 0.0571917  0.03655517] ; 0.20896766941743367 ; 15425.05831529948
[0.01419316 0.01261775 0.01325891 0.01373229 0.02059232 0.03084245
 0.0455859  0.05128575 0.04592641 0.04672245 0.03915276 0.02451896] ; 0.20675972268523102 ; 592.3218758308527
[0.0239263  0.02045141 0.01817918 0.01544438 0.01882031 0.02378019
 0.03112443 0.03480845 0.03630138 0.0457854  0.06132947 0.0379749 ] ; 0.20840439578702918 ; 7728.1929667852555
[0.01212584 0.01064516 0.01162451 0.01285589 0.02047478 0.03187589
 0.04811901 0.05474525 0.04893228 0.04843526 0.03826104 0.0222178 ] ; 0.21220020990166769 ; 14962.71497401439
[0.01915635 0.01717312 0.01721736 0.01629824 0.02171302 0.02897402
 0.03975111 0.0443111  0.04219452 0.04790958 0.04525097 0.0311069 ] ; 0.20720383071002757 ; 5961.9155162302695
========

Generation 8
========
[0.01450171 0.01292105 0.0136721  0.01413716 0.02082068 0.03038177
 0.04418618 0.04998759 0.04581364 0.04774776 0.04041533 0.0252023 ] ; 0.20675972268523102 ; 592.3218758308527
[0.01666035 0.01634111 0.01826777 0.01897934 0.02669585 0.03561052
 0.04626661 0.04718959 0.04057792 0.04204972 0.03756343 0.02584268] ; 0.20675972268523102 ; 1753.4104609919934
[0.01212584 0.01064516 0.01162451 0.01285589 0.02047478 0.03187589
 0.04811901 0.05474525 0.04893228 0.04843526 0.03826104 0.0222178 ] ; 0.21220020990166769 ; 5961.9155162302695
[0.01419316 0.01261775 0.01325891 0.01373229 0.02059232 0.03084245
 0.0455859  0.05128575 0.04592641 0.04672245 0.03915276 0.02451896] ; 0.20675972268523102 ; 7074.842646740569
[0.01258596 0.00960305 0.00897551 0.0088534  0.01371448 0.02279889
 0.03902215 0.05095576 0.0510863  0.05455695 0.04441349 0.02516124] ; 0.20675972268523102 ; 4694.120288629429
[0.01562854 0.01516603 0.01699576 0.01769415 0.02558467 0.03672961
 0.04567239 0.04708823 0.04182478 0.04354938 0.03788487 0.02501778] ; 0.20675972268523102 ; 15319.843124213628
[0.01415576 0.01403869 0.01660861 0.0188691  0.02875907 0.04040663
 0.0532529  0.05294053 0.04281347 0.04107045 0.03447781 0.02248063] ; 0.21590972856384094 ; 3921.524846048958
[0.01107873 0.00994904 0.01120322 0.01277898 0.02083508 0.0327511
 0.04914488 0.05484634 0.05235647 0.04569136 0.0351448  0.02016029] ; 0.2110383042297285 ; 11515.604565995094
========

Generation 9
========
[0.01450171 0.01292105 0.0136721  0.01413716 0.02082068 0.03038177
 0.04418618 0.04998759 0.04581364 0.04774776 0.04041533 0.0252023 ] ; 0.20675972268523102 ; 592.3218758308527
[0.01107873 0.00994904 0.01120322 0.01277898 0.02083508 0.0327511
 0.04914488 0.05484634 0.05235647 0.04569136 0.0351448  0.02016029] ; 0.2110383042297285 ; 1753.4104609919934
[0.01562854 0.01516603 0.01699576 0.01769415 0.02558467 0.03672961
 0.04567239 0.04708823 0.04182478 0.04354938 0.03788487 0.02501778] ; 0.20675972268523102 ; 3921.524846048958
[0.01666035 0.01634111 0.01826777 0.01897934 0.02669585 0.03561052
 0.04626661 0.04718959 0.04057792 0.04204972 0.03756343 0.02584268] ; 0.20675972268523102 ; 4694.120288629429
[0.01550489 0.01449344 0.01577874 0.01635635 0.02351949 0.03280368
 0.04520408 0.04880358 0.04351739 0.04524518 0.0391907  0.02553524] ; 0.20675972268523102 ; 4397.8737580614215
[0.01515006 0.01342982 0.01391294 0.01415177 0.02080336 0.0303565
 0.04414942 0.049946   0.04577553 0.04776776 0.04103097 0.02615891] ; 0.2078239593358891 ; 1668.9478845760673
[0.01364408 0.01308096 0.01450501 0.01426936 0.02148439 0.03180983
 0.04574742 0.05021288 0.04501693 0.04500073 0.03757761 0.02347002] ; 0.2040795749832736 ; 6260.96906904582
[0.01103302 0.00962205 0.01065877 0.01208992 0.01967602 0.03093135
 0.04690021 0.05390634 0.05357922 0.04815366 0.03710407 0.0207814 ] ; 0.2110383042297285 ; 1055.3802923857472
========

Generation 10
========
[0.01450171 0.01292105 0.0136721  0.01413716 0.02082068 0.03038177
 0.04418618 0.04998759 0.04581364 0.04774776 0.04041533 0.0252023 ] ; 0.20675972268523102 ; 592.3218758308527
[0.01107873 0.00994904 0.01120322 0.01277898 0.02083508 0.0327511
 0.04914488 0.05484634 0.05235647 0.04569136 0.0351448  0.02016029] ; 0.2110383042297285 ; 1055.3802923857472
[0.01562854 0.01516603 0.01699576 0.01769415 0.02558467 0.03672961
 0.04567239 0.04708823 0.04182478 0.04354938 0.03788487 0.02501778] ; 0.20675972268523102 ; 1668.9478845760673
[0.01666035 0.01634111 0.01826777 0.01897934 0.02669585 0.03561052
 0.04626661 0.04718959 0.04057792 0.04204972 0.03756343 0.02584268] ; 0.20675972268523102 ; 1753.4104609919934
[0.01001275 0.00982766 0.0121328  0.01477183 0.0250522  0.0401015
 0.0539625  0.0545186  0.04361412 0.039252   0.02939193 0.01716083] ; 0.20675972268523102 ; 6997.403540509017
[0.01320261 0.01200694 0.01320773 0.01627128 0.02271303 0.03282025
 0.04707327 0.05140374 0.04514359 0.04524396 0.03721488 0.02288422] ; 0.20675972268523102 ; 5557.718537468974
[0.00852158 0.00770298 0.00916653 0.01136422 0.02017774 0.0338802
 0.05256897 0.05839016 0.05343772 0.04338701 0.03059027 0.01621657] ; 0.2110383042297285 ; 4831.923106003818
[0.01625953 0.01602525 0.01812278 0.01893116 0.02694188 0.03694579
 0.0460553  0.04660415 0.04252278 0.04225495 0.03751537 0.0254431 ] ; 0.20794721886349565 ; 1890.8818855296781
========

Generation 11
========
[0.01001275 0.00982766 0.0121328  0.01477183 0.0250522  0.0401015
 0.0539625  0.0545186  0.04361412 0.039252   0.02939193 0.01716083] ; 0.20675972268523102 ; 592.3218758308527
[0.01450171 0.01292105 0.0136721  0.01413716 0.02082068 0.03038177
 0.04418618 0.04998759 0.04581364 0.04774776 0.04041533 0.0252023 ] ; 0.20675972268523102 ; 1055.3802923857472
[0.01107873 0.00994904 0.01120322 0.01277898 0.02083508 0.0327511
 0.04914488 0.05484634 0.05235647 0.04569136 0.0351448  0.02016029] ; 0.2110383042297285 ; 1668.9478845760673
[0.00852158 0.00770298 0.00916653 0.01136422 0.02017774 0.0338802
 0.05256897 0.05839016 0.05343772 0.04338701 0.03059027 0.01621657] ; 0.2110383042297285 ; 1753.4104609919934
[0.01285757 0.01099    0.01144201 0.01187591 0.01823095 0.02909393
 0.04342147 0.05171996 0.04966732 0.05082983 0.04094864 0.02382535] ; 0.20890323361413776 ; 388.2464524313018
[0.00807676 0.00765973 0.00956906 0.01226183 0.02215537 0.03738303
 0.05453788 0.05740909 0.04828861 0.03968082 0.02768774 0.01486082] ; 0.20682420661358591 ; 1788.2792700038008
[0.0126487  0.01150984 0.01283816 0.01413296 0.02194465 0.03312551
 0.04894318 0.0552336  0.05254928 0.04856327 0.03828923 0.02249347] ; 0.21784168011285035 ; 1201.7787079323061
[0.01373598 0.01229735 0.01325913 0.01408533 0.02122101 0.03120967
 0.04515206 0.05062555 0.0487932  0.04729393 0.03930661 0.02408399] ; 0.20853939163780016 ; 9413.671214391714
========

Generation 12
========
[0.01001275 0.00982766 0.0121328  0.01477183 0.0250522  0.0401015
 0.0539625  0.0545186  0.04361412 0.039252   0.02939193 0.01716083] ; 0.20675972268523102 ; 388.2464524313018
[0.01373598 0.01229735 0.01325913 0.01408533 0.02122101 0.03120967
 0.04515206 0.05062555 0.0487932  0.04729393 0.03930661 0.02408399] ; 0.20853939163780016 ; 592.3218758308527
[0.01450171 0.01292105 0.0136721  0.01413716 0.02082068 0.03038177
 0.04418618 0.04998759 0.04581364 0.04774776 0.04041533 0.0252023 ] ; 0.20675972268523102 ; 1055.3802923857472
[0.01107873 0.00994904 0.01120322 0.01277898 0.02083508 0.0327511
 0.04914488 0.05484634 0.05235647 0.04569136 0.0351448  0.02016029] ; 0.2110383042297285 ; 1201.7787079323061
[0.00790221 0.00753017 0.01005562 0.01353363 0.02255034 0.03893812
 0.05536275 0.05717273 0.04507483 0.03865727 0.02691049 0.01448329] ; 0.20558739909288376 ; 3855.9845895907065
[0.00815024 0.00865528 0.01177683 0.01576537 0.02856505 0.04638698
 0.05965704 0.05495757 0.03938498 0.03227003 0.02292328 0.0133591 ] ; 0.20675972268523102 ; 1465.942240681171
[0.01127501 0.00985789 0.01063264 0.01157458 0.01831953 0.0287966
 0.04442596 0.05179618 0.04988967 0.04645558 0.03619169 0.02075348] ; 0.20144379037014518 ; 3860.861005956603
[0.01311223 0.01089678 0.01102308 0.01131713 0.01722854 0.02679372
 0.04210957 0.05117514 0.05305721 0.05149317 0.04209012 0.0246018 ] ; 0.2100072159545735 ; 552.3093607811769
========

Generation 13
========
[0.01001275 0.00982766 0.0121328  0.01477183 0.0250522  0.0401015
 0.0539625  0.0545186  0.04361412 0.039252   0.02939193 0.01716083] ; 0.20675972268523102 ; 388.2464524313018
[0.01373598 0.01229735 0.01325913 0.01408533 0.02122101 0.03120967
 0.04515206 0.05062555 0.0487932  0.04729393 0.03930661 0.02408399] ; 0.20853939163780016 ; 552.3093607811769
[0.01450171 0.01292105 0.0136721  0.01413716 0.02082068 0.03038177
 0.04418618 0.04998759 0.04581364 0.04774776 0.04041533 0.0252023 ] ; 0.20675972268523102 ; 592.3218758308527
[0.01107873 0.00994904 0.01120322 0.01277898 0.02083508 0.0327511
 0.04914488 0.05484634 0.05235647 0.04569136 0.0351448  0.02016029] ; 0.2110383042297285 ; 1055.3802923857472
[0.015225   0.01368537 0.01458123 0.01505008 0.02190517 0.03144009
 0.04339274 0.04821157 0.04654386 0.04778877 0.04135287 0.02618464] ; 0.20825479150725407 ; 1820.785793812175
[0.01006702 0.00988093 0.01219856 0.01485189 0.02518799 0.04031885
 0.05425499 0.05481409 0.04385052 0.03946475 0.02955123 0.01725384] ; 0.2078803868540199 ; 3066.4788155221054
[0.01805367 0.01470086 0.01370839 0.0123747  0.0162915  0.02253504
 0.03378284 0.04265279 0.04824264 0.05454195 0.05065334 0.03250592] ; 0.20853939163780016 ; 2497.410348842326
[0.01210958 0.01236532 0.01528029 0.01801615 0.02873497 0.04236517
 0.05322249 0.05090737 0.0405796  0.03731275 0.03015095 0.0192661 ] ; 0.20707894146160513 ; 1560.839997389636
========

Generation 14
========
[0.01006702 0.00988093 0.01219856 0.01485189 0.02518799 0.04031885
 0.05425499 0.05481409 0.04385052 0.03946475 0.02955123 0.01725384] ; 0.2078803868540199 ; 388.2464524313018
[0.01001275 0.00982766 0.0121328  0.01477183 0.0250522  0.0401015
 0.0539625  0.0545186  0.04361412 0.039252   0.02939193 0.01716083] ; 0.20675972268523102 ; 552.3093607811769
[0.01373598 0.01229735 0.01325913 0.01408533 0.02122101 0.03120967
 0.04515206 0.05062555 0.0487932  0.04729393 0.03930661 0.02408399] ; 0.20853939163780016 ; 592.3218758308527
[0.01450171 0.01292105 0.0136721  0.01413716 0.02082068 0.03038177
 0.04418618 0.04998759 0.04581364 0.04774776 0.04041533 0.0252023 ] ; 0.20675972268523102 ; 1055.3802923857472
[0.01254933 0.01164493 0.01340777 0.01510087 0.02373146 0.03556717
 0.04876774 0.05214052 0.04496618 0.04410997 0.03563448 0.02170264] ; 0.20774345230379934 ; 4176.319497344371
[0.00793622 0.00783136 0.01016131 0.01334838 0.02448953 0.04168201
 0.05788434 0.05824872 0.04482576 0.03774671 0.02609263 0.01417271] ; 0.2099101853702355 ; 380.5461820311531
[0.00911856 0.00839275 0.01006268 0.01245631 0.02219735 0.03778519
 0.054703   0.05812635 0.0475287  0.04248671 0.03068076 0.01683872] ; 0.21159817152871874 ; 10888.426147757238
[0.01846243 0.01678904 0.01736051 0.01681372 0.0226982  0.0306104
 0.04008405 0.04391787 0.04302457 0.04730346 0.04424947 0.03020177] ; 0.2071528111120142 ; 4728.968023301645
========

Generation 15
========
[0.01006702 0.00988093 0.01219856 0.01485189 0.02518799 0.04031885
 0.05425499 0.05481409 0.04385052 0.03946475 0.02955123 0.01725384] ; 0.2078803868540199 ; 380.5461820311531
[0.01001275 0.00982766 0.0121328  0.01477183 0.0250522  0.0401015
 0.0539625  0.0545186  0.04361412 0.039252   0.02939193 0.01716083] ; 0.20675972268523102 ; 388.2464524313018
[0.01373598 0.01229735 0.01325913 0.01408533 0.02122101 0.03120967
 0.04515206 0.05062555 0.0487932  0.04729393 0.03930661 0.02408399] ; 0.20853939163780016 ; 552.3093607811769
[0.01450171 0.01292105 0.0136721  0.01413716 0.02082068 0.03038177
 0.04418618 0.04998759 0.04581364 0.04774776 0.04041533 0.0252023 ] ; 0.20675972268523102 ; 592.3218758308527
[0.01260944 0.01212322 0.0142045  0.01606711 0.02521857 0.03806967
 0.05024541 0.05216748 0.04447351 0.04328594 0.03479462 0.02129871] ; 0.21004951713906203 ; 2311.7755776136946
[0.00830217 0.00797846 0.01003821 0.01287507 0.0233105  0.03956917
 0.05576689 0.05725732 0.04511004 0.03892975 0.02743447 0.01499715] ; 0.20715920336529942 ; 1740.6915403362516
[0.01138038 0.01088564 0.01271771 0.01455947 0.02353491 0.03706739
 0.05174432 0.05421113 0.04568601 0.04164316 0.03208846 0.01929711] ; 0.20761085141170454 ; 1664.4098128039223
[0.00797908 0.0076645  0.00970328 0.01257329 0.02305672 0.03965075
 0.05601705 0.05752123 0.04514974 0.03861605 0.0268824  0.01452159] ; 0.20675972268523102 ; 10687.481620221468
========

Generation 16
========
[0.01006702 0.00988093 0.01219856 0.01485189 0.02518799 0.04031885
 0.05425499 0.05481409 0.04385052 0.03946475 0.02955123 0.01725384] ; 0.2078803868540199 ; 380.5461820311531
[0.01001275 0.00982766 0.0121328  0.01477183 0.0250522  0.0401015
 0.0539625  0.0545186  0.04361412 0.039252   0.02939193 0.01716083] ; 0.20675972268523102 ; 388.2464524313018
[0.01373598 0.01229735 0.01325913 0.01408533 0.02122101 0.03120967
 0.04515206 0.05062555 0.0487932  0.04729393 0.03930661 0.02408399] ; 0.20853939163780016 ; 552.3093607811769
[0.01450171 0.01292105 0.0136721  0.01413716 0.02082068 0.03038177
 0.04418618 0.04998759 0.04581364 0.04774776 0.04041533 0.0252023 ] ; 0.20675972268523102 ; 592.3218758308527
[0.01029867 0.00864849 0.00928523 0.01043968 0.01744719 0.02900948
 0.04629136 0.05499434 0.05294223 0.04883352 0.03682186 0.02006725] ; 0.20847550422017277 ; 4399.159645548281
[0.00828125 0.00772548 0.0094447  0.01190855 0.02159085 0.03731572
 0.05363072 0.05764105 0.04885053 0.04156363 0.02818953 0.01527984] ; 0.20788038685401988 ; 1876.9909120248255
[0.01178708 0.01082299 0.0123251  0.01394866 0.02266506 0.03636198
 0.05134651 0.05590095 0.04847499 0.04640501 0.03597038 0.02097406] ; 0.21561224550965455 ; 1753.615765067127
[0.00831923 0.00915735 0.01274678 0.01703882 0.03019913 0.04761033
 0.05966823 0.05398029 0.03823956 0.03116778 0.02224211 0.01320506] ; 0.20675972268523102 ; 1268.6048189479668
========

Generation 17
========
[0.01029867 0.00864849 0.00928523 0.01043968 0.01744719 0.02900948
 0.04629136 0.05499434 0.05294223 0.04883352 0.03682186 0.02006725] ; 0.20847550422017277 ; 380.5461820311531
[0.01006702 0.00988093 0.01219856 0.01485189 0.02518799 0.04031885
 0.05425499 0.05481409 0.04385052 0.03946475 0.02955123 0.01725384] ; 0.2078803868540199 ; 388.2464524313018
[0.01001275 0.00982766 0.0121328  0.01477183 0.0250522  0.0401015
 0.0539625  0.0545186  0.04361412 0.039252   0.02939193 0.01716083] ; 0.20675972268523102 ; 552.3093607811769
[0.01373598 0.01229735 0.01325913 0.01408533 0.02122101 0.03120967
 0.04515206 0.05062555 0.0487932  0.04729393 0.03930661 0.02408399] ; 0.20853939163780016 ; 592.3218758308527
[0.01124249 0.01099408 0.01325283 0.01550452 0.02508089 0.03857395
 0.05193321 0.05355992 0.04492745 0.04119941 0.03180184 0.01901514] ; 0.20819770081065456 ; 229.45678669679987
[0.01029867 0.00864849 0.00928523 0.01043968 0.01744719 0.02900948
 0.04629136 0.05499434 0.05294223 0.04883352 0.03682186 0.02006725] ; 0.20847550422017277 ; 767.6130385357117
[0.01214555 0.01192916 0.01425619 0.01635157 0.02575031 0.03851242
 0.05065609 0.05222916 0.04357144 0.04117878 0.03250843 0.02012544] ; 0.20712361663083095 ; 3564.6787682979066
[0.01205338 0.01183434 0.01413818 0.01621243 0.02552965 0.03813305
 0.04917866 0.04966457 0.04142761 0.03994396 0.03221633 0.01997931] ; 0.2013101207262528 ; 3468.1173503713944
========

Generation 18
========
[0.01029867 0.00864849 0.00928523 0.01043968 0.01744719 0.02900948
 0.04629136 0.05499434 0.05294223 0.04883352 0.03682186 0.02006725] ; 0.20847550422017277 ; 229.45678669679987
[0.01029867 0.00864849 0.00928523 0.01043968 0.01744719 0.02900948
 0.04629136 0.05499434 0.05294223 0.04883352 0.03682186 0.02006725] ; 0.20847550422017277 ; 380.5461820311531
[0.01006702 0.00988093 0.01219856 0.01485189 0.02518799 0.04031885
 0.05425499 0.05481409 0.04385052 0.03946475 0.02955123 0.01725384] ; 0.2078803868540199 ; 388.2464524313018
[0.01001275 0.00982766 0.0121328  0.01477183 0.0250522  0.0401015
 0.0539625  0.0545186  0.04361412 0.039252   0.02939193 0.01716083] ; 0.20675972268523102 ; 552.3093607811769
[0.0124361  0.01122358 0.01241702 0.01361554 0.02147809 0.03368721
 0.04790837 0.05253409 0.04744417 0.04555512 0.03673842 0.02204197] ; 0.2081309557609363 ; 2622.9835003371663
[0.0089297  0.00823238 0.00984196 0.01201803 0.02115551 0.03615327
 0.05274768 0.0572272  0.04775596 0.042753   0.03057715 0.01657374] ; 0.20788559914875712 ; 230.00338021783864
[0.01024753 0.0085562  0.00919548 0.01045197 0.01771077 0.0296231
 0.04695314 0.05500639 0.05240933 0.04832535 0.03665414 0.02004075] ; 0.20847550422017277 ; 4105.108897211142
[0.00715863 0.00570784 0.00625314 0.00765911 0.01448903 0.02733114
 0.04800679 0.05960086 0.05641042 0.04829325 0.03242367 0.01552493] ; 0.2084755042201728 ; 4087.1956922737004
========

Generation 19
========
[0.01029867 0.00864849 0.00928523 0.01043968 0.01744719 0.02900948
 0.04629136 0.05499434 0.05294223 0.04883352 0.03682186 0.02006725] ; 0.20847550422017277 ; 229.45678669679987
[0.01029867 0.00864849 0.00928523 0.01043968 0.01744719 0.02900948
 0.04629136 0.05499434 0.05294223 0.04883352 0.03682186 0.02006725] ; 0.20847550422017277 ; 230.00338021783864
[0.01006702 0.00988093 0.01219856 0.01485189 0.02518799 0.04031885
 0.05425499 0.05481409 0.04385052 0.03946475 0.02955123 0.01725384] ; 0.2078803868540199 ; 380.5461820311531
[0.01001275 0.00982766 0.0121328  0.01477183 0.0250522  0.0401015
 0.0539625  0.0545186  0.04361412 0.039252   0.02939193 0.01716083] ; 0.20675972268523102 ; 388.2464524313018
[0.00830571 0.00743046 0.008803   0.01092016 0.01962674 0.03378095
 0.05188352 0.05793402 0.05084413 0.04369531 0.03063186 0.01603155] ; 0.20795136854350288 ; 451.25796782747193
[0.01043779 0.00876532 0.00941066 0.01058071 0.01768287 0.02940136
 0.0469167  0.05573724 0.05365741 0.0494932  0.03731928 0.02033833] ; 0.21129174371240264 ; 1060.7197863412616
[0.00834161 0.0069366  0.00768612 0.00918941 0.01649422 0.02917626
 0.04838235 0.05791346 0.05439073 0.04760786 0.03349905 0.01704493] ; 0.20847550422017277 ; 2400.9847263169495
[0.00837367 0.00765786 0.00866604 0.00976258 0.01745189 0.03045064
 0.04953779 0.05808194 0.05354935 0.04629769 0.03251164 0.01672674] ; 0.20847550422017277 ; 999.8662348403619
========

Generation 20
========
[0.01043779 0.00876532 0.00941066 0.01058071 0.01768287 0.02940136
 0.0469167  0.05573724 0.05365741 0.0494932  0.03731928 0.02033833] ; 0.21129174371240264 ; 229.45678669679987
[0.01029867 0.00864849 0.00928523 0.01043968 0.01744719 0.02900948
 0.04629136 0.05499434 0.05294223 0.04883352 0.03682186 0.02006725] ; 0.20847550422017277 ; 230.00338021783864
[0.01029867 0.00864849 0.00928523 0.01043968 0.01744719 0.02900948
 0.04629136 0.05499434 0.05294223 0.04883352 0.03682186 0.02006725] ; 0.20847550422017277 ; 380.5461820311531
[0.01006702 0.00988093 0.01219856 0.01485189 0.02518799 0.04031885
 0.05425499 0.05481409 0.04385052 0.03946475 0.02955123 0.01725384] ; 0.2078803868540199 ; 388.2464524313018
[0.00833973 0.00638659 0.00655836 0.00749515 0.01346578 0.02492078
 0.04445623 0.05757826 0.05771376 0.05245681 0.03700736 0.01819664] ; 0.21069223112354837 ; 903.5445544272471
[0.01043779 0.00876532 0.00941066 0.01058071 0.01768287 0.02940136
 0.0469167  0.05573724 0.05365741 0.0494932  0.03731928 0.02033833] ; 0.2112917437124026 ; 215.14342101756046
[0.00851647 0.00701925 0.00770423 0.00914974 0.01638684 0.02904623
 0.04841794 0.05836394 0.05522707 0.04866011 0.03437918 0.01749103] ; 0.2108492218107499 ; 1573.179920165957
[0.01030418 0.01000362 0.01212877 0.01450042 0.02404085 0.03735155
 0.05073007 0.05167945 0.04316479 0.0386167  0.0296554  0.01761181] ; 0.19928879369709113 ; 1129.5198282589483
========

Generation 21
========
[0.01043779 0.00876532 0.00941066 0.01058071 0.01768287 0.02940136
 0.0469167  0.05573724 0.05365741 0.0494932  0.03731928 0.02033833] ; 0.2112917437124026 ; 215.14342101756046
[0.01043779 0.00876532 0.00941066 0.01058071 0.01768287 0.02940136
 0.0469167  0.05573724 0.05365741 0.0494932  0.03731928 0.02033833] ; 0.21129174371240264 ; 229.45678669679987
[0.01029867 0.00864849 0.00928523 0.01043968 0.01744719 0.02900948
 0.04629136 0.05499434 0.05294223 0.04883352 0.03682186 0.02006725] ; 0.20847550422017277 ; 230.00338021783864
[0.01029867 0.00864849 0.00928523 0.01043968 0.01744719 0.02900948
 0.04629136 0.05499434 0.05294223 0.04883352 0.03682186 0.02006725] ; 0.20847550422017277 ; 380.5461820311531
[0.0085628  0.00703674 0.00769182 0.0091009  0.01626285 0.02881497
 0.04809196 0.05811285 0.05516317 0.04876434 0.03454721 0.01759997] ; 0.21040441346879535 ; 774.4422122283927
[0.01288055 0.01036645 0.01030544 0.01058693 0.01635613 0.02596466
 0.04130461 0.05111377 0.05304928 0.05354617 0.04374579 0.02501676] ; 0.2112917437124026 ; 215.14342101756046
[0.01043779 0.00876532 0.00941066 0.01058071 0.01768287 0.02940136
 0.0469167  0.05573724 0.05365741 0.0494932  0.03731928 0.02033833] ; 0.21129174371240264 ; 997.86388922018
[0.01092817 0.00905613 0.00980589 0.01095017 0.01797706 0.0293518
 0.04636888 0.05498709 0.05296961 0.0488305  0.03686325 0.02186777] ; 0.20994934914281393 ; 3284.326102085318
========

Generation 22
========
[0.01043779 0.00876532 0.00941066 0.01058071 0.01768287 0.02940136
 0.0469167  0.05573724 0.05365741 0.0494932  0.03731928 0.02033833] ; 0.21129174371240264 ; 215.14342101756046
[0.01043779 0.00876532 0.00941066 0.01058071 0.01768287 0.02940136
 0.0469167  0.05573724 0.05365741 0.0494932  0.03731928 0.02033833] ; 0.21129174371240264 ; 215.14342101756046
[0.01043779 0.00876532 0.00941066 0.01058071 0.01768287 0.02940136
 0.0469167  0.05573724 0.05365741 0.0494932  0.03731928 0.02033833] ; 0.2112917437124026 ; 229.45678669679987
[0.01029867 0.00864849 0.00928523 0.01043968 0.01744719 0.02900948
 0.04629136 0.05499434 0.05294223 0.04883352 0.03682186 0.02006725] ; 0.20847550422017277 ; 230.00338021783864
[0.00894189 0.00783782 0.00896279 0.01074737 0.01887192 0.03213818
 0.0509681  0.0584601  0.05315459 0.04589434 0.03268402 0.01728662] ; 0.21129174371240264 ; 1017.4669605691648
[0.00767475 0.00598214 0.00633032 0.00752031 0.01409169 0.02665756
 0.04730982 0.05966581 0.05751806 0.05011518 0.03430497 0.01671951] ; 0.21129174371240264 ; 4481.914014137168
[0.00841591 0.00710115 0.00791612 0.01129176 0.0170585  0.0302112
 0.04986434 0.0589032  0.05429476 0.04677969 0.03279792 0.0168782 ] ; 0.210528838611168 ; 215.04645277526518
[0.01243507 0.01068158 0.01138185 0.01234066 0.0194652  0.03029511
 0.0456974  0.05276883 0.05129104 0.04944498 0.03972892 0.02308327] ; 0.21129174371240264 ; 2422.6044037459274
========

Generation 23
========
[0.01043779 0.00876532 0.00941066 0.01058071 0.01768287 0.02940136
 0.0469167  0.05573724 0.05365741 0.0494932  0.03731928 0.02033833] ; 0.21129174371240264 ; 215.04645277526518
[0.01043779 0.00876532 0.00941066 0.01058071 0.01768287 0.02940136
 0.0469167  0.05573724 0.05365741 0.0494932  0.03731928 0.02033833] ; 0.2112917437124026 ; 215.14342101756046
[0.01043779 0.00876532 0.00941066 0.01058071 0.01768287 0.02940136
 0.0469167  0.05573724 0.05365741 0.0494932  0.03731928 0.02033833] ; 0.21129174371240264 ; 215.14342101756046
[0.01029867 0.00864849 0.00928523 0.01043968 0.01744719 0.02900948
 0.04629136 0.05499434 0.05294223 0.04883352 0.03682186 0.02006725] ; 0.20847550422017277 ; 229.45678669679987
[0.01353171 0.0118419  0.0126044  0.01339278 0.02043782 0.03068605
 0.0449649  0.0511043  0.04965888 0.04865198 0.04030181 0.02430512] ; 0.21010461567313105 ; 1244.8129862041912
[0.01019336 0.00860477 0.00936662 0.01074474 0.01826678 0.03051018
 0.04816734 0.05610605 0.05303668 0.04843594 0.03642579 0.01984848] ; 0.21129174371240264 ; 587.9816401601759
[0.00860589 0.00724564 0.00807782 0.00964131 0.01717018 0.03003994
 0.0492516  0.05839219 0.05451006 0.04766413 0.03370878 0.01733925] ; 0.21070418259024515 ; 1060.1609107274517
[0.01220074 0.01026876 0.01015337 0.01105377 0.01788941 0.02908715
 0.04592855 0.05451337 0.05291883 0.04978949 0.03871114 0.02181092] ; 0.21129174371240264 ; 3517.1434016323856
========

Generation 24
========
[0.01043779 0.00876532 0.00941066 0.01058071 0.01768287 0.02940136
 0.0469167  0.05573724 0.05365741 0.0494932  0.03731928 0.02033833] ; 0.21129174371240264 ; 215.04645277526518
[0.01043779 0.00876532 0.00941066 0.01058071 0.01768287 0.02940136
 0.0469167  0.05573724 0.05365741 0.0494932  0.03731928 0.02033833] ; 0.21129174371240264 ; 215.14342101756046
[0.01043779 0.00876532 0.00941066 0.01058071 0.01768287 0.02940136
 0.0469167  0.05573724 0.05365741 0.0494932  0.03731928 0.02033833] ; 0.2112917437124026 ; 215.14342101756046
[0.01019336 0.00860477 0.00936662 0.01074474 0.01826678 0.03051018
 0.04816734 0.05610605 0.05303668 0.04843594 0.03642579 0.01984848] ; 0.21129174371240264 ; 229.45678669679987
[0.01066822 0.00808734 0.007852   0.00822857 0.01349049 0.02329426
 0.04040186 0.05328054 0.05649785 0.05558026 0.04263399 0.02245973] ; 0.21129174371240264 ; 4250.143649253757
[0.00840559 0.00736235 0.00851403 0.01043967 0.01881278 0.03267663
 0.0521741  0.05939538 0.05306043 0.0448773  0.03139659 0.01638811] ; 0.21129174371240264 ; 220.4227531028625
[0.0088436  0.00760308 0.00862412 0.0103209  0.01817836 0.03116723
 0.04987627 0.05803556 0.05392412 0.04719847 0.03360203 0.01753589] ; 0.21129174371240264 ; 1339.9989821175452
[0.00938627 0.00782656 0.00846258 0.00976254 0.01699727 0.02949386
 0.04844351 0.05793213 0.05486262 0.04889885 0.03539874 0.01865615] ; 0.2121753755062969 ; 3142.69489528103
========

Generation 25
========
[0.00840559 0.00736235 0.00851403 0.01043967 0.01881278 0.03267663
 0.0521741  0.05939538 0.05306043 0.0448773  0.03139659 0.01638811] ; 0.21129174371240264 ; 215.04645277526518
[0.01043779 0.00876532 0.00941066 0.01058071 0.01768287 0.02940136
 0.0469167  0.05573724 0.05365741 0.0494932  0.03731928 0.02033833] ; 0.21129174371240264 ; 215.14342101756046
[0.01043779 0.00876532 0.00941066 0.01058071 0.01768287 0.02940136
 0.0469167  0.05573724 0.05365741 0.0494932  0.03731928 0.02033833] ; 0.2112917437124026 ; 215.14342101756046
[0.01043779 0.00876532 0.00941066 0.01058071 0.01768287 0.02940136
 0.0469167  0.05573724 0.05365741 0.0494932  0.03731928 0.02033833] ; 0.21129174371240264 ; 220.4227531028625
[0.00669552 0.00541671 0.00607828 0.00765762 0.01489475 0.02870225
 0.05069652 0.06194769 0.05678377 0.04693296 0.03067795 0.0144982 ] ; 0.21129174371240264 ; 3100.5443805345335
[0.00892607 0.00770065 0.00867888 0.01034291 0.01820677 0.03121462
 0.04983105 0.05745375 0.05253129 0.04571189 0.03313857 0.01739916] ; 0.20845061964767192 ; 194.38367899007716
[0.01358964 0.01115647 0.01113401 0.01123886 0.0167184  0.02534348
 0.03889064 0.04749487 0.04976892 0.0514815  0.04339845 0.02563909] ; 0.20351101495659696 ; 1301.0023367774118
[0.01181809 0.00985547 0.01032337 0.01117493 0.01782459 0.02879256
 0.04624751 0.05391698 0.05159318 0.05013655 0.03995272 0.02266241] ; 0.21129174371240264 ; 596.3944687495725
========

Generation 26
========
[0.00840559 0.00736235 0.00851403 0.01043967 0.01881278 0.03267663
 0.0521741  0.05939538 0.05306043 0.0448773  0.03139659 0.01638811] ; 0.21129174371240264 ; 194.38367899007716
[0.01043779 0.00876532 0.00941066 0.01058071 0.01768287 0.02940136
 0.0469167  0.05573724 0.05365741 0.0494932  0.03731928 0.02033833] ; 0.21129174371240264 ; 215.04645277526518
[0.01043779 0.00876532 0.00941066 0.01058071 0.01768287 0.02940136
 0.0469167  0.05573724 0.05365741 0.0494932  0.03731928 0.02033833] ; 0.21129174371240264 ; 215.14342101756046
[0.01043779 0.00876532 0.00941066 0.01058071 0.01768287 0.02940136
 0.0469167  0.05573724 0.05365741 0.0494932  0.03731928 0.02033833] ; 0.2112917437124026 ; 215.14342101756046
[0.00738496 0.00626136 0.00721087 0.00906737 0.01709647 0.03125244
 0.05211985 0.06092277 0.05465767 0.04535979 0.03051497 0.01513242] ; 0.21129174371240264 ; 606.4307209831807
[0.00785627 0.00750556 0.00944332 0.01228778 0.02257759 0.03823619
 0.05727666 0.05982671 0.04907488 0.03904614 0.02677207 0.01434557] ; 0.21129174371240264 ; 245.22197286348788
[0.00886605 0.00760695 0.00856692 0.01021588 0.01801167 0.03102854
 0.05000953 0.05838442 0.05392558 0.04700965 0.03346592 0.01749089] ; 0.21129174371240264 ; 5015.577961029362
[0.00818122 0.00632705 0.00659107 0.00765218 0.01390472 0.02578344
 0.04563911 0.05830163 0.05757009 0.05168528 0.03619643 0.01777238] ; 0.21129174371240264 ; 2074.068716676725
========

Generation 27
========
[0.00840559 0.00736235 0.00851403 0.01043967 0.01881278 0.03267663
 0.0521741  0.05939538 0.05306043 0.0448773  0.03139659 0.01638811] ; 0.21129174371240264 ; 194.38367899007716
[0.01043779 0.00876532 0.00941066 0.01058071 0.01768287 0.02940136
 0.0469167  0.05573724 0.05365741 0.0494932  0.03731928 0.02033833] ; 0.21129174371240264 ; 215.04645277526518
[0.01043779 0.00876532 0.00941066 0.01058071 0.01768287 0.02940136
 0.0469167  0.05573724 0.05365741 0.0494932  0.03731928 0.02033833] ; 0.2112917437124026 ; 215.14342101756046
[0.01043779 0.00876532 0.00941066 0.01058071 0.01768287 0.02940136
 0.0469167  0.05573724 0.05365741 0.0494932  0.03731928 0.02033833] ; 0.21129174371240264 ; 215.14342101756046
[0.00988159 0.00814729 0.00867876 0.00981497 0.0166395  0.02806754
 0.04524069 0.05411659 0.05240728 0.04852079 0.03648196 0.01963557] ; 0.20498220482414803 ; 350.11495329245054
[0.008657   0.00747666 0.00848981 0.01027941 0.01847519 0.03222456
 0.05172613 0.05912878 0.05310461 0.04535331 0.0321344  0.01691922] ; 0.21129174371240264 ; 1094.7122745734066
[0.00952457 0.0081016  0.00890342 0.01028198 0.01761291 0.02974693
 0.04802779 0.05724595 0.05432025 0.04864258 0.03541885 0.01875275] ; 0.21129174371240264 ; 1023.3471587457823
[0.011547   0.0092543  0.0093858  0.01001613 0.01621914 0.02696069
 0.04438311 0.05554108 0.05660365 0.05472096 0.042359   0.02308967] ; 0.21827485198330768 ; 754.017827431019
========

Generation 28
========
[0.00840559 0.00736235 0.00851403 0.01043967 0.01881278 0.03267663
 0.0521741  0.05939538 0.05306043 0.0448773  0.03139659 0.01638811] ; 0.21129174371240264 ; 194.38367899007716
[0.01043779 0.00876532 0.00941066 0.01058071 0.01768287 0.02940136
 0.0469167  0.05573724 0.05365741 0.0494932  0.03731928 0.02033833] ; 0.21129174371240264 ; 215.04645277526518
[0.01043779 0.00876532 0.00941066 0.01058071 0.01768287 0.02940136
 0.0469167  0.05573724 0.05365741 0.0494932  0.03731928 0.02033833] ; 0.21129174371240264 ; 215.14342101756046
[0.01043779 0.00876532 0.00941066 0.01058071 0.01768287 0.02940136
 0.0469167  0.05573724 0.05365741 0.0494932  0.03731928 0.02033833] ; 0.2112917437124026 ; 215.14342101756046
[0.01157637 0.0098052  0.01051011 0.01167532 0.01910852 0.03099191
 0.0484301  0.05697269 0.05506906 0.05159965 0.0397797  0.02217115] ; 0.22012479705078486 ; 1842.78715026456
[0.0082121  0.00706577 0.00806432 0.00982537 0.01773189 0.03108183
 0.05038301 0.05840106 0.05304557 0.04530135 0.03164284 0.01630883] ; 0.20801627663739986 ; 230.07038214159155
[0.00887631 0.00737603 0.00808756 0.00951536 0.01680812 0.02938188
 0.04844869 0.05805324 0.05492637 0.04868854 0.03480109 0.01797333] ; 0.21129174371240264 ; 1063.7922216745183
[0.0092372  0.00782244 0.00871384 0.01033274 0.01822576 0.03157288
 0.05134896 0.06058733 0.05652773 0.04963589 0.03540653 0.01841818] ; 0.2198039733925264 ; 2568.908653707635
========

Generation 29
========
[0.00840559 0.00736235 0.00851403 0.01043967 0.01881278 0.03267663
 0.0521741  0.05939538 0.05306043 0.0448773  0.03139659 0.01638811] ; 0.21129174371240264 ; 194.38367899007716
[0.01043779 0.00876532 0.00941066 0.01058071 0.01768287 0.02940136
 0.0469167  0.05573724 0.05365741 0.0494932  0.03731928 0.02033833] ; 0.21129174371240264 ; 215.04645277526518
[0.01043779 0.00876532 0.00941066 0.01058071 0.01768287 0.02940136
 0.0469167  0.05573724 0.05365741 0.0494932  0.03731928 0.02033833] ; 0.2112917437124026 ; 215.14342101756046
[0.01043779 0.00876532 0.00941066 0.01058071 0.01768287 0.02940136
 0.0469167  0.05573724 0.05365741 0.0494932  0.03731928 0.02033833] ; 0.21129174371240264 ; 215.14342101756046
[0.00918709 0.00765829 0.00837867 0.00980696 0.01728061 0.03039752
 0.05075568 0.06124986 0.05780363 0.05086319 0.03605737 0.01854845] ; 0.22110856922359357 ; 1935.7180205649554
[0.00917314 0.00751171 0.00799421 0.00909498 0.01567893 0.0271895
 0.04515611 0.05500363 0.05312257 0.04816322 0.03521187 0.01850249] ; 0.2035884653631635 ; 433.7637690355589
[0.0078944  0.00611763 0.00641083 0.00749742 0.01373844 0.0257254
 0.04594438 0.05890827 0.05790791 0.05138919 0.03548429 0.01722886] ; 0.21129174371240267 ; 239.14185524585724
[0.00941172 0.00780901 0.00848323 0.00982266 0.01702645 0.02929898
 0.04800479 0.05784466 0.05553191 0.05008128 0.03633179 0.01895991] ; 0.21374933078972105 ; 1458.457067376427
========

Generation 30
========
[0.00840559 0.00736235 0.00851403 0.01043967 0.01881278 0.03267663
 0.0521741  0.05939538 0.05306043 0.0448773  0.03139659 0.01638811] ; 0.21129174371240264 ; 194.38367899007716
[0.00918709 0.00765829 0.00837867 0.00980696 0.01728061 0.03039752
 0.05075568 0.06124986 0.05780363 0.05086319 0.03605737 0.01854845] ; 0.22110856922359357 ; 215.04645277526518
[0.01043779 0.00876532 0.00941066 0.01058071 0.01768287 0.02940136
 0.0469167  0.05573724 0.05365741 0.0494932  0.03731928 0.02033833] ; 0.21129174371240264 ; 215.14342101756046
[0.01043779 0.00876532 0.00941066 0.01058071 0.01768287 0.02940136
 0.0469167  0.05573724 0.05365741 0.0494932  0.03731928 0.02033833] ; 0.21129174371240264 ; 215.14342101756046
[0.00961183 0.00822833 0.00914863 0.0107334  0.01864256 0.03171749
 0.0506286  0.05881206 0.05449279 0.04816657 0.0350591  0.01873387] ; 0.2155803819413291 ; 209.9164985502713
[0.00958252 0.00944844 0.01180352 0.01473247 0.02537462 0.03999515
 0.05634989 0.05684692 0.04671312 0.03865954 0.02836583 0.01642085] ; 0.21129174371240264 ; 1074.6134050635671
[0.00874576 0.00694659 0.00731511 0.00842844 0.01502226 0.02731971
 0.04767649 0.06010209 0.05861818 0.05234193 0.03685805 0.01844441] ; 0.21746443119309136 ; 1382.3781403914036
[0.00918709 0.00765829 0.00837867 0.00980696 0.01728061 0.03039752
 0.05075568 0.06124986 0.05780363 0.05086319 0.03605737 0.01854845] ; 0.22110856922359357 ; 2195.810390476197
========

Generation 31
========
[0.00840559 0.00736235 0.00851403 0.01043967 0.01881278 0.03267663
 0.0521741  0.05939538 0.05306043 0.0448773  0.03139659 0.01638811] ; 0.21129174371240264 ; 194.38367899007716
[0.00961183 0.00822833 0.00914863 0.0107334  0.01864256 0.03171749
 0.0506286  0.05881206 0.05449279 0.04816657 0.0350591  0.01873387] ; 0.2155803819413291 ; 209.9164985502713
[0.00918709 0.00765829 0.00837867 0.00980696 0.01728061 0.03039752
 0.05075568 0.06124986 0.05780363 0.05086319 0.03605737 0.01854845] ; 0.22110856922359357 ; 215.04645277526518
[0.00918709 0.00765829 0.00837867 0.00980696 0.01728061 0.03039752
 0.05075568 0.06124986 0.05780363 0.05086319 0.03605737 0.01854845] ; 0.22110856922359357 ; 215.14342101756046
[0.00741414 0.00665153 0.00801744 0.01028204 0.01923868 0.0341956
 0.05473256 0.06104139 0.05247424 0.04240076 0.02847683 0.01448519] ; 0.21129174371240264 ; 195.45191712699534
[0.0077801  0.00637891 0.00706262 0.00858324 0.01590607 0.02929439
 0.05035688 0.06128971 0.05713969 0.04876527 0.03314234 0.01630017] ; 0.21489078729687194 ; 1347.862676110388
[0.00950276 0.00855277 0.00995353 0.01203533 0.02107449 0.03530123
 0.05435444 0.06015384 0.05309033 0.04532221 0.03266785 0.01778322] ; 0.21811621813130316 ; 1331.5045798371586
[0.00758992 0.00616726 0.00679446 0.00825027 0.01537955 0.02878272
 0.05059772 0.06267082 0.05870721 0.04974452 0.03331739 0.01611904] ; 0.21769154416372066 ; 209.88656803368147
========

Generation 32
========
[0.00840559 0.00736235 0.00851403 0.01043967 0.01881278 0.03267663
 0.0521741  0.05939538 0.05306043 0.0448773  0.03139659 0.01638811] ; 0.21129174371240264 ; 194.38367899007716
[0.00961183 0.00822833 0.00914863 0.0107334  0.01864256 0.03171749
 0.0506286  0.05881206 0.05449279 0.04816657 0.0350591  0.01873387] ; 0.2155803819413291 ; 195.45191712699534
[0.00918709 0.00765829 0.00837867 0.00980696 0.01728061 0.03039752
 0.05075568 0.06124986 0.05780363 0.05086319 0.03605737 0.01854845] ; 0.22110856922359357 ; 209.88656803368147
[0.00918709 0.00765829 0.00837867 0.00980696 0.01728061 0.03039752
 0.05075568 0.06124986 0.05780363 0.05086319 0.03605737 0.01854845] ; 0.22110856922359357 ; 209.9164985502713
[0.01044208 0.00884478 0.0096239  0.01097076 0.01852546 0.03102189
 0.04968631 0.05880133 0.05598442 0.05090793 0.03779572 0.02036415] ; 0.220019529290754 ; 826.4136461994968
[0.00738964 0.00610558 0.00685273 0.00845999 0.01592678 0.02973264
 0.05149693 0.06253781 0.05755291 0.04812356 0.03202013 0.01552508] ; 0.215960230397096 ; 1028.9304223204742
[0.00870185 0.0075312  0.00858317 0.01040969 0.01867369 0.03247544
 0.05211688 0.06054079 0.05543183 0.04735136 0.0328434  0.01703729] ; 0.21655038175917837 ; 268.1251256396622
[0.00939606 0.00842868 0.00977457 0.01175887 0.0204907  0.03430399
 0.05314129 0.05943405 0.05295727 0.04538616 0.03263777 0.01766991] ; 0.2155803819413291 ; 766.1974799528283
========

Generation 33
========
[0.00738964 0.00610558 0.00685273 0.00845999 0.01592678 0.02973264
 0.05149693 0.06253781 0.05755291 0.04812356 0.03202013 0.01552508] ; 0.215960230397096 ; 194.38367899007716
[0.00840559 0.00736235 0.00851403 0.01043967 0.01881278 0.03267663
 0.0521741  0.05939538 0.05306043 0.0448773  0.03139659 0.01638811] ; 0.21129174371240264 ; 195.45191712699534
[0.00961183 0.00822833 0.00914863 0.0107334  0.01864256 0.03171749
 0.0506286  0.05881206 0.05449279 0.04816657 0.0350591  0.01873387] ; 0.2155803819413291 ; 209.88656803368147
[0.00918709 0.00765829 0.00837867 0.00980696 0.01728061 0.03039752
 0.05075568 0.06124986 0.05780363 0.05086319 0.03605737 0.01854845] ; 0.22110856922359357 ; 209.9164985502713
[0.00823964 0.00762249 0.00924371 0.01168514 0.02126718 0.0365473
 0.05659667 0.061411   0.05194158 0.04206037 0.02893902 0.01536499] ; 0.2156819512178717 ; 2495.077302948381
[0.00914776 0.00808839 0.00914467 0.01088505 0.01930904 0.03308366
 0.05241232 0.05960068 0.05356284 0.04585223 0.03252486 0.01724527] ; 0.214259481021689 ; 149.7680564478024
[0.00816763 0.0072508  0.00855356 0.01073494 0.01976591 0.03473752
 0.05538444 0.06225281 0.05440474 0.04481402 0.03069368 0.01587183] ; 0.2181447976662785 ; 385.72556960019085
[0.00900436 0.00738272 0.00800235 0.00937098 0.0166318  0.0294604
 0.04942708 0.06012089 0.05731674 0.05077403 0.036061   0.0184489 ] ; 0.2179108214352281 ; 1410.3402415856065
========

Generation 34
========
[0.00816763 0.0072508  0.00855356 0.01073494 0.01976591 0.03473752
 0.05538444 0.06225281 0.05440474 0.04481402 0.03069368 0.01587183] ; 0.2181447976662785 ; 149.7680564478024
[0.00738964 0.00610558 0.00685273 0.00845999 0.01592678 0.02973264
 0.05149693 0.06253781 0.05755291 0.04812356 0.03202013 0.01552508] ; 0.215960230397096 ; 194.38367899007716
[0.00840559 0.00736235 0.00851403 0.01043967 0.01881278 0.03267663
 0.0521741  0.05939538 0.05306043 0.0448773  0.03139659 0.01638811] ; 0.21129174371240264 ; 195.45191712699534
[0.00961183 0.00822833 0.00914863 0.0107334  0.01864256 0.03171749
 0.0506286  0.05881206 0.05449279 0.04816657 0.0350591  0.01873387] ; 0.2155803819413291 ; 209.88656803368147
[0.00871686 0.00774235 0.00895554 0.01082309 0.01938385 0.0337185
 0.05382737 0.06117552 0.05449618 0.04593812 0.03205453 0.0167328 ] ; 0.21726418882599602 ; 770.7859668073872
[0.00770701 0.00654454 0.00749156 0.00931028 0.01737146 0.03166904
 0.05316898 0.06280739 0.05678583 0.04724395 0.03174289 0.01573887] ; 0.21788053570122384 ; 439.97549963110407
[0.00872278 0.00791062 0.00939397 0.01191328 0.02224887 0.03571167
 0.0551357  0.06055528 0.05254438 0.04378753 0.03077741 0.01643817] ; 0.2166682690167387 ; 145.66601080856492
[0.0080792  0.00639093 0.00680477 0.00838845 0.01495981 0.0268976
 0.04748164 0.06011256 0.0583831  0.05140656 0.03542448 0.01732301] ; 0.2148784629615313 ; 971.0801852979403
========

