Generation 1
========
[0.03627927 0.03498358 0.03757496 0.03692711 0.0323922  0.04210986
 0.04534908 0.03887064 0.04146202 0.04340555 0.04534908 0.04275771] ; 0.25165409637253905 ; 211781.0733932554
[0.05178806 0.04943406 0.04001805 0.04394139 0.0580654  0.06512741
 0.05963474 0.04864939 0.04394139 0.04158738 0.04315672 0.05178806] ; 0.3189124988134251 ; 39114.97844828727
[0.05676367 0.04821024 0.04976541 0.04276715 0.0450999  0.04665507
 0.04743266 0.04821024 0.04743266 0.04976541 0.04354474 0.05287575] ; 0.3037434594227807 ; 4766.87083991463
[0.04887524 0.05340073 0.05340073 0.05068544 0.04887524 0.05611602
 0.07059758 0.0642619  0.06969248 0.07331287 0.07059758 0.0615466 ] ; 0.3818563129649834 ; 112709.41636489586
[0.03794078 0.03634762 0.03816205 0.0364063  0.0314536  0.04080793
 0.043947   0.03766886 0.04037089 0.04314323 0.04645799 0.04457604] ; 0.25165409637253905 ; 111438.88139543172
[0.04798764 0.04587407 0.03890891 0.04189379 0.05221743 0.05967497
 0.05594288 0.04599683 0.04276244 0.04126934 0.04288521 0.04922857] ; 0.29980617172678625 ; 204923.1459969768
[0.04803434 0.04681439 0.04184487 0.04526373 0.0546723  0.06304267
 0.05913937 0.04766292 0.04414009 0.04273794 0.04442463 0.04974332] ; 0.31158875756613347 ; 177162.43128586383
[0.05338141 0.05009408 0.04209999 0.04451562 0.05717917 0.06356698
 0.05888508 0.04940922 0.04518804 0.0434697  0.04394283 0.05282106] ; 0.3214366989411229 ; 130360.83135697576
========

Generation 2
========
[0.03627927 0.03498358 0.03757496 0.03692711 0.0323922  0.04210986
 0.04534908 0.03887064 0.04146202 0.04340555 0.04534908 0.04275771] ; 0.25165409637253905 ; 4766.87083991463
[0.05178806 0.04943406 0.04001805 0.04394139 0.0580654  0.06512741
 0.05963474 0.04864939 0.04394139 0.04158738 0.04315672 0.05178806] ; 0.3189124988134251 ; 39114.97844828727
[0.05338141 0.05009408 0.04209999 0.04451562 0.05717917 0.06356698
 0.05888508 0.04940922 0.04518804 0.0434697  0.04394283 0.05282106] ; 0.3214366989411229 ; 111438.88139543172
[0.03794078 0.03634762 0.03816205 0.0364063  0.0314536  0.04080793
 0.043947   0.03766886 0.04037089 0.04314323 0.04645799 0.04457604] ; 0.25165409637253905 ; 112709.41636489586
[0.04273648 0.04528357 0.04053903 0.04621854 0.05978304 0.06466098
 0.05508923 0.04065032 0.0336076  0.03008731 0.03119345 0.03909692] ; 0.28615928817886427 ; 48464.78886095525
[0.04325579 0.04078024 0.03591197 0.03741016 0.04503584 0.05129033
 0.04878443 0.04109828 0.03877296 0.03800461 0.05250345 0.04450199] ; 0.27456009893632677 ; 86706.13109992296
[0.05416059 0.04924434 0.03885597 0.04260102 0.05629421 0.0631408
 0.05781567 0.0471663  0.04318208 0.04279169 0.04592517 0.05530732] ; 0.3189124988134251 ; 89627.52316502995
[0.04653532 0.04442917 0.03657072 0.03977593 0.05140933 0.05804415
 0.05360394 0.04385521 0.0400501  0.03824584 0.03980572 0.04699417] ; 0.28735415683239535 ; 40257.44308042706
========

Generation 3
========
[0.03627927 0.03498358 0.03757496 0.03692711 0.0323922  0.04210986
 0.04534908 0.03887064 0.04146202 0.04340555 0.04534908 0.04275771] ; 0.25165409637253905 ; 4766.87083991463
[0.05178806 0.04943406 0.04001805 0.04394139 0.0580654  0.06512741
 0.05963474 0.04864939 0.04394139 0.04158738 0.04315672 0.05178806] ; 0.3189124988134251 ; 39114.97844828727
[0.05338141 0.05009408 0.04209999 0.04451562 0.05717917 0.06356698
 0.05888508 0.04940922 0.04518804 0.0434697  0.04394283 0.05282106] ; 0.3214366989411229 ; 40257.44308042706
[0.03794078 0.03634762 0.03816205 0.0364063  0.0314536  0.04080793
 0.043947   0.03766886 0.04037089 0.04314323 0.04645799 0.04457604] ; 0.25165409637253905 ; 48464.78886095525
[0.03884113 0.03715686 0.03830375 0.03611435 0.03143081 0.04086006
 0.04400314 0.03771698 0.04023144 0.04225048 0.0455847  0.04507712] ; 0.25165409637253905 ; 78293.19713354662
[0.0385619  0.03637669 0.03745645 0.03564084 0.03096852 0.04022784
 0.04332229 0.03716084 0.04020907 0.0437633  0.04754789 0.04552936] ; 0.25165409637253905 ; 68719.50993458599
[0.05263299 0.04979448 0.04111176 0.04425531 0.05762782 0.06434311
 0.05926851 0.04906124 0.04460374 0.04257824 0.04358014 0.05234263] ; 0.3203145394336821 ; 106028.22001693383
[0.03913045 0.0383173  0.03543851 0.03741113 0.0426053  0.04992895
 0.04778032 0.03887014 0.03706521 0.03652874 0.03801908 0.04118201] ; 0.254715483641985 ; 80711.30777379262
========

Generation 4
========
[0.03627927 0.03498358 0.03757496 0.03692711 0.0323922  0.04210986
 0.04534908 0.03887064 0.04146202 0.04340555 0.04534908 0.04275771] ; 0.25165409637253905 ; 4766.87083991463
[0.05178806 0.04943406 0.04001805 0.04394139 0.0580654  0.06512741
 0.05963474 0.04864939 0.04394139 0.04158738 0.04315672 0.05178806] ; 0.3189124988134251 ; 39114.97844828727
[0.05263299 0.04979448 0.04111176 0.04425531 0.05762782 0.06434311
 0.05926851 0.04906124 0.04460374 0.04257824 0.04358014 0.05234263] ; 0.3203145394336821 ; 40257.44308042706
[0.05338141 0.05009408 0.04209999 0.04451562 0.05717917 0.06356698
 0.05888508 0.04940922 0.04518804 0.0434697  0.04394283 0.05282106] ; 0.3214366989411229 ; 48464.78886095525
[0.03977627 0.03803511 0.03254098 0.0349119  0.0565895  0.05286479
 0.04647884 0.03827169 0.03576972 0.03464128 0.03600631 0.04100174] ; 0.2611817303657338 ; 51185.58436373922
[0.04436163 0.04231148 0.03943519 0.04062693 0.04477509 0.05307077
 0.05228301 0.04396848 0.04314499 0.04316753 0.04466092 0.04757596] ; 0.28415156284771015 ; 48669.14833131601
[0.04285117 0.04374472 0.04207578 0.04253331 0.04288427 0.05008712
 0.04981746 0.04173859 0.04141914 0.04163874 0.04338894 0.04527584] ; 0.27694671992070324 ; 39864.268097757056
[0.05178806 0.04943406 0.04001805 0.04394139 0.0580654  0.06512741
 0.05963474 0.04864939 0.04394139 0.04158738 0.04315672 0.05178806] ; 0.3189124988134251 ; 58786.900043537324
========

Generation 5
========
[0.03627927 0.03498358 0.03757496 0.03692711 0.0323922  0.04210986
 0.04534908 0.03887064 0.04146202 0.04340555 0.04534908 0.04275771] ; 0.25165409637253905 ; 4766.87083991463
[0.05178806 0.04943406 0.04001805 0.04394139 0.0580654  0.06512741
 0.05963474 0.04864939 0.04394139 0.04158738 0.04315672 0.05178806] ; 0.3189124988134251 ; 39114.97844828727
[0.05178806 0.04943406 0.04001805 0.04394139 0.0580654  0.06512741
 0.05963474 0.04864939 0.04394139 0.04158738 0.04315672 0.05178806] ; 0.3189124988134251 ; 39864.268097757056
[0.03977627 0.03803511 0.03254098 0.0349119  0.0565895  0.05286479
 0.04647884 0.03827169 0.03576972 0.03464128 0.03600631 0.04100174] ; 0.2611817303657338 ; 40257.44308042706
[0.03783005 0.03640839 0.03727513 0.03727807 0.03841747 0.0453843
 0.0465738  0.03957528 0.04110089 0.04240981 0.04426778 0.04329123] ; 0.2575724231988934 ; 39562.24448646992
[0.04071259 0.04052002 0.03908697 0.04047094 0.04319124 0.05022148
 0.04833228 0.04009195 0.03970999 0.03987756 0.04155076 0.04351995] ; 0.2668238475090369 ; 43914.580407885565
[0.04586818 0.04379663 0.03580445 0.03915086 0.05111462 0.0575498
 0.05295304 0.04326946 0.03932238 0.03737334 0.03879521 0.04611321] ; 0.28327366819974353 ; 76335.2659702365
[0.05026767 0.04793758 0.03880661 0.042626   0.05682168 0.06533498
 0.06149276 0.0507883  0.0459071  0.0430321  0.0435343  0.05084677] ; 0.3189124988134251 ; 39114.92700751196
========

Generation 6
========
[0.03627927 0.03498358 0.03757496 0.03692711 0.0323922  0.04210986
 0.04534908 0.03887064 0.04146202 0.04340555 0.04534908 0.04275771] ; 0.25165409637253905 ; 4766.87083991463
[0.03783005 0.03640839 0.03727513 0.03727807 0.03841747 0.0453843
 0.0465738  0.03957528 0.04110089 0.04240981 0.04426778 0.04329123] ; 0.2575724231988934 ; 39114.92700751196
[0.05026767 0.04793758 0.03880661 0.042626   0.05682168 0.06533498
 0.06149276 0.0507883  0.0459071  0.0430321  0.0435343  0.05084677] ; 0.3189124988134251 ; 39114.97844828727
[0.05178806 0.04943406 0.04001805 0.04394139 0.0580654  0.06512741
 0.05963474 0.04864939 0.04394139 0.04158738 0.04315672 0.05178806] ; 0.3189124988134251 ; 39562.24448646992
[0.03689826 0.03555569 0.03754703 0.03712628 0.0345738  0.04334588
 0.04587229 0.03919796 0.04142057 0.04314535 0.04506284 0.04303296] ; 0.2541381206928335 ; 34418.8300879726
[0.03413506 0.03291595 0.04804954 0.03550802 0.03047773 0.03962105
 0.04266883 0.03657328 0.0390115  0.04084016 0.04266883 0.04023061] ; 0.24567206267473657 ; 56866.44085616798
[0.03783005 0.03640839 0.03727513 0.03727807 0.03841747 0.0453843
 0.0465738  0.03957528 0.04110089 0.04240981 0.04426778 0.04329123] ; 0.2575724231988934 ; 78206.02596652806
[0.04266926 0.04092938 0.03836186 0.03967566 0.04516187 0.05219222
 0.05115284 0.04278942 0.04223765 0.04232777 0.04409769 0.04632925] ; 0.27819899225380706 ; 36891.71908775525
========

Generation 7
========
[0.03627927 0.03498358 0.03757496 0.03692711 0.0323922  0.04210986
 0.04534908 0.03887064 0.04146202 0.04340555 0.04534908 0.04275771] ; 0.25165409637253905 ; 4766.87083991463
[0.03783005 0.03640839 0.03727513 0.03727807 0.03841747 0.0453843
 0.0465738  0.03957528 0.04110089 0.04240981 0.04426778 0.04329123] ; 0.2575724231988934 ; 34418.8300879726
[0.03783005 0.03640839 0.03727513 0.03727807 0.03841747 0.0453843
 0.0465738  0.03957528 0.04110089 0.04240981 0.04426778 0.04329123] ; 0.2575724231988934 ; 36891.71908775525
[0.03413506 0.03291595 0.04804954 0.03550802 0.03047773 0.03962105
 0.04266883 0.03657328 0.0390115  0.04084016 0.04266883 0.04023061] ; 0.24567206267473657 ; 39114.92700751196
[0.03606873 0.03475733 0.03680682 0.03704694 0.03561723 0.04574138
 0.04865337 0.04126319 0.04244334 0.04280693 0.0441248  0.04208369] ; 0.2569048207623763 ; 46305.38913598204
[0.03394117 0.03272898 0.04375642 0.03506458 0.03058966 0.04222969
 0.04749332 0.04059723 0.0411131  0.04082047 0.04242646 0.04000209] ; 0.24967557920550837 ; 35565.13153652695
[0.03783005 0.03640839 0.03727513 0.03727807 0.03841747 0.0453843
 0.0465738  0.03957528 0.04110089 0.04240981 0.04426778 0.04329123] ; 0.2575724231988934 ; 34418.8300879726
[0.0358931  0.03454527 0.03560338 0.03540011 0.03638165 0.0430387
 0.04419973 0.03756315 0.03902808 0.04028062 0.04204596 0.04109383] ; 0.2445556400996383 ; 69053.24985542461
========

Generation 8
========
[0.03627927 0.03498358 0.03757496 0.03692711 0.0323922  0.04210986
 0.04534908 0.03887064 0.04146202 0.04340555 0.04534908 0.04275771] ; 0.25165409637253905 ; 4766.87083991463
[0.03783005 0.03640839 0.03727513 0.03727807 0.03841747 0.0453843
 0.0465738  0.03957528 0.04110089 0.04240981 0.04426778 0.04329123] ; 0.2575724231988934 ; 34418.8300879726
[0.03783005 0.03640839 0.03727513 0.03727807 0.03841747 0.0453843
 0.0465738  0.03957528 0.04110089 0.04240981 0.04426778 0.04329123] ; 0.2575724231988934 ; 34418.8300879726
[0.03783005 0.03640839 0.03727513 0.03727807 0.03841747 0.0453843
 0.0465738  0.03957528 0.04110089 0.04240981 0.04426778 0.04329123] ; 0.2575724231988934 ; 35565.13153652695
[0.03735268 0.03599409 0.03802322 0.03759239 0.03496604 0.04386904
 0.04644239 0.03968763 0.04194611 0.04369732 0.04563965 0.04357229] ; 0.2573039839389327 ; 44248.09825888604
[0.03641488 0.03510645 0.03750217 0.03692781 0.03303247 0.04243223
 0.04543875 0.03890888 0.04137832 0.04324882 0.04518075 0.04277275] ; 0.2520045004891247 ; 53537.66998787682
[0.0372225  0.03582366 0.03667649 0.03667937 0.03780048 0.04465542
 0.04582581 0.03893969 0.0404408  0.0417287  0.04355683 0.04259596] ; 0.2534357662259281 ; 34418.8300879726
[0.03783005 0.03640839 0.03727513 0.03727807 0.03841747 0.0453843
 0.0465738  0.03957528 0.04110089 0.04240981 0.04426778 0.04329123] ; 0.2575724231988934 ; 34625.21104080601
========

Generation 9
========
[0.03627927 0.03498358 0.03757496 0.03692711 0.0323922  0.04210986
 0.04534908 0.03887064 0.04146202 0.04340555 0.04534908 0.04275771] ; 0.25165409637253905 ; 4766.87083991463
[0.03783005 0.03640839 0.03727513 0.03727807 0.03841747 0.0453843
 0.0465738  0.03957528 0.04110089 0.04240981 0.04426778 0.04329123] ; 0.2575724231988934 ; 34418.8300879726
[0.03783005 0.03640839 0.03727513 0.03727807 0.03841747 0.0453843
 0.0465738  0.03957528 0.04110089 0.04240981 0.04426778 0.04329123] ; 0.2575724231988934 ; 34418.8300879726
[0.03783005 0.03640839 0.03727513 0.03727807 0.03841747 0.0453843
 0.0465738  0.03957528 0.04110089 0.04240981 0.04426778 0.04329123] ; 0.2575724231988934 ; 34418.8300879726
[0.03503209 0.033771   0.03627256 0.03564717 0.03128512 0.04123485
 0.04603985 0.04061807 0.04360961 0.04530613 0.04592    0.04179901] ; 0.25165409637253905 ; 47446.85293652316
[0.04085666 0.03811409 0.03698572 0.0360477  0.03403135 0.04231885
 0.04460375 0.03808628 0.04015621 0.04177811 0.04452666 0.04628545] ; 0.25462032518463557 ; 52057.59411753281
[0.03783005 0.03640839 0.03727513 0.03727807 0.03841747 0.0453843
 0.0465738  0.03957528 0.04110089 0.04240981 0.04426778 0.04329123] ; 0.2575724231988934 ; 53305.98330695762
[0.03004597 0.02819239 0.03082912 0.03335662 0.0350428  0.04778459
 0.05348706 0.04649931 0.04770565 0.04635438 0.04391474 0.03789014] ; 0.2569187320049538 ; 34418.8300879726
========

Generation 10
========
[0.03627927 0.03498358 0.03757496 0.03692711 0.0323922  0.04210986
 0.04534908 0.03887064 0.04146202 0.04340555 0.04534908 0.04275771] ; 0.25165409637253905 ; 4766.87083991463
[0.03004597 0.02819239 0.03082912 0.03335662 0.0350428  0.04778459
 0.05348706 0.04649931 0.04770565 0.04635438 0.04391474 0.03789014] ; 0.2569187320049538 ; 34418.8300879726
[0.04085666 0.03811409 0.03698572 0.0360477  0.03403135 0.04231885
 0.04460375 0.03808628 0.04015621 0.04177811 0.04452666 0.04628545] ; 0.25462032518463557 ; 34418.8300879726
[0.03783005 0.03640839 0.03727513 0.03727807 0.03841747 0.0453843
 0.0465738  0.03957528 0.04110089 0.04240981 0.04426778 0.04329123] ; 0.2575724231988934 ; 34418.8300879726
[0.03500802 0.03365166 0.03612219 0.03711712 0.03415919 0.04449944
 0.04682201 0.03805683 0.0395093  0.04129748 0.04321917 0.04110515] ; 0.2482562808552207 ; 42016.63443490909
[0.03627927 0.03498358 0.03757496 0.03692711 0.0323922  0.04210986
 0.04534908 0.03887064 0.04146202 0.04340555 0.04534908 0.04275771] ; 0.25165409637253905 ; 27162.376433227684
[0.03820694 0.03566393 0.03506911 0.03461919 0.03315445 0.04178724
 0.0458711  0.04261833 0.04545499 0.04466734 0.04346598 0.04379519] ; 0.2550023343843145 ; 34418.8300879726
[0.03344818 0.03219509 0.03448966 0.03634555 0.03816697 0.04805223
 0.05112641 0.04333536 0.04376676 0.04311774 0.04279103 0.03969342] ; 0.2572854992283773 ; 26656.554176874673
========

Generation 11
========
[0.03627927 0.03498358 0.03757496 0.03692711 0.0323922  0.04210986
 0.04534908 0.03887064 0.04146202 0.04340555 0.04534908 0.04275771] ; 0.25165409637253905 ; 4766.87083991463
[0.03627927 0.03498358 0.03757496 0.03692711 0.0323922  0.04210986
 0.04534908 0.03887064 0.04146202 0.04340555 0.04534908 0.04275771] ; 0.25165409637253905 ; 26656.554176874673
[0.03004597 0.02819239 0.03082912 0.03335662 0.0350428  0.04778459
 0.05348706 0.04649931 0.04770565 0.04635438 0.04391474 0.03789014] ; 0.2569187320049538 ; 27162.376433227684
[0.04085666 0.03811409 0.03698572 0.0360477  0.03403135 0.04231885
 0.04460375 0.03808628 0.04015621 0.04177811 0.04452666 0.04628545] ; 0.25462032518463557 ; 34418.8300879726
[0.03627927 0.03498358 0.03757496 0.03692711 0.0323922  0.04210986
 0.04534908 0.03887064 0.04146202 0.04340555 0.04534908 0.04275771] ; 0.25165409637253905 ; 41889.093643062806
[0.03979471 0.03768753 0.03836717 0.03754514 0.03422271 0.04346232
 0.04628692 0.03959674 0.04198577 0.04381466 0.04624572 0.04590303] ; 0.26050930223346763 ; 4766.87083991463
[0.03655463 0.03521819 0.03784867 0.03731729 0.03296355 0.04294091
 0.04632435 0.03973246 0.04230628 0.04414727 0.04594514 0.04318045] ; 0.25540120582270853 ; 53153.54139795088
[0.0376264  0.03597558 0.0376951  0.03697334 0.03300942 0.04245248
 0.04548591 0.03895311 0.04143775 0.04331785 0.04546747 0.04389876] ; 0.25400851441004446 ; 27955.299223876384
========

Generation 12
========
[0.03627927 0.03498358 0.03757496 0.03692711 0.0323922  0.04210986
 0.04534908 0.03887064 0.04146202 0.04340555 0.04534908 0.04275771] ; 0.25165409637253905 ; 4766.87083991463
[0.03627927 0.03498358 0.03757496 0.03692711 0.0323922  0.04210986
 0.04534908 0.03887064 0.04146202 0.04340555 0.04534908 0.04275771] ; 0.25165409637253905 ; 4766.87083991463
[0.03627927 0.03498358 0.03757496 0.03692711 0.0323922  0.04210986
 0.04534908 0.03887064 0.04146202 0.04340555 0.04534908 0.04275771] ; 0.25165409637253905 ; 26656.554176874673
[0.03004597 0.02819239 0.03082912 0.03335662 0.0350428  0.04778459
 0.05348706 0.04649931 0.04770565 0.04635438 0.04391474 0.03789014] ; 0.2569187320049538 ; 27162.376433227684
[0.03504393 0.0337348  0.03623368 0.03560896 0.03123593 0.04060671
 0.04385219 0.03899774 0.04386235 0.04652136 0.04781532 0.04266787] ; 0.25165409637253905 ; 4766.185603068289
[0.03627927 0.03498358 0.03757496 0.03692711 0.0323922  0.04210986
 0.04534908 0.03887064 0.04146202 0.04340555 0.04534908 0.04275771] ; 0.25165409637253905 ; 36893.6519591266
[0.0427804  0.03925494 0.03870208 0.03425273 0.02728329 0.0335599
 0.03644991 0.03346232 0.03951177 0.04580948 0.0517288  0.0507106 ] ; 0.25165409637253905 ; 52594.77986823133
[0.04045683 0.03662727 0.03655024 0.03425866 0.03050058 0.03858037
 0.04282139 0.03957077 0.04548773 0.05027651 0.05347143 0.04978197] ; 0.26426258142951653 ; 41988.69831601513
========

Generation 13
========
[0.03627927 0.03498358 0.03757496 0.03692711 0.0323922  0.04210986
 0.04534908 0.03887064 0.04146202 0.04340555 0.04534908 0.04275771] ; 0.25165409637253905 ; 4766.185603068289
[0.03627927 0.03498358 0.03757496 0.03692711 0.0323922  0.04210986
 0.04534908 0.03887064 0.04146202 0.04340555 0.04534908 0.04275771] ; 0.25165409637253905 ; 4766.87083991463
[0.03627927 0.03498358 0.03757496 0.03692711 0.0323922  0.04210986
 0.04534908 0.03887064 0.04146202 0.04340555 0.04534908 0.04275771] ; 0.25165409637253905 ; 4766.87083991463
[0.03627927 0.03498358 0.03757496 0.03692711 0.0323922  0.04210986
 0.04534908 0.03887064 0.04146202 0.04340555 0.04534908 0.04275771] ; 0.25165409637253905 ; 26656.554176874673
[0.03528228 0.0340222  0.03960198 0.04332334 0.03432535 0.04095264
 0.04410285 0.03780244 0.0403226  0.04221272 0.04410285 0.04158268] ; 0.25165409637253905 ; 41953.29718767011
[0.03627927 0.03498358 0.03757496 0.03692711 0.0323922  0.04210986
 0.04534908 0.03887064 0.04146202 0.04340555 0.04534908 0.04275771] ; 0.25165409637253905 ; 4766.185603068289
[0.03627927 0.03498358 0.03757496 0.03692711 0.0323922  0.04210986
 0.04534908 0.03887064 0.04146202 0.04340555 0.04534908 0.04275771] ; 0.25165409637253905 ; 57394.586807421954
[0.04307314 0.04212341 0.04386366 0.04013705 0.03188465 0.03735433
 0.03724066 0.03126657 0.03487377 0.03999992 0.04644357 0.04794839] ; 0.25165409637253905 ; 39658.54417738895
========

Generation 14
========
[0.03627927 0.03498358 0.03757496 0.03692711 0.0323922  0.04210986
 0.04534908 0.03887064 0.04146202 0.04340555 0.04534908 0.04275771] ; 0.25165409637253905 ; 4766.185603068289
[0.03627927 0.03498358 0.03757496 0.03692711 0.0323922  0.04210986
 0.04534908 0.03887064 0.04146202 0.04340555 0.04534908 0.04275771] ; 0.25165409637253905 ; 4766.185603068289
[0.03627927 0.03498358 0.03757496 0.03692711 0.0323922  0.04210986
 0.04534908 0.03887064 0.04146202 0.04340555 0.04534908 0.04275771] ; 0.25165409637253905 ; 4766.87083991463
[0.03627927 0.03498358 0.03757496 0.03692711 0.0323922  0.04210986
 0.04534908 0.03887064 0.04146202 0.04340555 0.04534908 0.04275771] ; 0.25165409637253905 ; 4766.87083991463
[0.03512462 0.03387017 0.03637907 0.03575185 0.03136127 0.04076965
 0.04406879 0.04417333 0.04797154 0.04258674 0.04390578 0.04139687] ; 0.25165409637253905 ; 35642.805701450045
[0.03379825 0.03620938 0.04248261 0.04404358 0.03902348 0.04899058
 0.04896932 0.03795347 0.03652116 0.03553731 0.03658427 0.03626045] ; 0.25165409637253905 ; 4765.904298611082
[0.03548583 0.03421848 0.03675318 0.0361195  0.03168378 0.04118891
 0.04435729 0.03802053 0.04055523 0.04245626 0.04435729 0.04182258] ; 0.24615034500631 ; 4766.185603068289
[0.03929722 0.03697975 0.03732032 0.03581194 0.03141025 0.04083333
 0.04397435 0.0376923  0.04020512 0.04219021 0.04587659 0.0457938 ] ; 0.25165409637253905 ; 64133.54233476554
========

Generation 15
========
[0.03627927 0.03498358 0.03757496 0.03692711 0.0323922  0.04210986
 0.04534908 0.03887064 0.04146202 0.04340555 0.04534908 0.04275771] ; 0.25165409637253905 ; 4765.904298611082
[0.03627927 0.03498358 0.03757496 0.03692711 0.0323922  0.04210986
 0.04534908 0.03887064 0.04146202 0.04340555 0.04534908 0.04275771] ; 0.25165409637253905 ; 4766.185603068289
[0.03627927 0.03498358 0.03757496 0.03692711 0.0323922  0.04210986
 0.04534908 0.03887064 0.04146202 0.04340555 0.04534908 0.04275771] ; 0.25165409637253905 ; 4766.185603068289
[0.03627927 0.03498358 0.03757496 0.03692711 0.0323922  0.04210986
 0.04534908 0.03887064 0.04146202 0.04340555 0.04534908 0.04275771] ; 0.25165409637253905 ; 4766.185603068289
[0.03527231 0.03377683 0.03626954 0.03564516 0.03142085 0.04158726
 0.04598172 0.0400954  0.04296397 0.04484801 0.04618526 0.04243598] ; 0.25165409637253905 ; 37489.041108478086
[0.03355364 0.0359555  0.04225932 0.04392721 0.03903543 0.04914532
 0.049236   0.03820205 0.03673182 0.03563668 0.03652845 0.03606647] ; 0.25165409637253905 ; 57730.070641392755
[0.043486   0.04085113 0.04101666 0.03658228 0.02889277 0.03461246
 0.03625154 0.03227474 0.03758279 0.04372556 0.05015915 0.05028642] ; 0.2522359407548936 ; 49483.64367691319
[0.02955188 0.0273647  0.03014001 0.03208873 0.03125323 0.04480631
 0.05169714 0.04556935 0.0477816  0.04711994 0.04488248 0.03807639] ; 0.25165409637253905 ; 39506.62820573523
========

Generation 16
========
[0.043486   0.04085113 0.04101666 0.03658228 0.02889277 0.03461246
 0.03625154 0.03227474 0.03758279 0.04372556 0.05015915 0.05028642] ; 0.2522359407548936 ; 4765.904298611082
[0.03627927 0.03498358 0.03757496 0.03692711 0.0323922  0.04210986
 0.04534908 0.03887064 0.04146202 0.04340555 0.04534908 0.04275771] ; 0.25165409637253905 ; 4766.185603068289
[0.03627927 0.03498358 0.03757496 0.03692711 0.0323922  0.04210986
 0.04534908 0.03887064 0.04146202 0.04340555 0.04534908 0.04275771] ; 0.25165409637253905 ; 4766.185603068289
[0.03627927 0.03498358 0.03757496 0.03692711 0.0323922  0.04210986
 0.04534908 0.03887064 0.04146202 0.04340555 0.04534908 0.04275771] ; 0.25165409637253905 ; 4766.185603068289
[0.043486   0.04085113 0.04101666 0.03658228 0.02889277 0.03461246
 0.03625154 0.03227474 0.03758279 0.04372556 0.05015915 0.05028642] ; 0.2522359407548936 ; 48217.46962393403
[0.042157   0.03802296 0.0381112  0.03535173 0.02926386 0.03643251
 0.03867594 0.03380743 0.03808963 0.04416783 0.05079486 0.05003703] ; 0.25180009480688365 ; 56952.79393605159
[0.03837717 0.03567666 0.03762152 0.03690923 0.03237652 0.04208947
 0.04533239 0.03924548 0.0432294  0.04672035 0.04930281 0.04630787] ; 0.26047041570705315 ; 3466.282582628285
[0.03618218 0.03841067 0.04404766 0.04426747 0.03801029 0.04664035
 0.04627414 0.03623558 0.03574411 0.03590967 0.03810214 0.03856177] ; 0.2520958077991927 ; 16035.915806838639
========

Generation 17
========
[0.043486   0.04085113 0.04101666 0.03658228 0.02889277 0.03461246
 0.03625154 0.03227474 0.03758279 0.04372556 0.05015915 0.05028642] ; 0.2522359407548936 ; 3466.282582628285
[0.043486   0.04085113 0.04101666 0.03658228 0.02889277 0.03461246
 0.03625154 0.03227474 0.03758279 0.04372556 0.05015915 0.05028642] ; 0.2522359407548936 ; 4765.904298611082
[0.03627927 0.03498358 0.03757496 0.03692711 0.0323922  0.04210986
 0.04534908 0.03887064 0.04146202 0.04340555 0.04534908 0.04275771] ; 0.25165409637253905 ; 4766.185603068289
[0.03627927 0.03498358 0.03757496 0.03692711 0.0323922  0.04210986
 0.04534908 0.03887064 0.04146202 0.04340555 0.04534908 0.04275771] ; 0.25165409637253905 ; 4766.185603068289
[0.0427103  0.0395399  0.03960732 0.03532531 0.02790815 0.03369542
 0.03610488 0.03302003 0.03897057 0.04542115 0.05174095 0.05076273] ; 0.2522359407548936 ; 3466.282582628285
[0.04940133 0.04400677 0.04045973 0.03248099 0.02334679 0.02659266
 0.02825024 0.02704833 0.03491029 0.04492468 0.05553936 0.05767927] ; 0.2522359407548936 ; 27904.070159158786
[0.0371546  0.03570709 0.03803326 0.03696213 0.03206663 0.04135806
 0.0444254  0.03821287 0.04111216 0.04352756 0.04597536 0.04368181] ; 0.25200528558135016 ; 54798.233050025665
[0.043486   0.04085113 0.04101666 0.03658228 0.02889277 0.03461246
 0.03625154 0.03227474 0.03758279 0.04372556 0.05015915 0.05028642] ; 0.2522359407548936 ; 27507.585929235927
========

Generation 18
========
[0.043486   0.04085113 0.04101666 0.03658228 0.02889277 0.03461246
 0.03625154 0.03227474 0.03758279 0.04372556 0.05015915 0.05028642] ; 0.2522359407548936 ; 3466.282582628285
[0.043486   0.04085113 0.04101666 0.03658228 0.02889277 0.03461246
 0.03625154 0.03227474 0.03758279 0.04372556 0.05015915 0.05028642] ; 0.2522359407548936 ; 3466.282582628285
[0.043486   0.04085113 0.04101666 0.03658228 0.02889277 0.03461246
 0.03625154 0.03227474 0.03758279 0.04372556 0.05015915 0.05028642] ; 0.2522359407548936 ; 4765.904298611082
[0.03627927 0.03498358 0.03757496 0.03692711 0.0323922  0.04210986
 0.04534908 0.03887064 0.04146202 0.04340555 0.04534908 0.04275771] ; 0.25165409637253905 ; 4766.185603068289
[0.0442354  0.04068243 0.03997825 0.03528365 0.02782046 0.03333572
 0.03511638 0.03180331 0.03790887 0.04479378 0.05162805 0.05167813] ; 0.2522359407548936 ; 57981.635308228644
[0.04874405 0.04797305 0.0482827  0.04128645 0.03009696 0.03252518
 0.03081279 0.02570835 0.02983085 0.03682978 0.04660827 0.05185483] ; 0.2522359407548936 ; 49660.741398760874
[0.03457401 0.03507603 0.03962393 0.04004534 0.03507929 0.04460987
 0.04672397 0.03906486 0.0406861  0.0414621  0.04228297 0.0396705 ] ; 0.2521327687241759 ; 46970.649367403064
[0.043486   0.04085113 0.04101666 0.03658228 0.02889277 0.03461246
 0.03625154 0.03227474 0.03758279 0.04372556 0.05015915 0.05028642] ; 0.2522359407548936 ; 3465.6228969982485
========

Generation 19
========
[0.043486   0.04085113 0.04101666 0.03658228 0.02889277 0.03461246
 0.03625154 0.03227474 0.03758279 0.04372556 0.05015915 0.05028642] ; 0.2522359407548936 ; 3465.6228969982485
[0.043486   0.04085113 0.04101666 0.03658228 0.02889277 0.03461246
 0.03625154 0.03227474 0.03758279 0.04372556 0.05015915 0.05028642] ; 0.2522359407548936 ; 3466.282582628285
[0.043486   0.04085113 0.04101666 0.03658228 0.02889277 0.03461246
 0.03625154 0.03227474 0.03758279 0.04372556 0.05015915 0.05028642] ; 0.2522359407548936 ; 3466.282582628285
[0.043486   0.04085113 0.04101666 0.03658228 0.02889277 0.03461246
 0.03625154 0.03227474 0.03758279 0.04372556 0.05015915 0.05028642] ; 0.2522359407548936 ; 4765.904298611082
[0.04211466 0.03956289 0.0397232  0.03542866 0.02798164 0.04056887
 0.04148265 0.03125695 0.03639761 0.04234668 0.04857738 0.04870063] ; 0.2522359407548936 ; 72068.71852089486
[0.04151375 0.04330728 0.04738385 0.04442888 0.03530751 0.04069726
 0.03944945 0.03171757 0.03335948 0.03622091 0.04117275 0.04360149] ; 0.2522359407548936 ; 81437.0579245115
[0.043486   0.04085113 0.04101666 0.03658228 0.02889277 0.03461246
 0.03625154 0.03227474 0.03758279 0.04372556 0.05015915 0.05028642] ; 0.2522359407548936 ; 52796.91792040689
[0.04232667 0.03976206 0.03992317 0.03560701 0.0281225  0.04480833
 0.03528509 0.03141431 0.03658084 0.04255985 0.04882192 0.0489458 ] ; 0.2522359407548936 ; 3466.282582628285
========

Generation 20
========
[0.043486   0.04085113 0.04101666 0.03658228 0.02889277 0.03461246
 0.03625154 0.03227474 0.03758279 0.04372556 0.05015915 0.05028642] ; 0.2522359407548936 ; 3465.6228969982485
[0.043486   0.04085113 0.04101666 0.03658228 0.02889277 0.03461246
 0.03625154 0.03227474 0.03758279 0.04372556 0.05015915 0.05028642] ; 0.2522359407548936 ; 3466.282582628285
[0.043486   0.04085113 0.04101666 0.03658228 0.02889277 0.03461246
 0.03625154 0.03227474 0.03758279 0.04372556 0.05015915 0.05028642] ; 0.2522359407548936 ; 3466.282582628285
[0.043486   0.04085113 0.04101666 0.03658228 0.02889277 0.03461246
 0.03625154 0.03227474 0.03758279 0.04372556 0.05015915 0.05028642] ; 0.2522359407548936 ; 3466.282582628285
[0.03860964 0.04010609 0.04463366 0.04311636 0.03550403 0.04241243
 0.04238301 0.03470305 0.03641084 0.03840799 0.04154083 0.04182065] ; 0.2522359407548936 ; 44861.334045218355
[0.0450791  0.04234771 0.0425193  0.03792247 0.02995126 0.03588048
 0.03757961 0.03345712 0.03895962 0.04532744 0.05199672 0.05212865] ; 0.2614765615196438 ; 32980.95152753666
[0.0357878  0.03631832 0.04046433 0.03985018 0.0338012  0.04176382
 0.04312749 0.03626407 0.03856415 0.04037252 0.04227222 0.04053255] ; 0.24665248074712873 ; 3466.282582628285
[0.04244544 0.03987363 0.04025093 0.03775871 0.03137418 0.03774609
 0.03809266 0.03191595 0.03668349 0.04267928 0.04895892 0.04908314] ; 0.2522359407548936 ; 58034.09604460107
========

Generation 21
========
[0.043486   0.04085113 0.04101666 0.03658228 0.02889277 0.03461246
 0.03625154 0.03227474 0.03758279 0.04372556 0.05015915 0.05028642] ; 0.2522359407548936 ; 3465.6228969982485
[0.043486   0.04085113 0.04101666 0.03658228 0.02889277 0.03461246
 0.03625154 0.03227474 0.03758279 0.04372556 0.05015915 0.05028642] ; 0.2522359407548936 ; 3466.282582628285
[0.043486   0.04085113 0.04101666 0.03658228 0.02889277 0.03461246
 0.03625154 0.03227474 0.03758279 0.04372556 0.05015915 0.05028642] ; 0.2522359407548936 ; 3466.282582628285
[0.043486   0.04085113 0.04101666 0.03658228 0.02889277 0.03461246
 0.03625154 0.03227474 0.03758279 0.04372556 0.05015915 0.05028642] ; 0.2522359407548936 ; 3466.282582628285
[0.043486   0.04085113 0.04101666 0.03658228 0.02889277 0.03461246
 0.03625154 0.03227474 0.03758279 0.04372556 0.05015915 0.05028642] ; 0.2522359407548936 ; 68639.9690092915
[0.043486   0.04085113 0.04101666 0.03658228 0.02889277 0.03461246
 0.03625154 0.03227474 0.03758279 0.04372556 0.05015915 0.05028642] ; 0.2522359407548936 ; 50628.393448818075
[0.04274746 0.04015734 0.04032006 0.03596099 0.02840208 0.03402462
 0.03563587 0.03172661 0.0369445  0.04298296 0.04930728 0.04943239] ; 0.24795213081416842 ; 48749.16013736542
[0.04869956 0.04796684 0.04831764 0.04134935 0.03016107 0.03260188
 0.03087482 0.02573548 0.0298247  0.03678469 0.04653151 0.05177802] ; 0.2522359407548936 ; 68112.69234444808
========

Generation 22
========
[0.043486   0.04085113 0.04101666 0.03658228 0.02889277 0.03461246
 0.03625154 0.03227474 0.03758279 0.04372556 0.05015915 0.05028642] ; 0.2522359407548936 ; 3465.6228969982485
[0.043486   0.04085113 0.04101666 0.03658228 0.02889277 0.03461246
 0.03625154 0.03227474 0.03758279 0.04372556 0.05015915 0.05028642] ; 0.2522359407548936 ; 3466.282582628285
[0.043486   0.04085113 0.04101666 0.03658228 0.02889277 0.03461246
 0.03625154 0.03227474 0.03758279 0.04372556 0.05015915 0.05028642] ; 0.2522359407548936 ; 3466.282582628285
[0.043486   0.04085113 0.04101666 0.03658228 0.02889277 0.03461246
 0.03625154 0.03227474 0.03758279 0.04372556 0.05015915 0.05028642] ; 0.2522359407548936 ; 3466.282582628285
[0.043486   0.04085113 0.04101666 0.03658228 0.02889277 0.03461246
 0.03625154 0.03227474 0.03758279 0.04372556 0.05015915 0.05028642] ; 0.2522359407548936 ; 3465.6228969982485
[0.04196266 0.0394201  0.03957983 0.03530079 0.02788065 0.03339997
 0.03498163 0.04745085 0.03626625 0.04219384 0.04840205 0.04852486] ; 0.2522359407548936 ; 3466.282582628285
[0.04219603 0.03963932 0.03979994 0.03549711 0.0280357  0.03363867
 0.03644759 0.03435741 0.04063405 0.04651056 0.05037021 0.04886227] ; 0.2522359407548936 ; 51775.64200976638
[0.0442963  0.04391109 0.04463394 0.03907323 0.02914062 0.03387892
 0.03544676 0.03155825 0.03674846 0.04275487 0.04904563 0.0493087 ] ; 0.2544409558737705 ; 54972.09593600923
========

Generation 23
========
[0.043486   0.04085113 0.04101666 0.03658228 0.02889277 0.03461246
 0.03625154 0.03227474 0.03758279 0.04372556 0.05015915 0.05028642] ; 0.2522359407548936 ; 3465.6228969982485
[0.043486   0.04085113 0.04101666 0.03658228 0.02889277 0.03461246
 0.03625154 0.03227474 0.03758279 0.04372556 0.05015915 0.05028642] ; 0.2522359407548936 ; 3465.6228969982485
[0.043486   0.04085113 0.04101666 0.03658228 0.02889277 0.03461246
 0.03625154 0.03227474 0.03758279 0.04372556 0.05015915 0.05028642] ; 0.2522359407548936 ; 3466.282582628285
[0.043486   0.04085113 0.04101666 0.03658228 0.02889277 0.03461246
 0.03625154 0.03227474 0.03758279 0.04372556 0.05015915 0.05028642] ; 0.2522359407548936 ; 3466.282582628285
[0.04263367 0.04434082 0.04808242 0.0445446  0.03494379 0.03979722
 0.03823553 0.03065145 0.03242878 0.03574449 0.04141633 0.04452026] ; 0.2522359407548936 ; 3466.293738449128
[0.03575938 0.03331985 0.03536742 0.03474263 0.0304685  0.03975786
 0.04375031 0.03916644 0.04385548 0.04720006 0.04888693 0.04427798] ; 0.2522359407548936 ; 40059.12377718173
[0.043486   0.04085113 0.04101666 0.03658228 0.02889277 0.03461246
 0.03625154 0.03227474 0.03758279 0.04372556 0.05015915 0.05028642] ; 0.2522359407548936 ; 67038.68437768596
[0.043486   0.04085113 0.04101666 0.03658228 0.02889277 0.03461246
 0.03625154 0.03227474 0.03758279 0.04372556 0.05015915 0.05028642] ; 0.2522359407548936 ; 68274.1815270625
========

Generation 24
========
[0.043486   0.04085113 0.04101666 0.03658228 0.02889277 0.03461246
 0.03625154 0.03227474 0.03758279 0.04372556 0.05015915 0.05028642] ; 0.2522359407548936 ; 3465.6228969982485
[0.043486   0.04085113 0.04101666 0.03658228 0.02889277 0.03461246
 0.03625154 0.03227474 0.03758279 0.04372556 0.05015915 0.05028642] ; 0.2522359407548936 ; 3465.6228969982485
[0.043486   0.04085113 0.04101666 0.03658228 0.02889277 0.03461246
 0.03625154 0.03227474 0.03758279 0.04372556 0.05015915 0.05028642] ; 0.2522359407548936 ; 3466.282582628285
[0.043486   0.04085113 0.04101666 0.03658228 0.02889277 0.03461246
 0.03625154 0.03227474 0.03758279 0.04372556 0.05015915 0.05028642] ; 0.2522359407548936 ; 3466.282582628285
[0.043486   0.04085113 0.04101666 0.03658228 0.02889277 0.03461246
 0.03625154 0.03227474 0.03758279 0.04372556 0.05015915 0.05028642] ; 0.2522359407548936 ; 60877.550310549894
[0.043486   0.04085113 0.04101666 0.03658228 0.02889277 0.03461246
 0.03625154 0.03227474 0.03758279 0.04372556 0.05015915 0.05028642] ; 0.2522359407548936 ; 22278.939607896187
[0.043486   0.04085113 0.04101666 0.03658228 0.02889277 0.03461246
 0.03625154 0.03227474 0.03758279 0.04372556 0.05015915 0.05028642] ; 0.2522359407548936 ; 3465.6228969982485
[0.043486   0.04085113 0.04101666 0.03658228 0.02889277 0.03461246
 0.03625154 0.03227474 0.03758279 0.04372556 0.05015915 0.05028642] ; 0.2522359407548936 ; 3465.6228969982485
========

Generation 25
========
[0.043486   0.04085113 0.04101666 0.03658228 0.02889277 0.03461246
 0.03625154 0.03227474 0.03758279 0.04372556 0.05015915 0.05028642] ; 0.2522359407548936 ; 3465.6228969982485
[0.043486   0.04085113 0.04101666 0.03658228 0.02889277 0.03461246
 0.03625154 0.03227474 0.03758279 0.04372556 0.05015915 0.05028642] ; 0.2522359407548936 ; 3465.6228969982485
[0.043486   0.04085113 0.04101666 0.03658228 0.02889277 0.03461246
 0.03625154 0.03227474 0.03758279 0.04372556 0.05015915 0.05028642] ; 0.2522359407548936 ; 3465.6228969982485
[0.043486   0.04085113 0.04101666 0.03658228 0.02889277 0.03461246
 0.03625154 0.03227474 0.03758279 0.04372556 0.05015915 0.05028642] ; 0.2522359407548936 ; 3465.6228969982485
[0.043486   0.04085113 0.04101666 0.03658228 0.02889277 0.03461246
 0.03625154 0.03227474 0.03758279 0.04372556 0.05015915 0.05028642] ; 0.2522359407548936 ; 3465.6228969982485
[0.04235798 0.03966265 0.03985795 0.035811   0.02877386 0.03518966
 0.03733855 0.03337632 0.03881785 0.04479023 0.05046744 0.04957575] ; 0.2522359407548936 ; 3465.6228969982485
[0.03762901 0.03300377 0.0328563  0.03096993 0.02693695 0.03583263
 0.04088569 0.0382534  0.04480239 0.05013415 0.05321078 0.04816906] ; 0.2522359407548936 ; 3465.6228969982485
[0.043486   0.04085113 0.04101666 0.03658228 0.02889277 0.03461246
 0.03625154 0.03227474 0.03758279 0.04372556 0.05015915 0.05028642] ; 0.2522359407548936 ; 3465.6228969982485
========

Generation 26
========
[0.04235798 0.03966265 0.03985795 0.035811   0.02877386 0.03518966
 0.03733855 0.03337632 0.03881785 0.04479023 0.05046744 0.04957575] ; 0.2522359407548936 ; 3465.6228969982485
[0.043486   0.04085113 0.04101666 0.03658228 0.02889277 0.03461246
 0.03625154 0.03227474 0.03758279 0.04372556 0.05015915 0.05028642] ; 0.2522359407548936 ; 3465.6228969982485
[0.043486   0.04085113 0.04101666 0.03658228 0.02889277 0.03461246
 0.03625154 0.03227474 0.03758279 0.04372556 0.05015915 0.05028642] ; 0.2522359407548936 ; 3465.6228969982485
[0.043486   0.04085113 0.04101666 0.03658228 0.02889277 0.03461246
 0.03625154 0.03227474 0.03758279 0.04372556 0.05015915 0.05028642] ; 0.2522359407548936 ; 3465.6228969982485
[0.03957988 0.03706375 0.03724561 0.03345894 0.02687481 0.03285391
 0.03485145 0.03115075 0.03623028 0.04181117 0.06767438 0.04631307] ; 0.2522359407548936 ; 3465.6228969982485
[0.04235798 0.03966265 0.03985795 0.035811   0.02877386 0.03518966
 0.03733855 0.03337632 0.03881785 0.04479023 0.05046744 0.04957575] ; 0.2522359407548936 ; 3273.8158319315107
[0.04302513 0.03947472 0.03947946 0.03521127 0.02780995 0.03331527
 0.03512321 0.03215672 0.03875561 0.04572182 0.05238997 0.0515788 ] ; 0.2522359407548936 ; 42059.895876868075
[0.04829127 0.04219309 0.0383442  0.03082957 0.02257196 0.02654032
 0.02912001 0.02843172 0.03679104 0.04683148 0.05680755 0.05767817] ; 0.2522359407548936 ; 3465.6228969982485
========

Generation 27
========
[0.04235798 0.03966265 0.03985795 0.035811   0.02877386 0.03518966
 0.03733855 0.03337632 0.03881785 0.04479023 0.05046744 0.04957575] ; 0.2522359407548936 ; 3273.8158319315107
[0.04235798 0.03966265 0.03985795 0.035811   0.02877386 0.03518966
 0.03733855 0.03337632 0.03881785 0.04479023 0.05046744 0.04957575] ; 0.2522359407548936 ; 3465.6228969982485
[0.043486   0.04085113 0.04101666 0.03658228 0.02889277 0.03461246
 0.03625154 0.03227474 0.03758279 0.04372556 0.05015915 0.05028642] ; 0.2522359407548936 ; 3465.6228969982485
[0.043486   0.04085113 0.04101666 0.03658228 0.02889277 0.03461246
 0.03625154 0.03227474 0.03758279 0.04372556 0.05015915 0.05028642] ; 0.2522359407548936 ; 3465.6228969982485
[0.04335495 0.04071293 0.04088195 0.03649285 0.02887958 0.03468097
 0.03637982 0.03240462 0.03772844 0.04385142 0.05019655 0.05020444] ; 0.2522359407548936 ; 58454.09365653311
[0.04423751 0.04160076 0.04214121 0.03831771 0.03094238 0.03759377
 0.03955993 0.03516875 0.0405527  0.04624422 0.05189896 0.05135254] ; 0.2642840778531472 ; 3273.8158319315107
[0.04282309 0.04015239 0.04033549 0.03612942 0.02882435 0.03495507
 0.03689502 0.03292658 0.03831369 0.04435631 0.05034403 0.04987014] ; 0.2522359407548936 ; 45285.35410963912
[0.04235798 0.03966265 0.03985795 0.035811   0.02877386 0.03518966
 0.03733855 0.03337632 0.03881785 0.04479023 0.05046744 0.04957575] ; 0.2522359407548936 ; 59568.83126982888
========

Generation 28
========
[0.04235798 0.03966265 0.03985795 0.035811   0.02877386 0.03518966
 0.03733855 0.03337632 0.03881785 0.04479023 0.05046744 0.04957575] ; 0.2522359407548936 ; 3273.8158319315107
[0.04235798 0.03966265 0.03985795 0.035811   0.02877386 0.03518966
 0.03733855 0.03337632 0.03881785 0.04479023 0.05046744 0.04957575] ; 0.2522359407548936 ; 3273.8158319315107
[0.04235798 0.03966265 0.03985795 0.035811   0.02877386 0.03518966
 0.03733855 0.03337632 0.03881785 0.04479023 0.05046744 0.04957575] ; 0.2522359407548936 ; 3465.6228969982485
[0.04282309 0.04015239 0.04033549 0.03612942 0.02882435 0.03495507
 0.03689502 0.03292658 0.03831369 0.04435631 0.05034403 0.04987014] ; 0.2522359407548936 ; 3465.6228969982485
[0.04181577 0.03851893 0.03848958 0.03457206 0.02785233 0.03447313
 0.03737665 0.03406323 0.03996194 0.04615729 0.05174481 0.05005373] ; 0.2522359407548936 ; 3442.917739497245
[0.04235798 0.03966265 0.03985795 0.035811   0.02877386 0.03518966
 0.03733855 0.03337632 0.03881785 0.04479023 0.05046744 0.04957575] ; 0.2522359407548936 ; 74484.05023211135
[0.04773109 0.04588573 0.04525181 0.03824296 0.0279888  0.03079974
 0.02993162 0.02575242 0.0307884  0.03854498 0.04823485 0.05221457] ; 0.24745050923156633 ; 3355.330517144929
[0.04275928 0.04008518 0.04026996 0.03608577 0.02881754 0.03498753
 0.03695626 0.03298865 0.03838328 0.04441626 0.05036127 0.04982986] ; 0.2522359407548936 ; 3273.9841634372415
========

Generation 29
========
[0.04235798 0.03966265 0.03985795 0.035811   0.02877386 0.03518966
 0.03733855 0.03337632 0.03881785 0.04479023 0.05046744 0.04957575] ; 0.2522359407548936 ; 3273.8158319315107
[0.04235798 0.03966265 0.03985795 0.035811   0.02877386 0.03518966
 0.03733855 0.03337632 0.03881785 0.04479023 0.05046744 0.04957575] ; 0.2522359407548936 ; 3273.8158319315107
[0.04235798 0.03966265 0.03985795 0.035811   0.02877386 0.03518966
 0.03733855 0.03337632 0.03881785 0.04479023 0.05046744 0.04957575] ; 0.2522359407548936 ; 3273.9841634372415
[0.04235798 0.03966265 0.03985795 0.035811   0.02877386 0.03518966
 0.03733855 0.03337632 0.03881785 0.04479023 0.05046744 0.04957575] ; 0.2522359407548936 ; 3355.330517144929
[0.04235798 0.03966265 0.03985795 0.035811   0.02877386 0.03518966
 0.03733855 0.03337632 0.03881785 0.04479023 0.05046744 0.04957575] ; 0.2522359407548936 ; 48404.95893609504
[0.04256076 0.03985253 0.04004876 0.03598243 0.02891161 0.03535813
 0.0375173  0.0335361  0.03900368 0.04500465 0.05070905 0.04981308] ; 0.2534434680911791 ; 3273.9841634372415
[0.0412407  0.03861646 0.03889104 0.03543762 0.02925252 0.03656737
 0.03908922 0.03489227 0.0400762  0.04504757 0.04958432 0.0482902 ] ; 0.2522359407548936 ; 89646.03869648314
[0.04235798 0.03966265 0.03985795 0.035811   0.02877386 0.03518966
 0.03733855 0.03337632 0.03881785 0.04479023 0.05046744 0.04957575] ; 0.2522359407548936 ; 3345.3587559995976
========

Generation 30
========
[0.04235798 0.03966265 0.03985795 0.035811   0.02877386 0.03518966
 0.03733855 0.03337632 0.03881785 0.04479023 0.05046744 0.04957575] ; 0.2522359407548936 ; 3273.8158319315107
[0.04235798 0.03966265 0.03985795 0.035811   0.02877386 0.03518966
 0.03733855 0.03337632 0.03881785 0.04479023 0.05046744 0.04957575] ; 0.2522359407548936 ; 3273.8158319315107
[0.04235798 0.03966265 0.03985795 0.035811   0.02877386 0.03518966
 0.03733855 0.03337632 0.03881785 0.04479023 0.05046744 0.04957575] ; 0.2522359407548936 ; 3273.9841634372415
[0.04235798 0.03966265 0.03985795 0.035811   0.02877386 0.03518966
 0.03733855 0.03337632 0.03881785 0.04479023 0.05046744 0.04957575] ; 0.2522359407548936 ; 3273.9841634372415
[0.04235798 0.03966265 0.03985795 0.035811   0.02877386 0.03518966
 0.03733855 0.03337632 0.03881785 0.04479023 0.05046744 0.04957575] ; 0.2522359407548936 ; 3273.8158319315107
[0.04112937 0.03851222 0.03870185 0.03477705 0.02822593 0.03564053
 0.03902881 0.03523673 0.0408312  0.04604121 0.05002549 0.04822933] ; 0.2522359407548936 ; 3361.702500338478
[0.04124668 0.03862207 0.03881224 0.03501363 0.02888859 0.03673217
 0.03964478 0.03540426 0.04033764 0.04473332 0.04926791 0.04827509] ; 0.2522359407548936 ; 38744.9281567667
[0.04235798 0.03966265 0.03985795 0.035811   0.02877386 0.03518966
 0.03733855 0.03337632 0.03881785 0.04479023 0.05046744 0.04957575] ; 0.2522359407548936 ; 3273.9841634372415
========

Generation 31
========
[0.04235798 0.03966265 0.03985795 0.035811   0.02877386 0.03518966
 0.03733855 0.03337632 0.03881785 0.04479023 0.05046744 0.04957575] ; 0.2522359407548936 ; 3273.8158319315107
[0.04235798 0.03966265 0.03985795 0.035811   0.02877386 0.03518966
 0.03733855 0.03337632 0.03881785 0.04479023 0.05046744 0.04957575] ; 0.2522359407548936 ; 3273.8158319315107
[0.04235798 0.03966265 0.03985795 0.035811   0.02877386 0.03518966
 0.03733855 0.03337632 0.03881785 0.04479023 0.05046744 0.04957575] ; 0.2522359407548936 ; 3273.8158319315107
[0.04235798 0.03966265 0.03985795 0.035811   0.02877386 0.03518966
 0.03733855 0.03337632 0.03881785 0.04479023 0.05046744 0.04957575] ; 0.2522359407548936 ; 3273.9841634372415
[0.04165496 0.03770867 0.03789435 0.03404676 0.02735632 0.03345604
 0.03549907 0.03173203 0.03690548 0.04258364 0.05395969 0.0575214 ] ; 0.2522359407548936 ; 3273.7972968422723
[0.04119307 0.03857186 0.03876179 0.03482614 0.02855306 0.03822881
 0.04158938 0.03545434 0.03802423 0.04355843 0.04907951 0.04821234] ; 0.2522359407548936 ; 63224.4217558805
[0.04235798 0.03966265 0.03985795 0.035811   0.02877386 0.03518966
 0.03733855 0.03337632 0.03881785 0.04479023 0.05046744 0.04957575] ; 0.2522359407548936 ; 63655.67218359894
[0.04281847 0.04372663 0.04410155 0.03659146 0.0278661  0.0340689
 0.03614934 0.03231331 0.03758152 0.04336369 0.04886009 0.04799683] ; 0.2522359407548936 ; 3273.8158319315107
========

Generation 32
========
[0.04235798 0.03966265 0.03985795 0.035811   0.02877386 0.03518966
 0.03733855 0.03337632 0.03881785 0.04479023 0.05046744 0.04957575] ; 0.2522359407548936 ; 3273.7972968422723
[0.04235798 0.03966265 0.03985795 0.035811   0.02877386 0.03518966
 0.03733855 0.03337632 0.03881785 0.04479023 0.05046744 0.04957575] ; 0.2522359407548936 ; 3273.8158319315107
[0.04235798 0.03966265 0.03985795 0.035811   0.02877386 0.03518966
 0.03733855 0.03337632 0.03881785 0.04479023 0.05046744 0.04957575] ; 0.2522359407548936 ; 3273.8158319315107
[0.04235798 0.03966265 0.03985795 0.035811   0.02877386 0.03518966
 0.03733855 0.03337632 0.03881785 0.04479023 0.05046744 0.04957575] ; 0.2522359407548936 ; 3273.8158319315107
[0.04269897 0.03918658 0.03873485 0.03455511 0.02774371 0.034074
 0.0366324  0.03341074 0.03950121 0.04590554 0.05176582 0.05063174] ; 0.2522359407548936 ; 54356.44488639041
[0.03576805 0.03633759 0.04055571 0.04015444 0.03452013 0.04334462
 0.04513556 0.03795141 0.04020504 0.04174244 0.04307588 0.04072644] ; 0.2522359407548936 ; 63530.95336320436
[0.04322138 0.04047111 0.04067039 0.03654095 0.02936037 0.03590695
 0.03809964 0.03405664 0.03960908 0.04570321 0.05149614 0.05058627] ; 0.25737736417511975 ; 3273.7972968422723
[0.03907927 0.06482664 0.03677275 0.03303905 0.02654663 0.03246581
 0.03444837 0.03079283 0.03581316 0.04132325 0.04656102 0.04573835] ; 0.2522359407548936 ; 57678.78977826433
========

