Generation 1
========
[0.00437039 0.00264299 0.00274319 0.00495151 0.01156441 0.02634519
 0.04839451 0.06778683 0.06795671 0.044734   0.024182   0.01082754] ; 0.21655338510091857 ; 2592.382679540988
[0.00385016 0.00255871 0.0030684  0.00584795 0.0134111  0.02939227
 0.05182167 0.06973708 0.06719242 0.04247783 0.02204068 0.00953211] ; 0.21948481997605881 ; 3449.955054594959
[0.00307552 0.00288719 0.00431872 0.00824117 0.02015724 0.04493526
 0.06053208 0.06695982 0.05843214 0.03338712 0.0157766  0.00657591] ; 0.21948481997605881 ; 2179.641383304476
[0.00422365 0.0037254  0.00380007 0.00476841 0.00885786 0.02208389
 0.04913732 0.07544652 0.07239592 0.04003756 0.01718665 0.00749562] ; 0.21948481997605881 ; 18888.428762924603
[0.00325874 0.00314137 0.00473195 0.00898597 0.01878103 0.03691813
 0.0584541  0.07076644 0.06126722 0.03473047 0.01631034 0.00681544] ; 0.21948481997605881 ; 1627.442672673304
[0.00593199 0.00721538 0.01025979 0.01667328 0.0293867  0.04884234
 0.06547212 0.0669214  0.04894828 0.02432729 0.01186149 0.00729724] ; 0.22100859594674782 ; 7684.459905264638
[0.00431011 0.0027711  0.00286681 0.00488084 0.01107914 0.02550731
 0.04805971 0.06824798 0.06796378 0.04757789 0.02320982 0.01026108] ; 0.2174412388458707 ; 17672.270360343224
[0.00362695 0.00329964 0.00476541 0.00874649 0.02038754 0.04408759
 0.0600143  0.06833936 0.06153092 0.03614999 0.01766276 0.00767453] ; 0.22477054342871836 ; 4967.109571459986
[0.00266222 0.00146554 0.00156625 0.00303376 0.00794263 0.02113056
 0.04527196 0.07069364 0.07337709 0.04587714 0.02168219 0.00800159] ; 0.21815309966381946 ; 55192.047705689045
[0.00408775 0.00368468 0.00491162 0.00848922 0.01697975 0.03373832
 0.05576294 0.07110474 0.06409707 0.03703657 0.0179703  0.00809622] ; 0.21957389733136254 ; 1565.299208067435
[0.00355609 0.00417828 0.00691719 0.01304983 0.02469841 0.04742897
 0.0662965  0.0690088  0.05079836 0.02433784 0.01057113 0.00523032] ; 0.21949008962351196 ; 1858.1134940840836
[0.00216512 0.00201275 0.00317849 0.00667634 0.01813524 0.04406733
 0.0624331  0.06952168 0.05839776 0.03089211 0.01318453 0.00496288] ; 0.21948481997605881 ; 3227.577904923907
========

