Generation 1
========
[0.06186713 0.05836522 0.06887096 0.07470748 0.09338435 0.0793767
 0.06303444 0.06186713 0.07120557 0.08404591 0.08871513 0.06887096] ; 0.46827150239295706 ; 122796.97422349421
[0.03027722 0.02933105 0.0331157  0.03216954 0.03406187 0.03027722
 0.02791181 0.03122338 0.0331157  0.03879268 0.03737344 0.03548111] ; 0.20719049159327388 ; 258543.42137488018
[0.03582546 0.0332665  0.03019575 0.03787263 0.03940801 0.03787263
 0.03582546 0.02814858 0.0266132  0.03224291 0.03480188 0.03480188] ; 0.21527738892693093 ; 126303.82092774188
[0.0317914  0.03059172 0.03599026 0.03539043 0.04318832 0.03838961
 0.03898945 0.04618751 0.04558767 0.03718994 0.03359091 0.03539043] ; 0.23889452017793356 ; 61677.43441258367
[0.0350371  0.03643858 0.0350371  0.03994229 0.03713932 0.04064303
 0.0518549  0.05605935 0.05395713 0.04064303 0.0350371  0.03223413] ; 0.2637824820530224 ; 279150.9720702522
[0.03656841 0.04041772 0.03704958 0.0341626  0.02742631 0.03127562
 0.03175678 0.03368143 0.0380119  0.03656841 0.0288698  0.03031329] ; 0.215183266771157 ; 41465.29933130674
[0.03921575 0.03988043 0.03655706 0.04187445 0.04187445 0.0378864
 0.03389836 0.03988043 0.04719184 0.04253912 0.03855108 0.03988043] ; 0.2523538362404412 ; 126254.3976413956
[0.03061331 0.03812223 0.04563116 0.04389833 0.04620877 0.04505355
 0.04505355 0.03812223 0.03812223 0.04332072 0.04620877 0.03985506] ; 0.2649395039328211 ; 63523.166103518284
[0.03890218 0.04369014 0.04309164 0.04728111 0.04488713 0.0484781
 0.04668261 0.04608412 0.04069766 0.03710669 0.04009917 0.03710669] ; 0.26987348466192823 ; 35686.31109575491
[0.04244963 0.04110202 0.05120908 0.05255669 0.05390429 0.04581865
 0.03773301 0.04649245 0.05188288 0.0559257  0.04851386 0.04716626] ; 0.30463844839008564 ; 31891.652872169667
[0.05388147 0.04797665 0.03911942 0.04797665 0.05683388 0.05314337
 0.05461957 0.05019096 0.04354804 0.04428614 0.04797665 0.05535767] ; 0.31488090558547643 ; 168797.774890859
[0.05959395 0.05131701 0.04635085 0.0529724  0.05793856 0.05711087
 0.05793856 0.05545548 0.06124933 0.0662155  0.06124933 0.05462779] ; 0.3586785590814475 ; 241989.5276367726
[0.02843337 0.03018816 0.0405032  0.04658432 0.06475425 0.06182119
 0.06049978 0.06413478 0.05520202 0.03992121 0.03229835 0.03041325] ; 0.30190929592327875 ; 126913.30184391352
[0.05340691 0.05053271 0.05484291 0.06050959 0.07041052 0.06831562
 0.07001904 0.07661977 0.08405221 0.08210068 0.07720221 0.05905797] ; 0.42834729119097126 ; 215460.80473407372
[0.02459091 0.02316706 0.02787718 0.03010283 0.03889392 0.0394258
 0.04172743 0.04915923 0.04806289 0.04311085 0.03542681 0.03084241] ; 0.23197350174043183 ; 73210.09367144175
[0.03504468 0.03437282 0.03719261 0.03329168 0.03218442 0.02736699
 0.02720333 0.02638167 0.02857029 0.03540319 0.03713036 0.03856888] ; 0.2071904915932739 ; 102902.10975386205
[0.0426432  0.03860051 0.03277075 0.037313   0.03495451 0.0309381
 0.02843574 0.02318577 0.02391881 0.03220458 0.0381792  0.04061851] ; 0.21527738892693093 ; 149213.8914900269
[0.04047826 0.03816238 0.03575261 0.03797985 0.03583971 0.0304316
 0.02678601 0.02355519 0.02469941 0.03258726 0.03741275 0.03991826] ; 0.21458072571188253 ; 32802.347781843484
[0.03373914 0.03562876 0.03771569 0.03956824 0.04180945 0.0415009
 0.04085867 0.04374211 0.04075341 0.03522092 0.0351408  0.03442442] ; 0.24152934843142895 ; 60549.642544664355
[0.04030637 0.03632778 0.03274944 0.03114625 0.02988919 0.029723
 0.03695316 0.0460267  0.0513778  0.04528268 0.04308022 0.04237219] ; 0.24727739178075175 ; 50730.65460619261
[0.03375668 0.03724149 0.03402748 0.03835522 0.03584358 0.03899961
 0.0492219  0.05275876 0.05075971 0.03875801 0.03371275 0.03113521] ; 0.2528984265660044 ; 80291.54974421472
[0.03793414 0.03699636 0.03302251 0.03335221 0.0298056  0.03255015
 0.04391121 0.05200557 0.05581459 0.04735659 0.04317966 0.03851053] ; 0.25863596689511237 ; 174050.95850447143
[0.04299192 0.04394991 0.03763109 0.03144982 0.0241925  0.02555037
 0.02635881 0.03058728 0.03802219 0.04144721 0.03618145 0.03826591] ; 0.2225999112970533 ; 161924.91589793412
[0.02617729 0.02701864 0.02880045 0.02997418 0.03355155 0.03652492
 0.03858577 0.04258659 0.04209752 0.03450968 0.0268637  0.02626363] ; 0.20883026048830633 ; 305171.1237720445
========

Generation 2
========
[0.02459091 0.02316706 0.02787718 0.03010283 0.03889392 0.0394258
 0.04172743 0.04915923 0.04806289 0.04311085 0.03542681 0.03084241] ; 0.23197350174043183 ; 31891.652872169667
[0.02843337 0.03018816 0.0405032  0.04658432 0.06475425 0.06182119
 0.06049978 0.06413478 0.05520202 0.03992121 0.03229835 0.03041325] ; 0.30190929592327875 ; 32802.347781843484
[0.02617729 0.02701864 0.02880045 0.02997418 0.03355155 0.03652492
 0.03858577 0.04258659 0.04209752 0.03450968 0.0268637  0.02626363] ; 0.20883026048830633 ; 35686.31109575491
[0.06186713 0.05836522 0.06887096 0.07470748 0.09338435 0.0793767
 0.06303444 0.06186713 0.07120557 0.08404591 0.08871513 0.06887096] ; 0.46827150239295706 ; 41465.29933130674
[0.03027722 0.02933105 0.0331157  0.03216954 0.03406187 0.03027722
 0.02791181 0.03122338 0.0331157  0.03879268 0.03737344 0.03548111] ; 0.20719049159327388 ; 50730.65460619261
[0.03582546 0.0332665  0.03019575 0.03787263 0.03940801 0.03787263
 0.03582546 0.02814858 0.0266132  0.03224291 0.03480188 0.03480188] ; 0.21527738892693093 ; 60549.642544664355
[0.0317914  0.03059172 0.03599026 0.03539043 0.04318832 0.03838961
 0.03898945 0.04618751 0.04558767 0.03718994 0.03359091 0.03539043] ; 0.23889452017793356 ; 61677.43441258367
[0.03504468 0.03437282 0.03719261 0.03329168 0.03218442 0.02736699
 0.02720333 0.02638167 0.02857029 0.03540319 0.03713036 0.03856888] ; 0.2071904915932739 ; 63523.166103518284
[0.03375668 0.03724149 0.03402748 0.03835522 0.03584358 0.03899961
 0.0492219  0.05275876 0.05075971 0.03875801 0.03371275 0.03113521] ; 0.2528984265660044 ; 73210.09367144175
[0.0350371  0.03643858 0.0350371  0.03994229 0.03713932 0.04064303
 0.0518549  0.05605935 0.05395713 0.04064303 0.0350371  0.03223413] ; 0.2637824820530224 ; 80291.54974421472
[0.03373914 0.03562876 0.03771569 0.03956824 0.04180945 0.0415009
 0.04085867 0.04374211 0.04075341 0.03522092 0.0351408  0.03442442] ; 0.24152934843142895 ; 102902.10975386205
[0.03793414 0.03699636 0.03302251 0.03335221 0.0298056  0.03255015
 0.04391121 0.05200557 0.05581459 0.04735659 0.04317966 0.03851053] ; 0.25863596689511237 ; 122796.97422349421
[0.03704268 0.03198768 0.02733608 0.03267088 0.03416588 0.03423372
 0.03479808 0.03006979 0.03026822 0.03729968 0.03985    0.03843517] ; 0.2156167246007879 ; 21381.51612104493
[0.02509009 0.02181543 0.02427023 0.02483001 0.03135617 0.03240523
 0.03616703 0.04605509 0.04888993 0.04690889 0.0394485  0.03348064] ; 0.22169560495286295 ; 113563.25211532062
[0.0384445  0.04018772 0.04804977 0.04695858 0.05458216 0.04573219
 0.04190876 0.04508336 0.04267345 0.03633018 0.03520345 0.03812801] ; 0.27069317026723266 ; 20972.000699261156
[0.03074384 0.03086302 0.03715335 0.03721917 0.04521679 0.03953088
 0.03814729 0.04332352 0.04321182 0.03688274 0.03364039 0.03324981] ; 0.23704060468917307 ; 50221.98455035905
[0.02545136 0.02734084 0.03095286 0.03298306 0.0372478  0.03915946
 0.0396093  0.04046652 0.03779314 0.03123628 0.0251832  0.0251764 ] ; 0.20834990792730518 ; 63578.487792253465
[0.02800003 0.03039475 0.03307778 0.0339905  0.03641267 0.03708807
 0.03650908 0.03862278 0.03775119 0.03150846 0.02559743 0.02636375] ; 0.20883026048830633 ; 60806.07515205225
[0.04279831 0.0403931  0.04583225 0.05290502 0.0704919  0.07817308
 0.08176372 0.09078681 0.0927981  0.08139743 0.06512342 0.05004122] ; 0.4291553275202802 ; 51290.26287349247
[0.05380359 0.05843048 0.07416703 0.0873372  0.10791285 0.09280116
 0.07541943 0.06866477 0.06767182 0.0662213  0.0647654  0.05325595] ; 0.4672672872458841 ; 55882.88755017688
[0.0310777  0.03213723 0.0346463  0.03176089 0.0325667  0.03005989
 0.03026374 0.03438385 0.03658835 0.03955169 0.03765598 0.03529359] ; 0.21340947219143475 ; 50295.90379460754
[0.02886172 0.0347015  0.04160833 0.04574106 0.04804963 0.04369855
 0.03773852 0.03512744 0.02925832 0.02477944 0.02474846 0.02632416] ; 0.22504811226433305 ; 53526.8071730464
[0.0351723  0.03362768 0.03369017 0.03519767 0.03532634 0.03206701
 0.03102886 0.02702589 0.02746862 0.0336963  0.03579855 0.03655868] ; 0.20873646111160665 ; 74363.35029117782
[0.0289609  0.02705182 0.02653672 0.03415951 0.03834801 0.03867806
 0.03770944 0.0329846  0.03135765 0.03366595 0.03265652 0.03022465] ; 0.20725926036203512 ; 28808.90233343696
========

Generation 3
========
[0.0310777  0.03213723 0.0346463  0.03176089 0.0325667  0.03005989
 0.03026374 0.03438385 0.03658835 0.03955169 0.03765598 0.03529359] ; 0.21340947219143475 ; 20972.000699261156
[0.0351723  0.03362768 0.03369017 0.03519767 0.03532634 0.03206701
 0.03102886 0.02702589 0.02746862 0.0336963  0.03579855 0.03655868] ; 0.20873646111160665 ; 21381.51612104493
[0.0289609  0.02705182 0.02653672 0.03415951 0.03834801 0.03867806
 0.03770944 0.0329846  0.03135765 0.03366595 0.03265652 0.03022465] ; 0.20725926036203512 ; 28808.90233343696
[0.02509009 0.02181543 0.02427023 0.02483001 0.03135617 0.03240523
 0.03616703 0.04605509 0.04888993 0.04690889 0.0394485  0.03348064] ; 0.22169560495286295 ; 31891.652872169667
[0.02459091 0.02316706 0.02787718 0.03010283 0.03889392 0.0394258
 0.04172743 0.04915923 0.04806289 0.04311085 0.03542681 0.03084241] ; 0.23197350174043183 ; 32802.347781843484
[0.02843337 0.03018816 0.0405032  0.04658432 0.06475425 0.06182119
 0.06049978 0.06413478 0.05520202 0.03992121 0.03229835 0.03041325] ; 0.30190929592327875 ; 35686.31109575491
[0.03704268 0.03198768 0.02733608 0.03267088 0.03416588 0.03423372
 0.03479808 0.03006979 0.03026822 0.03729968 0.03985    0.03843517] ; 0.2156167246007879 ; 41465.29933130674
[0.02617729 0.02701864 0.02880045 0.02997418 0.03355155 0.03652492
 0.03858577 0.04258659 0.04209752 0.03450968 0.0268637  0.02626363] ; 0.20883026048830633 ; 50221.98455035905
[0.02545136 0.02734084 0.03095286 0.03298306 0.0372478  0.03915946
 0.0396093  0.04046652 0.03779314 0.03123628 0.0251832  0.0251764 ] ; 0.20834990792730518 ; 50295.90379460754
[0.06186713 0.05836522 0.06887096 0.07470748 0.09338435 0.0793767
 0.06303444 0.06186713 0.07120557 0.08404591 0.08871513 0.06887096] ; 0.46827150239295706 ; 50730.65460619261
[0.03027722 0.02933105 0.0331157  0.03216954 0.03406187 0.03027722
 0.02791181 0.03122338 0.0331157  0.03879268 0.03737344 0.03548111] ; 0.20719049159327388 ; 51290.26287349247
[0.02800003 0.03039475 0.03307778 0.0339905  0.03641267 0.03708807
 0.03650908 0.03862278 0.03775119 0.03150846 0.02559743 0.02636375] ; 0.20883026048830633 ; 53526.8071730464
[0.03474745 0.03211489 0.0339661  0.03074298 0.03067406 0.02634546
 0.0241883  0.02781631 0.03145392 0.04007556 0.04145909 0.04098572] ; 0.20953337634667474 ; 28508.772370655595
[0.02498476 0.02686865 0.03005029 0.03856514 0.04337492 0.04146726
 0.03726103 0.03051602 0.02653856 0.02635017 0.02491341 0.02415726] ; 0.20039856804842993 ; 18039.08468759786
[0.02730781 0.02525007 0.02869733 0.03013011 0.03702818 0.03724437
 0.03963966 0.0461486  0.04608866 0.04333763 0.03725112 0.03342417] ; 0.22958559133217957 ; 72745.02806307217
[0.05225097 0.05147605 0.06813735 0.0632292  0.07241778 0.06033241
 0.0489926  0.04517024 0.04959778 0.05914405 0.06322087 0.05475216] ; 0.3662881695884402 ; 37479.19722004283
[0.0362619  0.03300316 0.03433965 0.04068657 0.05015081 0.05142792
 0.05358139 0.05485464 0.05254852 0.04933759 0.04485893 0.04040119] ; 0.2870849275532223 ; 31087.640073318835
[0.02805997 0.03020214 0.03269761 0.03400467 0.03653091 0.03718611
 0.03658415 0.03829635 0.03738028 0.03163914 0.02601535 0.02659387] ; 0.2085664948483113 ; 33178.22840441503
[0.03010733 0.02892682 0.03083088 0.02981869 0.03367369 0.03314359
 0.03409771 0.03992193 0.0417393  0.03985829 0.03501677 0.03352129] ; 0.21629418650712207 ; 61950.15749515789
[0.0254365  0.02361686 0.02621238 0.02928484 0.03605944 0.03662955
 0.03849271 0.04298382 0.04223413 0.03982613 0.03416933 0.03025415] ; 0.2155594124476597 ; 160522.09263282162
[0.03333345 0.03659172 0.03969654 0.04004498 0.04190368 0.03981625
 0.03642373 0.03719327 0.0368259  0.03253368 0.02831826 0.03062759] ; 0.22815183882222534 ; 7636.354013447023
[0.02924962 0.03067392 0.03671275 0.03873132 0.04368299 0.03928781
 0.03636374 0.03590312 0.03212528 0.03072443 0.02928131 0.03034856] ; 0.21779580708821822 ; 54148.928017850034
[0.02599603 0.02760528 0.03644241 0.04214298 0.05696337 0.05339377
 0.0514615  0.05363947 0.0544925  0.03476679 0.0288402  0.02733804] ; 0.26809244470105054 ; 8668.08040436526
[0.04513663 0.04220513 0.04852379 0.04993799 0.0607607  0.05207002
 0.04509096 0.04781551 0.0527695  0.05781341 0.06059366 0.05017518] ; 0.32467877254978667 ; 16391.06826126449
========

Generation 4
========
[0.0310777  0.03213723 0.0346463  0.03176089 0.0325667  0.03005989
 0.03026374 0.03438385 0.03658835 0.03955169 0.03765598 0.03529359] ; 0.21340947219143475 ; 7636.354013447023
[0.0351723  0.03362768 0.03369017 0.03519767 0.03532634 0.03206701
 0.03102886 0.02702589 0.02746862 0.0336963  0.03579855 0.03655868] ; 0.20873646111160665 ; 8668.08040436526
[0.0254365  0.02361686 0.02621238 0.02928484 0.03605944 0.03662955
 0.03849271 0.04298382 0.04223413 0.03982613 0.03416933 0.03025415] ; 0.2155594124476597 ; 16391.06826126449
[0.0289609  0.02705182 0.02653672 0.03415951 0.03834801 0.03867806
 0.03770944 0.0329846  0.03135765 0.03366595 0.03265652 0.03022465] ; 0.20725926036203512 ; 18039.08468759786
[0.02509009 0.02181543 0.02427023 0.02483001 0.03135617 0.03240523
 0.03616703 0.04605509 0.04888993 0.04690889 0.0394485  0.03348064] ; 0.22169560495286295 ; 20972.000699261156
[0.02730781 0.02525007 0.02869733 0.03013011 0.03702818 0.03724437
 0.03963966 0.0461486  0.04608866 0.04333763 0.03725112 0.03342417] ; 0.22958559133217957 ; 21381.51612104493
[0.02459091 0.02316706 0.02787718 0.03010283 0.03889392 0.0394258
 0.04172743 0.04915923 0.04806289 0.04311085 0.03542681 0.03084241] ; 0.23197350174043183 ; 28508.772370655595
[0.02843337 0.03018816 0.0405032  0.04658432 0.06475425 0.06182119
 0.06049978 0.06413478 0.05520202 0.03992121 0.03229835 0.03041325] ; 0.30190929592327875 ; 28808.90233343696
[0.03704268 0.03198768 0.02733608 0.03267088 0.03416588 0.03423372
 0.03479808 0.03006979 0.03026822 0.03729968 0.03985    0.03843517] ; 0.2156167246007879 ; 31087.640073318835
[0.02617729 0.02701864 0.02880045 0.02997418 0.03355155 0.03652492
 0.03858577 0.04258659 0.04209752 0.03450968 0.0268637  0.02626363] ; 0.20883026048830633 ; 31891.652872169667
[0.0362619  0.03300316 0.03433965 0.04068657 0.05015081 0.05142792
 0.05358139 0.05485464 0.05254852 0.04933759 0.04485893 0.04040119] ; 0.2870849275532223 ; 32802.347781843484
[0.02924962 0.03067392 0.03671275 0.03873132 0.04368299 0.03928781
 0.03636374 0.03590312 0.03212528 0.03072443 0.02928131 0.03034856] ; 0.21779580708821822 ; 33178.22840441503
[0.03596718 0.03343252 0.03365829 0.0391746  0.0422794  0.03783379
 0.03733238 0.03809433 0.03807847 0.0388277  0.03876321 0.03805365] ; 0.23699324378106953 ; 38970.440546447964
[0.03013957 0.0298739  0.03433523 0.03385592 0.03625748 0.03598601
 0.03818812 0.04443877 0.04600366 0.04615881 0.04121362 0.03626656] ; 0.2394204927286677 ; 30649.872943899805
[0.03618044 0.03863741 0.04126851 0.04167509 0.03944543 0.03235625
 0.02794087 0.0232412  0.02255314 0.02706756 0.0301906  0.03392799] ; 0.21013026143551455 ; 20139.77921564681
[0.01910617 0.01803332 0.02196699 0.02561045 0.03455625 0.03720303
 0.04120978 0.0483565  0.04664075 0.04050681 0.03095972 0.02475807] ; 0.21246006863079958 ; 132097.62925633774
[0.02203076 0.02355017 0.02987413 0.03655917 0.04618226 0.04478638
 0.04228747 0.04103822 0.03519521 0.03020927 0.02525049 0.02347434] ; 0.2155594124476597 ; 29495.104548631974
[0.02759729 0.02571028 0.02666605 0.03221053 0.03767115 0.03811867
 0.03848373 0.03808255 0.0368546  0.03694908 0.03372313 0.03056129] ; 0.2127599430458682 ; 36875.53398163166
[0.02612136 0.02555007 0.03002281 0.03315384 0.04013666 0.03826579
 0.03742027 0.04006819 0.0381534  0.03569429 0.03171961 0.02980733] ; 0.21479201165752657 ; 30567.181137801632
[0.02889824 0.02734024 0.02913325 0.03523383 0.04427874 0.0447966
 0.04562673 0.04587046 0.04262574 0.03838166 0.03391184 0.03081078] ; 0.2375291506802401 ; 12428.989985402906
[0.02657567 0.02308126 0.02470977 0.025832   0.03178888 0.03272617
 0.03612491 0.04432934 0.04686394 0.04593453 0.039625   0.03417212] ; 0.22085535714713156 ; 47577.99300607155
[0.02533381 0.02391917 0.02852414 0.03036182 0.0384307  0.038253
 0.03986742 0.04667908 0.04589742 0.04202292 0.03533229 0.03137261] ; 0.22738904024418644 ; 29791.01958255466
[0.02877309 0.02793838 0.03298775 0.03447653 0.04148085 0.0393544
 0.03915312 0.04365004 0.04245411 0.03992532 0.03543902 0.03350638] ; 0.23192550889768934 ; 37757.19039240519
[0.03246278 0.02836649 0.02810344 0.03067973 0.03594558 0.03608508
 0.03844647 0.04215867 0.04337967 0.0433053  0.04073489 0.03721404] ; 0.2308460341663134 ; 68527.17308978847
========

Generation 5
========
[0.0310777  0.03213723 0.0346463  0.03176089 0.0325667  0.03005989
 0.03026374 0.03438385 0.03658835 0.03955169 0.03765598 0.03529359] ; 0.21340947219143475 ; 7636.354013447023
[0.02203076 0.02355017 0.02987413 0.03655917 0.04618226 0.04478638
 0.04228747 0.04103822 0.03519521 0.03020927 0.02525049 0.02347434] ; 0.2155594124476597 ; 8668.08040436526
[0.0351723  0.03362768 0.03369017 0.03519767 0.03532634 0.03206701
 0.03102886 0.02702589 0.02746862 0.0336963  0.03579855 0.03655868] ; 0.20873646111160665 ; 12428.989985402906
[0.01910617 0.01803332 0.02196699 0.02561045 0.03455625 0.03720303
 0.04120978 0.0483565  0.04664075 0.04050681 0.03095972 0.02475807] ; 0.21246006863079958 ; 16391.06826126449
[0.03246278 0.02836649 0.02810344 0.03067973 0.03594558 0.03608508
 0.03844647 0.04215867 0.04337967 0.0433053  0.04073489 0.03721404] ; 0.2308460341663134 ; 18039.08468759786
[0.0254365  0.02361686 0.02621238 0.02928484 0.03605944 0.03662955
 0.03849271 0.04298382 0.04223413 0.03982613 0.03416933 0.03025415] ; 0.2155594124476597 ; 20139.77921564681
[0.0289609  0.02705182 0.02653672 0.03415951 0.03834801 0.03867806
 0.03770944 0.0329846  0.03135765 0.03366595 0.03265652 0.03022465] ; 0.20725926036203512 ; 20972.000699261156
[0.02509009 0.02181543 0.02427023 0.02483001 0.03135617 0.03240523
 0.03616703 0.04605509 0.04888993 0.04690889 0.0394485  0.03348064] ; 0.22169560495286295 ; 21381.51612104493
[0.02657567 0.02308126 0.02470977 0.025832   0.03178888 0.03272617
 0.03612491 0.04432934 0.04686394 0.04593453 0.039625   0.03417212] ; 0.22085535714713156 ; 28508.772370655595
[0.02730781 0.02525007 0.02869733 0.03013011 0.03702818 0.03724437
 0.03963966 0.0461486  0.04608866 0.04333763 0.03725112 0.03342417] ; 0.22958559133217957 ; 28808.90233343696
[0.02459091 0.02316706 0.02787718 0.03010283 0.03889392 0.0394258
 0.04172743 0.04915923 0.04806289 0.04311085 0.03542681 0.03084241] ; 0.23197350174043183 ; 29495.104548631974
[0.02843337 0.03018816 0.0405032  0.04658432 0.06475425 0.06182119
 0.06049978 0.06413478 0.05520202 0.03992121 0.03229835 0.03041325] ; 0.30190929592327875 ; 29791.01958255466
[0.02309909 0.02299338 0.02890466 0.03184563 0.04068498 0.03972999
 0.0399043  0.04466763 0.04214553 0.03728443 0.03087483 0.02764658] ; 0.21902913013629233 ; 32988.41204958259
[0.03328495 0.03101556 0.03183903 0.03422473 0.03857667 0.03657924
 0.03648047 0.03786183 0.03772762 0.03788863 0.03694774 0.03582354] ; 0.22463134741870394 ; 38189.33482079585
[0.02946323 0.0329918  0.04590905 0.05421221 0.06698758 0.0601898
 0.05444647 0.05271775 0.0441387  0.03473635 0.0297646  0.02960185] ; 0.29004957192528974 ; 61932.7493676037
[0.03143145 0.03458978 0.0428654  0.04597344 0.05031041 0.041305
 0.03452662 0.03296047 0.03011895 0.02927633 0.02871807 0.0310517 ] ; 0.23045614942113596 ; 8701.373131500286
[0.037515   0.03462445 0.03387766 0.03345453 0.03345272 0.03025911
 0.03008915 0.0302938  0.03273165 0.03881315 0.04033763 0.04061764] ; 0.21889710937478793 ; 8322.809930614676
[0.03051256 0.03104098 0.03470045 0.03806987 0.04184888 0.03751099
 0.0343597  0.03219978 0.02997395 0.03087365 0.03042111 0.03114817] ; 0.21193907773552445 ; 26740.661284168415
[0.03212932 0.02726381 0.02675995 0.02790211 0.03186314 0.03124289
 0.03332634 0.03826248 0.04075358 0.04215857 0.04080023 0.03775588] ; 0.2170602467785052 ; 25388.39266135918
[0.02448963 0.02286777 0.02578527 0.02872197 0.03577581 0.03654308
 0.03876771 0.04367251 0.04246305 0.03934048 0.03327667 0.02932931] ; 0.21382559246262106 ; 22542.701631910957
[0.03618808 0.03126494 0.02988777 0.02994183 0.03253598 0.03064151
 0.03189118 0.03636897 0.03967266 0.04254231 0.04259319 0.04099994] ; 0.22397253935116557 ; 20092.153966446975
[0.03280502 0.0317464  0.03826644 0.04156806 0.0554297  0.05397543
 0.05611745 0.06444942 0.06085376 0.04848026 0.04083686 0.03722578] ; 0.30105459283552705 ; 22326.753282042017
[0.02553395 0.02359784 0.02624215 0.02931411 0.03604471 0.03657592
 0.03866464 0.04380326 0.04365411 0.04137257 0.03524744 0.03077372] ; 0.2188984230995515 ; 35169.959934392406
[0.03076102 0.02672908 0.02614535 0.02734703 0.03051461 0.02990904
 0.03140851 0.035587   0.03823118 0.04089889 0.03900563 0.03615302] ; 0.20758567980515547 ; 10419.964978553911
========

Generation 6
========
[0.0310777  0.03213723 0.0346463  0.03176089 0.0325667  0.03005989
 0.03026374 0.03438385 0.03658835 0.03955169 0.03765598 0.03529359] ; 0.21340947219143475 ; 7636.354013447023
[0.02203076 0.02355017 0.02987413 0.03655917 0.04618226 0.04478638
 0.04228747 0.04103822 0.03519521 0.03020927 0.02525049 0.02347434] ; 0.2155594124476597 ; 8322.809930614676
[0.0351723  0.03362768 0.03369017 0.03519767 0.03532634 0.03206701
 0.03102886 0.02702589 0.02746862 0.0336963  0.03579855 0.03655868] ; 0.20873646111160665 ; 8668.08040436526
[0.01910617 0.01803332 0.02196699 0.02561045 0.03455625 0.03720303
 0.04120978 0.0483565  0.04664075 0.04050681 0.03095972 0.02475807] ; 0.21246006863079958 ; 8701.373131500286
[0.03246278 0.02836649 0.02810344 0.03067973 0.03594558 0.03608508
 0.03844647 0.04215867 0.04337967 0.0433053  0.04073489 0.03721404] ; 0.2308460341663134 ; 10419.964978553911
[0.0254365  0.02361686 0.02621238 0.02928484 0.03605944 0.03662955
 0.03849271 0.04298382 0.04223413 0.03982613 0.03416933 0.03025415] ; 0.2155594124476597 ; 12428.989985402906
[0.03076102 0.02672908 0.02614535 0.02734703 0.03051461 0.02990904
 0.03140851 0.035587   0.03823118 0.04089889 0.03900563 0.03615302] ; 0.20758567980515547 ; 16391.06826126449
[0.0289609  0.02705182 0.02653672 0.03415951 0.03834801 0.03867806
 0.03770944 0.0329846  0.03135765 0.03366595 0.03265652 0.03022465] ; 0.20725926036203512 ; 18039.08468759786
[0.02309909 0.02299338 0.02890466 0.03184563 0.04068498 0.03972999
 0.0399043  0.04466763 0.04214553 0.03728443 0.03087483 0.02764658] ; 0.21902913013629233 ; 20092.153966446975
[0.02509009 0.02181543 0.02427023 0.02483001 0.03135617 0.03240523
 0.03616703 0.04605509 0.04888993 0.04690889 0.0394485  0.03348064] ; 0.22169560495286295 ; 20139.77921564681
[0.02448963 0.02286777 0.02578527 0.02872197 0.03577581 0.03654308
 0.03876771 0.04367251 0.04246305 0.03934048 0.03327667 0.02932931] ; 0.21382559246262106 ; 20972.000699261156
[0.02657567 0.02308126 0.02470977 0.025832   0.03178888 0.03272617
 0.03612491 0.04432934 0.04686394 0.04593453 0.039625   0.03417212] ; 0.22085535714713156 ; 21381.51612104493
[0.02447135 0.02113581 0.02035997 0.0271383  0.03388734 0.03892915
 0.04240861 0.03991843 0.03823127 0.03914788 0.03481006 0.02874536] ; 0.2090300300982933 ; 17889.872755622262
[0.03380056 0.0321711  0.03210695 0.0288592  0.02877048 0.02617881
 0.02669605 0.03126681 0.03524069 0.04030206 0.04036761 0.0387863 ] ; 0.20847614851457608 ; 40063.248347452085
[0.02083844 0.01867074 0.02140628 0.02380196 0.03127172 0.03382383
 0.03863301 0.0475968  0.04870985 0.04455709 0.03496399 0.02783367] ; 0.2139957772391654 ; 49401.66314093695
[0.02203076 0.02355017 0.02987413 0.03655917 0.04618226 0.04478638
 0.04228747 0.04103822 0.03519521 0.03020927 0.02525049 0.02347434] ; 0.2155594124476597 ; 34003.9440503909
[0.03351044 0.03383579 0.03527223 0.03347246 0.03349114 0.03041926
 0.03008158 0.03114873 0.03267022 0.03687376 0.03680567 0.03617918] ; 0.21175958234802625 ; 50608.57574957138
[0.03941379 0.03489907 0.0311969  0.0310376  0.02947842 0.02680159
 0.02676393 0.02543702 0.02825655 0.03686623 0.04104203 0.0418333 ] ; 0.20857761794011556 ; 41042.61800386578
[0.02179486 0.02025985 0.02419046 0.0271718  0.03575916 0.0374888
 0.04089839 0.04845475 0.04791888 0.04309788 0.03423844 0.02818378] ; 0.22174196323347603 ; 26002.65577282777
[0.03124859 0.01803592 0.02083139 0.02261147 0.03036084 0.03294711
 0.0377021  0.04779134 0.04914567 0.04472995 0.03535028 0.02839921] ; 0.21720277268867377 ; 19559.999116130763
[0.03188913 0.02609083 0.02447936 0.02517582 0.02905562 0.02971031
 0.03330315 0.03966594 0.04366538 0.04572894 0.04338483 0.03882746] ; 0.21942969015292085 ; 42941.54127088273
[0.03153055 0.02718321 0.02658292 0.02840189 0.03302073 0.03301695
 0.03515647 0.03902952 0.04066918 0.04139149 0.03949412 0.03646695] ; 0.21768622006665078 ; 35072.05120929811
[0.02852258 0.02561806 0.02696923 0.02836839 0.03318745 0.03284845
 0.03480839 0.04044234 0.04209628 0.04209239 0.03776585 0.03415195] ; 0.2155594124476597 ; 22942.629525500382
[0.03272582 0.03025958 0.03268059 0.03428951 0.03744122 0.0355699
 0.03577821 0.03853112 0.03915166 0.03966367 0.03803821 0.03639108] ; 0.22600710064559593 ; 15447.064387928032
========

