Generation 1
========
[0.03602015 0.03333208 0.03602015 0.03279446 0.03386969 0.03494492
 0.03171923 0.03171923 0.03386969 0.04032106 0.04085867 0.04139629] ; 0.22453787067520395 ; 57469.255193396144
[0.04156618 0.04740003 0.0561508  0.0444831  0.03792002 0.04521233
 0.04594157 0.05177542 0.05177542 0.0466708  0.04594157 0.04740003] ; 0.29697746837591293 ; 97328.17564921932
[0.03405996 0.03356634 0.03751532 0.03455358 0.02863011 0.03109822
 0.03652807 0.03455358 0.03800894 0.03405996 0.03800894 0.03948981] ; 0.22099682397374654 ; 149468.87255190537
[0.03568509 0.03631115 0.04695407 0.04695407 0.04758012 0.04257169
 0.04194563 0.03505904 0.03255482 0.04069353 0.04507591 0.03568509] ; 0.2583401402570745 ; 36833.82097499196
[0.04140001 0.03556902 0.03673522 0.03323663 0.03148733 0.03498592
 0.04023381 0.0478141  0.0466479  0.03848452 0.03381973 0.04140001] ; 0.2448678086939426 ; 225837.07462886441
[0.03269304 0.04045072 0.04322131 0.04765427 0.04266719 0.03213893
 0.03047657 0.02881421 0.03213893 0.02770597 0.02881421 0.02826009] ; 0.22126664597649393 ; 65520.6989902091
[0.0498069  0.04911513 0.04358104 0.03527989 0.03666341 0.03527989
 0.03458812 0.04496456 0.05119042 0.04081399 0.04219751 0.04150575] ; 0.2679427832512852 ; 54814.46897799801
[0.0423458  0.04880533 0.05526486 0.04952306 0.04091035 0.04162808
 0.04449898 0.04449898 0.05167623 0.0452167  0.03875717 0.036604  ] ; 0.2862508139985148 ; 42416.87707771095
[0.03185499 0.02856773 0.03203052 0.03186251 0.03634791 0.04135486
 0.04063615 0.04205618 0.04327271 0.04663682 0.04245586 0.0392361 ] ; 0.24126366683212583 ; 119625.56922850205
[0.05295903 0.04895233 0.0437395  0.03419772 0.03426149 0.03290003
 0.02944919 0.03326794 0.0391157  0.04146904 0.04691968 0.05050662] ; 0.2590234398521074 ; 194866.24653572368
[0.03471915 0.03653894 0.03847639 0.02903341 0.02381128 0.02725479
 0.02966996 0.03650012 0.04071755 0.03929545 0.04014766 0.04070167] ; 0.22161311923731092 ; 147228.90203842215
[0.04845888 0.05018557 0.04980545 0.03995476 0.03841205 0.04022771
 0.04004372 0.04908161 0.05319416 0.04442922 0.04507017 0.04515913] ; 0.2871078201000432 ; 14460.965628251313
[0.02773604 0.02632369 0.03060798 0.0312004  0.03439122 0.04017228
 0.04183752 0.04075758 0.0408374  0.03973467 0.03640113 0.03360261] ; 0.22393707999644316 ; 100158.27573172913
[0.03727357 0.03330882 0.03009885 0.02506189 0.02010179 0.0212748
 0.02848522 0.03323135 0.04367993 0.0430221  0.048018   0.04580709] ; 0.22119370666398444 ; 124461.02083630486
[0.03946184 0.0370715  0.04323685 0.04003731 0.04082064 0.04187205
 0.04612908 0.04536627 0.04575032 0.05401787 0.05704382 0.04473675] ; 0.2831192421600912 ; 367731.726619846
[0.03455531 0.03272147 0.03844433 0.03903749 0.03975534 0.0437642
 0.04708471 0.04964155 0.04299789 0.03285291 0.0277879  0.03306404] ; 0.24541032976169455 ; 172927.53475973575
========

Generation 2
========
[0.03602015 0.03333208 0.03602015 0.03279446 0.03386969 0.03494492
 0.03171923 0.03171923 0.03386969 0.04032106 0.04085867 0.04139629] ; 0.22453787067520395 ; 14460.965628251313
[0.02773604 0.02632369 0.03060798 0.0312004  0.03439122 0.04017228
 0.04183752 0.04075758 0.0408374  0.03973467 0.03640113 0.03360261] ; 0.22393707999644316 ; 36833.82097499196
[0.03727357 0.03330882 0.03009885 0.02506189 0.02010179 0.0212748
 0.02848522 0.03323135 0.04367993 0.0430221  0.048018   0.04580709] ; 0.22119370666398444 ; 42416.87707771095
[0.03185499 0.02856773 0.03203052 0.03186251 0.03634791 0.04135486
 0.04063615 0.04205618 0.04327271 0.04663682 0.04245586 0.0392361 ] ; 0.24126366683212583 ; 54814.46897799801
[0.04156618 0.04740003 0.0561508  0.0444831  0.03792002 0.04521233
 0.04594157 0.05177542 0.05177542 0.0466708  0.04594157 0.04740003] ; 0.29697746837591293 ; 57469.255193396144
[0.03471915 0.03653894 0.03847639 0.02903341 0.02381128 0.02725479
 0.02966996 0.03650012 0.04071755 0.03929545 0.04014766 0.04070167] ; 0.22161311923731092 ; 65520.6989902091
[0.03455531 0.03272147 0.03844433 0.03903749 0.03975534 0.0437642
 0.04708471 0.04964155 0.04299789 0.03285291 0.0277879  0.03306404] ; 0.24541032976169455 ; 97328.17564921932
[0.03946184 0.0370715  0.04323685 0.04003731 0.04082064 0.04187205
 0.04612908 0.04536627 0.04575032 0.05401787 0.05704382 0.04473675] ; 0.2831192421600912 ; 100158.27573172913
[0.04567682 0.04656603 0.04398231 0.02851147 0.02004863 0.01976286
 0.0200388  0.02505668 0.03094854 0.03561218 0.04284629 0.04969699] ; 0.22396058197707708 ; 35699.43359519502
[0.04061802 0.03886952 0.04271158 0.03793363 0.03802589 0.04010704
 0.03710861 0.03794604 0.04001478 0.04548825 0.04590075 0.04662729] ; 0.2579805632964199 ; 73839.58555584721
[0.03629405 0.03221001 0.03310527 0.02889322 0.02824259 0.02994517
 0.037228   0.03197991 0.0363669  0.04234507 0.04359143 0.04339618] ; 0.224124579568181 ; 37164.48413307078
[0.030261   0.02714468 0.03079515 0.03113173 0.0337473  0.03992517
 0.04453109 0.04789014 0.04872062 0.04535783 0.03968246 0.0366938 ] ; 0.24221397308801962 ; 101719.58484582756
[0.02866913 0.0338336  0.04434431 0.04625905 0.04780148 0.04578877
 0.03708819 0.02998246 0.02638122 0.02518389 0.0249542  0.02734131] ; 0.22435047500065736 ; 29986.056228944475
[0.03975727 0.04394381 0.05031065 0.03979579 0.03370299 0.04053265
 0.04403112 0.05123183 0.05337793 0.04756613 0.0462609  0.04599771] ; 0.2841632981398276 ; 32871.96205397016
[0.03456377 0.03120474 0.03479445 0.03281168 0.03672331 0.04609605
 0.05057712 0.05811163 0.06158882 0.06228219 0.05351032 0.04585944] ; 0.29419924223356714 ; 41896.92615676226
[0.03193717 0.02327169 0.02141152 0.01885087 0.02156489 0.02784411
 0.03339857 0.04250422 0.05143865 0.0604725  0.05494698 0.04638863] ; 0.24126366683212583 ; 37326.76149822151
========

Generation 3
========
[0.03602015 0.03333208 0.03602015 0.03279446 0.03386969 0.03494492
 0.03171923 0.03171923 0.03386969 0.04032106 0.04085867 0.04139629] ; 0.22453787067520395 ; 14460.965628251313
[0.03456377 0.03120474 0.03479445 0.03281168 0.03672331 0.04609605
 0.05057712 0.05811163 0.06158882 0.06228219 0.05351032 0.04585944] ; 0.29419924223356714 ; 29986.056228944475
[0.03629405 0.03221001 0.03310527 0.02889322 0.02824259 0.02994517
 0.037228   0.03197991 0.0363669  0.04234507 0.04359143 0.04339618] ; 0.224124579568181 ; 32871.96205397016
[0.030261   0.02714468 0.03079515 0.03113173 0.0337473  0.03992517
 0.04453109 0.04789014 0.04872062 0.04535783 0.03968246 0.0366938 ] ; 0.24221397308801962 ; 35699.43359519502
[0.02773604 0.02632369 0.03060798 0.0312004  0.03439122 0.04017228
 0.04183752 0.04075758 0.0408374  0.03973467 0.03640113 0.03360261] ; 0.22393707999644316 ; 36833.82097499196
[0.03193717 0.02327169 0.02141152 0.01885087 0.02156489 0.02784411
 0.03339857 0.04250422 0.05143865 0.0604725  0.05494698 0.04638863] ; 0.24126366683212583 ; 37164.48413307078
[0.03727357 0.03330882 0.03009885 0.02506189 0.02010179 0.0212748
 0.02848522 0.03323135 0.04367993 0.0430221  0.048018   0.04580709] ; 0.22119370666398444 ; 37326.76149822151
[0.03185499 0.02856773 0.03203052 0.03186251 0.03634791 0.04135486
 0.04063615 0.04205618 0.04327271 0.04663682 0.04245586 0.0392361 ] ; 0.24126366683212583 ; 41896.92615676226
[0.0350557  0.03243961 0.0350557  0.03191639 0.03296283 0.03400926
 0.03086995 0.03086995 0.03296283 0.03924146 0.03976468 0.0402879 ] ; 0.21852583700365671 ; 87215.67542940304
[0.03767675 0.03075307 0.02531334 0.019422   0.01531937 0.01659693
 0.02331398 0.03025207 0.04565179 0.04913772 0.05400259 0.0490131 ] ; 0.22160331686713047 ; 65879.97641443866
[0.03118625 0.0279208  0.03112148 0.02953545 0.03385367 0.04457194
 0.05183121 0.0620554  0.06600664 0.06439353 0.05225172 0.04254997] ; 0.2925059396809027 ; 23098.369323899085
[0.04407648 0.03917224 0.03630365 0.03068848 0.02675448 0.02986243
 0.03759771 0.04368871 0.05457026 0.05487166 0.05852931 0.0549553 ] ; 0.2746693492462349 ; 28553.215048025275
[0.04297424 0.03909387 0.03936878 0.03278626 0.03034114 0.02921001
 0.03265702 0.02604957 0.03032204 0.03836142 0.04386835 0.04808975] ; 0.230294110576272 ; 56799.99835393315
[0.01926475 0.01853359 0.02350182 0.02735907 0.03514629 0.04561808
 0.05505222 0.04739036 0.04349015 0.03782326 0.02992305 0.02463783] ; 0.2240491599908549 ; 82304.86236109017
[0.02215455 0.01700042 0.01784244 0.01851805 0.02340727 0.03311835
 0.04306796 0.05485042 0.06069675 0.05854723 0.04420378 0.0331387 ] ; 0.2414136603263236 ; 21762.73558529853
[0.02493129 0.01964418 0.02048205 0.02066387 0.0254047  0.03374936
 0.04031747 0.04717015 0.05115794 0.05176726 0.04348067 0.03547188] ; 0.22748328362322734 ; 32504.019729932363
========

Generation 4
========
[0.01926475 0.01853359 0.02350182 0.02735907 0.03514629 0.04561808
 0.05505222 0.04739036 0.04349015 0.03782326 0.02992305 0.02463783] ; 0.2240491599908549 ; 14460.965628251313
[0.02215455 0.01700042 0.01784244 0.01851805 0.02340727 0.03311835
 0.04306796 0.05485042 0.06069675 0.05854723 0.04420378 0.0331387 ] ; 0.2414136603263236 ; 21762.73558529853
[0.03602015 0.03333208 0.03602015 0.03279446 0.03386969 0.03494492
 0.03171923 0.03171923 0.03386969 0.04032106 0.04085867 0.04139629] ; 0.22453787067520395 ; 23098.369323899085
[0.02493129 0.01964418 0.02048205 0.02066387 0.0254047  0.03374936
 0.04031747 0.04717015 0.05115794 0.05176726 0.04348067 0.03547188] ; 0.22748328362322734 ; 28553.215048025275
[0.03456377 0.03120474 0.03479445 0.03281168 0.03672331 0.04609605
 0.05057712 0.05811163 0.06158882 0.06228219 0.05351032 0.04585944] ; 0.29419924223356714 ; 29986.056228944475
[0.03629405 0.03221001 0.03310527 0.02889322 0.02824259 0.02994517
 0.037228   0.03197991 0.0363669  0.04234507 0.04359143 0.04339618] ; 0.224124579568181 ; 32504.019729932363
[0.030261   0.02714468 0.03079515 0.03113173 0.0337473  0.03992517
 0.04453109 0.04789014 0.04872062 0.04535783 0.03968246 0.0366938 ] ; 0.24221397308801962 ; 32871.96205397016
[0.02773604 0.02632369 0.03060798 0.0312004  0.03439122 0.04017228
 0.04183752 0.04075758 0.0408374  0.03973467 0.03640113 0.03360261] ; 0.22393707999644316 ; 35699.43359519502
[0.01775044 0.01282065 0.01315436 0.0140417  0.01899446 0.02911861
 0.04131303 0.05316296 0.05981366 0.05687096 0.04124732 0.02880724] ; 0.225674329083702 ; 45588.81401993873
[0.02286994 0.01989299 0.02307111 0.02491534 0.03244581 0.04531589
 0.05505971 0.05669211 0.05602579 0.05200417 0.04132224 0.03252352] ; 0.2551232744505343 ; 30891.872212166243
[0.0147033  0.01238922 0.01509654 0.01824891 0.02549856 0.03886012
 0.05220555 0.06206608 0.06056015 0.04823443 0.03161029 0.02181913] ; 0.23403976438969296 ; 33587.448360200884
[0.03315969 0.02578193 0.02493614 0.02208402 0.02325881 0.02799437
 0.03316275 0.04223304 0.05106396 0.05749976 0.05176184 0.04517614] ; 0.23964780245183498 ; 68888.92886869384
[0.02603292 0.02114396 0.02199025 0.02139142 0.02541622 0.03362519
 0.04552364 0.04200821 0.04569907 0.04922498 0.04358347 0.036373  ] ; 0.22449556500513276 ; 57790.734819860474
[0.02958911 0.02773138 0.03169059 0.03180957 0.03626986 0.04206164
 0.04494661 0.04114653 0.0404082  0.04118581 0.03756652 0.03524421] ; 0.23237889014280808 ; 8931.780748877238
[0.02350822 0.01965358 0.0222728  0.02437274 0.03144611 0.04173364
 0.04774472 0.05242374 0.05323078 0.05073407 0.04073177 0.03270464] ; 0.24151200207028117 ; 9243.128792372745
[0.02256563 0.02251702 0.02819718 0.03120998 0.03839882 0.04713487
 0.04996385 0.04626234 0.04099576 0.03580248 0.02907143 0.02619569] ; 0.2256244149447847 ; 18128.10204634058
========

Generation 5
========
[0.0147033  0.01238922 0.01509654 0.01824891 0.02549856 0.03886012
 0.05220555 0.06206608 0.06056015 0.04823443 0.03161029 0.02181913] ; 0.23403976438969296 ; 8931.780748877238
[0.01775044 0.01282065 0.01315436 0.0140417  0.01899446 0.02911861
 0.04131303 0.05316296 0.05981366 0.05687096 0.04124732 0.02880724] ; 0.225674329083702 ; 9243.128792372745
[0.01926475 0.01853359 0.02350182 0.02735907 0.03514629 0.04561808
 0.05505222 0.04739036 0.04349015 0.03782326 0.02992305 0.02463783] ; 0.2240491599908549 ; 14460.965628251313
[0.02215455 0.01700042 0.01784244 0.01851805 0.02340727 0.03311835
 0.04306796 0.05485042 0.06069675 0.05854723 0.04420378 0.0331387 ] ; 0.2414136603263236 ; 18128.10204634058
[0.02350822 0.01965358 0.0222728  0.02437274 0.03144611 0.04173364
 0.04774472 0.05242374 0.05323078 0.05073407 0.04073177 0.03270464] ; 0.24151200207028117 ; 21762.73558529853
[0.02286994 0.01989299 0.02307111 0.02491534 0.03244581 0.04531589
 0.05505971 0.05669211 0.05602579 0.05200417 0.04132224 0.03252352] ; 0.2551232744505343 ; 23098.369323899085
[0.03602015 0.03333208 0.03602015 0.03279446 0.03386969 0.03494492
 0.03171923 0.03171923 0.03386969 0.04032106 0.04085867 0.04139629] ; 0.22453787067520395 ; 28553.215048025275
[0.02493129 0.01964418 0.02048205 0.02066387 0.0254047  0.03374936
 0.04031747 0.04717015 0.05115794 0.05176726 0.04348067 0.03547188] ; 0.22748328362322734 ; 29986.056228944475
[0.02065159 0.01770567 0.0201514  0.02143029 0.02622878 0.03567137
 0.04451424 0.052592   0.0544023  0.04801785 0.03578977 0.02810231] ; 0.2249561514497255 ; 6280.04097210611
[0.01219062 0.01111078 0.01479136 0.01933975 0.02855484 0.04323395
 0.05736999 0.0587917  0.05339957 0.04054826 0.02602009 0.01774277] ; 0.22465494267429925 ; 12732.697918802374
[0.01674241 0.01399912 0.01692134 0.0204854  0.02935166 0.04259662
 0.05183727 0.05765132 0.05638774 0.04910734 0.03484735 0.02494604] ; 0.23622906698511487 ; 842.0229514136128
[0.02428389 0.01711391 0.01621653 0.0151448  0.01738368 0.02387791
 0.0331862  0.04742859 0.05855921 0.06257579 0.05075513 0.03823876] ; 0.2330144988956098 ; 29597.295107609254
[0.02709842 0.02467356 0.02887119 0.03042283 0.03508789 0.04158941
 0.04677298 0.04438726 0.04528991 0.04499179 0.03906656 0.03435577] ; 0.23608335757507531 ; 20278.031535788796
[0.03209638 0.02915041 0.03224005 0.03073594 0.03271174 0.03803378
 0.04183645 0.03875623 0.04034872 0.04401753 0.04264863 0.04002246] ; 0.23383618773874842 ; 26711.653051252288
[0.02171353 0.01604863 0.01621609 0.01636373 0.02133202 0.03218635
 0.04457458 0.05586508 0.06291986 0.06173545 0.04737515 0.03453885] ; 0.24734200673138973 ; 11708.016020727628
[0.03168388 0.02662013 0.02791588 0.02617297 0.02869046 0.03318462
 0.03582782 0.04221011 0.04846021 0.05377435 0.04783147 0.04175593] ; 0.23861264262048437 ; 20645.070379264915
========

Generation 6
========
[0.0147033  0.01238922 0.01509654 0.01824891 0.02549856 0.03886012
 0.05220555 0.06206608 0.06056015 0.04823443 0.03161029 0.02181913] ; 0.23403976438969296 ; 842.0229514136128
[0.01674241 0.01399912 0.01692134 0.0204854  0.02935166 0.04259662
 0.05183727 0.05765132 0.05638774 0.04910734 0.03484735 0.02494604] ; 0.23622906698511487 ; 6280.04097210611
[0.02171353 0.01604863 0.01621609 0.01636373 0.02133202 0.03218635
 0.04457458 0.05586508 0.06291986 0.06173545 0.04737515 0.03453885] ; 0.24734200673138973 ; 8931.780748877238
[0.01219062 0.01111078 0.01479136 0.01933975 0.02855484 0.04323395
 0.05736999 0.0587917  0.05339957 0.04054826 0.02602009 0.01774277] ; 0.22465494267429925 ; 9243.128792372745
[0.03168388 0.02662013 0.02791588 0.02617297 0.02869046 0.03318462
 0.03582782 0.04221011 0.04846021 0.05377435 0.04783147 0.04175593] ; 0.23861264262048437 ; 11708.016020727628
[0.01775044 0.01282065 0.01315436 0.0140417  0.01899446 0.02911861
 0.04131303 0.05316296 0.05981366 0.05687096 0.04124732 0.02880724] ; 0.225674329083702 ; 12732.697918802374
[0.01926475 0.01853359 0.02350182 0.02735907 0.03514629 0.04561808
 0.05505222 0.04739036 0.04349015 0.03782326 0.02992305 0.02463783] ; 0.2240491599908549 ; 14460.965628251313
[0.02215455 0.01700042 0.01784244 0.01851805 0.02340727 0.03311835
 0.04306796 0.05485042 0.06069675 0.05854723 0.04420378 0.0331387 ] ; 0.2414136603263236 ; 18128.10204634058
[0.01335179 0.01238223 0.01661824 0.02174791 0.03219038 0.04741012
 0.05853864 0.06241293 0.05473597 0.04073383 0.02605411 0.01856937] ; 0.23577315457028117 ; 11427.267946972941
[0.02612526 0.02087075 0.02209614 0.02229035 0.02629022 0.03417875
 0.04122799 0.04983676 0.05514002 0.05534544 0.04508466 0.03659517] ; 0.23905482459278754 ; 4869.704368945153
[0.01534887 0.01290192 0.01568174 0.01896516 0.02670962 0.04008906
 0.05230062 0.06103067 0.05958892 0.0486726  0.03266703 0.02280628] ; 0.2354264529532692 ; 1404.253854423526
[0.01241358 0.01178549 0.0158312  0.02049443 0.03099178 0.04789091
 0.0639595  0.05954349 0.05242334 0.04020861 0.02624074 0.01780771] ; 0.23467432531039822 ; 13830.894738771258
[0.03467697 0.03595592 0.04327948 0.04238053 0.04406064 0.0450814
 0.04052144 0.03681122 0.0344406  0.03507424 0.03397183 0.03616222] ; 0.24314355296889906 ; 21585.094096437384
[0.02288375 0.01859916 0.0204242  0.021705   0.02748094 0.03824343
 0.04943534 0.05477377 0.05710276 0.05356702 0.04226214 0.03307964] ; 0.244275955819528 ; 36854.16353957334
[0.02825481 0.02381938 0.02566241 0.02540348 0.02873149 0.0350935
 0.03969882 0.04563832 0.0491517  0.04981353 0.0422432  0.03675669] ; 0.23139140601430924 ; 3852.5578189819244
[0.03060233 0.02607438 0.02768821 0.02646948 0.02930737 0.03475103
 0.03939132 0.04343641 0.04772259 0.05035882 0.04472919 0.0396232 ] ; 0.23547015948473707 ; 6004.3587551050905
========

Generation 7
========
[0.0147033  0.01238922 0.01509654 0.01824891 0.02549856 0.03886012
 0.05220555 0.06206608 0.06056015 0.04823443 0.03161029 0.02181913] ; 0.23403976438969296 ; 842.0229514136128
[0.01674241 0.01399912 0.01692134 0.0204854  0.02935166 0.04259662
 0.05183727 0.05765132 0.05638774 0.04910734 0.03484735 0.02494604] ; 0.23622906698511487 ; 1404.253854423526
[0.01241358 0.01178549 0.0158312  0.02049443 0.03099178 0.04789091
 0.0639595  0.05954349 0.05242334 0.04020861 0.02624074 0.01780771] ; 0.23467432531039822 ; 3852.5578189819244
[0.01534887 0.01290192 0.01568174 0.01896516 0.02670962 0.04008906
 0.05230062 0.06103067 0.05958892 0.0486726  0.03266703 0.02280628] ; 0.2354264529532692 ; 4869.704368945153
[0.02171353 0.01604863 0.01621609 0.01636373 0.02133202 0.03218635
 0.04457458 0.05586508 0.06291986 0.06173545 0.04737515 0.03453885] ; 0.24734200673138973 ; 6004.3587551050905
[0.01219062 0.01111078 0.01479136 0.01933975 0.02855484 0.04323395
 0.05736999 0.0587917  0.05339957 0.04054826 0.02602009 0.01774277] ; 0.22465494267429925 ; 6280.04097210611
[0.03168388 0.02662013 0.02791588 0.02617297 0.02869046 0.03318462
 0.03582782 0.04221011 0.04846021 0.05377435 0.04783147 0.04175593] ; 0.23861264262048437 ; 8931.780748877238
[0.01775044 0.01282065 0.01315436 0.0140417  0.01899446 0.02911861
 0.04131303 0.05316296 0.05981366 0.05687096 0.04124732 0.02880724] ; 0.225674329083702 ; 9243.128792372745
[0.01517264 0.0141364  0.01856387 0.02326619 0.03228516 0.04651782
 0.05685351 0.0605806  0.05377787 0.04092573 0.02732777 0.02032522] ; 0.234713692006921 ; 6406.227822576231
[0.01825035 0.01609885 0.01960565 0.02273347 0.02958251 0.0409405
 0.04963723 0.05449886 0.0522409  0.04410914 0.03217815 0.02488679] ; 0.22606243014295696 ; 20162.679072804418
[0.01799701 0.01506254 0.01772711 0.02060287 0.02852826 0.04045026
 0.04926879 0.0600285  0.05825559 0.04839636 0.03541964 0.02620162] ; 0.2370601718100171 ; 3434.7891368832943
[0.01668633 0.01395242 0.01686512 0.02041728 0.02925282 0.04245673
 0.05167647 0.05748016 0.05622006 0.04895266 0.03473256 0.02486232] ; 0.2354874308938625 ; 2231.760025077381
[0.01708689 0.0116288  0.01134852 0.0118097  0.0162722  0.02637644
 0.04052397 0.05375132 0.06303315 0.06103635 0.04396646 0.02946539] ; 0.2303075693488232 ; 58614.51353623813
[0.01372404 0.01213599 0.01548091 0.01951625 0.0287165  0.04416917
 0.05910549 0.06014447 0.05563861 0.04432294 0.02942582 0.02015209] ; 0.23452780445026927 ; 13435.306066007288
[0.01085235 0.00922098 0.01193178 0.01596947 0.02532943 0.04154061
 0.05688484 0.06473274 0.05970628 0.04506263 0.02688137 0.01698373] ; 0.23232313025627127 ; 24538.481788643545
[0.01144109 0.01034857 0.01395969 0.01867372 0.02822199 0.0443407
 0.05841918 0.06547043 0.05854229 0.04235902 0.02547242 0.01676902] ; 0.23524876731444494 ; 19996.40681922685
========

Generation 8
========
[0.0147033  0.01238922 0.01509654 0.01824891 0.02549856 0.03886012
 0.05220555 0.06206608 0.06056015 0.04823443 0.03161029 0.02181913] ; 0.23403976438969296 ; 842.0229514136128
[0.01674241 0.01399912 0.01692134 0.0204854  0.02935166 0.04259662
 0.05183727 0.05765132 0.05638774 0.04910734 0.03484735 0.02494604] ; 0.23622906698511487 ; 1404.253854423526
[0.01668633 0.01395242 0.01686512 0.02041728 0.02925282 0.04245673
 0.05167647 0.05748016 0.05622006 0.04895266 0.03473256 0.02486232] ; 0.2354874308938625 ; 2231.760025077381
[0.01241358 0.01178549 0.0158312  0.02049443 0.03099178 0.04789091
 0.0639595  0.05954349 0.05242334 0.04020861 0.02624074 0.01780771] ; 0.23467432531039822 ; 3434.7891368832943
[0.01825035 0.01609885 0.01960565 0.02273347 0.02958251 0.0409405
 0.04963723 0.05449886 0.0522409  0.04410914 0.03217815 0.02488679] ; 0.22606243014295696 ; 3852.5578189819244
[0.01085235 0.00922098 0.01193178 0.01596947 0.02532943 0.04154061
 0.05688484 0.06473274 0.05970628 0.04506263 0.02688137 0.01698373] ; 0.23232313025627127 ; 4869.704368945153
[0.01534887 0.01290192 0.01568174 0.01896516 0.02670962 0.04008906
 0.05230062 0.06103067 0.05958892 0.0486726  0.03266703 0.02280628] ; 0.2354264529532692 ; 6004.3587551050905
[0.02171353 0.01604863 0.01621609 0.01636373 0.02133202 0.03218635
 0.04457458 0.05586508 0.06291986 0.06173545 0.04737515 0.03453885] ; 0.24734200673138973 ; 6280.04097210611
[0.02417586 0.01910752 0.02015082 0.0199627  0.02267449 0.02965221
 0.03827764 0.04984393 0.05845919 0.05756675 0.04523096 0.0349534 ] ; 0.23485419227981819 ; 8888.974093798874
[0.02442116 0.02060263 0.02306765 0.02386471 0.02754435 0.03505336
 0.04228678 0.04985424 0.05445316 0.05213717 0.04149734 0.03336367] ; 0.23431084157146492 ; 2594.445733455695
[0.01288369 0.01000322 0.01177752 0.01458536 0.02243017 0.0362749
 0.04964287 0.06041431 0.06123746 0.05941831 0.03466797 0.02142995] ; 0.23607247296069134 ; 5997.030462832715
[0.01489987 0.0159019  0.0230053  0.0301983  0.04272821 0.05686121
 0.06110177 0.05033933 0.03981781 0.03057241 0.0220509  0.017933  ] ; 0.2309770238049102 ; 1412.2778736568123
[0.00843934 0.00706197 0.00961521 0.01409566 0.02476181 0.0427115
 0.0574443  0.06420272 0.05751087 0.04229761 0.02423505 0.01419278] ; 0.22622685498764603 ; 7411.450983969586
[0.0143008  0.01154144 0.0152566  0.02044871 0.03164249 0.0477044
 0.057673   0.06098845 0.05472029 0.04290251 0.02765605 0.01961173] ; 0.2354874308938625 ; 5785.580420548105
[0.01662352 0.01568578 0.02133971 0.02736861 0.03842497 0.05089007
 0.05643338 0.05407512 0.0476406  0.03935666 0.02858299 0.02213891] ; 0.23488461482815015 ; 2896.7708566328997
[0.00979292 0.00862993 0.01151513 0.01580957 0.02623847 0.04478254
 0.06455424 0.06423071 0.05709422 0.04210668 0.02535473 0.01556659] ; 0.23519544650649543 ; 4630.853677401359
========

Generation 9
========
[0.0147033  0.01238922 0.01509654 0.01824891 0.02549856 0.03886012
 0.05220555 0.06206608 0.06056015 0.04823443 0.03161029 0.02181913] ; 0.23403976438969296 ; 842.0229514136128
[0.01674241 0.01399912 0.01692134 0.0204854  0.02935166 0.04259662
 0.05183727 0.05765132 0.05638774 0.04910734 0.03484735 0.02494604] ; 0.23622906698511487 ; 1404.253854423526
[0.01668633 0.01395242 0.01686512 0.02041728 0.02925282 0.04245673
 0.05167647 0.05748016 0.05622006 0.04895266 0.03473256 0.02486232] ; 0.2354874308938625 ; 1412.2778736568123
[0.00843934 0.00706197 0.00961521 0.01409566 0.02476181 0.0427115
 0.0574443  0.06420272 0.05751087 0.04229761 0.02423505 0.01419278] ; 0.22622685498764603 ; 2231.760025077381
[0.00979292 0.00862993 0.01151513 0.01580957 0.02623847 0.04478254
 0.06455424 0.06423071 0.05709422 0.04210668 0.02535473 0.01556659] ; 0.23519544650649543 ; 2594.445733455695
[0.01241358 0.01178549 0.0158312  0.02049443 0.03099178 0.04789091
 0.0639595  0.05954349 0.05242334 0.04020861 0.02624074 0.01780771] ; 0.23467432531039822 ; 2896.7708566328997
[0.01825035 0.01609885 0.01960565 0.02273347 0.02958251 0.0409405
 0.04963723 0.05449886 0.0522409  0.04410914 0.03217815 0.02488679] ; 0.22606243014295696 ; 3434.7891368832943
[0.01085235 0.00922098 0.01193178 0.01596947 0.02532943 0.04154061
 0.05688484 0.06473274 0.05970628 0.04506263 0.02688137 0.01698373] ; 0.23232313025627127 ; 3852.5578189819244
[0.01211948 0.01075616 0.01434746 0.01892507 0.02780162 0.04241493
 0.05523125 0.06294301 0.05876207 0.04449756 0.027517   0.01811636] ; 0.23250308844827342 ; 11117.037759779847
[0.00921086 0.00738497 0.00939636 0.01286969 0.0213577  0.03788572
 0.05602995 0.06867051 0.06447468 0.04663302 0.02642327 0.0155318 ] ; 0.23412134059596634 ; 3976.787655128799
[0.01181936 0.00968082 0.01188597 0.01501702 0.02335933 0.03858503
 0.05560467 0.06160423 0.06002389 0.04851231 0.03084172 0.01933687] ; 0.23124833416752638 ; 3204.352476315206
[0.00913009 0.00708724 0.0087641  0.01195027 0.02041206 0.0369339
 0.05547645 0.06757618 0.0642708  0.04802062 0.02725169 0.01582552] ; 0.2327457464392574 ; 10872.913262153865
[0.01257507 0.01149863 0.01560792 0.02099116 0.03221071 0.04817316
 0.05787211 0.06048549 0.05329594 0.04105908 0.02641882 0.01816194] ; 0.2327211376296808 ; 1844.258332759203
[0.01567108 0.01228622 0.01430292 0.01708767 0.02457278 0.03650728
 0.04674677 0.05588914 0.05855479 0.05288107 0.03709499 0.02514716] ; 0.22942268972602545 ; 4576.2570677760405
[0.00711389 0.00585012 0.00782431 0.01403495 0.02130289 0.04039206
 0.06257798 0.06620329 0.05892722 0.04156249 0.02289331 0.01258685] ; 0.22866254914079762 ; 11160.95083512786
[0.0097082  0.00902438 0.01302505 0.01901173 0.03210797 0.05150858
 0.06326065 0.06271665 0.05192221 0.03724703 0.02241837 0.01451587] ; 0.23340872954591318 ; 1921.8996077968966
========

Generation 10
========
[0.01567108 0.01228622 0.01430292 0.01708767 0.02457278 0.03650728
 0.04674677 0.05588914 0.05855479 0.05288107 0.03709499 0.02514716] ; 0.22942268972602545 ; 842.0229514136128
[0.0147033  0.01238922 0.01509654 0.01824891 0.02549856 0.03886012
 0.05220555 0.06206608 0.06056015 0.04823443 0.03161029 0.02181913] ; 0.23403976438969296 ; 1404.253854423526
[0.00913009 0.00708724 0.0087641  0.01195027 0.02041206 0.0369339
 0.05547645 0.06757618 0.0642708  0.04802062 0.02725169 0.01582552] ; 0.2327457464392574 ; 1412.2778736568123
[0.00921086 0.00738497 0.00939636 0.01286969 0.0213577  0.03788572
 0.05602995 0.06867051 0.06447468 0.04663302 0.02642327 0.0155318 ] ; 0.23412134059596634 ; 1844.258332759203
[0.01674241 0.01399912 0.01692134 0.0204854  0.02935166 0.04259662
 0.05183727 0.05765132 0.05638774 0.04910734 0.03484735 0.02494604] ; 0.23622906698511487 ; 1921.8996077968966
[0.01668633 0.01395242 0.01686512 0.02041728 0.02925282 0.04245673
 0.05167647 0.05748016 0.05622006 0.04895266 0.03473256 0.02486232] ; 0.2354874308938625 ; 2231.760025077381
[0.00711389 0.00585012 0.00782431 0.01403495 0.02130289 0.04039206
 0.06257798 0.06620329 0.05892722 0.04156249 0.02289331 0.01258685] ; 0.22866254914079762 ; 2594.445733455695
[0.00843934 0.00706197 0.00961521 0.01409566 0.02476181 0.0427115
 0.0574443  0.06420272 0.05751087 0.04229761 0.02423505 0.01419278] ; 0.22622685498764603 ; 2896.7708566328997
[0.01510368 0.01183338 0.01383373 0.01669422 0.02437136 0.03695415
 0.04824298 0.05781911 0.05983968 0.05290981 0.0363887  0.02436929] ; 0.23192154263926823 ; 2687.9988925790212
[0.00718896 0.00487115 0.00561375 0.00772852 0.01421752 0.02876339
 0.04840179 0.06636208 0.06733213 0.05059012 0.02768382 0.01446541] ; 0.22343476981729687 ; 1374.1900770228426
[0.01801015 0.01213692 0.01140228 0.01104311 0.01380955 0.02133143
 0.0327473  0.04900678 0.06413597 0.0645767  0.04691934 0.03077542] ; 0.2267754193114334 ; 2472.99664760035
[0.01610731 0.01645785 0.02315334 0.03016144 0.04241602 0.05599924
 0.0582879  0.05333413 0.04330235 0.03355468 0.02405013 0.01964402] ; 0.23502938426950132 ; 1118.2105304039994
[0.01031295 0.00847264 0.01078453 0.01433582 0.02245664 0.03783383
 0.0542232  0.0655535  0.06198117 0.04582909 0.02699795 0.01665365] ; 0.22927534394006557 ; 4802.399104157548
[0.01567776 0.01330825 0.01631902 0.02003904 0.02894994 0.04275952
 0.05333098 0.0587531  0.05608544 0.04703213 0.03235622 0.02306219] ; 0.23378331587573772 ; 504.5243631197791
[0.01573085 0.01331568 0.01608551 0.01906079 0.02591343 0.03798348
 0.05040892 0.06252351 0.06085133 0.0473212  0.03223679 0.02294857] ; 0.23409815263078926 ; 1474.8017547243562
[0.0059476  0.00431577 0.00547021 0.00820733 0.01632187 0.03462686
 0.05691231 0.07289141 0.06710746 0.04648258 0.02371234 0.01184461] ; 0.233509117725405 ; 3698.8424580006326
========

Generation 11
========
[0.01567108 0.01228622 0.01430292 0.01708767 0.02457278 0.03650728
 0.04674677 0.05588914 0.05855479 0.05288107 0.03709499 0.02514716] ; 0.22942268972602545 ; 504.5243631197791
[0.0147033  0.01238922 0.01509654 0.01824891 0.02549856 0.03886012
 0.05220555 0.06206608 0.06056015 0.04823443 0.03161029 0.02181913] ; 0.23403976438969296 ; 842.0229514136128
[0.0059476  0.00431577 0.00547021 0.00820733 0.01632187 0.03462686
 0.05691231 0.07289141 0.06710746 0.04648258 0.02371234 0.01184461] ; 0.233509117725405 ; 1118.2105304039994
[0.00913009 0.00708724 0.0087641  0.01195027 0.02041206 0.0369339
 0.05547645 0.06757618 0.0642708  0.04802062 0.02725169 0.01582552] ; 0.2327457464392574 ; 1374.1900770228426
[0.00921086 0.00738497 0.00939636 0.01286969 0.0213577  0.03788572
 0.05602995 0.06867051 0.06447468 0.04663302 0.02642327 0.0155318 ] ; 0.23412134059596634 ; 1404.253854423526
[0.01674241 0.01399912 0.01692134 0.0204854  0.02935166 0.04259662
 0.05183727 0.05765132 0.05638774 0.04910734 0.03484735 0.02494604] ; 0.23622906698511487 ; 1412.2778736568123
[0.01668633 0.01395242 0.01686512 0.02041728 0.02925282 0.04245673
 0.05167647 0.05748016 0.05622006 0.04895266 0.03473256 0.02486232] ; 0.2354874308938625 ; 1474.8017547243562
[0.00711389 0.00585012 0.00782431 0.01403495 0.02130289 0.04039206
 0.06257798 0.06620329 0.05892722 0.04156249 0.02289331 0.01258685] ; 0.22866254914079762 ; 1844.258332759203
[0.01016547 0.00810493 0.01009546 0.01341891 0.02165157 0.03725151
 0.05390989 0.06584309 0.06281218 0.04714873 0.02787913 0.01693296] ; 0.23028495323802964 ; 5111.11636863287
[0.0123115  0.01059985 0.01382948 0.01827165 0.0279968  0.04303392
 0.05477167 0.06164664 0.0580182  0.04598959 0.02913018 0.01900659] ; 0.23264046068974534 ; 1925.2273858409944
[0.02205357 0.02002955 0.02440128 0.02732992 0.03379076 0.04263545
 0.04748016 0.05113879 0.0508207  0.04621194 0.03579042 0.02894665] ; 0.2346211336238157 ; 6803.985880100178
[0.01404848 0.01087272 0.01241048 0.01429514 0.01978834 0.03144426
 0.0460038  0.06140363 0.06651719 0.05563175 0.03575135 0.02293928] ; 0.23403976438969296 ; 13353.23140746118
[0.00626935 0.00441276 0.00548085 0.00815864 0.01617958 0.03386501
 0.05480987 0.07092536 0.06793058 0.04933061 0.02589922 0.01286425] ; 0.233509117725405 ; 2207.1751480141806
[0.00696728 0.00651525 0.00969088 0.0147441  0.02551    0.04525924
 0.06385526 0.07104101 0.05819318 0.03653915 0.01866585 0.01077416] ; 0.23361022539204662 ; 5790.450529135917
[0.00664772 0.00510467 0.00665472 0.00991484 0.01847232 0.03628389
 0.05750505 0.07184889 0.06619471 0.04539519 0.02338479 0.01231624] ; 0.2335216737289159 ; 5340.810803740587
[0.01183129 0.00955947 0.01180521 0.01596147 0.0243726  0.04002002
 0.05514637 0.06257179 0.06001994 0.04796706 0.03006526 0.01913512] ; 0.2323780316360161 ; 1076.0447952604154
========

Generation 12
========
[0.01567108 0.01228622 0.01430292 0.01708767 0.02457278 0.03650728
 0.04674677 0.05588914 0.05855479 0.05288107 0.03709499 0.02514716] ; 0.22942268972602545 ; 504.5243631197791
[0.0147033  0.01238922 0.01509654 0.01824891 0.02549856 0.03886012
 0.05220555 0.06206608 0.06056015 0.04823443 0.03161029 0.02181913] ; 0.23403976438969296 ; 842.0229514136128
[0.01016547 0.00810493 0.01009546 0.01341891 0.02165157 0.03725151
 0.05390989 0.06584309 0.06281218 0.04714873 0.02787913 0.01693296] ; 0.23028495323802964 ; 1076.0447952604154
[0.0059476  0.00431577 0.00547021 0.00820733 0.01632187 0.03462686
 0.05691231 0.07289141 0.06710746 0.04648258 0.02371234 0.01184461] ; 0.233509117725405 ; 1118.2105304039994
[0.00913009 0.00708724 0.0087641  0.01195027 0.02041206 0.0369339
 0.05547645 0.06757618 0.0642708  0.04802062 0.02725169 0.01582552] ; 0.2327457464392574 ; 1374.1900770228426
[0.00664772 0.00510467 0.00665472 0.00991484 0.01847232 0.03628389
 0.05750505 0.07184889 0.06619471 0.04539519 0.02338479 0.01231624] ; 0.2335216737289159 ; 1404.253854423526
[0.00626935 0.00441276 0.00548085 0.00815864 0.01617958 0.03386501
 0.05480987 0.07092536 0.06793058 0.04933061 0.02589922 0.01286425] ; 0.233509117725405 ; 1412.2778736568123
[0.00921086 0.00738497 0.00939636 0.01286969 0.0213577  0.03788572
 0.05602995 0.06867051 0.06447468 0.04663302 0.02642327 0.0155318 ] ; 0.23412134059596634 ; 1474.8017547243562
[0.01072932 0.00936115 0.01273902 0.01786337 0.029003   0.04548057
 0.05681291 0.061559   0.05551338 0.04258455 0.02622668 0.0167521 ] ; 0.22942268972602545 ; 964.6642658892595
[0.00905474 0.00685583 0.00845672 0.01158788 0.01977645 0.03549084
 0.05278717 0.06597335 0.06405834 0.04868109 0.02823993 0.0162266 ] ; 0.2291477483016217 ; 3338.8108627187003
[0.00802152 0.00620181 0.0078695  0.01106492 0.01906083 0.03564891
 0.05558611 0.07047569 0.06662587 0.04708557 0.02557727 0.01425554] ; 0.234021780217332 ; 14323.014211823136
[0.00842788 0.00785821 0.01145471 0.01687965 0.0277929  0.04661418
 0.06330539 0.06976794 0.0586055  0.03844687 0.02084753 0.01269525] ; 0.2374443465771153 ; 2686.1269605053926
[0.00712093 0.00558487 0.00715779 0.01040577 0.01925386 0.03734674
 0.05786081 0.06914901 0.06168301 0.0423818  0.02241594 0.0124968 ] ; 0.22639472477795133 ; 1293.721931246811
[0.00693663 0.00577664 0.00793826 0.01189337 0.02154221 0.04037316
 0.06026178 0.07152047 0.06267627 0.04180838 0.02173521 0.01194468] ; 0.23345797799138548 ; 2339.5277251964385
[0.00894025 0.00692143 0.00921388 0.01298176 0.02037537 0.03681433
 0.0555976  0.06794256 0.06448313 0.04795484 0.02705075 0.01559068] ; 0.23338247832125078 ; 1197.491170136547
[0.00414466 0.00281232 0.00355565 0.00567809 0.01261346 0.03013594
 0.05448229 0.07413046 0.06919859 0.04586543 0.0211896  0.00928968] ; 0.2289717693863896 ; 1444.7861742425275
========

Generation 13
========
[0.01567108 0.01228622 0.01430292 0.01708767 0.02457278 0.03650728
 0.04674677 0.05588914 0.05855479 0.05288107 0.03709499 0.02514716] ; 0.22942268972602545 ; 504.5243631197791
[0.00693663 0.00577664 0.00793826 0.01189337 0.02154221 0.04037316
 0.06026178 0.07152047 0.06267627 0.04180838 0.02173521 0.01194468] ; 0.23345797799138548 ; 842.0229514136128
[0.0147033  0.01238922 0.01509654 0.01824891 0.02549856 0.03886012
 0.05220555 0.06206608 0.06056015 0.04823443 0.03161029 0.02181913] ; 0.23403976438969296 ; 964.6642658892595
[0.00905474 0.00685583 0.00845672 0.01158788 0.01977645 0.03549084
 0.05278717 0.06597335 0.06405834 0.04868109 0.02823993 0.0162266 ] ; 0.2291477483016217 ; 1076.0447952604154
[0.00842788 0.00785821 0.01145471 0.01687965 0.0277929  0.04661418
 0.06330539 0.06976794 0.0586055  0.03844687 0.02084753 0.01269525] ; 0.2374443465771153 ; 1118.2105304039994
[0.01016547 0.00810493 0.01009546 0.01341891 0.02165157 0.03725151
 0.05390989 0.06584309 0.06281218 0.04714873 0.02787913 0.01693296] ; 0.23028495323802964 ; 1197.491170136547
[0.0059476  0.00431577 0.00547021 0.00820733 0.01632187 0.03462686
 0.05691231 0.07289141 0.06710746 0.04648258 0.02371234 0.01184461] ; 0.233509117725405 ; 1293.721931246811
[0.00913009 0.00708724 0.0087641  0.01195027 0.02041206 0.0369339
 0.05547645 0.06757618 0.0642708  0.04802062 0.02725169 0.01582552] ; 0.2327457464392574 ; 1374.1900770228426
[0.01368205 0.01110158 0.01370828 0.01771376 0.02736988 0.04224882
 0.05319698 0.05917512 0.05643627 0.04742231 0.03223593 0.02169932] ; 0.2310660027777755 ; 3578.2869962920686
[0.0120826  0.00893073 0.01009817 0.01221482 0.01887972 0.03230463
 0.04779103 0.06230506 0.06484513 0.0543122  0.03440618 0.02105335] ; 0.23078643662353496 ; 848.2213398622632
[0.00678629 0.00568056 0.00793248 0.01215518 0.02237946 0.04143051
 0.06026209 0.06983637 0.06041221 0.04037788 0.02115177 0.01168932] ; 0.23001377127179962 ; 1214.7022059862422
[0.00716675 0.00642918 0.0092587  0.01408143 0.02523231 0.04571311
 0.06457644 0.07144543 0.05855753 0.0375339  0.01967387 0.01140814] ; 0.23574344088971902 ; 951.8920394542705
[0.00988495 0.00877977 0.01191442 0.0163977  0.02592032 0.04283907
 0.05882368 0.06724897 0.05972854 0.04191349 0.02405259 0.01675826] ; 0.23383308031839542 ; 1519.8320754663318
[0.01016413 0.00802452 0.00989225 0.01316631 0.0217067  0.03827254
 0.05663682 0.06877915 0.06562598 0.0494451  0.02864461 0.01711206] ; 0.23945305019390262 ; 597.8734377215874
[0.0092011  0.00677149 0.00820134 0.01107875 0.01858194 0.03307874
 0.04986003 0.06472695 0.06599739 0.05185044 0.03024255 0.01702268] ; 0.22928942679244468 ; 1502.7461338452533
[0.00677291 0.005117   0.00666368 0.01002965 0.019017   0.0373239
 0.05862382 0.07314521 0.06792314 0.04753772 0.02472935 0.01287488] ; 0.23981002322409686 ; 2564.370377189036
========

Generation 14
========
[0.01567108 0.01228622 0.01430292 0.01708767 0.02457278 0.03650728
 0.04674677 0.05588914 0.05855479 0.05288107 0.03709499 0.02514716] ; 0.22942268972602545 ; 504.5243631197791
[0.00693663 0.00577664 0.00793826 0.01189337 0.02154221 0.04037316
 0.06026178 0.07152047 0.06267627 0.04180838 0.02173521 0.01194468] ; 0.23345797799138548 ; 597.8734377215874
[0.0147033  0.01238922 0.01509654 0.01824891 0.02549856 0.03886012
 0.05220555 0.06206608 0.06056015 0.04823443 0.03161029 0.02181913] ; 0.23403976438969296 ; 842.0229514136128
[0.00905474 0.00685583 0.00845672 0.01158788 0.01977645 0.03549084
 0.05278717 0.06597335 0.06405834 0.04868109 0.02823993 0.0162266 ] ; 0.2291477483016217 ; 848.2213398622632
[0.0092011  0.00677149 0.00820134 0.01107875 0.01858194 0.03307874
 0.04986003 0.06472695 0.06599739 0.05185044 0.03024255 0.01702268] ; 0.22928942679244468 ; 951.8920394542705
[0.00716675 0.00642918 0.0092587  0.01408143 0.02523231 0.04571311
 0.06457644 0.07144543 0.05855753 0.0375339  0.01967387 0.01140814] ; 0.23574344088971902 ; 964.6642658892595
[0.00842788 0.00785821 0.01145471 0.01687965 0.0277929  0.04661418
 0.06330539 0.06976794 0.0586055  0.03844687 0.02084753 0.01269525] ; 0.2374443465771153 ; 1076.0447952604154
[0.01016547 0.00810493 0.01009546 0.01341891 0.02165157 0.03725151
 0.05390989 0.06584309 0.06281218 0.04714873 0.02787913 0.01693296] ; 0.23028495323802964 ; 1118.2105304039994
[0.00948763 0.00889698 0.01269272 0.01688531 0.02820678 0.0465525
 0.06046141 0.06500601 0.05584337 0.04020868 0.02382171 0.01493719] ; 0.23221566902086574 ; 3872.4286728910383
[0.00493567 0.00421312 0.00622514 0.01023164 0.02022755 0.04051932
 0.06260629 0.07348434 0.06091933 0.03731046 0.01754639 0.0088351 ] ; 0.2300388214037388 ; 2724.205262742477
[0.00599886 0.00434115 0.00546496 0.00796253 0.01487898 0.03042681
 0.05194744 0.07124504 0.06977537 0.04895551 0.02468722 0.01210202] ; 0.2302872558175941 ; 1178.150415370269
[0.00956505 0.00767543 0.00995117 0.01389617 0.02332344 0.04050281
 0.05798525 0.06987111 0.06553398 0.04854613 0.02798382 0.01639559] ; 0.2422140113576484 ; 908.7084500990597
[0.0147033  0.01238922 0.01509654 0.01824891 0.02549856 0.03886012
 0.05220555 0.06206608 0.06056015 0.04823443 0.03161029 0.02181913] ; 0.23403976438969296 ; 2948.5519789411446
[0.01503455 0.00976883 0.00946744 0.00993263 0.01390425 0.02332299
 0.03692067 0.05446193 0.06721333 0.06512039 0.0451468  0.02813908] ; 0.23259402249722477 ; 1391.2071192461221
[0.02179913 0.01626684 0.01691742 0.01735118 0.02138729 0.02957283
 0.03861127 0.04928152 0.0561437  0.05748554 0.0461161  0.03417771] ; 0.229324359918128 ; 873.3570041496764
[0.00437813 0.00327258 0.00453495 0.00765192 0.01651974 0.0364077
 0.06083291 0.07590087 0.06589239 0.04134209 0.0191712  0.00895675] ; 0.23368301177970713 ; 1532.0493544257429
========

Generation 15
========
[0.01567108 0.01228622 0.01430292 0.01708767 0.02457278 0.03650728
 0.04674677 0.05588914 0.05855479 0.05288107 0.03709499 0.02514716] ; 0.22942268972602545 ; 504.5243631197791
[0.00693663 0.00577664 0.00793826 0.01189337 0.02154221 0.04037316
 0.06026178 0.07152047 0.06267627 0.04180838 0.02173521 0.01194468] ; 0.23345797799138548 ; 597.8734377215874
[0.0147033  0.01238922 0.01509654 0.01824891 0.02549856 0.03886012
 0.05220555 0.06206608 0.06056015 0.04823443 0.03161029 0.02181913] ; 0.23403976438969296 ; 842.0229514136128
[0.0147033  0.01238922 0.01509654 0.01824891 0.02549856 0.03886012
 0.05220555 0.06206608 0.06056015 0.04823443 0.03161029 0.02181913] ; 0.23403976438969296 ; 848.2213398622632
[0.00905474 0.00685583 0.00845672 0.01158788 0.01977645 0.03549084
 0.05278717 0.06597335 0.06405834 0.04868109 0.02823993 0.0162266 ] ; 0.2291477483016217 ; 873.3570041496764
[0.0092011  0.00677149 0.00820134 0.01107875 0.01858194 0.03307874
 0.04986003 0.06472695 0.06599739 0.05185044 0.03024255 0.01702268] ; 0.22928942679244468 ; 908.7084500990597
[0.00716675 0.00642918 0.0092587  0.01408143 0.02523231 0.04571311
 0.06457644 0.07144543 0.05855753 0.0375339  0.01967387 0.01140814] ; 0.23574344088971902 ; 951.8920394542705
[0.00842788 0.00785821 0.01145471 0.01687965 0.0277929  0.04661418
 0.06330539 0.06976794 0.0586055  0.03844687 0.02084753 0.01269525] ; 0.2374443465771153 ; 964.6642658892595
[0.01515752 0.01235922 0.01475975 0.01775107 0.02511606 0.0378539
 0.04982114 0.05937191 0.0597386  0.05038592 0.03411653 0.02334334] ; 0.2320406557917612 ; 2247.216587690312
[0.01151874 0.00806566 0.00873554 0.01043091 0.01622519 0.02791348
 0.04504131 0.06072961 0.06122874 0.05276895 0.03423736 0.02085798] ; 0.21968260716256777 ; 2117.0222431197444
[0.00905916 0.00879961 0.01297552 0.018656   0.02931303 0.04704879
 0.06244756 0.06855045 0.05764099 0.03784222 0.02072325 0.01301629] ; 0.23664065838615272 ; 1456.4213085017705
[0.00660544 0.00571536 0.00821805 0.01293553 0.02429093 0.04553071
 0.06501074 0.07161579 0.05843213 0.0374886  0.01950787 0.01099557] ; 0.23502245239388897 ; 1724.0826122406738
[0.01930048 0.01672962 0.0200455  0.02283209 0.02909038 0.0398906
 0.04900792 0.05592626 0.05593288 0.04824721 0.03510479 0.02672615] ; 0.23403976438969296 ; 842.4253943339115
[0.01577486 0.01255707 0.01431419 0.01629559 0.02203293 0.03392668
 0.04800454 0.06134269 0.06398325 0.05330204 0.03554433 0.02427783] ; 0.23531938138114256 ; 6018.5637967664625
[0.01061289 0.00891261 0.01125504 0.01461394 0.02258138 0.03772577
 0.05332622 0.0633442  0.05868619 0.04318063 0.02581168 0.01647397] ; 0.2220156066551567 ; 12313.269729094309
[0.01550177 0.01136109 0.01221203 0.01368163 0.01919401 0.03046796
 0.04398151 0.05823427 0.06420412 0.05747773 0.03938189 0.02591749] ; 0.23241007983914103 ; 1658.5951979329398
========

Generation 16
========
[0.01567108 0.01228622 0.01430292 0.01708767 0.02457278 0.03650728
 0.04674677 0.05588914 0.05855479 0.05288107 0.03709499 0.02514716] ; 0.22942268972602545 ; 504.5243631197791
[0.00693663 0.00577664 0.00793826 0.01189337 0.02154221 0.04037316
 0.06026178 0.07152047 0.06267627 0.04180838 0.02173521 0.01194468] ; 0.23345797799138548 ; 597.8734377215874
[0.01061289 0.00891261 0.01125504 0.01461394 0.02258138 0.03772577
 0.05332622 0.0633442  0.05868619 0.04318063 0.02581168 0.01647397] ; 0.2220156066551567 ; 842.0229514136128
[0.0147033  0.01238922 0.01509654 0.01824891 0.02549856 0.03886012
 0.05220555 0.06206608 0.06056015 0.04823443 0.03161029 0.02181913] ; 0.23403976438969296 ; 842.4253943339115
[0.0147033  0.01238922 0.01509654 0.01824891 0.02549856 0.03886012
 0.05220555 0.06206608 0.06056015 0.04823443 0.03161029 0.02181913] ; 0.23403976438969296 ; 848.2213398622632
[0.00905474 0.00685583 0.00845672 0.01158788 0.01977645 0.03549084
 0.05278717 0.06597335 0.06405834 0.04868109 0.02823993 0.0162266 ] ; 0.2291477483016217 ; 873.3570041496764
[0.0092011  0.00677149 0.00820134 0.01107875 0.01858194 0.03307874
 0.04986003 0.06472695 0.06599739 0.05185044 0.03024255 0.01702268] ; 0.22928942679244468 ; 908.7084500990597
[0.00716675 0.00642918 0.0092587  0.01408143 0.02523231 0.04571311
 0.06457644 0.07144543 0.05855753 0.0375339  0.01967387 0.01140814] ; 0.23574344088971902 ; 951.8920394542705
[0.02288752 0.01814184 0.02009513 0.02233045 0.0283214  0.03675226
 0.04201788 0.04902537 0.05408834 0.05447438 0.04404932 0.03394308] ; 0.23562952117500655 ; 4254.729319391823
[0.01524139 0.01303601 0.01597399 0.01925696 0.02673292 0.03839222
 0.04703323 0.05506578 0.0536068  0.04237163 0.0301156  0.02203884] ; 0.21616341898423982 ; 2767.5910870449843
[0.01185013 0.00892251 0.01055035 0.01323124 0.02032873 0.03428046
 0.05049911 0.06580869 0.06874362 0.05609674 0.03433339 0.02060178] ; 0.24158863575062478 ; 3912.3283631944682
[0.00781163 0.00594293 0.00734883 0.01004552 0.01738834 0.03324379
 0.05357245 0.07054416 0.06827883 0.04893691 0.02625531 0.01423476] ; 0.23345797799138548 ; 1431.4336282968657
[0.01035771 0.00869831 0.01098442 0.01426255 0.02203842 0.03681867
 0.05204402 0.06182112 0.05727511 0.04214237 0.02519105 0.01607787] ; 0.21667734741850928 ; 7407.854531527698
[0.01115136 0.00808632 0.0090615  0.01091537 0.01654572 0.02823865
 0.04354626 0.06034801 0.06635361 0.05563155 0.03423286 0.02008621] ; 0.22504403298999648 ; 6039.450477321229
[0.01197066 0.01035517 0.013566   0.01796386 0.02749909 0.04248301
 0.05447763 0.06141413 0.05745775 0.0449883  0.02826501 0.01841083] ; 0.22979484608849962 ; 655.0429497221194
[0.01455616 0.01106169 0.01226299 0.01403125 0.01972184 0.03210063
 0.04765025 0.06255137 0.06563014 0.05424096 0.03548388 0.02345425] ; 0.23458290821622238 ; 5037.997557385928
========

Generation 17
========
[0.01567108 0.01228622 0.01430292 0.01708767 0.02457278 0.03650728
 0.04674677 0.05588914 0.05855479 0.05288107 0.03709499 0.02514716] ; 0.22942268972602545 ; 504.5243631197791
[0.00693663 0.00577664 0.00793826 0.01189337 0.02154221 0.04037316
 0.06026178 0.07152047 0.06267627 0.04180838 0.02173521 0.01194468] ; 0.23345797799138548 ; 597.8734377215874
[0.01061289 0.00891261 0.01125504 0.01461394 0.02258138 0.03772577
 0.05332622 0.0633442  0.05868619 0.04318063 0.02581168 0.01647397] ; 0.2220156066551567 ; 655.0429497221194
[0.0147033  0.01238922 0.01509654 0.01824891 0.02549856 0.03886012
 0.05220555 0.06206608 0.06056015 0.04823443 0.03161029 0.02181913] ; 0.23403976438969296 ; 842.0229514136128
[0.0147033  0.01238922 0.01509654 0.01824891 0.02549856 0.03886012
 0.05220555 0.06206608 0.06056015 0.04823443 0.03161029 0.02181913] ; 0.23403976438969296 ; 842.4253943339115
[0.00905474 0.00685583 0.00845672 0.01158788 0.01977645 0.03549084
 0.05278717 0.06597335 0.06405834 0.04868109 0.02823993 0.0162266 ] ; 0.2291477483016217 ; 848.2213398622632
[0.0092011  0.00677149 0.00820134 0.01107875 0.01858194 0.03307874
 0.04986003 0.06472695 0.06599739 0.05185044 0.03024255 0.01702268] ; 0.22928942679244468 ; 873.3570041496764
[0.00716675 0.00642918 0.0092587  0.01408143 0.02523231 0.04571311
 0.06457644 0.07144543 0.05855753 0.0375339  0.01967387 0.01140814] ; 0.23574344088971902 ; 908.7084500990597
[0.01159454 0.00822417 0.00919604 0.01133937 0.01790168 0.03140488
 0.04819069 0.06489611 0.06960262 0.05826164 0.03609833 0.02122538] ; 0.23992043166531352 ; 13592.799558807972
[0.01105327 0.00938285 0.01223241 0.01660094 0.02667304 0.04320331
 0.05684381 0.06333585 0.05686054 0.04276126 0.02646511 0.01720385] ; 0.22926396392514886 ; 4353.959042685927
[0.00569951 0.0043248  0.00566475 0.00863267 0.01684836 0.03501691
 0.05777126 0.07378444 0.06685837 0.04408637 0.02169645 0.01348294] ; 0.23345797799138546 ; 3158.9733337497405
[0.01236107 0.01063778 0.01370936 0.01801905 0.02778819 0.04396448
 0.05719366 0.06310711 0.05645826 0.04289223 0.02740499 0.01857228] ; 0.2319202128854873 ; 1645.5367863354156
[0.00942252 0.00877941 0.01222005 0.01698291 0.02694545 0.04423377
 0.05898401 0.06404855 0.05354033 0.03607344 0.02069153 0.01351942] ; 0.2224669695715137 ; 2315.360405453534
[0.00577707 0.00493681 0.00708301 0.01114255 0.0210628  0.04082151
 0.06175297 0.07220755 0.06072977 0.03815434 0.0187335  0.00995408] ; 0.22986051420045606 ; 971.5592892656255
[0.01280907 0.0103866  0.01248598 0.01515572 0.02170533 0.03486152
 0.0504125  0.06423829 0.06499213 0.05113475 0.0317007  0.02029379] ; 0.23403976438969293 ; 2638.4124918527023
[0.00956965 0.00673208 0.00761137 0.0096499  0.01590173 0.0295853
 0.04794851 0.06655984 0.07019109 0.05524397 0.03215242 0.01801832] ; 0.23402751891958648 ; 2781.731089075912
========

Generation 18
========
[0.01567108 0.01228622 0.01430292 0.01708767 0.02457278 0.03650728
 0.04674677 0.05588914 0.05855479 0.05288107 0.03709499 0.02514716] ; 0.22942268972602545 ; 504.5243631197791
[0.00693663 0.00577664 0.00793826 0.01189337 0.02154221 0.04037316
 0.06026178 0.07152047 0.06267627 0.04180838 0.02173521 0.01194468] ; 0.23345797799138548 ; 597.8734377215874
[0.01061289 0.00891261 0.01125504 0.01461394 0.02258138 0.03772577
 0.05332622 0.0633442  0.05868619 0.04318063 0.02581168 0.01647397] ; 0.2220156066551567 ; 655.0429497221194
[0.0147033  0.01238922 0.01509654 0.01824891 0.02549856 0.03886012
 0.05220555 0.06206608 0.06056015 0.04823443 0.03161029 0.02181913] ; 0.23403976438969296 ; 842.0229514136128
[0.0147033  0.01238922 0.01509654 0.01824891 0.02549856 0.03886012
 0.05220555 0.06206608 0.06056015 0.04823443 0.03161029 0.02181913] ; 0.23403976438969296 ; 842.4253943339115
[0.00905474 0.00685583 0.00845672 0.01158788 0.01977645 0.03549084
 0.05278717 0.06597335 0.06405834 0.04868109 0.02823993 0.0162266 ] ; 0.2291477483016217 ; 848.2213398622632
[0.0092011  0.00677149 0.00820134 0.01107875 0.01858194 0.03307874
 0.04986003 0.06472695 0.06599739 0.05185044 0.03024255 0.01702268] ; 0.22928942679244468 ; 873.3570041496764
[0.00716675 0.00642918 0.0092587  0.01408143 0.02523231 0.04571311
 0.06457644 0.07144543 0.05855753 0.0375339  0.01967387 0.01140814] ; 0.23574344088971902 ; 908.7084500990597
[0.01431901 0.01115183 0.01297893 0.01564305 0.02292783 0.03616349
 0.04999189 0.06218545 0.06376187 0.05378235 0.03557494 0.02330389] ; 0.23764043603055185 ; 1530.5935384212685
[0.01162382 0.01060553 0.01429027 0.01894025 0.02822107 0.04370282
 0.0568958  0.06325568 0.05643269 0.0410652  0.02501937 0.01676261] ; 0.22951484800713298 ; 3136.0569921270476
[0.00518947 0.00584128 0.01042438 0.01844955 0.0348786  0.05974434
 0.07244557 0.06451439 0.04190845 0.02244641 0.01102488 0.00689082] ; 0.23095801814602157 ; 1360.776096480522
[0.00997504 0.00704236 0.007647   0.00903234 0.01395679 0.02568914
 0.04320722 0.06272824 0.06836749 0.05473232 0.03205028 0.01827325] ; 0.2234732082683174 ; 3321.4118397057323
[0.01411326 0.01235211 0.01616662 0.02109308 0.03132244 0.04520524
 0.05328637 0.05678895 0.05319851 0.04443906 0.03031701 0.02104378] ; 0.2294236579745351 ; 3282.9852731434644
[0.00640131 0.00515037 0.00684169 0.01019369 0.01911642 0.03795003
 0.05950737 0.07200401 0.06252405 0.04073998 0.020782   0.01125728] ; 0.2292465577066647 ; 1986.111939862541
[0.00816213 0.00670814 0.00909036 0.01348949 0.02289071 0.03910431
 0.05533254 0.06741988 0.06308213 0.04511892 0.02473627 0.01397385] ; 0.2306282444237887 ; 3005.0470398218117
[0.02343852 0.01689357 0.01680444 0.01646008 0.01960095 0.02615926
 0.03458052 0.04798784 0.0606976  0.0652057  0.05149599 0.03753135] ; 0.2397604243666378 ; 1441.5773311443652
========

Generation 19
========
[0.01567108 0.01228622 0.01430292 0.01708767 0.02457278 0.03650728
 0.04674677 0.05588914 0.05855479 0.05288107 0.03709499 0.02514716] ; 0.22942268972602545 ; 504.5243631197791
[0.00693663 0.00577664 0.00793826 0.01189337 0.02154221 0.04037316
 0.06026178 0.07152047 0.06267627 0.04180838 0.02173521 0.01194468] ; 0.23345797799138548 ; 597.8734377215874
[0.01061289 0.00891261 0.01125504 0.01461394 0.02258138 0.03772577
 0.05332622 0.0633442  0.05868619 0.04318063 0.02581168 0.01647397] ; 0.2220156066551567 ; 655.0429497221194
[0.0147033  0.01238922 0.01509654 0.01824891 0.02549856 0.03886012
 0.05220555 0.06206608 0.06056015 0.04823443 0.03161029 0.02181913] ; 0.23403976438969296 ; 842.0229514136128
[0.0147033  0.01238922 0.01509654 0.01824891 0.02549856 0.03886012
 0.05220555 0.06206608 0.06056015 0.04823443 0.03161029 0.02181913] ; 0.23403976438969296 ; 842.4253943339115
[0.00905474 0.00685583 0.00845672 0.01158788 0.01977645 0.03549084
 0.05278717 0.06597335 0.06405834 0.04868109 0.02823993 0.0162266 ] ; 0.2291477483016217 ; 848.2213398622632
[0.0092011  0.00677149 0.00820134 0.01107875 0.01858194 0.03307874
 0.04986003 0.06472695 0.06599739 0.05185044 0.03024255 0.01702268] ; 0.22928942679244468 ; 873.3570041496764
[0.00716675 0.00642918 0.0092587  0.01408143 0.02523231 0.04571311
 0.06457644 0.07144543 0.05855753 0.0375339  0.01967387 0.01140814] ; 0.23574344088971902 ; 908.7084500990597
[0.01469184 0.01154138 0.01346984 0.01613755 0.02326704 0.03472893
 0.04466377 0.05338286 0.05563195 0.04986166 0.03480371 0.02355426] ; 0.21755918966648616 ; 4450.511598323664
[0.01985851 0.01597006 0.01803226 0.0198355  0.02529091 0.03467418
 0.04335963 0.05250427 0.05705015 0.05364244 0.04027898 0.02965426] ; 0.230693594395268 ; 4490.730334161664
[0.00930124 0.0089103  0.0131355  0.0194313  0.0320572  0.05140301
 0.06389952 0.06464497 0.05196694 0.03522196 0.02049758 0.01338367] ; 0.23345797799138548 ; 4531.089035146333
[0.00859994 0.00656837 0.0081903  0.01133302 0.01947647 0.03513836
 0.05228601 0.06493539 0.06234958 0.05451362 0.02707141 0.01535883] ; 0.22928113026094357 ; 2820.15112704684
[0.01206458 0.00870073 0.0094467  0.01101892 0.01643255 0.02873868
 0.04562666 0.06323885 0.06796736 0.05543369 0.03426776 0.02093763] ; 0.23072924680861678 ; 3730.1041849100457
[0.00664934 0.0049587  0.00634791 0.00937701 0.02166686 0.03413541
 0.05374435 0.06821243 0.06434395 0.04565437 0.02417256 0.01268532] ; 0.22652200710012138 ; 1687.461308516802
[0.00979947 0.00678957 0.00757847 0.00965721 0.01601244 0.02984414
 0.04796386 0.06528873 0.06845097 0.05452248 0.03231213 0.0183978 ] ; 0.2312895993028035 ; 1385.55151436912
[0.01424174 0.01064463 0.00935549 0.00935923 0.01284982 0.02221839
 0.03763131 0.05818984 0.07070722 0.06378684 0.04204416 0.02593864] ; 0.23403976438969298 ; 17052.0750694304
========

Generation 20
========
[0.01567108 0.01228622 0.01430292 0.01708767 0.02457278 0.03650728
 0.04674677 0.05588914 0.05855479 0.05288107 0.03709499 0.02514716] ; 0.22942268972602545 ; 504.5243631197791
[0.00693663 0.00577664 0.00793826 0.01189337 0.02154221 0.04037316
 0.06026178 0.07152047 0.06267627 0.04180838 0.02173521 0.01194468] ; 0.23345797799138548 ; 597.8734377215874
[0.00859994 0.00656837 0.0081903  0.01133302 0.01947647 0.03513836
 0.05228601 0.06493539 0.06234958 0.05451362 0.02707141 0.01535883] ; 0.22928113026094357 ; 655.0429497221194
[0.01061289 0.00891261 0.01125504 0.01461394 0.02258138 0.03772577
 0.05332622 0.0633442  0.05868619 0.04318063 0.02581168 0.01647397] ; 0.2220156066551567 ; 842.0229514136128
[0.0147033  0.01238922 0.01509654 0.01824891 0.02549856 0.03886012
 0.05220555 0.06206608 0.06056015 0.04823443 0.03161029 0.02181913] ; 0.23403976438969296 ; 842.4253943339115
[0.0147033  0.01238922 0.01509654 0.01824891 0.02549856 0.03886012
 0.05220555 0.06206608 0.06056015 0.04823443 0.03161029 0.02181913] ; 0.23403976438969296 ; 848.2213398622632
[0.00905474 0.00685583 0.00845672 0.01158788 0.01977645 0.03549084
 0.05278717 0.06597335 0.06405834 0.04868109 0.02823993 0.0162266 ] ; 0.2291477483016217 ; 873.3570041496764
[0.0092011  0.00677149 0.00820134 0.01107875 0.01858194 0.03307874
 0.04986003 0.06472695 0.06599739 0.05185044 0.03024255 0.01702268] ; 0.22928942679244468 ; 908.7084500990597
[0.01210241 0.00925204 0.01065718 0.01298221 0.01974813 0.03470581
 0.05203297 0.06529679 0.06386839 0.05044296 0.03148998 0.01995486] ; 0.23250110115388906 ; 5248.634294880018
[0.01377038 0.01188799 0.01555116 0.02065393 0.03112635 0.04703959
 0.05722962 0.05894735 0.0507113  0.03876715 0.02678453 0.01967385] ; 0.22735413097478602 ; 7388.537895375616
[0.02287567 0.02004934 0.02407134 0.02725768 0.03444268 0.04282858
 0.04546466 0.04697253 0.04679366 0.04527556 0.03738745 0.03086318] ; 0.22978858901494476 ; 4622.132862214188
[0.00879691 0.0072374  0.00972187 0.01404541 0.02401727 0.04136043
 0.05751875 0.06711336 0.06176333 0.04525296 0.0257909  0.01498154] ; 0.23372848773360863 ; 613.0703359759709
[0.00934283 0.00762387 0.00977455 0.01316614 0.02119717 0.03615836
 0.05224161 0.06443023 0.06188779 0.05114616 0.0266575  0.0156363 ] ; 0.22790019630416838 ; 2967.2164560800543
[0.00845866 0.00725426 0.01022652 0.01524056 0.02641191 0.04479173
 0.05932518 0.06408088 0.05461928 0.04542801 0.02326288 0.01397099] ; 0.22934065292040934 ; 1713.380443056636
[0.0072145  0.00542077 0.00657607 0.00906118 0.01624966 0.03257092
 0.05376622 0.06972517 0.06492364 0.04458238 0.0235651  0.01295967] ; 0.22464114892140286 ; 1842.6216967164128
[0.00973142 0.00810079 0.01021844 0.01334443 0.02083481 0.03509243
 0.05153034 0.06804063 0.05563084 0.04173125 0.02434164 0.01532567] ; 0.2177532724989195 ; 1747.2096527593549
========

