Generation 1
========
[0.02845563 0.03068745 0.04240447 0.03738289 0.04128856 0.04128856
 0.03570903 0.04296242 0.04407833 0.0396147  0.03682494 0.03515107] ; 0.24114456445139265 ; 68435.0821640013
[0.03599865 0.03866522 0.0479982  0.05333133 0.04933148 0.04666492
 0.04399835 0.05066477 0.04733156 0.04933148 0.04466499 0.04266507] ; 0.2907370874132897 ; 93865.380477943
[0.03106848 0.03650481 0.04653362 0.04890586 0.04717832 0.04525853
 0.04176276 0.04622906 0.04652646 0.04670552 0.0425579  0.04060462] ; 0.2751319694804658 ; 186114.53675029147
[0.02923174 0.03055939 0.04213862 0.03918621 0.04328029 0.04328029
 0.0374316  0.04372888 0.04620463 0.03824515 0.03725029 0.03400953] ; 0.2459169787402165 ; 149296.69662549364
========

Generation 2
========
[0.02923174 0.03055939 0.04213862 0.03918621 0.04328029 0.04328029
 0.0374316  0.04372888 0.04620463 0.03824515 0.03725029 0.03400953] ; 0.2459169787402165 ; 68435.0821640013
[0.02845563 0.03068745 0.04240447 0.03738289 0.04128856 0.04128856
 0.03570903 0.04296242 0.04407833 0.0396147  0.03682494 0.03515107] ; 0.24114456445139265 ; 93865.380477943
[0.03022872 0.03264633 0.04501632 0.03809468 0.04623595 0.0441091
 0.03782851 0.04671518 0.04936    0.04085696 0.03915745 0.03633209] ; 0.2579338376718204 ; 85985.87224714334
[0.02862489 0.03149956 0.04126928 0.04003639 0.04138926 0.04099129
 0.03824372 0.04539806 0.04720709 0.0391674  0.03880375 0.03623986] ; 0.24822847306029294 ; 61352.28507703034
========

Generation 3
========
[0.02923174 0.03055939 0.04213862 0.03918621 0.04328029 0.04328029
 0.0374316  0.04372888 0.04620463 0.03824515 0.03725029 0.03400953] ; 0.2459169787402165 ; 61352.28507703034
[0.03022872 0.03264633 0.04501632 0.03809468 0.04623595 0.0441091
 0.03782851 0.04671518 0.04936    0.04085696 0.03915745 0.03633209] ; 0.2579338376718204 ; 68435.0821640013
[0.02937859 0.03071291 0.04235031 0.03938306 0.04040937 0.04214928
 0.03619009 0.04074031 0.04355766 0.03816822 0.03743742 0.03418038] ; 0.24021816502028545 ; 67563.54365446835
[0.02755623 0.02920935 0.04421189 0.03825867 0.04540973 0.04330601
 0.03598899 0.04523807 0.04847795 0.03896318 0.03834705 0.03247139] ; 0.24923889553013356 ; 68781.55561157614
========

Generation 4
========
[0.02755623 0.02920935 0.04421189 0.03825867 0.04540973 0.04330601
 0.03598899 0.04523807 0.04847795 0.03896318 0.03834705 0.03247139] ; 0.24923889553013356 ; 61352.28507703034
[0.02937859 0.03071291 0.04235031 0.03938306 0.04040937 0.04214928
 0.03619009 0.04074031 0.04355766 0.03816822 0.03743742 0.03418038] ; 0.24021816502028545 ; 67563.54365446835
[0.02696472 0.02858235 0.04326286 0.03743743 0.04443498 0.03974908
 0.03521646 0.04426701 0.04743735 0.03561044 0.03692353 0.03177437] ; 0.2408779170850107 ; 56015.438524991725
[0.02752917 0.0314653  0.041622   0.04057816 0.04339935 0.04137023
 0.03752679 0.04050347 0.046646   0.03799287 0.03741833 0.03500749] ; 0.2443612275082079 ; 38460.581988308215
========

Generation 5
========
[0.02752917 0.0314653  0.041622   0.04057816 0.04339935 0.04137023
 0.03752679 0.04050347 0.046646   0.03799287 0.03741833 0.03500749] ; 0.2443612275082079 ; 38460.581988308215
[0.02755623 0.02920935 0.04421189 0.03825867 0.04540973 0.04330601
 0.03598899 0.04523807 0.04847795 0.03896318 0.03834705 0.03247139] ; 0.24923889553013356 ; 56015.438524991725
[0.02809772 0.02943954 0.03984027 0.04069793 0.04489472 0.04143194
 0.03646082 0.04276926 0.04502318 0.03757722 0.03846266 0.03494793] ; 0.24386066891997243 ; 66395.81381726803
[0.02802991 0.03049983 0.04212481 0.03854807 0.04418877 0.04212274
 0.03633713 0.04124021 0.04511975 0.03868394 0.03809895 0.03425413] ; 0.24339185665770144 ; 28583.946945258926
========

Generation 6
========
[0.02752917 0.0314653  0.041622   0.04057816 0.04339935 0.04137023
 0.03752679 0.04050347 0.046646   0.03799287 0.03741833 0.03500749] ; 0.2443612275082079 ; 28583.946945258926
[0.02755623 0.02920935 0.04421189 0.03825867 0.04540973 0.04330601
 0.03598899 0.04523807 0.04847795 0.03896318 0.03834705 0.03247139] ; 0.24923889553013356 ; 38460.581988308215
[0.02952909 0.03175985 0.04241345 0.04056629 0.0431539  0.04437567
 0.03695227 0.04344595 0.05003471 0.03692218 0.04013667 0.03608622] ; 0.25207663529919394 ; 63804.23766068037
[0.0255016  0.0320815  0.04291819 0.03960109 0.04469133 0.04260347
 0.03836119 0.04073921 0.04786223 0.03905575 0.03846281 0.0356908 ] ; 0.24860178626498566 ; 67887.80971792528
========

Generation 7
========
[0.02752917 0.0314653  0.041622   0.04057816 0.04339935 0.04137023
 0.03752679 0.04050347 0.046646   0.03799287 0.03741833 0.03500749] ; 0.2443612275082079 ; 28583.946945258926
[0.02755623 0.02920935 0.04421189 0.03825867 0.04540973 0.04330601
 0.03598899 0.04523807 0.04847795 0.03896318 0.03834705 0.03247139] ; 0.24923889553013356 ; 38460.581988308215
[0.02789619 0.02901154 0.0432053  0.04016727 0.04477184 0.04127772
 0.0373918  0.04147771 0.0479885  0.0388758  0.03827705 0.03443714] ; 0.24720733047233326 ; 39971.695504954
[0.02806472 0.03207742 0.04243171 0.04136757 0.04313755 0.04015064
 0.03469895 0.04129142 0.04755345 0.03547849 0.03814626 0.03568852] ; 0.24436122750820788 ; 70936.10273204512
========

Generation 8
========
[0.02752917 0.0314653  0.041622   0.04057816 0.04339935 0.04137023
 0.03752679 0.04050347 0.046646   0.03799287 0.03741833 0.03500749] ; 0.2443612275082079 ; 28583.946945258926
[0.02755623 0.02920935 0.04421189 0.03825867 0.04540973 0.04330601
 0.03598899 0.04523807 0.04847795 0.03896318 0.03834705 0.03247139] ; 0.24923889553013356 ; 38460.581988308215
[0.02895036 0.03294925 0.04326837 0.04252811 0.0413219  0.04362235
 0.03759587 0.04288279 0.04916379 0.03609041 0.0375922  0.03310117] ; 0.24883395113408371 ; 55140.24702132465
[0.02719079 0.03323907 0.04396833 0.04286565 0.04584588 0.04016248
 0.03781872 0.04278675 0.049177   0.03668304 0.0385395  0.03331983] ; 0.2510970818051031 ; 70934.82853839906
========

Generation 9
========
[0.02752917 0.0314653  0.041622   0.04057816 0.04339935 0.04137023
 0.03752679 0.04050347 0.046646   0.03799287 0.03741833 0.03500749] ; 0.2443612275082079 ; 28583.946945258926
[0.02755623 0.02920935 0.04421189 0.03825867 0.04540973 0.04330601
 0.03598899 0.04523807 0.04847795 0.03896318 0.03834705 0.03247139] ; 0.24923889553013356 ; 38460.581988308215
[0.02598672 0.02809324 0.04191443 0.0404011  0.04507155 0.0439422
 0.03741741 0.04470219 0.04455257 0.03768371 0.03925798 0.03436606] ; 0.24689203154976302 ; 73593.02202017736
[0.02745671 0.03296478 0.04360551 0.04251193 0.04237577 0.03944098
 0.03679897 0.04026956 0.04618113 0.03753463 0.03559497 0.03590559] ; 0.2443612275082079 ; 51010.2947165198
========

