Generation 1
========
[0.03065282 0.03065282 0.0381904  0.03567788 0.03115533 0.03668289
 0.03869291 0.03718539 0.03618038 0.03015032 0.02763779 0.0286428 ] ; 0.21191548291705034 ; 525794.6368912809
[0.043776   0.04218414 0.04934749 0.05173527 0.06049047 0.04695971
 0.03979636 0.043776   0.04775563 0.04298007 0.03979636 0.03979636] ; 0.290256785658297 ; 219165.14965680684
[0.02987786 0.02928031 0.03722488 0.03178515 0.03036766 0.03235871
 0.03771468 0.03566535 0.03526567 0.02938806 0.02615782 0.02791866] ; 0.2022489910078637 ; 262246.4152281106
[0.04241139 0.04310786 0.04722087 0.05022069 0.04935674 0.04856907
 0.04650887 0.04533238 0.04558621 0.04297605 0.03954852 0.03747616] ; 0.2825676844563607 ; 306106.20888671046
========

Generation 2
========
[0.02987786 0.02928031 0.03722488 0.03178515 0.03036766 0.03235871
 0.03771468 0.03566535 0.03526567 0.02938806 0.02615782 0.02791866] ; 0.2022489910078637 ; 219165.14965680684
[0.03065282 0.03065282 0.0381904  0.03567788 0.03115533 0.03668289
 0.03869291 0.03718539 0.03618038 0.03015032 0.02763779 0.0286428 ] ; 0.21191548291705034 ; 262246.4152281106
[0.03072573 0.03031737 0.03493404 0.03358242 0.02906377 0.03396599
 0.03547166 0.03700352 0.03612064 0.02976642 0.02722626 0.02885521] ; 0.20397199962094403 ; 213781.01425570477
[0.03058502 0.02829779 0.03944713 0.03095436 0.03092551 0.03429046
 0.03996617 0.0377945  0.03737097 0.0307999  0.0277194  0.02958535] ; 0.2103895710720225 ; 275448.30034731375
========

Generation 3
========
[0.03072573 0.03031737 0.03493404 0.03358242 0.02906377 0.03396599
 0.03547166 0.03700352 0.03612064 0.02976642 0.02722626 0.02885521] ; 0.20397199962094403 ; 213781.01425570477
[0.02987786 0.02928031 0.03722488 0.03178515 0.03036766 0.03235871
 0.03771468 0.03566535 0.03526567 0.02938806 0.02615782 0.02791866] ; 0.2022489910078637 ; 219165.14965680684
[0.02995605 0.03092629 0.03580821 0.03570256 0.03117146 0.03411517
 0.03891052 0.03954379 0.0385113  0.03010989 0.02761524 0.0308701 ] ; 0.2130902648962732 ; 202046.8655222282
[0.03158979 0.03085824 0.03261213 0.03280047 0.0298811  0.03366402
 0.03566686 0.03804412 0.03453687 0.03060351 0.02799191 0.02966667] ; 0.20397199962094403 ; 216990.29041503396
========

Generation 4
========
[0.03072573 0.03031737 0.03493404 0.03358242 0.02906377 0.03396599
 0.03547166 0.03700352 0.03612064 0.02976642 0.02722626 0.02885521] ; 0.20397199962094403 ; 202046.8655222282
[0.03158979 0.03085824 0.03261213 0.03280047 0.0298811  0.03366402
 0.03566686 0.03804412 0.03453687 0.03060351 0.02799191 0.02966667] ; 0.20397199962094403 ; 213781.01425570477
[0.03191027 0.02832681 0.03417376 0.03161399 0.03018424 0.03190204
 0.03636087 0.0346255  0.03384164 0.03091398 0.02827589 0.02996763] ; 0.20065232691905519 ; 217043.99238902808
[0.02984781 0.02706557 0.03393587 0.03125271 0.02823334 0.03296249
 0.03418246 0.03594622 0.03508857 0.02640022 0.02644832 0.02803073] ; 0.19496550594412396 ; 213059.10593844828
========

Generation 5
========
[0.02984781 0.02706557 0.03393587 0.03125271 0.02823334 0.03296249
 0.03418246 0.03594622 0.03508857 0.02640022 0.02644832 0.02803073] ; 0.19496550594412396 ; 202046.8655222282
[0.03072573 0.03031737 0.03493404 0.03358242 0.02906377 0.03396599
 0.03547166 0.03700352 0.03612064 0.02976642 0.02722626 0.02885521] ; 0.20397199962094403 ; 213059.10593844828
[0.03054338 0.02977763 0.03330292 0.03032328 0.02889129 0.03375944
 0.03444473 0.03417225 0.03475728 0.02655219 0.02679403 0.02670477] ; 0.1948903650724126 ; 210004.8571355932
[0.02973815 0.02696613 0.03381119 0.03113789 0.02812961 0.03129784
 0.03405687 0.03226855 0.03237264 0.02630323 0.02484914 0.02549803] ; 0.18786069475117542 ; 199491.45669127972
========

Generation 6
========
[0.02973815 0.02696613 0.03381119 0.03113789 0.02812961 0.03129784
 0.03405687 0.03226855 0.03237264 0.02630323 0.02484914 0.02549803] ; 0.18786069475117542 ; 199491.45669127972
[0.02984781 0.02706557 0.03393587 0.03125271 0.02823334 0.03296249
 0.03418246 0.03594622 0.03508857 0.02640022 0.02644832 0.02803073] ; 0.19496550594412396 ; 202046.8655222282
[0.02692698 0.02639676 0.0330973  0.02953554 0.02753568 0.03200807
 0.03333779 0.03233978 0.03398703 0.02428023 0.02442702 0.02711785] ; 0.18538869078544662 ; 209093.81588616432
[0.03056873 0.0274421  0.03353909 0.03181552 0.0268912  0.02898696
 0.03367778 0.03316981 0.03327681 0.02592933 0.02554317 0.02621019] ; 0.18852395313480327 ; 197392.229019058
========

Generation 7
========
[0.03056873 0.0274421  0.03353909 0.03181552 0.0268912  0.02898696
 0.03367778 0.03316981 0.03327681 0.02592933 0.02554317 0.02621019] ; 0.18852395313480327 ; 197392.229019058
[0.02973815 0.02696613 0.03381119 0.03113789 0.02812961 0.03129784
 0.03405687 0.03226855 0.03237264 0.02630323 0.02484914 0.02549803] ; 0.18786069475117542 ; 199491.45669127972
[0.03116159 0.02883602 0.03560666 0.0330108  0.02814331 0.03165871
 0.03418807 0.03471572 0.03193701 0.02646599 0.02673364 0.02743174] ; 0.1950498647692673 ; 199628.39127669568
[0.03170652 0.02846352 0.03478744 0.03299972 0.02789211 0.03006588
 0.03493129 0.03440442 0.0345154  0.02587245 0.02424193 0.02452155] ; 0.19322146989494768 ; 178337.9541732223
========

Generation 8
========
[0.03056873 0.0274421  0.03353909 0.03181552 0.0268912  0.02898696
 0.03367778 0.03316981 0.03327681 0.02592933 0.02554317 0.02621019] ; 0.18852395313480327 ; 178337.9541732223
[0.03116159 0.02883602 0.03560666 0.0330108  0.02814331 0.03165871
 0.03418807 0.03471572 0.03193701 0.02646599 0.02673364 0.02743174] ; 0.1950498647692673 ; 197392.229019058
[0.03109751 0.02647926 0.03601487 0.03370979 0.02863569 0.02883446
 0.0332268  0.03429812 0.03058597 0.0272137  0.02720088 0.02601323] ; 0.19171994863399683 ; 194700.88057459792
[0.03077678 0.02773983 0.03251295 0.02907327 0.02555197 0.02930145
 0.03404316 0.03352968 0.03363784 0.02526706 0.0258203  0.02649455] ; 0.18695175069473502 ; 202511.3336359681
========

Generation 9
========
[0.03056873 0.0274421  0.03353909 0.03181552 0.0268912  0.02898696
 0.03367778 0.03316981 0.03327681 0.02592933 0.02554317 0.02621019] ; 0.18852395313480327 ; 178337.9541732223
[0.03109751 0.02647926 0.03601487 0.03370979 0.02863569 0.02883446
 0.0332268  0.03429812 0.03058597 0.0272137  0.02720088 0.02601323] ; 0.19171994863399683 ; 194700.88057459792
[0.0313283  0.02805472 0.03160329 0.03002447 0.02762101 0.02783583
 0.0344648  0.03402072 0.03394631 0.02661388 0.02615773 0.02683012] ; 0.1891200344172858 ; 188464.75530745418
[0.02965947 0.02559235 0.0332395  0.03064845 0.02665099 0.02585523
 0.03107394 0.03287352 0.03113271 0.02569771 0.02531501 0.02592411] ; 0.18151019906234472 ; 190566.6523988775
========

Generation 10
========
[0.0313283  0.02805472 0.03160329 0.03002447 0.02762101 0.02783583
 0.0344648  0.03402072 0.03394631 0.02661388 0.02615773 0.02683012] ; 0.1891200344172858 ; 178337.9541732223
[0.03056873 0.0274421  0.03353909 0.03181552 0.0268912  0.02898696
 0.03367778 0.03316981 0.03327681 0.02592933 0.02554317 0.02621019] ; 0.18852395313480327 ; 188464.75530745418
[0.03173485 0.02845892 0.03274383 0.02881464 0.02794375 0.02772945
 0.03256493 0.03444674 0.03447801 0.0253467  0.02650885 0.02678851] ; 0.1887637343594873 ; 150142.19718666922
[0.03126993 0.03027293 0.03399976 0.0306489  0.02795702 0.03003672
 0.03399151 0.03671064 0.03516513 0.02871816 0.02822594 0.02625901] ; 0.19692383152972417 ; 194612.88865889783
========

Generation 11
========
[0.0313283  0.02805472 0.03160329 0.03002447 0.02762101 0.02783583
 0.0344648  0.03402072 0.03394631 0.02661388 0.02615773 0.02683012] ; 0.1891200344172858 ; 150142.19718666922
[0.03056873 0.0274421  0.03353909 0.03181552 0.0268912  0.02898696
 0.03367778 0.03316981 0.03327681 0.02592933 0.02554317 0.02621019] ; 0.18852395313480327 ; 178337.9541732223
[0.03149916 0.02825021 0.03347398 0.03056419 0.0260421  0.02753292
 0.03468331 0.03418988 0.03224273 0.02673433 0.02620749 0.0261858 ] ; 0.18908020280135135 ; 181816.36077195557
[0.03109084 0.02737756 0.03100399 0.0310708  0.02744024 0.02860424
 0.03409657 0.03415012 0.0351293  0.02575116 0.0270693  0.02565498] ; 0.1891200344172858 ; 212278.76103465908
========

Generation 12
========
[0.0313283  0.02805472 0.03160329 0.03002447 0.02762101 0.02783583
 0.0344648  0.03402072 0.03394631 0.02661388 0.02615773 0.02683012] ; 0.1891200344172858 ; 150142.19718666922
[0.03056873 0.0274421  0.03353909 0.03181552 0.0268912  0.02898696
 0.03367778 0.03316981 0.03327681 0.02592933 0.02554317 0.02621019] ; 0.18852395313480327 ; 178337.9541732223
[0.03319267 0.02972428 0.03348402 0.03009345 0.02926476 0.02716246
 0.03651583 0.03518023 0.03596648 0.02816949 0.02538639 0.02842681] ; 0.19713176635441845 ; 206677.29430215078
[0.02967007 0.0279976  0.03317892 0.03253181 0.02603748 0.02982524
 0.03547231 0.03496654 0.03150738 0.02463455 0.02561933 0.02523525] ; 0.1889979329481335 ; 189778.12140287983
========

Generation 13
========
[0.0313283  0.02805472 0.03160329 0.03002447 0.02762101 0.02783583
 0.0344648  0.03402072 0.03394631 0.02661388 0.02615773 0.02683012] ; 0.1891200344172858 ; 150142.19718666922
[0.03056873 0.0274421  0.03353909 0.03181552 0.0268912  0.02898696
 0.03367778 0.03316981 0.03327681 0.02592933 0.02554317 0.02621019] ; 0.18852395313480327 ; 178337.9541732223
[0.03156282 0.02708465 0.03242349 0.0308037  0.02615585 0.02855826
 0.03306092 0.03490367 0.03482732 0.02730459 0.02611202 0.02485639] ; 0.1891200344172858 ; 196834.0774615353
[0.03156841 0.02727752 0.03290295 0.02855373 0.02619624 0.02876378
 0.03474796 0.03416845 0.03375257 0.02583759 0.02591768 0.02704772] ; 0.18859255115676093 ; 203855.25724269327
========

Generation 14
========
[0.0313283  0.02805472 0.03160329 0.03002447 0.02762101 0.02783583
 0.0344648  0.03402072 0.03394631 0.02661388 0.02615773 0.02683012] ; 0.1891200344172858 ; 150142.19718666922
[0.03056873 0.0274421  0.03353909 0.03181552 0.0268912  0.02898696
 0.03367778 0.03316981 0.03327681 0.02592933 0.02554317 0.02621019] ; 0.18852395313480327 ; 178337.9541732223
[0.02955121 0.02797416 0.03119989 0.02822525 0.02748587 0.02570666
 0.03177436 0.03387542 0.03388047 0.02564414 0.0260635  0.02526748] ; 0.18303766415081388 ; 194282.98000213242
[0.03051777 0.02834947 0.03193532 0.03027924 0.02791121 0.02779074
 0.0348269  0.03437815 0.03430295 0.02498405 0.02643255 0.02654266] ; 0.18924213491307454 ; 204552.96063262405
========

Generation 15
========
[0.0313283  0.02805472 0.03160329 0.03002447 0.02762101 0.02783583
 0.0344648  0.03402072 0.03394631 0.02661388 0.02615773 0.02683012] ; 0.1891200344172858 ; 150142.19718666922
[0.03051777 0.02834947 0.03193532 0.03027924 0.02791121 0.02779074
 0.0348269  0.03437815 0.03430295 0.02498405 0.02643255 0.02654266] ; 0.18924213491307454 ; 178337.9541732223
[0.03123577 0.026633   0.03145186 0.0299355  0.02816462 0.02817365
 0.03401853 0.03469028 0.0346144  0.02594962 0.02667254 0.02697691] ; 0.18915021804308932 ; 188860.08767349072
[0.03015118 0.02694334 0.03209306 0.030643   0.02819002 0.02840926
 0.0351748  0.03246467 0.03312121 0.02705349 0.02669659 0.02516483] ; 0.18750351270281398 ; 167890.85054284852
========

Generation 16
========
[0.0313283  0.02805472 0.03160329 0.03002447 0.02762101 0.02783583
 0.0344648  0.03402072 0.03394631 0.02661388 0.02615773 0.02683012] ; 0.1891200344172858 ; 150142.19718666922
[0.03123577 0.026633   0.03145186 0.0299355  0.02816462 0.02817365
 0.03401853 0.03469028 0.0346144  0.02594962 0.02667254 0.02697691] ; 0.18915021804308932 ; 167890.85054284852
[0.03009358 0.02447839 0.03031354 0.02884091 0.02700801 0.02662536
 0.0328444  0.03323242 0.03319292 0.02511943 0.02509123 0.02594464] ; 0.18102801680528022 ; 150151.94846902773
[0.03280172 0.02884545 0.03279183 0.03143657 0.02715595 0.02914499
 0.03247716 0.03252176 0.0320952  0.02786557 0.02738797 0.02809199] ; 0.19058660578494777 ; 188685.97609567115
========

Generation 17
========
[0.0313283  0.02805472 0.03160329 0.03002447 0.02762101 0.02783583
 0.0344648  0.03402072 0.03394631 0.02661388 0.02615773 0.02683012] ; 0.1891200344172858 ; 150142.19718666922
[0.03123577 0.026633   0.03145186 0.0299355  0.02816462 0.02817365
 0.03401853 0.03469028 0.0346144  0.02594962 0.02667254 0.02697691] ; 0.18915021804308932 ; 150151.94846902773
[0.03152723 0.02761293 0.03085553 0.03021499 0.02718713 0.02820707
 0.03452414 0.0345933  0.03451763 0.0265117  0.02415096 0.02710515] ; 0.18893347939215724 ; 187255.0872868002
[0.03311268 0.0285555  0.03340333 0.03173459 0.02919424 0.02942129
 0.03642783 0.03247048 0.03480341 0.02593562 0.02764761 0.02807472] ; 0.1952765318208788 ; 202848.49004554463
========

Generation 18
========
[0.0313283  0.02805472 0.03160329 0.03002447 0.02762101 0.02783583
 0.0344648  0.03402072 0.03394631 0.02661388 0.02615773 0.02683012] ; 0.1891200344172858 ; 150142.19718666922
[0.03123577 0.026633   0.03145186 0.0299355  0.02816462 0.02817365
 0.03401853 0.03469028 0.0346144  0.02594962 0.02667254 0.02697691] ; 0.18915021804308932 ; 150151.94846902773
[0.03087167 0.02561915 0.03109863 0.02958662 0.02555993 0.02774843
 0.03370138 0.03410843 0.03403383 0.02578211 0.02622517 0.02661036] ; 0.18549207933445824 ; 203422.11658103194
[0.03289587 0.0294585  0.03318462 0.02931993 0.02880007 0.02922865
 0.03343893 0.03572302 0.03564488 0.02654828 0.02524179 0.02786273] ; 0.19429049222202405 ; 203432.25406505493
========

Generation 19
========
[0.0313283  0.02805472 0.03160329 0.03002447 0.02762101 0.02783583
 0.0344648  0.03402072 0.03394631 0.02661388 0.02615773 0.02683012] ; 0.1891200344172858 ; 150142.19718666922
[0.03123577 0.026633   0.03145186 0.0299355  0.02816462 0.02817365
 0.03401853 0.03469028 0.0346144  0.02594962 0.02667254 0.02697691] ; 0.18915021804308932 ; 150151.94846902773
[0.03184511 0.03005009 0.03087215 0.03215993 0.02857962 0.02981562
 0.03588243 0.03644041 0.0363607  0.0282217  0.02521635 0.02873839] ; 0.19785008817598196 ; 194484.15143804246
[0.03263107 0.02877378 0.0324046  0.03005328 0.02726888 0.02913378
 0.03578284 0.03569287 0.0356148  0.0262862  0.02590658 0.02676044] ; 0.19396750809731533 ; 210903.33948778102
========

Generation 20
========
[0.0313283  0.02805472 0.03160329 0.03002447 0.02762101 0.02783583
 0.0344648  0.03402072 0.03394631 0.02661388 0.02615773 0.02683012] ; 0.1891200344172858 ; 150142.19718666922
[0.03123577 0.026633   0.03145186 0.0299355  0.02816462 0.02817365
 0.03401853 0.03469028 0.0346144  0.02594962 0.02667254 0.02697691] ; 0.18915021804308932 ; 150151.94846902773
[0.03243355 0.02593556 0.03267066 0.02853464 0.02727379 0.02916192
 0.03539854 0.03334209 0.03305452 0.02707309 0.02756553 0.0265917 ] ; 0.18912074060827558 ; 209544.5580154083
[0.03092725 0.02769558 0.03016916 0.02717998 0.02514056 0.02574828
 0.0340236  0.0315365  0.03351174 0.02627318 0.02582287 0.02648666] ; 0.1818901193223934 ; 208577.6540408663
========

