Generation 1
========
[0.00947049 0.00796057 0.00856451 0.01183058 0.01975571 0.03406616
 0.05133923 0.06388658 0.06168606 0.04286869 0.02729699 0.01618264] ; 0.21948481997605881 ; 584.4708635594556
[0.01132007 0.00880522 0.00859816 0.01083777 0.01697682 0.02878159
 0.0449246  0.06040375 0.06442771 0.04919689 0.03330782 0.02003483] ; 0.21948481997605881 ; 2226.923142097082
[0.00918325 0.00785614 0.00864974 0.01220452 0.02055169 0.03529316
 0.0525539  0.06420848 0.06080722 0.0416408  0.02624006 0.01553172] ; 0.21948481997605881 ; 2761.084837157458
[0.01002323 0.00817438 0.00853202 0.01148386 0.01879978 0.03225994
 0.04917033 0.06273295 0.06279537 0.04520689 0.02936116 0.01742074] ; 0.21948481997605881 ; 682.3379837857931
[0.01185428 0.00995527 0.01033811 0.01341836 0.02077741 0.03352348
 0.04861149 0.06049907 0.06077255 0.0451652  0.03095405 0.01953372] ; 0.21948481997605881 ; 446.8598398749803
[0.00997615 0.00837649 0.00894485 0.01218055 0.01993949 0.03379916
 0.05052381 0.06305698 0.06168713 0.04364494 0.02821928 0.01692594] ; 0.21948481997605881 ; 1215.7981317388787
[0.01342451 0.00897831 0.00731004 0.00781904 0.01120745 0.01945281
 0.03443954 0.05536185 0.07029158 0.06106061 0.04395408 0.02602199] ; 0.2266086394293974 ; 2077.169832838672
[0.01017731 0.00764991 0.00745352 0.00973967 0.016111   0.02871013
 0.04611502 0.06190082 0.0647484  0.04856382 0.03227641 0.01880395] ; 0.21948481997605881 ; 1518.2444350835992
[0.0140142  0.01109245 0.01048872 0.01051721 0.01497727 0.02408775
 0.03803542 0.05489586 0.06486285 0.05481631 0.04005021 0.02499808] ; 0.21948481997605881 ; 1971.1736762792104
[0.014954   0.01191338 0.01142201 0.01357188 0.01941086 0.02968934
 0.04259371 0.05536004 0.06088544 0.05040387 0.03772693 0.02485908] ; 0.21948481997605881 ; 1632.4122053135923
[0.00918325 0.00785614 0.00864974 0.01220452 0.02055169 0.03529316
 0.0525539  0.06420848 0.06080722 0.0416408  0.02624006 0.01553172] ; 0.21948481997605881 ; 154.05921917288404
[0.0108473  0.00917286 0.0097415  0.0130734  0.02096971 0.03477107
 0.0510251  0.06297709 0.06164025 0.04425063 0.0293176  0.01804982] ; 0.22240526532987284 ; 1700.1617015851511
========

Generation 2
========
[0.00947049 0.00796057 0.00856451 0.01183058 0.01975571 0.03406616
 0.05133923 0.06388658 0.06168606 0.04286869 0.02729699 0.01618264] ; 0.21948481997605881 ; 154.05921917288404
[0.01132007 0.00880522 0.00859816 0.01083777 0.01697682 0.02878159
 0.0449246  0.06040375 0.06442771 0.04919689 0.03330782 0.02003483] ; 0.21948481997605881 ; 446.8598398749803
[0.00918325 0.00785614 0.00864974 0.01220452 0.02055169 0.03529316
 0.0525539  0.06420848 0.06080722 0.0416408  0.02624006 0.01553172] ; 0.21948481997605881 ; 584.4708635594556
[0.00918325 0.00785614 0.00864974 0.01220452 0.02055169 0.03529316
 0.0525539  0.06420848 0.06080722 0.0416408  0.02624006 0.01553172] ; 0.21948481997605881 ; 682.3379837857931
[0.01002323 0.00817438 0.00853202 0.01148386 0.01879978 0.03225994
 0.04917033 0.06273295 0.06279537 0.04520689 0.02936116 0.01742074] ; 0.21948481997605881 ; 1215.7981317388787
[0.0108473  0.00917286 0.0097415  0.0130734  0.02096971 0.03477107
 0.0510251  0.06297709 0.06164025 0.04425063 0.0293176  0.01804982] ; 0.22240526532987284 ; 1518.2444350835992
[0.00978315 0.00811992 0.00860392 0.0117231  0.01939134 0.03332896
 0.05040952 0.06336383 0.06209844 0.04384849 0.0282467  0.01680672] ; 0.21948481997605881 ; 5413.516908509079
[0.00964871 0.00815351 0.0088262  0.01225451 0.02049319 0.03526443
 0.05291982 0.06548211 0.06288775 0.04355213 0.0276849  0.01642594] ; 0.22477311282347584 ; 2014.9658371099683
[0.01010666 0.00839693 0.00893332 0.01223559 0.02023885 0.03464412
 0.05216751 0.06529897 0.06389276 0.0452002  0.02914281 0.01738777] ; 0.22659992638701518 ; 4771.973634824753
[0.01135753 0.00883062 0.00861432 0.01084387 0.01696473 0.02873542
 0.04484041 0.0603162  0.06439907 0.04933186 0.03340254 0.02009571] ; 0.21948481997605881 ; 5186.724516063465
[0.00912936 0.00781014 0.00860734 0.01216477 0.02052367 0.03530284
 0.05261769 0.06428564 0.06082189 0.04158215 0.0261534  0.01545508] ; 0.2194848199760588 ; 585.164242491351
[0.00885457 0.00758059 0.00835121 0.01178641 0.01984506 0.03406321
 0.05068652 0.06188111 0.05856937 0.04009792 0.025271   0.01496528] ; 0.21154891431540887 ; 920.8043141592174
========

Generation 3
========
[0.00947049 0.00796057 0.00856451 0.01183058 0.01975571 0.03406616
 0.05133923 0.06388658 0.06168606 0.04286869 0.02729699 0.01618264] ; 0.21948481997605881 ; 154.05921917288404
[0.01132007 0.00880522 0.00859816 0.01083777 0.01697682 0.02878159
 0.0449246  0.06040375 0.06442771 0.04919689 0.03330782 0.02003483] ; 0.21948481997605881 ; 446.8598398749803
[0.01135753 0.00883062 0.00861432 0.01084387 0.01696473 0.02873542
 0.04484041 0.0603162  0.06439907 0.04933186 0.03340254 0.02009571] ; 0.21948481997605881 ; 584.4708635594556
[0.00918325 0.00785614 0.00864974 0.01220452 0.02055169 0.03529316
 0.0525539  0.06420848 0.06080722 0.0416408  0.02624006 0.01553172] ; 0.21948481997605881 ; 585.164242491351
[0.00918325 0.00785614 0.00864974 0.01220452 0.02055169 0.03529316
 0.0525539  0.06420848 0.06080722 0.0416408  0.02624006 0.01553172] ; 0.21948481997605881 ; 682.3379837857931
[0.00885457 0.00758059 0.00835121 0.01178641 0.01984506 0.03406321
 0.05068652 0.06188111 0.05856937 0.04009792 0.025271   0.01496528] ; 0.21154891431540887 ; 920.8043141592174
[0.00902208 0.00761116 0.00823547 0.01144418 0.01917082 0.03306168
 0.0497271  0.06163649 0.05923332 0.04099522 0.02601124 0.01539523] ; 0.21134739866224828 ; 1671.5967305220204
[0.00898727 0.00765503 0.00837486 0.0117434  0.01972132 0.03388611
 0.05058724 0.06208284 0.05909504 0.0406375  0.02569964 0.01523252] ; 0.21256435746558427 ; 1375.6720650093205
[0.01005547 0.00825813 0.0086585  0.01169962 0.01918644 0.03279046
 0.0496334  0.0628129  0.06233909 0.04470069 0.02908541 0.01734779] ; 0.2194848199760588 ; 1176.3415834918503
[0.0112962  0.0087956  0.008599   0.01085013 0.01700669 0.02883367
 0.044996   0.06046209 0.06441387 0.04912527 0.03322262 0.01998114] ; 0.21948481997605881 ; 451.08147275264855
[0.01135753 0.00883062 0.00861432 0.01084387 0.01696473 0.02873542
 0.04484041 0.0603162  0.06439907 0.04933186 0.03340254 0.02009571] ; 0.21948481997605881 ; 656.3092806995915
[0.01096686 0.00865332 0.00861097 0.01106317 0.01757466 0.02989827
 0.04626641 0.06113029 0.06387785 0.04800009 0.03213591 0.01928337] ; 0.21948481997605881 ; 649.9589360794174
========

Generation 4
========
[0.00947049 0.00796057 0.00856451 0.01183058 0.01975571 0.03406616
 0.05133923 0.06388658 0.06168606 0.04286869 0.02729699 0.01618264] ; 0.21948481997605881 ; 154.05921917288404
[0.0112962  0.0087956  0.008599   0.01085013 0.01700669 0.02883367
 0.044996   0.06046209 0.06441387 0.04912527 0.03322262 0.01998114] ; 0.21948481997605881 ; 446.8598398749803
[0.01132007 0.00880522 0.00859816 0.01083777 0.01697682 0.02878159
 0.0449246  0.06040375 0.06442771 0.04919689 0.03330782 0.02003483] ; 0.21948481997605881 ; 451.08147275264855
[0.01135753 0.00883062 0.00861432 0.01084387 0.01696473 0.02873542
 0.04484041 0.0603162  0.06439907 0.04933186 0.03340254 0.02009571] ; 0.21948481997605881 ; 584.4708635594556
[0.01135753 0.00883062 0.00861432 0.01084387 0.01696473 0.02873542
 0.04484041 0.0603162  0.06439907 0.04933186 0.03340254 0.02009571] ; 0.21948481997605881 ; 585.164242491351
[0.00918325 0.00785614 0.00864974 0.01220452 0.02055169 0.03529316
 0.0525539  0.06420848 0.06080722 0.0416408  0.02624006 0.01553172] ; 0.21948481997605881 ; 649.9589360794174
[0.01066828 0.00848771 0.00854887 0.01112549 0.01785632 0.03053682
 0.04714449 0.06169433 0.06364299 0.04714784 0.03129532 0.01871563] ; 0.21948481997605881 ; 1156.244200894938
[0.01039301 0.00839082 0.00860022 0.01137112 0.01843739 0.03154317
 0.04827679 0.06225284 0.06307801 0.04604259 0.03027725 0.01809091] ; 0.21948481997605881 ; 709.651086979138
[0.01129732 0.00879922 0.00860484 0.01085916 0.01702078 0.02885294
 0.04501215 0.06046237 0.0643968  0.04911604 0.03321389 0.01997771] ; 0.21948481997605884 ; 1658.8088059945799
[0.01003123 0.00821797 0.00857875 0.01153921 0.01893473 0.03250716
 0.04946616 0.06291996 0.06258955 0.04482115 0.02912651 0.0173506 ] ; 0.21948481997605881 ; 430.05205370142744
[0.01133291 0.00882259 0.00862    0.01086683 0.01701688 0.0288294
 0.04495943 0.06040016 0.0643877  0.04915944 0.03329307 0.02003985] ; 0.21948481997605881 ; 451.08147275264855
[0.00947015 0.00800445 0.00868606 0.01209972 0.02020824 0.03461591
 0.05171914 0.06377241 0.06121854 0.04253404 0.02710237 0.01610183] ; 0.21948481997605881 ; 1960.0881996431413
========

Generation 5
========
[0.00947049 0.00796057 0.00856451 0.01183058 0.01975571 0.03406616
 0.05133923 0.06388658 0.06168606 0.04286869 0.02729699 0.01618264] ; 0.21948481997605881 ; 154.05921917288404
[0.01129732 0.00879922 0.00860484 0.01085916 0.01702078 0.02885294
 0.04501215 0.06046237 0.0643968  0.04911604 0.03321389 0.01997771] ; 0.21948481997605884 ; 430.05205370142744
[0.0112962  0.0087956  0.008599   0.01085013 0.01700669 0.02883367
 0.044996   0.06046209 0.06441387 0.04912527 0.03322262 0.01998114] ; 0.21948481997605881 ; 446.8598398749803
[0.01133291 0.00882259 0.00862    0.01086683 0.01701688 0.0288294
 0.04495943 0.06040016 0.0643877  0.04915944 0.03329307 0.02003985] ; 0.21948481997605881 ; 451.08147275264855
[0.01132007 0.00880522 0.00859816 0.01083777 0.01697682 0.02878159
 0.0449246  0.06040375 0.06442771 0.04919689 0.03330782 0.02003483] ; 0.21948481997605881 ; 451.08147275264855
[0.01135753 0.00883062 0.00861432 0.01084387 0.01696473 0.02873542
 0.04484041 0.0603162  0.06439907 0.04933186 0.03340254 0.02009571] ; 0.21948481997605881 ; 584.4708635594556
[0.01090356 0.00860623 0.00857407 0.01103403 0.01755815 0.02991347
 0.04634076 0.06124494 0.06393711 0.04789018 0.03200997 0.01918455] ; 0.21948481997605881 ; 1478.2721842663036
[0.00987506 0.00803923 0.00833128 0.01113593 0.01820245 0.03123516
 0.04766864 0.06097684 0.06109525 0.04408383 0.02876021 0.0171371 ] ; 0.2135080074795142 ; 1826.9363115267715
[0.01100936 0.00857851 0.00839199 0.010593   0.01660465 0.02814292
 0.04388233 0.0589095  0.0627198  0.0478255  0.03234828 0.01946169] ; 0.21384236376286408 ; 356.80507096775165
[0.01124333 0.00874617 0.00855019 0.0107977  0.01695032 0.0287896
 0.04499672 0.06051782 0.06447672 0.0491415  0.03318074 0.01991906] ; 0.21948481997605884 ; 1542.7706934554712
[0.01124771 0.00877118 0.00859246 0.01086302 0.01704966 0.02891985
 0.04511632 0.06055134 0.06439174 0.04901375 0.03309459 0.01988862] ; 0.21948481997605881 ; 433.30972675852894
[0.01104117 0.00868627 0.00860932 0.01101534 0.01744508 0.02965566
 0.0459873  0.06100512 0.06402362 0.04820913 0.03236486 0.01943934] ; 0.21948481997605881 ; 1236.4399771892556
========

Generation 6
========
[0.00947049 0.00796057 0.00856451 0.01183058 0.01975571 0.03406616
 0.05133923 0.06388658 0.06168606 0.04286869 0.02729699 0.01618264] ; 0.21948481997605881 ; 154.05921917288404
[0.01129732 0.00879922 0.00860484 0.01085916 0.01702078 0.02885294
 0.04501215 0.06046237 0.0643968  0.04911604 0.03321389 0.01997771] ; 0.21948481997605884 ; 356.80507096775165
[0.01124771 0.00877118 0.00859246 0.01086302 0.01704966 0.02891985
 0.04511632 0.06055134 0.06439174 0.04901375 0.03309459 0.01988862] ; 0.21948481997605881 ; 430.05205370142744
[0.01100936 0.00857851 0.00839199 0.010593   0.01660465 0.02814292
 0.04388233 0.0589095  0.0627198  0.0478255  0.03234828 0.01946169] ; 0.21384236376286408 ; 433.30972675852894
[0.0112962  0.0087956  0.008599   0.01085013 0.01700669 0.02883367
 0.044996   0.06046209 0.06441387 0.04912527 0.03322262 0.01998114] ; 0.21948481997605881 ; 446.8598398749803
[0.01133291 0.00882259 0.00862    0.01086683 0.01701688 0.0288294
 0.04495943 0.06040016 0.0643877  0.04915944 0.03329307 0.02003985] ; 0.21948481997605881 ; 451.08147275264855
[0.01019594 0.00847023 0.00898332 0.01224816 0.02026718 0.03483671
 0.05268248 0.06619123 0.0648127  0.04571682 0.02942783 0.01750743] ; 0.22914861696673178 ; 1782.7891648429245
[0.00988871 0.0080754  0.00839901 0.01126184 0.01844569 0.0316667
 0.04827024 0.06158595 0.06148657 0.04417657 0.02876301 0.01713475] ; 0.21518772859919622 ; 651.3549747147324
[0.01132332 0.00880499 0.0085943  0.01082839 0.01695711 0.02874602
 0.04488961 0.06039807 0.06444911 0.04922953 0.03332231 0.020043  ] ; 0.21948481997605884 ; 367.6373881784629
[0.01124705 0.0087648  0.00858149 0.01084698 0.0170278  0.02889506
 0.04509134 0.06053913 0.06440702 0.04904431 0.03311873 0.01989681] ; 0.21948481997605884 ; 454.13086415554017
[0.00986623 0.0081427  0.00857549 0.01162639 0.01917789 0.03296718
 0.05002025 0.06321067 0.06233218 0.0442532  0.02859069 0.01700721] ; 0.21948481997605881 ; 366.3302753906671
[0.01124414 0.0087684  0.00858976 0.01086021 0.01704768 0.02892093
 0.04512108 0.06055792 0.0643951  0.04900921 0.03308649 0.01988244] ; 0.21948481997605881 ; 2029.9861900621647
========

