Generation 1
========
[0.04933379 0.05097825 0.05097825 0.0550894  0.05344494 0.06166724
 0.06413393 0.05015602 0.04357818 0.04933379 0.05426717 0.05755609] ; 0.3384449292385407 ; 207584.76250044897
[0.03725944 0.03622446 0.03104953 0.03001455 0.02794458 0.03104953
 0.0331195  0.03674195 0.03415449 0.03415449 0.03104953 0.03053204] ; 0.20711531752017664 ; 234629.9701096824
[0.03657596 0.03990104 0.0418961  0.04123108 0.03657596 0.04655122
 0.05054132 0.04788125 0.04322613 0.0418961  0.03790599 0.0345809 ] ; 0.26311060450070045 ; 137986.74851557627
[0.06024649 0.0456152  0.04475454 0.05336118 0.05250051 0.05422184
 0.06368915 0.0697138  0.06627114 0.06024649 0.04905786 0.05508251] ; 0.3574103893232399 ; 90848.68579454946
[0.0424943  0.05008257 0.04932374 0.04780609 0.04552961 0.04704726
 0.04477078 0.04173547 0.04856491 0.05539436 0.05539436 0.04780609] ; 0.30340690549719923 ; 187072.42746104582
[0.05218674 0.05305652 0.05479608 0.04783785 0.04522851 0.05653564
 0.05740542 0.05740542 0.0539263  0.0539263  0.05827519 0.06088453] ; 0.3425052374641312 ; 92190.03344785102
[0.05052435 0.05268264 0.05268264 0.05596341 0.0552318  0.05773848
 0.06170497 0.04773812 0.0444497  0.0509832  0.05608152 0.05900456] ; 0.3398369494480047 ; 86979.30961527169
[0.04442139 0.0500633  0.04964928 0.05065495 0.04843601 0.05003755
 0.04889646 0.04234352 0.04593458 0.05222794 0.0544284  0.04854636] ; 0.30771785961660775 ; 131589.54357856457
[0.05457189 0.0387949  0.03935833 0.04704639 0.04349857 0.04896402
 0.05306905 0.05861868 0.05961471 0.05438354 0.04141103 0.04967994] ; 0.31246934469816046 ; 62069.48866214425
[0.03745419 0.0374514  0.03436786 0.03048706 0.02809575 0.03567515
 0.03740371 0.0373616  0.03739078 0.03705426 0.03606502 0.03626641] ; 0.22357586067807264 ; 44944.99831150292
[0.03157626 0.0345103  0.03600761 0.03428496 0.02982653 0.03989576
 0.04329608 0.03880344 0.03424234 0.03610904 0.03267491 0.02943254] ; 0.2222362895695475 ; 112366.3185714683
[0.05463919 0.04419319 0.04205913 0.05043819 0.04870181 0.05086318
 0.05917686 0.06451076 0.06079525 0.05346727 0.04637059 0.0502195 ] ; 0.3306470672247148 ; 14367.034738921622
========

Generation 2
========
[0.04933379 0.05097825 0.05097825 0.0550894  0.05344494 0.06166724
 0.06413393 0.05015602 0.04357818 0.04933379 0.05426717 0.05755609] ; 0.3384449292385407 ; 14367.034738921622
[0.03157626 0.0345103  0.03600761 0.03428496 0.02982653 0.03989576
 0.04329608 0.03880344 0.03424234 0.03610904 0.03267491 0.02943254] ; 0.2222362895695475 ; 44944.99831150292
[0.03725944 0.03622446 0.03104953 0.03001455 0.02794458 0.03104953
 0.0331195  0.03674195 0.03415449 0.03415449 0.03104953 0.03053204] ; 0.20711531752017664 ; 62069.48866214425
[0.03745419 0.0374514  0.03436786 0.03048706 0.02809575 0.03567515
 0.03740371 0.0373616  0.03739078 0.03705426 0.03606502 0.03626641] ; 0.22357586067807264 ; 86979.30961527169
[0.03657596 0.03990104 0.0418961  0.04123108 0.03657596 0.04655122
 0.05054132 0.04788125 0.04322613 0.0418961  0.03790599 0.0345809 ] ; 0.26311060450070045 ; 90848.68579454946
[0.05457189 0.0387949  0.03935833 0.04704639 0.04349857 0.04896402
 0.05306905 0.05861868 0.05961471 0.05438354 0.04141103 0.04967994] ; 0.31246934469816046 ; 92190.03344785102
[0.04568286 0.04798499 0.05355124 0.05029653 0.04894449 0.06073417
 0.05878873 0.0540022  0.0491138  0.05314778 0.04908707 0.04799865] ; 0.32553430449333787 ; 107973.14979864816
[0.04844723 0.04854352 0.0510571  0.05528778 0.05490011 0.05948215
 0.06423312 0.05080033 0.0447647  0.05067702 0.05412813 0.05870933] ; 0.3384449292385407 ; 93029.55907353514
[0.02843186 0.03144852 0.03555037 0.0334434  0.02944778 0.0380893
 0.04274628 0.03758279 0.03380752 0.03237066 0.03225999 0.02740244] ; 0.2130436504276621 ; 81599.33625619931
[0.03110371 0.03610345 0.0367186  0.03611042 0.03134588 0.04328014
 0.04468242 0.04049074 0.03943444 0.03900669 0.03529307 0.032096  ] ; 0.23521257715324187 ; 54144.54204280094
[0.0362164  0.0354586  0.03039308 0.0274409  0.02735377 0.03039308
 0.03160881 0.03596515 0.03343239 0.03343239 0.02981561 0.02988653] ; 0.2011091038813153 ; 31082.54060275203
[0.04523857 0.03196789 0.03048705 0.03892206 0.03599408 0.04050156
 0.04387736 0.04798696 0.04529133 0.04267855 0.0337084  0.04105774] ; 0.2534833341175368 ; 91550.45605903155
========

Generation 3
========
[0.04933379 0.05097825 0.05097825 0.0550894  0.05344494 0.06166724
 0.06413393 0.05015602 0.04357818 0.04933379 0.05426717 0.05755609] ; 0.3384449292385407 ; 14367.034738921622
[0.03157626 0.0345103  0.03600761 0.03428496 0.02982653 0.03989576
 0.04329608 0.03880344 0.03424234 0.03610904 0.03267491 0.02943254] ; 0.2222362895695475 ; 31082.54060275203
[0.03110371 0.03610345 0.0367186  0.03611042 0.03134588 0.04328014
 0.04468242 0.04049074 0.03943444 0.03900669 0.03529307 0.032096  ] ; 0.23521257715324187 ; 44944.99831150292
[0.02843186 0.03144852 0.03555037 0.0334434  0.02944778 0.0380893
 0.04274628 0.03758279 0.03380752 0.03237066 0.03225999 0.02740244] ; 0.2130436504276621 ; 54144.54204280094
[0.03725944 0.03622446 0.03104953 0.03001455 0.02794458 0.03104953
 0.0331195  0.03674195 0.03415449 0.03415449 0.03104953 0.03053204] ; 0.20711531752017664 ; 62069.48866214425
[0.0362164  0.0354586  0.03039308 0.0274409  0.02735377 0.03039308
 0.03160881 0.03596515 0.03343239 0.03343239 0.02981561 0.02988653] ; 0.2011091038813153 ; 81599.33625619931
[0.04313548 0.04686266 0.04708467 0.04909002 0.04394227 0.05001769
 0.05264581 0.04775556 0.04272074 0.04689882 0.04903424 0.04905536] ; 0.29825108552572266 ; 94191.26303600294
[0.0510417  0.05331461 0.04696219 0.0443634  0.04357885 0.04862208
 0.05178643 0.05380714 0.04864798 0.04766089 0.04753301 0.04746858] ; 0.30707937890201437 ; 53094.34217552741
[0.03462471 0.03729076 0.0320478  0.03098061 0.02921858 0.03286599
 0.03418838 0.03839251 0.0355803  0.03329978 0.03243745 0.03173672] ; 0.21167428530999152 ; 33587.91485218067
[0.03957511 0.03884096 0.03346019 0.02841083 0.03004675 0.03356179
 0.03495141 0.03676996 0.03560269 0.03432832 0.0318381  0.0304869 ] ; 0.21543465079897303 ; 31780.77400885861
[0.03024578 0.03371278 0.03365863 0.03299753 0.02918157 0.03945389
 0.04210492 0.03787432 0.03457498 0.0356576  0.03174895 0.02915844] ; 0.21664651764055015 ; 48887.6725646383
[0.03287514 0.03850618 0.03916228 0.03728118 0.033432   0.04616049
 0.04465376 0.03916921 0.04100739 0.04160264 0.03493166 0.03169886] ; 0.24334172639496726 ; 54698.70953043629
========

Generation 4
========
[0.04933379 0.05097825 0.05097825 0.0550894  0.05344494 0.06166724
 0.06413393 0.05015602 0.04357818 0.04933379 0.05426717 0.05755609] ; 0.3384449292385407 ; 14367.034738921622
[0.03157626 0.0345103  0.03600761 0.03428496 0.02982653 0.03989576
 0.04329608 0.03880344 0.03424234 0.03610904 0.03267491 0.02943254] ; 0.2222362895695475 ; 31082.54060275203
[0.03110371 0.03610345 0.0367186  0.03611042 0.03134588 0.04328014
 0.04468242 0.04049074 0.03943444 0.03900669 0.03529307 0.032096  ] ; 0.23521257715324187 ; 31780.77400885861
[0.02843186 0.03144852 0.03555037 0.0334434  0.02944778 0.0380893
 0.04274628 0.03758279 0.03380752 0.03237066 0.03225999 0.02740244] ; 0.2130436504276621 ; 33587.91485218067
[0.03957511 0.03884096 0.03346019 0.02841083 0.03004675 0.03356179
 0.03495141 0.03676996 0.03560269 0.03432832 0.0318381  0.0304869 ] ; 0.21543465079897303 ; 44944.99831150292
[0.03024578 0.03371278 0.03365863 0.03299753 0.02918157 0.03945389
 0.04210492 0.03787432 0.03457498 0.0356576  0.03174895 0.02915844] ; 0.21664651764055015 ; 48887.6725646383
[0.03224776 0.03311358 0.0325656  0.03123776 0.03040047 0.03605882
 0.04024211 0.03243237 0.02855118 0.02993747 0.03428156 0.03602512] ; 0.20968807925880503 ; 83413.06943429422
[0.03977244 0.04128389 0.03904052 0.04047419 0.0429767  0.04992176
 0.05138418 0.039176   0.03569273 0.03962091 0.04380025 0.04620477] ; 0.2694260567010179 ; 106058.66948646792
[0.02871483 0.03087466 0.03322854 0.03356965 0.02953275 0.03825611
 0.03888275 0.03774454 0.03176904 0.03270428 0.03057365 0.02760282] ; 0.2073210076093542 ; 50368.325761131484
[0.03201358 0.03320386 0.03650631 0.03472505 0.03011866 0.04044831
 0.04297391 0.03934086 0.03395283 0.03653592 0.03120606 0.02984018] ; 0.2222362895695475 ; 37066.67790393629
[0.03156601 0.03664006 0.03726436 0.03650055 0.03181179 0.04392342
 0.04534654 0.03862701 0.03885997 0.03958646 0.03456402 0.03006492] ; 0.23521257715324187 ; 38582.6936218547
[0.03281388 0.03660797 0.03601607 0.03584893 0.03168981 0.04003646
 0.04571151 0.04042619 0.03436561 0.03784755 0.03122701 0.03168236] ; 0.2293552701042021 ; 55697.02326598452
========

Generation 5
========
[0.04933379 0.05097825 0.05097825 0.0550894  0.05344494 0.06166724
 0.06413393 0.05015602 0.04357818 0.04933379 0.05426717 0.05755609] ; 0.3384449292385407 ; 14367.034738921622
[0.03201358 0.03320386 0.03650631 0.03472505 0.03011866 0.04044831
 0.04297391 0.03934086 0.03395283 0.03653592 0.03120606 0.02984018] ; 0.2222362895695475 ; 31082.54060275203
[0.03157626 0.0345103  0.03600761 0.03428496 0.02982653 0.03989576
 0.04329608 0.03880344 0.03424234 0.03610904 0.03267491 0.02943254] ; 0.2222362895695475 ; 31780.77400885861
[0.03110371 0.03610345 0.0367186  0.03611042 0.03134588 0.04328014
 0.04468242 0.04049074 0.03943444 0.03900669 0.03529307 0.032096  ] ; 0.23521257715324187 ; 33587.91485218067
[0.02871483 0.03087466 0.03322854 0.03356965 0.02953275 0.03825611
 0.03888275 0.03774454 0.03176904 0.03270428 0.03057365 0.02760282] ; 0.2073210076093542 ; 37066.67790393629
[0.02843186 0.03144852 0.03555037 0.0334434  0.02944778 0.0380893
 0.04274628 0.03758279 0.03380752 0.03237066 0.03225999 0.02740244] ; 0.2130436504276621 ; 38582.6936218547
[0.03608954 0.03621137 0.03776542 0.03987254 0.03717667 0.04461893
 0.04521882 0.0396282  0.03466244 0.03807636 0.03619667 0.03648772] ; 0.24276010192254063 ; 38671.432748352425
[0.03509914 0.03665453 0.03491535 0.03932805 0.03779553 0.0443019
 0.04604198 0.03654665 0.030559   0.03450478 0.03662343 0.04054133] ; 0.23936579481839337 ; 64669.46279743119
[0.03112213 0.03247464 0.03805681 0.03645639 0.03115443 0.0395316
 0.04556911 0.04058505 0.03818444 0.03927986 0.03459322 0.03220681] ; 0.2319992295527554 ; 31891.69078162028
[0.02850189 0.03242596 0.0358834  0.0340437  0.02708442 0.03790957
 0.0424548  0.03610918 0.03170562 0.03514706 0.03015524 0.02893587] ; 0.2122765277483664 ; 23276.576023585312
[0.0322292  0.03460458 0.03675218 0.0317985  0.0304013  0.04072073
 0.04202882 0.03960582 0.03468532 0.03683029 0.03268369 0.0276679 ] ; 0.2222362895695475 ; 44442.53429106899
[0.03106639 0.0348017  0.03592898 0.0346721  0.03013568 0.0404038
 0.04241676 0.03815109 0.03598423 0.03679829 0.03339723 0.03020592] ; 0.22361609978246416 ; 50487.97826320539
========

Generation 6
========
[0.04933379 0.05097825 0.05097825 0.0550894  0.05344494 0.06166724
 0.06413393 0.05015602 0.04357818 0.04933379 0.05426717 0.05755609] ; 0.3384449292385407 ; 14367.034738921622
[0.03201358 0.03320386 0.03650631 0.03472505 0.03011866 0.04044831
 0.04297391 0.03934086 0.03395283 0.03653592 0.03120606 0.02984018] ; 0.2222362895695475 ; 23276.576023585312
[0.03106639 0.0348017  0.03592898 0.0346721  0.03013568 0.0404038
 0.04241676 0.03815109 0.03598423 0.03679829 0.03339723 0.03020592] ; 0.22361609978246416 ; 31082.54060275203
[0.03157626 0.0345103  0.03600761 0.03428496 0.02982653 0.03989576
 0.04329608 0.03880344 0.03424234 0.03610904 0.03267491 0.02943254] ; 0.2222362895695475 ; 31780.77400885861
[0.03110371 0.03610345 0.0367186  0.03611042 0.03134588 0.04328014
 0.04468242 0.04049074 0.03943444 0.03900669 0.03529307 0.032096  ] ; 0.23521257715324187 ; 31891.69078162028
[0.02871483 0.03087466 0.03322854 0.03356965 0.02953275 0.03825611
 0.03888275 0.03774454 0.03176904 0.03270428 0.03057365 0.02760282] ; 0.2073210076093542 ; 33587.91485218067
[0.04416845 0.04852976 0.04745989 0.04705478 0.0417532  0.05590657
 0.06051552 0.0513699  0.04773404 0.04513653 0.04937189 0.0449355 ] ; 0.30804842188437737 ; 37361.373483850046
[0.04777818 0.04686311 0.05017826 0.05334335 0.05007533 0.06047448
 0.06308335 0.05171723 0.04629214 0.05052131 0.05218473 0.05248154] ; 0.32932023463986404 ; 51322.949645600296
[0.03317084 0.03293498 0.03796389 0.03613888 0.03145653 0.03981963
 0.04150324 0.03745469 0.03601296 0.03677259 0.0301351  0.02901056] ; 0.22268832155722518 ; 45765.70044120842
[0.03030896 0.03307122 0.0372378  0.03564994 0.03111713 0.04130447
 0.04438259 0.03905832 0.03661695 0.03769655 0.03329757 0.02934664] ; 0.2268361798769333 ; 43558.14712602067
[0.03233904 0.03248328 0.03740696 0.0354818  0.03152396 0.04163022
 0.044051   0.0397783  0.03698143 0.03788729 0.03217454 0.03131071] ; 0.22842694960097176 ; 48136.93890184073
[0.03202521 0.03547223 0.03785954 0.03547459 0.03199998 0.04346403
 0.04497521 0.04066804 0.03910706 0.03940151 0.03310442 0.03017569] ; 0.2345907566949332 ; 23517.77756192993
========

Generation 7
========
[0.04933379 0.05097825 0.05097825 0.0550894  0.05344494 0.06166724
 0.06413393 0.05015602 0.04357818 0.04933379 0.05426717 0.05755609] ; 0.3384449292385407 ; 14367.034738921622
[0.03201358 0.03320386 0.03650631 0.03472505 0.03011866 0.04044831
 0.04297391 0.03934086 0.03395283 0.03653592 0.03120606 0.02984018] ; 0.2222362895695475 ; 23276.576023585312
[0.03106639 0.0348017  0.03592898 0.0346721  0.03013568 0.0404038
 0.04241676 0.03815109 0.03598423 0.03679829 0.03339723 0.03020592] ; 0.22361609978246416 ; 23517.77756192993
[0.03157626 0.0345103  0.03600761 0.03428496 0.02982653 0.03989576
 0.04329608 0.03880344 0.03424234 0.03610904 0.03267491 0.02943254] ; 0.2222362895695475 ; 31082.54060275203
[0.03110371 0.03610345 0.0367186  0.03611042 0.03134588 0.04328014
 0.04468242 0.04049074 0.03943444 0.03900669 0.03529307 0.032096  ] ; 0.23521257715324187 ; 31780.77400885861
[0.02871483 0.03087466 0.03322854 0.03356965 0.02953275 0.03825611
 0.03888275 0.03774454 0.03176904 0.03270428 0.03057365 0.02760282] ; 0.2073210076093542 ; 31891.69078162028
[0.05198439 0.05371721 0.05280402 0.05804924 0.05631643 0.06498049
 0.06305187 0.0528508  0.04256742 0.05198439 0.05518143 0.05949614] ; 0.35008024042667363 ; 73529.55252280898
[0.03639157 0.03743881 0.03635098 0.04064501 0.03842569 0.04551425
 0.04326233 0.03512156 0.03221326 0.03643609 0.03923607 0.03946289] ; 0.24262647948250493 ; 90424.81389576057
[0.03347199 0.03560456 0.03851603 0.03342285 0.03181556 0.04267504
 0.04563558 0.03918225 0.03606714 0.03718222 0.03354075 0.03148292] ; 0.23189744454685887 ; 47544.031340241396
[0.04124758 0.04295586 0.04455986 0.0480855  0.04472444 0.05259998
 0.05448674 0.04794673 0.04153533 0.04599554 0.04574913 0.04274302] ; 0.2905619751461212 ; 45746.13427075347
[0.03663752 0.03822841 0.03488992 0.04090933 0.03630731 0.04398744
 0.04680492 0.03814725 0.0335327  0.0374223  0.04015485 0.04191705] ; 0.24722290944095643 ; 45793.224240874944
[0.031448   0.03622871 0.03749139 0.03592675 0.03135801 0.04202063
 0.04364611 0.03746731 0.03712116 0.03821759 0.03466262 0.03132217] ; 0.23052161229693846 ; 49870.94343684238
========

Generation 8
========
[0.04933379 0.05097825 0.05097825 0.0550894  0.05344494 0.06166724
 0.06413393 0.05015602 0.04357818 0.04933379 0.05426717 0.05755609] ; 0.3384449292385407 ; 14367.034738921622
[0.03201358 0.03320386 0.03650631 0.03472505 0.03011866 0.04044831
 0.04297391 0.03934086 0.03395283 0.03653592 0.03120606 0.02984018] ; 0.2222362895695475 ; 23276.576023585312
[0.03106639 0.0348017  0.03592898 0.0346721  0.03013568 0.0404038
 0.04241676 0.03815109 0.03598423 0.03679829 0.03339723 0.03020592] ; 0.22361609978246416 ; 23517.77756192993
[0.03663752 0.03822841 0.03488992 0.04090933 0.03630731 0.04398744
 0.04680492 0.03814725 0.0335327  0.0374223  0.04015485 0.04191705] ; 0.24722290944095643 ; 31082.54060275203
[0.03157626 0.0345103  0.03600761 0.03428496 0.02982653 0.03989576
 0.04329608 0.03880344 0.03424234 0.03610904 0.03267491 0.02943254] ; 0.2222362895695475 ; 31780.77400885861
[0.03110371 0.03610345 0.0367186  0.03611042 0.03134588 0.04328014
 0.04468242 0.04049074 0.03943444 0.03900669 0.03529307 0.032096  ] ; 0.23521257715324187 ; 31891.69078162028
[0.04068924 0.04349381 0.04502996 0.04351513 0.03972736 0.04702752
 0.05517187 0.04721599 0.04145819 0.04474795 0.04342453 0.04175795] ; 0.2808667171254572 ; 112307.38284111471
[0.05243192 0.05417965 0.05396293 0.05854898 0.05680125 0.0655399
 0.0676162  0.04856157 0.04631486 0.04902384 0.05242668 0.05554288] ; 0.34908585447713264 ; 47498.25043942357
[0.04579787 0.04891727 0.05259596 0.04959497 0.04839717 0.06055371
 0.06168729 0.04955764 0.04723197 0.04774593 0.04965784 0.0499736 ] ; 0.3223641126920874 ; 51589.30778975073
[0.02981603 0.03328805 0.03659887 0.03268949 0.03019503 0.04055086
 0.04062715 0.03683752 0.03121368 0.03662856 0.0295645  0.02725333] ; 0.21455616060061206 ; 61730.208541233216
[0.03064685 0.03177365 0.03292213 0.03528172 0.02803077 0.04204047
 0.03954621 0.03861797 0.03511548 0.03421235 0.03262504 0.03116618] ; 0.21694894434707504 ; 26037.998558489962
[0.02943676 0.03276607 0.03465257 0.03139363 0.02900161 0.03886749
 0.04104297 0.03689202 0.03178353 0.03490104 0.0317554  0.02899077] ; 0.21216422272624463 ; 44250.46426283265
========

Generation 9
========
[0.04933379 0.05097825 0.05097825 0.0550894  0.05344494 0.06166724
 0.06413393 0.05015602 0.04357818 0.04933379 0.05426717 0.05755609] ; 0.3384449292385407 ; 14367.034738921622
[0.03064685 0.03177365 0.03292213 0.03528172 0.02803077 0.04204047
 0.03954621 0.03861797 0.03511548 0.03421235 0.03262504 0.03116618] ; 0.21694894434707504 ; 23276.576023585312
[0.03201358 0.03320386 0.03650631 0.03472505 0.03011866 0.04044831
 0.04297391 0.03934086 0.03395283 0.03653592 0.03120606 0.02984018] ; 0.2222362895695475 ; 23517.77756192993
[0.03106639 0.0348017  0.03592898 0.0346721  0.03013568 0.0404038
 0.04241676 0.03815109 0.03598423 0.03679829 0.03339723 0.03020592] ; 0.22361609978246416 ; 26037.998558489962
[0.03663752 0.03822841 0.03488992 0.04090933 0.03630731 0.04398744
 0.04680492 0.03814725 0.0335327  0.0374223  0.04015485 0.04191705] ; 0.24722290944095643 ; 31082.54060275203
[0.03157626 0.0345103  0.03600761 0.03428496 0.02982653 0.03989576
 0.04329608 0.03880344 0.03424234 0.03610904 0.03267491 0.02943254] ; 0.2222362895695475 ; 31780.77400885861
[0.04755753 0.0518871  0.05144702 0.05601855 0.05390069 0.06246919
 0.06510742 0.04861588 0.0435338  0.04675075 0.05516349 0.0583598 ] ; 0.33946349894340644 ; 62617.33873396564
[0.03904441 0.03907494 0.04105021 0.04427141 0.04066577 0.04841469
 0.05107799 0.04150938 0.03719879 0.040437   0.0429668  0.04453224] ; 0.2689229206794943 ; 114896.49727252492
[0.02885444 0.03359992 0.03358839 0.03475409 0.02945191 0.042564
 0.03869472 0.03944656 0.03630272 0.03595254 0.03068189 0.03163917] ; 0.21880434515063782 ; 95248.24098399768
[0.05087524 0.05226298 0.05030897 0.05563391 0.04954522 0.06396328
 0.05943578 0.05976022 0.05065742 0.05471637 0.05479229 0.05386716] ; 0.3440966322651827 ; 45688.2159206904
[0.03589855 0.03512086 0.03342795 0.03600645 0.03205025 0.04325206
 0.04164585 0.03783112 0.03001944 0.03695696 0.03905215 0.04055958] ; 0.23331988547330962 ; 20363.194391403747
[0.03349759 0.03830119 0.03667069 0.04128509 0.03694789 0.04635769
 0.04829432 0.03507239 0.03304696 0.03487995 0.03672063 0.04089015] ; 0.24432521982014466 ; 42987.39684748228
========

Generation 10
========
[0.03904441 0.03907494 0.04105021 0.04427141 0.04066577 0.04841469
 0.05107799 0.04150938 0.03719879 0.040437   0.0429668  0.04453224] ; 0.2689229206794943 ; 14367.034738921622
[0.04933379 0.05097825 0.05097825 0.0550894  0.05344494 0.06166724
 0.06413393 0.05015602 0.04357818 0.04933379 0.05426717 0.05755609] ; 0.3384449292385407 ; 20363.194391403747
[0.03589855 0.03512086 0.03342795 0.03600645 0.03205025 0.04325206
 0.04164585 0.03783112 0.03001944 0.03695696 0.03905215 0.04055958] ; 0.23331988547330962 ; 23276.576023585312
[0.03064685 0.03177365 0.03292213 0.03528172 0.02803077 0.04204047
 0.03954621 0.03861797 0.03511548 0.03421235 0.03262504 0.03116618] ; 0.21694894434707504 ; 23517.77756192993
[0.03201358 0.03320386 0.03650631 0.03472505 0.03011866 0.04044831
 0.04297391 0.03934086 0.03395283 0.03653592 0.03120606 0.02984018] ; 0.2222362895695475 ; 26037.998558489962
[0.03106639 0.0348017  0.03592898 0.0346721  0.03013568 0.0404038
 0.04241676 0.03815109 0.03598423 0.03679829 0.03339723 0.03020592] ; 0.22361609978246416 ; 31082.54060275203
[0.03929383 0.03944289 0.04143676 0.04115792 0.04030982 0.04823526
 0.05155897 0.04190026 0.03754907 0.04081777 0.0433714  0.04495157] ; 0.2689229206794943 ; 71979.81179286347
[0.03264773 0.03345389 0.03594717 0.03930118 0.03559252 0.04371669
 0.04605938 0.03659613 0.03382721 0.03741815 0.03806798 0.03742303] ; 0.23742902318177034 ; 8470.264527428462
[0.04752531 0.05274918 0.04900399 0.05483703 0.05530156 0.05966188
 0.06636187 0.04701994 0.04509204 0.04885255 0.05435548 0.05955553] ; 0.3386640437792798 ; 42579.887250978245
[0.04951195 0.04926195 0.0474193  0.05559779 0.05288609 0.06170992
 0.06451305 0.04933057 0.04498358 0.05015337 0.05169337 0.05729432] ; 0.33506058939467803 ; 105222.50142149253
[0.03647088 0.03364698 0.03178739 0.03658049 0.03256122 0.04394162
 0.0423098  0.03843426 0.02970509 0.03379154 0.03967475 0.04120621] ; 0.23331988547330962 ; 16577.52729982451
[0.02926835 0.0332513  0.03400749 0.03647235 0.02860999 0.04155352
 0.04107443 0.03789769 0.0326975  0.03567409 0.03459218 0.03353489] ; 0.2207571424664817 ; 37830.03577406457
========

Generation 11
========
[0.03904441 0.03907494 0.04105021 0.04427141 0.04066577 0.04841469
 0.05107799 0.04150938 0.03719879 0.040437   0.0429668  0.04453224] ; 0.2689229206794943 ; 8470.264527428462
[0.03929383 0.03944289 0.04143676 0.04115792 0.04030982 0.04823526
 0.05155897 0.04190026 0.03754907 0.04081777 0.0433714  0.04495157] ; 0.2689229206794943 ; 14367.034738921622
[0.04933379 0.05097825 0.05097825 0.0550894  0.05344494 0.06166724
 0.06413393 0.05015602 0.04357818 0.04933379 0.05426717 0.05755609] ; 0.3384449292385407 ; 16577.52729982451
[0.02926835 0.0332513  0.03400749 0.03647235 0.02860999 0.04155352
 0.04107443 0.03789769 0.0326975  0.03567409 0.03459218 0.03353489] ; 0.2207571424664817 ; 20363.194391403747
[0.03589855 0.03512086 0.03342795 0.03600645 0.03205025 0.04325206
 0.04164585 0.03783112 0.03001944 0.03695696 0.03905215 0.04055958] ; 0.23331988547330962 ; 23276.576023585312
[0.03064685 0.03177365 0.03292213 0.03528172 0.02803077 0.04204047
 0.03954621 0.03861797 0.03511548 0.03421235 0.03262504 0.03116618] ; 0.21694894434707504 ; 23517.77756192993
[0.03985602 0.03988719 0.03775507 0.0407629  0.04151109 0.04942108
 0.05213975 0.04237224 0.0372126  0.04127756 0.04385995 0.04350324] ; 0.2689229206794943 ; 8519.59554349878
[0.03959481 0.04118151 0.03958589 0.04566622 0.0426505  0.0469311
 0.05140923 0.04374719 0.03555822 0.04214821 0.04519262 0.04284984] ; 0.2721848599413681 ; 40434.494249265415
[0.03222029 0.03659982 0.03754704 0.04008865 0.03009734 0.04412468
 0.04606902 0.04196733 0.03691279 0.03691486 0.03673023 0.03356332] ; 0.23922583636339675 ; 71768.84058559885
[0.04058286 0.03678884 0.03937782 0.04074022 0.03794518 0.04918826
 0.04903728 0.04219869 0.03547318 0.0413963  0.04044988 0.04603419] ; 0.26355741387838155 ; 95875.60422214409
[0.04261404 0.04225842 0.03923258 0.04387162 0.0369925  0.04664368
 0.04950215 0.04406255 0.03612116 0.04363246 0.04652017 0.04694524] ; 0.27325248207144376 ; 46973.72051122636
[0.05086161 0.05045472 0.04745897 0.05412608 0.05510008 0.0608432
 0.06612009 0.0517093  0.04065962 0.04633493 0.05052084 0.0538794 ] ; 0.33274224234696875 ; 15435.94386180417
========

Generation 12
========
[0.03904441 0.03907494 0.04105021 0.04427141 0.04066577 0.04841469
 0.05107799 0.04150938 0.03719879 0.040437   0.0429668  0.04453224] ; 0.2689229206794943 ; 8470.264527428462
[0.03929383 0.03944289 0.04143676 0.04115792 0.04030982 0.04823526
 0.05155897 0.04190026 0.03754907 0.04081777 0.0433714  0.04495157] ; 0.2689229206794943 ; 8519.59554349878
[0.04933379 0.05097825 0.05097825 0.0550894  0.05344494 0.06166724
 0.06413393 0.05015602 0.04357818 0.04933379 0.05426717 0.05755609] ; 0.3384449292385407 ; 14367.034738921622
[0.02926835 0.0332513  0.03400749 0.03647235 0.02860999 0.04155352
 0.04107443 0.03789769 0.0326975  0.03567409 0.03459218 0.03353489] ; 0.2207571424664817 ; 15435.94386180417
[0.03589855 0.03512086 0.03342795 0.03600645 0.03205025 0.04325206
 0.04164585 0.03783112 0.03001944 0.03695696 0.03905215 0.04055958] ; 0.23331988547330962 ; 16577.52729982451
[0.03064685 0.03177365 0.03292213 0.03528172 0.02803077 0.04204047
 0.03954621 0.03861797 0.03511548 0.03421235 0.03262504 0.03116618] ; 0.21694894434707504 ; 20363.194391403747
[0.04899601 0.05040439 0.04935703 0.05496767 0.0509292  0.05956701
 0.06120851 0.05030618 0.04039428 0.0471736  0.05400752 0.05705529] ; 0.3302890269197812 ; 61561.04453538472
[0.03690334 0.03886675 0.0403574  0.04329242 0.03523224 0.0509247
 0.04874697 0.04632725 0.04204237 0.04160038 0.04034175 0.0390692 ] ; 0.26513909241911054 ; 28867.031020197508
[0.04421853 0.04040952 0.04404112 0.04519049 0.04636039 0.05248374
 0.05578661 0.04628879 0.04099967 0.04525968 0.04874162 0.04919511] ; 0.2947472831330089 ; 32982.842271986796
[0.03773352 0.03841074 0.04017907 0.04131897 0.03882984 0.04914673
 0.04692117 0.04244861 0.03332328 0.041784   0.04392511 0.04538765] ; 0.2637618365372997 ; 58517.725256192345
[0.04881834 0.04884804 0.04811301 0.05298704 0.04728291 0.05931731
 0.06373156 0.05016932 0.04471662 0.04535208 0.05023365 0.05588996] ; 0.32532567008356655 ; 69447.65861797976
[0.04504821 0.04900554 0.04546333 0.04748306 0.05089005 0.05935917
 0.06102475 0.04854948 0.0418915  0.04682084 0.05233712 0.0505443 ] ; 0.31646065300020376 ; 100417.18638137548
========

Generation 13
========
[0.03904441 0.03907494 0.04105021 0.04427141 0.04066577 0.04841469
 0.05107799 0.04150938 0.03719879 0.040437   0.0429668  0.04453224] ; 0.2689229206794943 ; 8470.264527428462
[0.03929383 0.03944289 0.04143676 0.04115792 0.04030982 0.04823526
 0.05155897 0.04190026 0.03754907 0.04081777 0.0433714  0.04495157] ; 0.2689229206794943 ; 8519.59554349878
[0.04933379 0.05097825 0.05097825 0.0550894  0.05344494 0.06166724
 0.06413393 0.05015602 0.04357818 0.04933379 0.05426717 0.05755609] ; 0.3384449292385407 ; 14367.034738921622
[0.02926835 0.0332513  0.03400749 0.03647235 0.02860999 0.04155352
 0.04107443 0.03789769 0.0326975  0.03567409 0.03459218 0.03353489] ; 0.2207571424664817 ; 15435.94386180417
[0.03589855 0.03512086 0.03342795 0.03600645 0.03205025 0.04325206
 0.04164585 0.03783112 0.03001944 0.03695696 0.03905215 0.04055958] ; 0.23331988547330962 ; 16577.52729982451
[0.03064685 0.03177365 0.03292213 0.03528172 0.02803077 0.04204047
 0.03954621 0.03861797 0.03511548 0.03421235 0.03262504 0.03116618] ; 0.21694894434707504 ; 20363.194391403747
[0.0387117  0.04005412 0.04069028 0.0419816  0.04097338 0.04681046
 0.05125843 0.03974129 0.03813095 0.03954359 0.04162111 0.04195066] ; 0.26389373689507845 ; 98735.9618581221
[0.03785278 0.03534592 0.03807364 0.04245815 0.03578753 0.04334881
 0.04899613 0.03667124 0.03262169 0.03918103 0.03973844 0.04162555] ; 0.24946517183965328 ; 59140.23219283447
[0.03490559 0.03785433 0.0377851  0.03729427 0.03648959 0.0464654
 0.04342259 0.04051125 0.03408439 0.03952365 0.04187231 0.04344625] ; 0.24965384916518307 ; 46716.574943678985
[0.04086874 0.04181832 0.04393227 0.04363664 0.04273746 0.04663987
 0.05450009 0.04442368 0.03981045 0.043276   0.04598342 0.04394138] ; 0.2797628180708289 ; 59047.27892051674
[0.03802944 0.03949892 0.03954966 0.04088354 0.04058079 0.04753512
 0.04964132 0.0365434  0.03405197 0.03711326 0.04165731 0.04304117] ; 0.2580604450122212 ; 52928.99521752579
[0.04786179 0.05146429 0.05146429 0.05561464 0.0539545  0.05858213
 0.0647454  0.05063422 0.04399367 0.04980415 0.05478457 0.05810484] ; 0.3384449292385407 ; 87947.11556246378
========

Generation 14
========
[0.03904441 0.03907494 0.04105021 0.04427141 0.04066577 0.04841469
 0.05107799 0.04150938 0.03719879 0.040437   0.0429668  0.04453224] ; 0.2689229206794943 ; 8470.264527428462
[0.03929383 0.03944289 0.04143676 0.04115792 0.04030982 0.04823526
 0.05155897 0.04190026 0.03754907 0.04081777 0.0433714  0.04495157] ; 0.2689229206794943 ; 8519.59554349878
[0.04933379 0.05097825 0.05097825 0.0550894  0.05344494 0.06166724
 0.06413393 0.05015602 0.04357818 0.04933379 0.05426717 0.05755609] ; 0.3384449292385407 ; 14367.034738921622
[0.02926835 0.0332513  0.03400749 0.03647235 0.02860999 0.04155352
 0.04107443 0.03789769 0.0326975  0.03567409 0.03459218 0.03353489] ; 0.2207571424664817 ; 15435.94386180417
[0.03589855 0.03512086 0.03342795 0.03600645 0.03205025 0.04325206
 0.04164585 0.03783112 0.03001944 0.03695696 0.03905215 0.04055958] ; 0.23331988547330962 ; 16577.52729982451
[0.03785278 0.03534592 0.03807364 0.04245815 0.03578753 0.04334881
 0.04899613 0.03667124 0.03262169 0.03918103 0.03973844 0.04162555] ; 0.24946517183965328 ; 20363.194391403747
[0.03964478 0.04149418 0.04326115 0.04683872 0.04601182 0.05320008
 0.05538141 0.04342584 0.0378138  0.04123389 0.04684263 0.04578575] ; 0.2860447772083467 ; 62896.97744403634
[0.03864795 0.0370277  0.03951176 0.04352119 0.03731787 0.0432176
 0.05016883 0.03876406 0.03444316 0.04001219 0.04128311 0.04307305] ; 0.2570927010062011 ; 17223.56949753122
[0.03961627 0.03896519 0.03951761 0.04399661 0.04023103 0.04855003
 0.05046772 0.04215153 0.03777425 0.0402413  0.04363149 0.04522114] ; 0.2689229206794943 ; 42185.86048242694
[0.03814945 0.03829417 0.03950583 0.03920003 0.03866622 0.04345868
 0.04770468 0.03889005 0.03645551 0.03962901 0.04210827 0.04364242] ; 0.255520474910983 ; 69874.70784210076
[0.04527146 0.04973559 0.04858361 0.0541254  0.04988423 0.06058814
 0.05828579 0.04558248 0.04187367 0.04847051 0.05177135 0.05654893] ; 0.3226815983823773 ; 60839.53787166513
[0.04563772 0.04545865 0.04857713 0.05324961 0.04855576 0.05554783
 0.06174344 0.0459205  0.04156863 0.04617614 0.05023123 0.05406332] ; 0.3155997763213885 ; 62440.80966181509
========

Generation 15
========
[0.03904441 0.03907494 0.04105021 0.04427141 0.04066577 0.04841469
 0.05107799 0.04150938 0.03719879 0.040437   0.0429668  0.04453224] ; 0.2689229206794943 ; 8470.264527428462
[0.03929383 0.03944289 0.04143676 0.04115792 0.04030982 0.04823526
 0.05155897 0.04190026 0.03754907 0.04081777 0.0433714  0.04495157] ; 0.2689229206794943 ; 8519.59554349878
[0.04933379 0.05097825 0.05097825 0.0550894  0.05344494 0.06166724
 0.06413393 0.05015602 0.04357818 0.04933379 0.05426717 0.05755609] ; 0.3384449292385407 ; 14367.034738921622
[0.02926835 0.0332513  0.03400749 0.03647235 0.02860999 0.04155352
 0.04107443 0.03789769 0.0326975  0.03567409 0.03459218 0.03353489] ; 0.2207571424664817 ; 15435.94386180417
[0.03589855 0.03512086 0.03342795 0.03600645 0.03205025 0.04325206
 0.04164585 0.03783112 0.03001944 0.03695696 0.03905215 0.04055958] ; 0.23331988547330962 ; 16577.52729982451
[0.03785278 0.03534592 0.03807364 0.04245815 0.03578753 0.04334881
 0.04899613 0.03667124 0.03262169 0.03918103 0.03973844 0.04162555] ; 0.24946517183965328 ; 17223.56949753122
[0.03859583 0.04029131 0.03715306 0.03977134 0.03942244 0.04612452
 0.05067754 0.04224596 0.03496211 0.04345248 0.04598965 0.04773594] ; 0.26782585075858223 ; 67864.67938557363
[0.0387151  0.04185503 0.04083356 0.04512329 0.03846783 0.05321458
 0.05340472 0.04509613 0.04164938 0.04399642 0.04172661 0.04324449] ; 0.2778117607187804 ; 49796.01347211494
[0.03724509 0.03850431 0.03893529 0.03682606 0.03767164 0.04721954
 0.0484692  0.04113136 0.03347551 0.03991326 0.04252865 0.04411509] ; 0.2571239697305313 ; 46469.99425268022
[0.03953582 0.03687973 0.04211307 0.04153688 0.04014839 0.04902254
 0.05240049 0.04117886 0.03602487 0.03932682 0.04407929 0.04568526] ; 0.2689229206794943 ; 58777.752910321105
[0.04390427 0.0444068  0.04605747 0.04345347 0.04377409 0.05415013
 0.05252797 0.04509533 0.03940528 0.04494006 0.04841737 0.05048382] ; 0.2935572616928786 ; 92307.38563540424
[0.04272531 0.04011871 0.0444762  0.04802157 0.04552857 0.05120279
 0.05368657 0.04259636 0.0352538  0.04254723 0.04700617 0.04937325] ; 0.2872495580943706 ; 84492.85495205037
========

Generation 16
========
[0.03904441 0.03907494 0.04105021 0.04427141 0.04066577 0.04841469
 0.05107799 0.04150938 0.03719879 0.040437   0.0429668  0.04453224] ; 0.2689229206794943 ; 8470.264527428462
[0.03929383 0.03944289 0.04143676 0.04115792 0.04030982 0.04823526
 0.05155897 0.04190026 0.03754907 0.04081777 0.0433714  0.04495157] ; 0.2689229206794943 ; 8519.59554349878
[0.04933379 0.05097825 0.05097825 0.0550894  0.05344494 0.06166724
 0.06413393 0.05015602 0.04357818 0.04933379 0.05426717 0.05755609] ; 0.3384449292385407 ; 14367.034738921622
[0.02926835 0.0332513  0.03400749 0.03647235 0.02860999 0.04155352
 0.04107443 0.03789769 0.0326975  0.03567409 0.03459218 0.03353489] ; 0.2207571424664817 ; 15435.94386180417
[0.03589855 0.03512086 0.03342795 0.03600645 0.03205025 0.04325206
 0.04164585 0.03783112 0.03001944 0.03695696 0.03905215 0.04055958] ; 0.23331988547330962 ; 16577.52729982451
[0.03785278 0.03534592 0.03807364 0.04245815 0.03578753 0.04334881
 0.04899613 0.03667124 0.03262169 0.03918103 0.03973844 0.04162555] ; 0.24946517183965328 ; 17223.56949753122
[0.03776443 0.03779397 0.03970448 0.04097882 0.03933264 0.04682753
 0.04940353 0.0401486  0.03597932 0.03911137 0.04064396 0.04307236] ; 0.25862530809073864 ; 37445.67151851411
[0.03679541 0.04084452 0.04110705 0.04569545 0.04238581 0.04590695
 0.05339114 0.0433892  0.0388834  0.04226825 0.04329577 0.04654895] ; 0.2742073688326382 ; 49374.21613701473
[0.03622274 0.03982492 0.04179626 0.03997741 0.04070024 0.04870245
 0.05205834 0.04230609 0.03738198 0.0370918  0.04379148 0.04248219] ; 0.265531958062722 ; 57942.06970699774
[0.03981228 0.0379586  0.04078469 0.04303577 0.04206083 0.04794168
 0.05322452 0.04068742 0.03918467 0.04271433 0.04538066 0.04703636] ; 0.27434956674706557 ; 59593.945116070034
[0.04748282 0.04700262 0.04849579 0.05312606 0.04571609 0.0523786
 0.0585924  0.04321582 0.04149706 0.04767961 0.05119124 0.04974173] ; 0.30906767756062825 ; 78877.78446713745
[0.04861175 0.04907681 0.04917727 0.04956049 0.05266273 0.05839487
 0.0628793  0.04635779 0.03907575 0.04861175 0.05347293 0.05206319] ; 0.32324188909363577 ; 69162.47461703166
========

Generation 17
========
[0.03904441 0.03907494 0.04105021 0.04427141 0.04066577 0.04841469
 0.05107799 0.04150938 0.03719879 0.040437   0.0429668  0.04453224] ; 0.2689229206794943 ; 8470.264527428462
[0.03929383 0.03944289 0.04143676 0.04115792 0.04030982 0.04823526
 0.05155897 0.04190026 0.03754907 0.04081777 0.0433714  0.04495157] ; 0.2689229206794943 ; 8519.59554349878
[0.04933379 0.05097825 0.05097825 0.0550894  0.05344494 0.06166724
 0.06413393 0.05015602 0.04357818 0.04933379 0.05426717 0.05755609] ; 0.3384449292385407 ; 14367.034738921622
[0.02926835 0.0332513  0.03400749 0.03647235 0.02860999 0.04155352
 0.04107443 0.03789769 0.0326975  0.03567409 0.03459218 0.03353489] ; 0.2207571424664817 ; 15435.94386180417
[0.03589855 0.03512086 0.03342795 0.03600645 0.03205025 0.04325206
 0.04164585 0.03783112 0.03001944 0.03695696 0.03905215 0.04055958] ; 0.23331988547330962 ; 16577.52729982451
[0.03785278 0.03534592 0.03807364 0.04245815 0.03578753 0.04334881
 0.04899613 0.03667124 0.03262169 0.03918103 0.03973844 0.04162555] ; 0.24946517183965328 ; 17223.56949753122
[0.03894856 0.03909488 0.04107115 0.03936731 0.03996309 0.04552212
 0.05110405 0.04153056 0.03520801 0.03774696 0.04088227 0.04192621] ; 0.25974531831012376 ; 50302.14152661039
[0.03548573 0.03600224 0.03499307 0.03860977 0.03445091 0.04197221
 0.04676631 0.03644206 0.03436792 0.0341208  0.03674805 0.04049223] ; 0.23755365466152947 ; 28160.228360411442
[0.03942855 0.04081661 0.0440698  0.04437501 0.04355857 0.04732486
 0.05483521 0.04291393 0.03993508 0.04002538 0.04225267 0.04780796] ; 0.27795736262757076 ; 61857.044644355716
[0.04038459 0.04019127 0.04162611 0.038657   0.04103081 0.04916665
 0.04877596 0.04258063 0.03812723 0.04193256 0.0441311  0.04138207] ; 0.2673049911153848 ; 41115.0787874304
[0.0458477  0.04442563 0.04872202 0.0533791  0.04879274 0.0574379
 0.06016983 0.04749952 0.03923118 0.04844407 0.04998696 0.05241028] ; 0.3154727111358955 ; 89426.35226386765
[0.04404937 0.04910491 0.05000692 0.05370851 0.04178018 0.06098778
 0.06087317 0.05111629 0.04594397 0.05169032 0.04649003 0.05066148] ; 0.3199403016155634 ; 59819.42038161948
========

Generation 18
========
[0.03904441 0.03907494 0.04105021 0.04427141 0.04066577 0.04841469
 0.05107799 0.04150938 0.03719879 0.040437   0.0429668  0.04453224] ; 0.2689229206794943 ; 8470.264527428462
[0.03929383 0.03944289 0.04143676 0.04115792 0.04030982 0.04823526
 0.05155897 0.04190026 0.03754907 0.04081777 0.0433714  0.04495157] ; 0.2689229206794943 ; 8519.59554349878
[0.04933379 0.05097825 0.05097825 0.0550894  0.05344494 0.06166724
 0.06413393 0.05015602 0.04357818 0.04933379 0.05426717 0.05755609] ; 0.3384449292385407 ; 14367.034738921622
[0.02926835 0.0332513  0.03400749 0.03647235 0.02860999 0.04155352
 0.04107443 0.03789769 0.0326975  0.03567409 0.03459218 0.03353489] ; 0.2207571424664817 ; 15435.94386180417
[0.03589855 0.03512086 0.03342795 0.03600645 0.03205025 0.04325206
 0.04164585 0.03783112 0.03001944 0.03695696 0.03905215 0.04055958] ; 0.23331988547330962 ; 16577.52729982451
[0.03785278 0.03534592 0.03807364 0.04245815 0.03578753 0.04334881
 0.04899613 0.03667124 0.03262169 0.03918103 0.03973844 0.04162555] ; 0.24946517183965328 ; 17223.56949753122
[0.04559044 0.04273028 0.04523287 0.05030078 0.04433264 0.05695665
 0.05520206 0.04291585 0.04048925 0.04570232 0.04699142 0.05310693] ; 0.3010350767506302 ; 61984.47148433918
[0.03978669 0.03916361 0.04039279 0.04175433 0.03977179 0.04410118
 0.05191417 0.04009474 0.03624091 0.04041732 0.04263989 0.04497971] ; 0.2643292354550205 ; 44494.531095043225
[0.0388934  0.04273601 0.04387926 0.04534198 0.04420665 0.05199615
 0.05213168 0.04246207 0.03613459 0.04287531 0.04235226 0.04635715] ; 0.2791822403851039 ; 67510.81005642643
[0.03582391 0.04029371 0.04129557 0.03967354 0.03425188 0.05027198
 0.04924492 0.04568607 0.03691746 0.04311277 0.04210085 0.0410406 ] ; 0.26413172914202265 ; 55971.59124089451
[0.05189255 0.04842094 0.0536223  0.05794668 0.05368716 0.06486568
 0.06746031 0.05275742 0.04583842 0.05054334 0.05633974 0.05684828] ; 0.3492293977408806 ; 69865.94217849887
[0.04276539 0.03947763 0.04232081 0.0448677  0.03908024 0.05127673
 0.05292828 0.04543606 0.03467694 0.04449604 0.04771577 0.04929795] ; 0.2832714626729289 ; 91217.90975404983
========

Generation 19
========
[0.03904441 0.03907494 0.04105021 0.04427141 0.04066577 0.04841469
 0.05107799 0.04150938 0.03719879 0.040437   0.0429668  0.04453224] ; 0.2689229206794943 ; 8470.264527428462
[0.03929383 0.03944289 0.04143676 0.04115792 0.04030982 0.04823526
 0.05155897 0.04190026 0.03754907 0.04081777 0.0433714  0.04495157] ; 0.2689229206794943 ; 8519.59554349878
[0.04933379 0.05097825 0.05097825 0.0550894  0.05344494 0.06166724
 0.06413393 0.05015602 0.04357818 0.04933379 0.05426717 0.05755609] ; 0.3384449292385407 ; 14367.034738921622
[0.02926835 0.0332513  0.03400749 0.03647235 0.02860999 0.04155352
 0.04107443 0.03789769 0.0326975  0.03567409 0.03459218 0.03353489] ; 0.2207571424664817 ; 15435.94386180417
[0.03589855 0.03512086 0.03342795 0.03600645 0.03205025 0.04325206
 0.04164585 0.03783112 0.03001944 0.03695696 0.03905215 0.04055958] ; 0.23331988547330962 ; 16577.52729982451
[0.03785278 0.03534592 0.03807364 0.04245815 0.03578753 0.04334881
 0.04899613 0.03667124 0.03262169 0.03918103 0.03973844 0.04162555] ; 0.24946517183965328 ; 17223.56949753122
[0.04206927 0.04022524 0.04295494 0.04712248 0.03861622 0.04807443
 0.05464813 0.03846343 0.0375338  0.04011286 0.04465259 0.04683708] ; 0.27595039432004587 ; 45265.654066717085
[0.03889053 0.03971525 0.04172289 0.04499688 0.04133215 0.04733814
 0.05191499 0.04218959 0.03780836 0.04040093 0.04087595 0.04376833] ; 0.26896350561992544 ; 62104.07566664013
[0.03413064 0.03490211 0.03682823 0.03524577 0.03338969 0.04339382
 0.04208252 0.03699063 0.03387331 0.03482956 0.03644333 0.03773088] ; 0.23146897125063537 ; 70234.83766782346
[0.03612284 0.03578427 0.03632078 0.03582409 0.03703447 0.04345211
 0.04737263 0.03624434 0.03163542 0.03523338 0.03986867 0.04132163] ; 0.24156611630761246 ; 61678.12561619499
[0.04136662 0.03858848 0.04146055 0.04501348 0.0402585  0.0478118
 0.05359116 0.04047431 0.0358293  0.04146268 0.04318775 0.04604779] ; 0.27234047975139253 ; 101315.68805350641
[0.05290305 0.0492545  0.05466649 0.05907507 0.05656659 0.06612881
 0.06485385 0.05378477 0.04570295 0.04962306 0.05819336 0.05739981] ; 0.353113004249034 ; 57046.5587182674
========

Generation 20
========
[0.03904441 0.03907494 0.04105021 0.04427141 0.04066577 0.04841469
 0.05107799 0.04150938 0.03719879 0.040437   0.0429668  0.04453224] ; 0.2689229206794943 ; 8470.264527428462
[0.03929383 0.03944289 0.04143676 0.04115792 0.04030982 0.04823526
 0.05155897 0.04190026 0.03754907 0.04081777 0.0433714  0.04495157] ; 0.2689229206794943 ; 8519.59554349878
[0.04933379 0.05097825 0.05097825 0.0550894  0.05344494 0.06166724
 0.06413393 0.05015602 0.04357818 0.04933379 0.05426717 0.05755609] ; 0.3384449292385407 ; 14367.034738921622
[0.02926835 0.0332513  0.03400749 0.03647235 0.02860999 0.04155352
 0.04107443 0.03789769 0.0326975  0.03567409 0.03459218 0.03353489] ; 0.2207571424664817 ; 15435.94386180417
[0.03589855 0.03512086 0.03342795 0.03600645 0.03205025 0.04325206
 0.04164585 0.03783112 0.03001944 0.03695696 0.03905215 0.04055958] ; 0.23331988547330962 ; 16577.52729982451
[0.03785278 0.03534592 0.03807364 0.04245815 0.03578753 0.04334881
 0.04899613 0.03667124 0.03262169 0.03918103 0.03973844 0.04162555] ; 0.24946517183965328 ; 17223.56949753122
[0.03553479 0.03707733 0.04029335 0.04080408 0.03231031 0.04814833
 0.04759044 0.04392573 0.03477819 0.04032954 0.04068759 0.03761772] ; 0.25332302744831753 ; 58149.17143806383
[0.03880665 0.038837   0.04080024 0.04356181 0.03892267 0.04811987
 0.05076696 0.04014269 0.03697228 0.04019076 0.04082614 0.04156114] ; 0.26317458179449643 ; 63285.00263570027
[0.0367313  0.03718594 0.03769222 0.04124129 0.03420692 0.0455665
 0.05066846 0.03516468 0.03464292 0.04040204 0.04049453 0.04337005] ; 0.25299013314620744 ; 49519.15807700809
[0.0368357  0.03519628 0.0406324  0.03729169 0.03723475 0.04597456
 0.05055811 0.03903255 0.03682018 0.04002542 0.04180648 0.04407898] ; 0.2567556592360737 ; 51586.332773795664
[0.03548431 0.03828751 0.03869496 0.0416659  0.03677241 0.04341078
 0.04775983 0.03754919 0.03503201 0.03508117 0.03681606 0.04106887] ; 0.24633427180463527 ; 54602.32633413702
[0.05079462 0.0485324  0.05180987 0.05360378 0.05162813 0.06042232
 0.06589462 0.04723134 0.04287469 0.05109141 0.05201435 0.0565142 ] ; 0.33468676405636166 ; 105242.9593166476
========

