Generation 1
========
[0.03746075 0.03017672 0.02913614 0.03485931 0.03746075 0.02861585
 0.02601441 0.02705499 0.03277816 0.0395419  0.04058248 0.04266363] ; 0.21707881864245665 ; 190703.33266088
[0.05511326 0.05898085 0.05898085 0.06671605 0.06864985 0.07348434
 0.06961675 0.05801396 0.05317946 0.05898085 0.05414636 0.05801396] ; 0.38617516488814707 ; 145970.8575170981
[0.05954817 0.05784679 0.06124954 0.05614541 0.06039885 0.05529473
 0.04763853 0.05869748 0.06380161 0.06039885 0.05189197 0.05869748] ; 0.3636378413145621 ; 201297.67377776274
[0.06390954 0.06390954 0.0616671  0.06278832 0.07736418 0.07624296
 0.06615198 0.07960662 0.07736418 0.06054588 0.056061   0.05493978] ; 0.4232931476539017 ; 176755.0352295557
[0.0217023  0.02469433 0.03238978 0.04800972 0.05725757 0.04279799
 0.03455652 0.03016315 0.02888834 0.02602782 0.02042829 0.01998165] ; 0.21428808733550747 ; 169947.73355993017
[0.03559757 0.04190005 0.05024347 0.05229262 0.05338609 0.04119458
 0.03036259 0.02733563 0.02294173 0.01940104 0.01887872 0.02710983] ; 0.23152996296911554 ; 214514.908922593
[0.07200422 0.06621077 0.05419792 0.04882723 0.04071088 0.04153569
 0.04688141 0.05029748 0.05665503 0.07326864 0.0743824  0.08135262] ; 0.37753004354661196 ; 38103.50321070317
[0.05952952 0.0760395  0.0807851  0.09292812 0.09525974 0.09037984
 0.0694644  0.04589781 0.03201491 0.03043459 0.03248792 0.04595276] ; 0.4188740161519173 ; 139667.66386231565
========

Generation 2
========
[0.0217023  0.02469433 0.03238978 0.04800972 0.05725757 0.04279799
 0.03455652 0.03016315 0.02888834 0.02602782 0.02042829 0.01998165] ; 0.21428808733550747 ; 38103.50321070317
[0.03746075 0.03017672 0.02913614 0.03485931 0.03746075 0.02861585
 0.02601441 0.02705499 0.03277816 0.0395419  0.04058248 0.04266363] ; 0.21707881864245665 ; 139667.66386231565
[0.03559757 0.04190005 0.05024347 0.05229262 0.05338609 0.04119458
 0.03036259 0.02733563 0.02294173 0.01940104 0.01887872 0.02710983] ; 0.23152996296911554 ; 145970.8575170981
[0.05511326 0.05898085 0.05898085 0.06671605 0.06864985 0.07348434
 0.06961675 0.05801396 0.05317946 0.05898085 0.05414636 0.05801396] ; 0.38617516488814707 ; 169947.73355993017
[0.02778841 0.02223274 0.01803275 0.02516564 0.04118327 0.04182737
 0.04367177 0.04437658 0.04536743 0.04963387 0.04140325 0.03712493] ; 0.23902954979165347 ; 35328.403746421835
[0.02103554 0.01854973 0.02069885 0.02938626 0.04337208 0.04371544
 0.04778598 0.05828752 0.05435452 0.03663444 0.02486974 0.02330331] ; 0.23570404826022884 ; 66928.69020355477
[0.04946089 0.05446609 0.05943336 0.06945594 0.0660481  0.04628353
 0.03125216 0.02103484 0.01842201 0.02229515 0.02829905 0.04101233] ; 0.2859578651172745 ; 203133.15961478307
[0.03689914 0.04430669 0.05374484 0.05820403 0.05487641 0.03627438
 0.02767753 0.02101941 0.01526364 0.01323455 0.01659319 0.02667027] ; 0.23110235129478016 ; 223378.401415319
========

Generation 3
========
[0.02103554 0.01854973 0.02069885 0.02938626 0.04337208 0.04371544
 0.04778598 0.05828752 0.05435452 0.03663444 0.02486974 0.02330331] ; 0.23570404826022884 ; 35328.403746421835
[0.02778841 0.02223274 0.01803275 0.02516564 0.04118327 0.04182737
 0.04367177 0.04437658 0.04536743 0.04963387 0.04140325 0.03712493] ; 0.23902954979165347 ; 38103.50321070317
[0.0217023  0.02469433 0.03238978 0.04800972 0.05725757 0.04279799
 0.03455652 0.03016315 0.02888834 0.02602782 0.02042829 0.01998165] ; 0.21428808733550747 ; 66928.69020355477
[0.03746075 0.03017672 0.02913614 0.03485931 0.03746075 0.02861585
 0.02601441 0.02705499 0.03277816 0.0395419  0.04058248 0.04266363] ; 0.21707881864245665 ; 139667.66386231565
[0.02598342 0.0334768  0.04574542 0.06220927 0.06134368 0.03440548
 0.01973424 0.01393529 0.01379477 0.01548675 0.01613694 0.02012743] ; 0.21493614293564595 ; 22764.880743704773
[0.01926693 0.01975895 0.02577146 0.04057919 0.0610272  0.05691031
 0.05243361 0.04937782 0.03634318 0.0225575  0.01586701 0.01783741] ; 0.23869641305106035 ; 8266.940965038448
[0.03332295 0.03060854 0.02708256 0.03781431 0.05651113 0.04800417
 0.03994433 0.03259155 0.02834991 0.03149718 0.03248782 0.03721717] ; 0.23652572605649858 ; 124927.2852846883
[0.01566371 0.01184562 0.01180321 0.01908917 0.03213143 0.03516756
 0.03921208 0.04211944 0.05201755 0.07424038 0.02970166 0.02247392] ; 0.229505245726674 ; 75387.40510242891
========

