9.955109613045884 0.94791 0
9.955110406671972 0.9479021035201333 0
11.545972844136427 -16.74077588138895 0
11.55472499114971 -16.851034255857495 0
11.559934695361385 -16.923364452043735 0
11.565831138845372 -17.01681814884659 0
11.570972914572724 -17.11173703448657 0
11.575333131951586 -17.20808272188906 0
11.578887415110984 -17.30586439920048 0
11.581610592026824 -17.40507513883825 0
11.583477553148716 -17.50570764827077 0
11.58446325676955 -17.607754313332862 0
11.584542732562602 -17.711207185447122 0
11.583691085605187 -17.816057981788575 0
11.581883500361343 -17.92229808888632 0
11.579095244778479 -18.02991855668594 0
11.575301674145306 -18.13891010788698 0
11.570478235186698 -18.249263133059028 0
11.564600470013442 -18.36096769327075 0
11.557644020062751 -18.474013521529923 0
11.549584630101451 -18.58839002294285 0
11.54039815212794 -18.704086276546587 0
11.530060549358724 -18.821091035715867 0
11.518547900078156 -18.939392730227077 0
11.50583640162526 -19.058979466581157 0
11.491902374252387 -19.179839029716536 0
11.476722265012134 -19.30195888426579 0
11.460272651631778 -19.4253261758605 0
11.44253024637457 -19.549927732484015 0
11.423471899855015 -19.67575006608454 0
11.403074604926688 -19.80277937363343 0
11.381315500402104 -19.93100153923584 0
11.358171874918527 -20.060402135226973 0
11.333621170746168 -20.190966423642262 0
11.307640987205641 -20.322679359656586 0
11.280209085237429 -20.45552558900112 0
11.2513033900419 -20.589489455198407 0
11.220901995554474 -20.724554997469628 0
11.188983168022693 -20.86070595320223 0
11.15552534916942 -20.997925761953258 0
11.120507160585568 -21.136197564163066 0
11.083907406827096 -21.275504205337462 0
11.045705079119656 -21.415828237573653 0
11.005879359078545 -21.55715192107476 0
10.964409622233928 -21.699457226383007 0
10.921275440944509 -21.842725838585228 0
10.876456589768779 -21.98693915325096 0
10.829933046146952 -22.132078287910982 0
10.781684996395171 -22.27812407605091 0
10.731692837467396 -22.425057074700938 0
10.679937181828699 -22.572857562360333 0
10.62639885928226 -22.721505545955594 0
10.57105892146508 -22.87098075993834 0
10.513898644766842 -23.02126266993444 0
10.4548995336544 -23.172330475168163 0
10.394043324174513 -23.324163110418265 0
10.33131198664564 -23.47673924998745 0
10.266687729621655 -23.630037308451524 0
10.200153002990579 -23.784035443603738 0
10.131690499917143 -23.93871156194692 0
10.061283162045951 -24.094043316632703 0
9.988914180996424 -24.250008113912074 0
9.914567001857408 -24.406583114928292 0
9.838225327467484 -24.5637452359733 0
9.75987311819723 -24.721471158054655 0
9.679494599199375 -24.879737321000526 0
9.597074260191667 -25.038519932863466 0
9.512596859651499 -25.197794970296027 0
9.426047427494916 -25.357538181965218 0
9.337411267944807 -25.517725091555214 0
9.24667396235163 -25.6783310008301 0
9.15382137197933 -25.839330992730407 0
9.058839640621057 -26.00069993473251 0
8.961715198629598 -26.16241247980312 0
8.862434761617267 -26.324443076245338 0
8.760985339341936 -26.48676596057218 0
8.657354233074267 -26.649355169423178 0
8.551529040197996 -26.812184539502578 0
8.443497656900078 -26.975227710688976 0
8.333248280307469 -27.13845812995931 0
8.220769411126545 -27.301849054503972 0
8.106049855364581 -27.46537355614976 0
7.989078729254251 -27.629004521182804 0
7.8698454570576715 -27.792714660255264 0
7.74833977797113 -27.956476505415356 0
7.6245517459427745 -28.120262417072144 0
7.498471732497945 -28.284044586721365 0
7.370090428938016 -28.447795040518532 0
7.2393988485151635 -28.611485642857954 0
7.1063883284886185 -28.775088100075173 0
6.971050532597873 -28.938573963614765 0
6.833377452194336 -29.101914634808672 0
6.693361409423767 -29.26508136714369 0
6.550995058367668 -29.428045270966603 0
6.406271387268746 -29.59077731686167 0
6.259183720334001 -29.753248339502775 0
6.109725719710721 -29.915429041287418 0
5.957891387112533 -30.07728999633403 0
5.8036750656991885 -30.238801654174544 0
5.647071441756943 -30.399934343641085 0
5.488075546374158 -30.5606582767319 0
5.326682757075742 -30.72094355249601 0
5.162888799098209 -30.8807601612467 0
4.996689748789467 -31.040077986689266 0
4.8280820305703855 -31.19886681424707 0
4.657062424245489 -31.35709632941018 0
4.483628062286334 -31.514736125661283 0
4.307776432373938 -31.671755707344825 0
4.129505380232663 -31.828124492354796 0
3.9488131067435748 -31.983811819846768 0
3.7656981747014333 -32.13878694944442 0
3.5801595058925653 -32.293019068892654 0
3.392196384100505 -32.44647729653767 0
3.20180845445032 -32.599130686860086 0
3.0089957282144737 -32.750948231558354 0
2.813758578830549 -32.90189886767438 0
2.6160977465978332 -33.051951478753985 0
2.416014338100526 -33.201074900179144 0
2.213509827351513 -33.34923792311534 0
2.0085860567168825 -33.49640929861362 0
1.801245236584089 -33.642557742583236 0
1.591489949312958 -33.7876519377069 0
1.37932314530834 -33.931660540892494 0
1.1647481472560235 -34.07455218496763 0
0.9477686492067005 -34.21629548395005 0
0.7283887179982372 -34.356859036701756 0
0.5066127909882732 -34.49621143293489 0
0.2824456823537118 -34.63432125374781 0
0.055892576477784874 -34.7711570802958 0
-0.1730409668126544 -34.90668749499962 0
-0.4043490138051619 -35.04088108696851 0
-0.6380252563768082 -35.173706456106224 0
-0.8740630116452659 -35.305132217309286 0
-1.1124552211143006 -35.43512700437588 0
-1.3531944545208605 -35.56365947644248 0
-1.5962729016739345 -35.69069831789858 0
-1.8416823812683492 -35.81621224741752 0
-2.0894143354315537 -35.940170019331944 0
-2.3394598316264488 -36.06254042889298 0
-2.591809562533746 -36.18329231643953 0
-2.8464538462196787 -36.302394571692666 0
-3.1033826263666815 -36.41981613805737 0
-3.3625854725289863 -36.535526016912954 0
-3.624051580468441 -36.64949327191739 0
-3.887769772513813 -36.76168703329881 0
-4.153728497973041 -36.87207650214722 0
-4.4219158336134425 -36.98063095471222 0
-4.692319484150965 -37.087319746681 0
-4.964926782832951 -37.1921123174716 0
-5.239724692030738 -37.29497819450652 0
-5.516699803909065 -37.3958869974929 0
-5.795838341121506 -37.49480844268909 0
-6.077126157566762 -37.5917123471704 0
-6.360548739198844 -37.68656863309042 0
-6.646091204860834 -37.77934733192716 0
-6.93373830719779 -37.87001858873262 0
-7.2234744335871435 -37.95855266636426 0
-7.515283607148428 -38.04491994971837 0
-7.80914948776873 -38.12909094994448 0
-8.10505537283565 -38.21103630855685 0
-8.402984200935014 -38.29072680233321 0
-8.702918545556656 -38.368133345491366 0
-9.004840627964285 -38.44322699696053 0
-9.308732308251361 -38.51597896186274 0
-9.614575091475643 -38.58636059691857 0
-9.922350128100335 -38.654343414348254 0
-10.232038215389665 -38.71989908599514 0
-10.543619798879726 -38.78299944744244 0
-10.85707497393126 -38.8436165021224 0
-11.172383487196 -38.90172242538453 0
-11.489524738322846 -38.9572895685867 0
-11.808477781569263 -39.01029046314276 0
-12.129221327485887 -39.06069782455987 0
-12.451733744677364 -39.10848455646436 0
-12.775993061610244 -39.15362375460969 0
-13.101976968407799 -39.19608871085838 0
-13.42966281876591 -39.235852917156606 0
-13.759027631863885 -39.27289006948284 0
-14.090048094344207 -39.30717407178046 0
-14.422700562323962 -39.33867903986891 0
-14.756961063459864 -39.36737930533579 0
-15.092805299050672 -39.393249419407184 0
-15.430208646186816 -39.41626415679734 0
-15.76914615996066 -39.43639851953748 0
-16.109592575672906 -39.45362774077925 0
-16.451522311148278 -39.46792728857962 0
-16.794909469037975 -39.479272869659134 0
-17.139727839197413 -39.48764043313832 0
-17.4859509010985 -39.49300617424922 0
-17.833551826284072 -39.49534653802238 0
-18.182503480850396 -39.494638222948524 0
-18.532778428010715 -39.490858184614886 0
-18.8843489306503 -39.48398363931528 0
-19.237186953975907 -39.47399206763322 0
-19.591264168150364 -39.46086121799898 0
-19.94655195101363 -39.444569110218154 0
-20.303021390831702 -39.4250940389724 0
-20.66064328908032 -39.402414577291836 0
-21.019388163256927 -39.37650957999963 0
-21.379226249756474 -39.347358187125835 0
-21.740127506806278 -39.31493982728934 0
