Generation 1
========
[0.06960425 0.07472221 0.07881658 0.06141552 0.05322678 0.05527397
 0.06141552 0.06141552 0.06448629 0.07062785 0.07472221 0.07165144] ; 0.42083326998612847 ; 75729.74883458411
[0.04027249 0.03866159 0.03812463 0.03114406 0.02684833 0.02953316
 0.03919856 0.03651373 0.0289962  0.03275496 0.03007013 0.03597676] ; 0.21696825972605663 ; 29025.708195254632
[0.03462308 0.02867223 0.02921322 0.02975421 0.02975421 0.03083618
 0.03462308 0.03462308 0.03949195 0.03949195 0.03786899 0.037328  ] ; 0.2137772092702304 ; 198205.1634447684
[0.03275609 0.02848356 0.03085719 0.0256352  0.02705938 0.03370555
 0.03560445 0.03987698 0.0365539  0.03418027 0.034655   0.03418027] ; 0.2075535717078297 ; 86894.94167187519
[0.03247607 0.03298351 0.03247607 0.03196863 0.03552071 0.0314612
 0.03399839 0.03552071 0.04008765 0.04211741 0.03552071 0.03399839] ; 0.21979242530440102 ; 82833.63335614167
[0.03511263 0.03907696 0.03907696 0.04304129 0.04077596 0.03681163
 0.03171464 0.04077596 0.04417396 0.03851063 0.03851063 0.0345463 ] ; 0.24369001755929878 ; 364235.71609050536
[0.03971911 0.03902229 0.04390007 0.04529373 0.04529373 0.03971911
 0.03693181 0.04599055 0.04808103 0.04947469 0.05156517 0.04668738] ; 0.280554640844951 ; 33355.024479086474
[0.04556525 0.05003243 0.04735212 0.05360617 0.05986023 0.05896679
 0.04735212 0.05539304 0.05807335 0.05092586 0.05003243 0.05003243] ; 0.3299604492033473 ; 85075.62286601296
[0.03992959 0.04205917 0.04259156 0.04365635 0.03780001 0.03407325
 0.02981409 0.03141128 0.02821691 0.03513804 0.03620283 0.03673522] ; 0.2307348252057746 ; 126316.78044444104
[0.0428552  0.04480316 0.0428552  0.03701131 0.03766063 0.03701131
 0.04090724 0.04804977 0.05064705 0.04740045 0.03960859 0.03895927] ; 0.26812429130653276 ; 153451.8387293412
[0.05169378 0.05415539 0.06154021 0.04595002 0.04512949 0.04923217
 0.05415539 0.06318128 0.06154021 0.05989914 0.04923217 0.05333485] ; 0.34298509163219615 ; 20560.845756712624
[0.05159905 0.04249334 0.04476977 0.05463429 0.05691072 0.04476977
 0.04476977 0.04856382 0.05994596 0.04856382 0.04932263 0.04856382] ; 0.31462834181747007 ; 105144.53197573534
[0.04931056 0.05259793 0.04931056 0.05177609 0.05177609 0.04931056
 0.05341977 0.05670714 0.05752899 0.0558853  0.04848872 0.05095425] ; 0.3286470667451568 ; 125309.74291362966
[0.044451   0.04895237 0.04276299 0.04332566 0.04107498 0.03657361
 0.02869622 0.02869622 0.0309469  0.03544827 0.04332566 0.0483897 ] ; 0.2509890469977071 ; 65539.69001544552
[0.03832628 0.04584123 0.05410768 0.05861666 0.0511017  0.05936815
 0.05861666 0.05711367 0.05711367 0.04959871 0.04884721 0.04584123] ; 0.32957928545586657 ; 87570.5305857615
[0.06246054 0.0544299  0.05621449 0.05353761 0.05353761 0.05621449
 0.05086073 0.04818384 0.05621449 0.0544299  0.0544299  0.06335283] ; 0.34842701235443974 ; 154497.93393144637
[0.07038412 0.06674512 0.06193591 0.06091654 0.0577749  0.05234195
 0.06668246 0.07263641 0.08140429 0.06985001 0.05943219 0.06482287] ; 0.4149771405249445 ; 37436.3431719341
[0.06267441 0.0716108  0.06870679 0.06022398 0.04276895 0.05370572
 0.04870125 0.05939313 0.06323518 0.06814977 0.06861603 0.05931615] ; 0.3852576420502336 ; 84071.85421493884
[0.04178353 0.04712453 0.05297127 0.04991591 0.03965951 0.05614725
 0.05805752 0.05392404 0.05416768 0.04901776 0.04770369 0.04180638] ; 0.3130641882499228 ; 131568.87199333654
[0.03733852 0.03996    0.04248237 0.03624056 0.03152222 0.03265304
 0.03920084 0.03351422 0.0248872  0.02607069 0.02392809 0.03017041] ; 0.21287882005381292 ; 57524.92934118654
[0.04193114 0.03784581 0.03691428 0.03178562 0.02714614 0.02593848
 0.02884167 0.02727307 0.02822261 0.0322064  0.03378695 0.03931408] ; 0.20690767383046457 ; 196428.3140388689
[0.03853414 0.03527324 0.03472706 0.03923643 0.03923643 0.03670224
 0.03138503 0.03365276 0.04351037 0.04624023 0.04660172 0.0373179 ] ; 0.24483598422102945 ; 63739.54728310568
[0.04855136 0.04251469 0.04746771 0.03699175 0.04345449 0.04776341
 0.04374489 0.04087345 0.04234871 0.04640747 0.04645676 0.05036385] ; 0.28211881319121324 ; 178087.7451379861
[0.04104968 0.04559119 0.04206795 0.04633202 0.04855008 0.05133819
 0.04760365 0.05477358 0.05471776 0.04907823 0.04112171 0.04852615] ; 0.299866661808688 ; 70003.47238336901
[0.03938436 0.04261452 0.03679372 0.03847308 0.03270916 0.0309025
 0.02500507 0.02939283 0.02639403 0.03498546 0.03813285 0.03859594] ; 0.21845191748753492 ; 231210.77152648018
[0.04168853 0.04170701 0.04248182 0.03823359 0.04454325 0.04183058
 0.0428763  0.04626963 0.05470243 0.04251939 0.04567705 0.04529276] ; 0.27723537204683735 ; 36364.51209341336
[0.04245864 0.04199549 0.03867121 0.04249638 0.04595076 0.04821213
 0.055486   0.06438842 0.06730312 0.06265314 0.05199185 0.04837379] ; 0.3238101492463101 ; 130689.9692032518
[0.03423949 0.03460515 0.03850695 0.0464247  0.04398129 0.03453071
 0.02983721 0.04387029 0.0476464  0.03395816 0.04153789 0.03726193] ; 0.24902990577581932 ; 129223.51147303113
[0.05616243 0.05985782 0.06009114 0.04992262 0.0392225  0.03913111
 0.04433304 0.04202344 0.05243749 0.05272179 0.06061214 0.05802229] ; 0.32548110135446257 ; 166204.4055608576
[0.04264619 0.05216132 0.05030513 0.05635621 0.0511584  0.04909509
 0.04936696 0.05631299 0.05447939 0.04846545 0.05385003 0.05319331] ; 0.32426843354723994 ; 137956.67434849075
[0.04574942 0.05094709 0.0480639  0.0505724  0.04813996 0.04596926
 0.04467074 0.04745858 0.05227812 0.06109504 0.05918959 0.05870474] ; 0.3227372761064917 ; 137053.24923467077
[0.04723241 0.04755279 0.04738649 0.04609561 0.04964597 0.05712895
 0.0471853  0.06324857 0.05307225 0.04719082 0.05456077 0.0549841 ] ; 0.3237262375942104 ; 91444.4189065066
========

