-407.76,173500
-162,164,-0.00,-12.70,-407.97,173594
-162,164,-0.00,-12.70,-408.08,173688
-162,164,-0.00,-7.81,-407.87,173784
-162,164,-0.00,-12.70,-407.82,173878
-162,164,-0.00,-12.70,-407.70,173973
-162,164,-0.00,-12.70,-407.50,174067
-162,164,-0.00,-7.81,-407.73,174162
-162,164,-0.00,-7.81,-407.95,174257
-162,164,-0.00,-12.70,-407.81,174351
-162,164,-0.00,-7.81,-407.87,174446
-162,164,-0.00,-12.70,-408.06,174540
-162,164,-0.00,-7.81,-408.04,174636
-162,164,-0.00,-12.70,-407.80,174730
-162,164,-0.00,-12.70,-407.73,174825
-162,164,-0.00,-7.81,-408.32,174919
-162,164,-0.00,-12.70,-407.79,175013
-162,163,-0.00,-12.70,-408.10,175109
-162,163,-0.00,-7.81,-408.06,175203
-162,163,-0.00,-12.70,-408.16,175298
-162,163,-0.00,-7.81,-407.99,175392
-162,163,-0.00,-12.70,-407.77,175486
-162,163,-0.00,-7.81,-407.79,175582
-162,163,-0.00,-12.70,-407.77,175676
-162,163,-0.00,-7.81,-408.10,175771
-162,163,-0.00,-7.81,-408.03,175865
-162,163,-0.00,-12.70,-407.88,175961
-162,163,-0.00,-12.70,-408.13,176055
-162,163,-0.00,-12.70,-407.90,176149
-162,163,-0.00,-7.81,-407.90,176244
-162,163,-0.00,-7.81,-407.57,176338
-162,163,-0.00,-7.81,-407.74,176434
-162,163,-0.00,-7.81,-407.77,176528
-162,163,-0.00,-12.70,-408.01,176622
-162,163,-0.00,-7.81,-407.81,176717
-162,163,-0.00,-12.70,-407.66,176812
-162,163,-0.00,-7.81,-407.62,176907
-162,163,-0.00,-7.81,-407.57,177001
-162,163,-0.00,-7.81,-407.62,177095
-162,163,-0.00,-12.70,-407.87,177190
-162,163,-0.00,-12.70,-408.01,177285
-162,163,-0.00,-12.70,-407.91,177380
-161,163,-0.00,-12.70,-407.95,177474
-161,163,-0.00,-12.70,-407.90,177568
-161,163,-0.00,-7.81,-408.01,177664
-161,163,-0.00,-12.70,-407.84,177758
-161,163,-0.00,-12.70,-407.96,177853
-161,163,-0.00,-12.70,-407.87,177947
-161,163,-0.00,-7.81,-407.97,178041
-161,163,-0.00,-12.70,-408.08,178137
-161,163,-0.00,-12.70,-407.73,178231
-161,163,-0.00,-7.81,-407.87,178326
-161,163,-0.00,-7.81,-407.82,178420
-161,163,-0.00,-12.70,-407.82,178515
-161,163,-0.00,-12.70,-408.02,178610
-161,163,-0.00,-7.81,-407.79,178704
-161,163,-0.00,-12.70,-408.04,178799
-161,163,-0.00,-7.81,-407.80,178893
-161,163,-0.00,-7.81,-407.69,178989
-158,162,-0.50,-12.70,-408.11,179083
1092,160,-0.50,-500.98,-405.16,179178
2444,170,-0.04,-413.09,-403.97,179272
3824,187,0.03,-339.84,-404.93,179366
5120,188,-0.46,-457.03,-409.13,179462
6479,206,-0.03,-500.98,-403.99,179556
7840,224,-0.03,-334.96,-407.73,179651
9158,234,-0.34,-417.97,-407.45,179745
10514,251,-0.03,-500.98,-407.01,179840
11858,272,-0.50,-334.96,-407.66,179935
13200,287,-0.43,-500.98,-408.24,180029
14552,304,-0.03,-417.97,-406.62,180124
15890,322,-0.44,-417.97,-407.66,180218
17236,341,-0.19,-417.97,-408.14,180314
18584,359,-0.08,-500.98,-408.41,180408
19920,376,-0.34,-417.97,-407.80,180502
21270,396,-0.21,-500.98,-407.07,180597
22621,416,-0.36,-417.97,-408.35,180691
23963,434,-0.50,-413.09,-408.23,180787
25309,454,-0.25,-417.97,-408.01,180881
26651,474,-0.32,-417.97,-408.16,180975
27997,492,-0.32,-417.97,-407.79,181070
29345,513,-0.09,-417.97,-407.72,181165
30687,534,-0.27,-417.97,-408.32,181260
32032,552,-0.30,-417.97,-408.33,181354
33380,572,-0.20,-500.98,-407.79,181448
34721,590,-0.45,-413.09,-408.59,181543
36066,609,-0.41,-417.97,-408.22,181638
37414,630,-0.15,-500.98,-407.63,181733
38759,648,-0.24,-417.97,-408.30,181827
40103,668,-0.24,-413.09,-407.96,181921
41449,688,-0.16,-496.09,-408.25,182017
42791,706,-0.25,-417.97,-408.56,182111
44140,726,-0.32,-500.98,-408.53,182206
45484,746,-0.24,-500.98,-407.94,182300
46828,764,-0.50,-417.97,-408.34,182395
48174,784,-0.30,-500.98,-408.61,182490
49517,803,-0.32,-500.98,-408.46,182584
50865,821,-0.26,-491.21,-408.38,182679
52213,841,-0.16,-500.98,-408.37,182773
53559,860,-0.30,-500.98,-408.26,182868
54903,878,-0.34,-417.97,-408.66,182963
56249,898,-0.28,-417.97,-408.47,183057
57595,918,-0.37,-417.97,-408.33,183152
58943,937,-0.37,-417.97,-408.16,183246
60291,956,-0.22,-496.09,-407.82,183342
61633,976,-0.24,-417.97,-408.55,183436
62977,994,-0.28,-334.96,-408.55,183530
64328,1014,-0.26,-417.97,-408.22,183625
65675,1034,-0.30,-500.98,-408.01,183719
67019,1052,-0.41,-500.98,-408.46,183815
68365,1072,-0.45,-417.97,-407.82,183909
69710,1091,-0.35,-500.98,-407.94,184003
71056,1110,-0.33,-500.98,-408.24,184098
72404,1130,-0.34,-496.09,-408.27,184193
73752,1150,-0.27,-417.97,-408.01,184288
75094,1170,-0.23,-500.98,-408.06,184382
76438,1189,-0.34,-408.20,-407.97,184477
77786,1208,-0.40,-500.98,-408.45,184571
79134,1228,-0.41,-500.98,-408.64,184666
80477,1247,-0.37,-422.85,-408.72,184761
81822,1268,-0.40,-417.97,-407.86,184855
83168,1288,-0.26,-417.97,-409.34,184950
84514,1307,-0.23,-417.97,-408.39,185044
85856,1328,-0.32,-334.96,-407.50,185139
87206,1348,-0.32,-334.96,-407.62,185234
88550,1368,-0.36,-417.97,-408.84,185328
89892,1388,-0.50,-417.97,-408.76,185423
91241,1408,-0.49,-417.97,-408.26,185518
92584,1428,-0.36,-500.98,-408.59,185612
93932,1448,-0.33,-417.97,-408.54,185707
95281,1470,-0.34,-417.97,-407.99,185801
96630,1490,-0.31,-413.09,-408.22,185896
97974,1510,-0.28,-417.97,-408.55,185991
99318,1531,-0.42,-496.09,-409.10,186085
100667,1550,-0.40,-500.98,-408.78,186180
102016,1570,-0.50,-417.97,-408.30,186274
103360,1590,-0.44,-500.98,-409.16,186370
104708,1610,-0.44,-417.97,-409.02,186464
106052,1630,-0.36,-500.98,-409.96,186558
105141,1630,-0.09,480.47,-423.68,186653
103798,1614,-0.05,480.47,-421.87,186747
102449,1594,-0.08,397.46,-413.13,186843
101105,1570,-0.14,402.34,-410.15,186937
99761,1548,-0.09,397.46,-408.81,187031
98415,1527,-0.08,480.47,-408.26,187126
97069,1506,-0.13,475.59,-407.87,187220
95727,1485,-0.04,402.34,-408.16,187316
94381,1464,-0.03,397.46,-408.39,187410
93035,1444,-0.03,480.47,-408.64,187505
91692,1424,-0.05,407.23,-408.18,187599
90345,1404,-0.04,397.46,-408.57,187694
88997,1382,-0.07,480.47,-408.66,187789
87653,1362,-0.16,397.46,-408.45,187883
86309,1342,-0.05,402.34,-407.66,187978
84965,1322,-0.05,480.47,-407.46,188072
83619,1303,-0.05,397.46,-407.92,188167
82276,1284,-0.05,314.45,-407.90,188262
80927,1264,-0.05,314.45,-408.39,188356
79579,1245,-0.10,397.46,-407.75,188451
78237,1224,-0.08,319.34,-408.75,188546
76894,1204,-0.06,402.34,-408.19,188640
75545,1185,-0.14,402.34,-407.94,188735
74199,1165,-0.11,402.34,-407.69,188829
72857,1146,-0.04,480.47,-408.07,188924
71511,1130,-0.03,402.34,-407.73,189019
70167,1109,-0.04,480.47,-409.02,189113
68825,1090,-0.05,397.46,-407.82,189208
67481,1073,-0.05,475.59,-407.50,189302
66135,1054,-0.06,402.34,-408.73,189398
64795,1036,-0.05,480.47,-407.30,189492
63445,1017,-0.06,480.47,-407.07,189586
62101,998,-0.05,480.47,-408.18,189681
60759,979,-0.04,475.59,-408.66,189775
59409,962,-0.05,397.46,-407.35,189871
58065,943,-0.03,480.47,-408.36,189965
56717,924,-0.06,402.34,-408.90,190059
55369,905,-0.10,480.47,-407.55,190154
54032,886,-0.04,397.46,-407.85,190248
52686,870,-0.04,397.46,-407.76,190344
51334,851,-0.05,397.46,-407.31,190438
50000,834,-0.01,480.47,-408.23,190532
48646,817,-0.01,480.47,-408.68,190627
47292,796,-0.04,397.46,-407.16,190722
45956,778,-0.03,480.47,-407.71,190817
44608,760,-0.05,480.47,-408.64,190911
43254,740,-0.05,397.46,-407.55,191006
41918,723,-0.04,480.47,-407.70,191100
40574,706,-0.04,397.46,-407.82,191195
39217,686,-0.03,397.46,-407.73,191290
37879,671,-0.04,402.34,-406.49,191384
36529,652,-0.05,480.47,-409.20,191479
35185,633,-0.03,402.34,-407.60,191574
33841,617,-0.05,475.59,-407.40,191668
32493,597,-0.05,475.59,-408.76,191763
31157,579,-0.01,397.46,-407.45,191857
29805,562,-0.05,480.47,-407.95,191952
28464,546,-0.03,480.47,-406.99,192047
27123,527,0.01,397.46,-408.29,192141
25768,511,-0.02,480.47,-407.30,192236
24424,493,-0.03,402.34,-407.78,192330
23096,476,0.02,397.46,-408.00,192425
21730,459,-0.12,480.47,-408.62,192520
20396,440,-0.02,402.34,-407.76,192614
19072,424,0.03,397.46,-407.70,192709
17692,408,-0.12,397.46,-406.74,192803
16362,392,-0.00,402.34,-407.24,192899
15041,378,0.02,460.94,-408.18,192993
13668,362,-0.05,475.59,-408.18,193087
12331,346,0.02,397.46,-406.73,193182
11001,334,-0.00,480.47,-408.38,193276
9624,318,-0.05,397.46,-408.43,193372
8317,303,0.39,314.45,-406.54,193466
6951,296,-0.06,480.47,-405.98,193560
5595,280,0.02,314.45,-408.98,193655
4283,266,0.04,480.47,-407.13,193750
2909,262,-0.03,402.34,-406.65,193845
1596,238,0.50,314.45,-411.90,193939
246,231,0.05,397.46,-403.24,194034
-1149,221,-0.14,397.46,-413.31,194128
-281,208,0.29,-505.86,-396.92,194223
1034,222,-0.50,-417.97,-395.88,194318
2378,226,-0.04,-417.97,-416.26,194412
3754,229,0.01,-500.98,-401.76,194507
5055,235,-0.50,-500.98,-406.77,194601
6408,245,-0.06,-481.45,-406.92,194696
7778,258,-0.01,-496.09,-406.02,194791
9088,267,-0.35,-417.97,-406.77,194885
10440,280,-0.03,-500.98,-406.68,194980
11790,297,-0.11,-339.84,-406.17,195075
13126,311,-0.27,-500.98,-407.94,195169
14476,325,-0.03,-500.98,-407.19,195264
15814,340,-0.50,-500.98,-407.54,195358
16851,353,-0.00,-173.83,-411.24,195453
16361,350,-0.00,231.45,-419.26,195548
15332,335,-0.00,397.46,-416.70,195643
13932,321,-0.00,485.35,-411.84,195737
12247,304,-0.00,563.48,-410.09,195831
10462,287,-0.00,475.59,-407.96,195927
8711,269,-0.00,641.60,-407.26,196021
7113,252,-0.00,480.47,-406.03,196116
5719,240,-0.00,402.34,-404.77,196210
5001,240,-0.00,231.45,-402.62,196304
4523,225,-0.00,-173.83,-411.09,196400
4695,225,-0.00,153.32,-400.64,196494
4714,226,-0.00,-95.70,-408.18,196588
4659,227,-0.00,-12.70,-407.65,196683
4669,227,-0.00,-12.70,-407.38,196777
4680,227,-0.00,-7.81,-407.54,196873
4680,227,-0.00,-12.70,-407.66,196967
4680,227,-0.00,-12.70,-407.93,197061
4680,227,-0.00,-7.81,-407.70,197156
4680,226,-0.00,-12.70,-407.79,197251
4680,226,-0.00,-7.81,-407.91,197346
4680,226,-0.00,-7.81,-408.23,197440
4680,226,-0.00,-7.81,-408.12,197534
4680,225,-0.00,-12.70,-408.13,197629
4680,225,-0.00,-12.70,-407.98,197724
4680,225,-0.00,-12.70,-407.77,197819
4680,225,-0.00,-7.81,-407.79,197913
4680,225,-0.00,-12.70,-407.92,198007
4680,225,-0.00,-12.70,-407.73,198103
4680,225,