-1103.40,434490
-255,292,-0.00,-7.81,-1103.13,434584
-255,292,-0.00,-7.81,-1103.36,434679
-255,292,-0.00,-7.81,-1103.50,434774
-255,292,-0.00,-7.81,-1103.23,434869
-255,291,-0.00,-7.81,-1103.28,434963
-255,291,-0.00,-12.70,-1103.27,435057
-255,291,-0.00,-12.70,-1103.54,435152
-255,291,-0.00,-12.70,-1103.41,435247
-255,291,-0.00,-7.81,-1103.16,435342
-255,291,-0.00,-12.70,-1103.22,435436
-255,291,-0.00,-7.81,-1103.51,435531
-255,291,-0.00,-7.81,-1103.46,435625
-255,291,-0.00,-7.81,-1103.34,435720
-255,291,-0.00,-12.70,-1103.20,435815
-255,291,-0.00,-12.70,-1103.16,435909
-255,291,-0.00,-7.81,-1103.47,436004
-255,291,-0.00,-12.70,-1103.49,436099
-255,291,-0.00,-7.81,-1103.49,436194
-255,291,-0.00,-7.81,-1103.07,436288
-255,291,-0.00,-7.81,-1102.88,436382
-255,291,-0.00,-12.70,-1102.81,436477
-255,291,-0.00,-12.70,-1103.20,436572
-255,291,-0.00,-7.81,-1103.17,436667
-255,291,-0.00,-7.81,-1103.14,436761
-255,291,-0.00,-12.70,-1103.35,436856
-255,291,-0.00,-7.81,-1103.54,436951
-255,291,-0.00,-7.81,-1103.75,437045
-255,291,-0.00,-7.81,-1103.33,437140
-255,291,-0.00,-7.81,-1103.13,437234
-255,291,-0.00,-7.81,-1103.34,437329
-255,291,-0.00,-7.81,-1103.26,437424
-255,291,-0.00,-12.70,-1103.30,437519
-255,291,-0.00,-12.70,-1103.33,437613
-255,291,-0.00,-12.70,-1103.28,437707
-255,291,-0.00,-12.70,-1103.29,437803
-255,291,-0.00,-12.70,-1103.09,437897
-255,291,-0.00,-7.81,-1103.25,437992
-255,291,-0.00,-7.81,-1103.36,438086
-255,291,-0.00,-12.70,-1103.29,438181
-255,291,-0.00,-12.70,-1103.32,438276
-255,291,-0.00,-7.81,-1103.18,438370
-255,291,-0.00,-12.70,-1103.09,438465
-255,291,-0.00,-12.70,-1103.23,438559
-255,291,-0.00,-7.81,-1103.41,438654
-255,291,-0.00,-7.81,-1103.30,438749
-255,291,-0.00,-12.70,-1103.22,438844
221,291,-0.17,-500.98,-1102.75,438938
1573,301,-0.01,-417.97,-1102.54,439033
2928,298,-0.03,-413.09,-1103.32,439128
4257,301,-0.12,-417.97,-1102.27,439223
5610,311,-0.01,-500.98,-1102.70,439317
6953,314,-0.23,-417.97,-1102.76,439411
8293,327,-0.05,-496.09,-1102.60,439506
9646,341,-0.03,-496.09,-1102.92,439601
10986,345,-0.30,-413.09,-1103.40,439696
12330,363,-0.13,-417.97,-1103.18,439790
13684,378,-0.05,-427.73,-1103.22,439884
15021,385,-0.26,-417.97,-1103.05,439980
16370,409,-0.05,-417.97,-1102.95,440074
17721,419,-0.04,-417.97,-1103.42,440169
19060,430,-0.09,-417.97,-1103.32,440263
20407,453,-0.03,-500.98,-1102.83,440358
21753,462,-0.18,-417.97,-1103.12,440453
23095,478,-0.17,-422.85,-1103.23,440547
24441,500,-0.08,-417.97,-1103.35,440642
25783,510,-0.27,-339.84,-1103.43,440736
27131,529,-0.13,-500.98,-1103.22,440832
28479,547,-0.04,-500.98,-1103.40,440926
29819,562,-0.10,-496.09,-1103.62,441021
31170,583,-0.08,-417.97,-1103.09,441115
32516,598,-0.06,-417.97,-1103.40,441209
33856,612,-0.15,-339.84,-1103.45,441305
35202,634,-0.25,-334.96,-1103.50,441399
36549,648,-0.20,-339.84,-1103.93,441494
37894,667,-0.15,-334.96,-1103.45,441588
39243,687,-0.07,-413.09,-1103.19,441683
40587,701,-0.13,-500.98,-1103.46,441778
41933,721,-0.07,-417.97,-1103.65,441873
43279,740,-0.04,-500.98,-1103.37,441967
44624,756,-0.22,-500.98,-1103.34,442061
45975,777,-0.17,-417.97,-1103.58,442157
47324,795,-0.12,-417.97,-1103.50,442251
48668,811,-0.17,-500.98,-1103.53,442346
50012,831,-0.15,-500.98,-1103.60,442440
51363,849,-0.04,-417.97,-1103.96,442535
52710,867,-0.06,-417.97,-1103.73,442630
54059,887,-0.15,-413.09,-1103.57,442724
55406,904,-0.17,-417.97,-1103.83,442819
56755,923,-0.20,-496.09,-1103.74,442913
58097,943,-0.20,-417.97,-1103.63,443009
59445,960,-0.25,-417.97,-1103.85,443103
60792,979,-0.11,-417.97,-1103.80,443198
62136,999,-0.08,-500.98,-1103.60,443292
63480,1017,-0.15,-417.97,-1103.65,443386
64828,1037,-0.10,-457.03,-1103.44,443482
66172,1055,-0.10,-417.97,-1103.50,443576
67519,1074,-0.27,-417.97,-1103.79,443671
68863,1093,-0.29,-417.97,-1103.74,443765
70208,1112,-0.14,-417.97,-1103.95,443860
71550,1131,-0.14,-500.98,-1104.02,443955
72896,1151,-0.16,-457.03,-1103.94,444049
74242,1170,-0.08,-500.98,-1103.90,444144
75584,1190,-0.08,-417.97,-1103.87,444238
76928,1210,-0.22,-417.97,-1103.99,444334
78274,1229,-0.27,-496.09,-1103.92,444428
79617,1249,-0.31,-496.09,-1103.88,444523
80960,1271,-0.23,-417.97,-1104.18,444617
82308,1289,-0.24,-500.98,-1103.40,444711
83657,1309,-0.13,-496.09,-1096.38,444807
85000,1329,-0.09,-496.09,-1079.24,444901
86344,1349,-0.17,-417.97,-1059.99,444996
87688,1369,-0.17,-500.98,-1045.35,445090
89032,1389,-0.19,-417.97,-1032.29,445186
90378,1409,-0.36,-500.98,-1023.24,445280
91727,1431,-0.30,-417.97,-1026.15,445374
93072,1455,-0.15,-500.98,-1049.98,445469
94419,1477,-0.10,-417.97,-1086.08,445563
95762,1499,-0.19,-413.09,-1094.92,445659
97110,1523,-0.13,-500.98,-1093.49,445753
98456,1543,-0.14,-417.97,-1101.44,445848
99803,1565,-0.30,-334.96,-1100.27,445942
101149,1587,-0.26,-417.97,-1100.74,446036
102493,1609,-0.27,-500.98,-1101.87,446132
103835,1630,-0.27,-339.84,-1102.86,446226
105185,1651,-0.26,-417.97,-1103.84,446321
104300,1651,-0.03,402.34,-1108.69,446415
102966,1632,-0.00,397.46,-1109.94,446511
101625,1611,-0.01,480.47,-1105.66,446605
100282,1590,0.00,475.59,-1103.66,446699
98933,1566,-0.03,402.34,-1104.84,446794
97589,1540,-0.03,475.59,-1106.60,446888
96247,1519,-0.01,480.47,-1104.77,446984
94897,1496,-0.03,402.34,-1103.90,447078
93555,1476,-0.03,397.46,-1104.08,447173
92211,1454,-0.01,480.47,-1103.42,447267
90860,1433,-0.01,480.47,-1103.16,447362
89517,1414,-0.02,314.45,-1103.35,447457
88170,1391,-0.01,397.46,-1103.79,447551
86822,1371,-0.01,402.34,-1103.24,447646
85478,1350,-0.03,397.46,-1104.22,447740
84135,1330,-0.00,480.47,-1109.79,447836
82782,1310,-0.01,319.34,-1113.37,447930
81437,1292,0.00,480.47,-1106.35,448024
80092,1271,0.02,397.46,-1106.60,448119
78743,1252,0.01,402.34,-1104.38,448214
77398,1232,0.00,480.47,-1102.73,448309
76052,1212,-0.01,397.46,-1106.09,448403
74704,1194,-0.01,475.59,-1107.23,448498
73362,1174,-0.01,480.47,-1106.88,448592
72017,1156,-0.00,480.47,-1106.60,448687
70670,1138,-0.01,480.47,-1107.74,448782
69326,1120,-0.00,397.46,-1109.79,448876
67982,1100,0.01,402.34,-1109.31,448971
66630,1083,-0.01,402.34,-1107.95,449065
65286,1063,-0.01,480.47,-1106.31,449161
63944,1045,0.00,397.46,-1104.08,449255
62592,1028,-0.01,397.46,-1103.93,449349
61246,1009,-0.01,480.47,-1104.66,449444
59904,992,0.01,475.59,-1103.23,449539
58554,973,0.02,392.58,-1101.53,449634
57208,954,0.01,460.94,-1100.68,449728
55870,940,0.02,397.46,-1102.05,449823
54520,920,0.01,480.47,-1105.66,449917
53168,902,-0.01,402.34,-1108.31,450012
51830,887,0.00,397.46,-1107.03,450107
50480,866,0.00,475.59,-1104.00,450201
49132,850,-0.01,402.34,-1102.80,450296
47793,835,0.01,480.47,-1105.48,450391
46441,814,0.01,470.70,-1108.39,450486
45093,799,0.00,397.46,-1109.50,450580
43755,783,-0.00,397.46,-1109.62,450674
42402,763,-0.01,314.45,-1107.70,450769
41056,748,0.00,397.46,-1106.28,450864
39717,732,0.00,397.46,-1106.02,450959
38363,711,0.01,319.34,-1105.50,451053
37017,696,0.02,397.46,-1103.97,451148
35672,680,0.03,480.47,-1101.82,451243
34325,660,0.02,480.47,-1101.98,451337
32975,646,0.01,397.46,-1103.30,451432
31634,629,0.01,475.59,-1103.22,451526
30288,612,0.01,480.47,-1103.21,451621
28940,600,0.00,480.47,-1103.41,451716
27598,580,0.00,480.47,-1103.52,451811
26252,564,0.01,397.46,-1103.68,451905
24906,554,0.02,412.11,-1103.49,451999
23558,534,-0.00,402.34,-1103.28,452094
22223,519,0.03,397.46,-1102.91,452189
20874,509,0.01,451.17,-1102.72,452284
19530,489,0.01,480.47,-1103.11,452378
18193,476,0.02,397.46,-1103.34,452473
16846,466,0.02,319.34,-1102.99,452568
15488,445,0.01,397.46,-1103.36,452662
14164,437,0.05,397.46,-1102.91,452757
12811,426,0.04,397.46,-1102.92,452851
11441,407,0.00,480.47,-1103.37,452946
10126,398,0.03,402.34,-1103.01,453041
8769,390,0.01,329.10,-1103.20,453136
7410,372,0.01,397.46,-1103.13,453230
6081,366,0.01,480.47,-1102.83,453324
4725,358,0.00,397.46,-1103.08,453420
3387,346,0.39,397.46,-1102.99,453514
2041,342,0.01,397.46,-1102.73,453609
672,337,-0.01,451.17,-1102.87,453703
-642,329,0.36,397.46,-1103.13,453798
126,328,-0.05,-417.97,-1102.23,453893
1474,337,-0.00,-496.09,-1102.18,453987
2611,337,-0.00,-413.09,-1103.22,454082
3155,340,-0.00,-95.70,-1101.93,454176
3012,336,-0.00,70.31,-1104.82,454272
2627,332,-0.00,-7.81,-1103.52,454366
2739,331,-0.00,-95.70,-1101.99,454460
2695,331,-0.00,-7.81,-1103.14,454555
2724,331,-0.00,-12.70,-1103.23,454649
2711,331,-0.00,-7.81,-1103.04,454745
2712,331,-0.00,-7.81,-1103.11,454839
2714,330,-0.00,-12.70,-1103.26,454934
2713,330,-0.00,-12.70,-1103.08,455028
2713,330,-0.00,-12.70,-1102.85,455122
2713,330,-0.00,-12.70,-1103.09,455218
2713,330,-0.00,-12.70,-1103.09,455312
2713,330,-0.00,-7.81,-1102.95,455407
2713,330,-0.00,-12.70,-1103.11,455501
2713,330,-0.00,-12.70,-1103.21,455596
2713,330,-0.00,-12.70,-1103.18,455691
2713,330,-0.00,-7.81,-1103.13,455785
2713,330,-0.00,-12.70,-1103.09,455880
2713,330,-0.00,-7.81,-1103.12,455974
2713,330,-0.00,-12.70,-1103.12,456070
2713,330,-0.00,-7.81,-1103.12,456164
2713,330,-0.00,-7.81,-1103.14,456258
2713,330,-0.00,-12.70,-1102.97,456353
2713,330,-0.00,-12.70,-1103.25,456448
2713,330,-0.00,-12.70,-1103.24,456543
2713,330,-0.00,-7.81,-1103.35,456637
2713,330,-0.00,-7.81,-1103.33,456732
2713,330,-0.00,-12.70,-1103.26,456826
2713,330,-0.00,-12.70,-1103.18,456921
2713,330,-0.00,-7.81,-1103.18,457016
2713,330,-0.00,-12.70,-1103.32,457110
2713,330,-0.00,-12.70,-1103.48,457205
2713,330,-0.00,-12.70,-1103.48,457299
2713,330,-0.00,-12.70,-1103.29,457395
2713,330,-0.00,-12.70,-1102.99,457489
2713,330,-0.00,-7.81,-1103.32,457583
2713,330,-0.00,-12.70,-1103.49,457678
2713,330,-0.00,-12.70,-1103.39,457773
2713,329,-0.00,-7.81,-1103.35,457868
2713,329,-0.00,-12.70,