0,825.00,409.00,0,63000
0,0,826.00,409.00,0,63007
0,0,826.00,409.00,0,63014
0,0,825.00,408.00,0,63022
0,0,826.00,409.00,0,63029
0,0,825.00,409.00,0,63036
0,0,825.00,408.00,0,63042
0,0,826.00,409.00,0,63049
0,0,826.00,409.00,0,63056
0,0,826.00,409.00,0,63064
0,0,826.00,409.00,0,63071
0,0,826.00,408.00,0,63078
0,0,825.00,409.00,0,63084
0,0,826.00,409.00,0,63091
0,0,826.00,409.00,0,63098
0,0,826.00,409.00,0,63106
0,0,826.00,409.00,0,63113
0,0,826.00,409.00,0,63120
0,0,826.00,409.00,0,63127
0,0,826.00,409.00,0,63133
0,0,825.00,408.00,0,63140
0,0,826.00,409.00,0,63148
0,0,826.00,409.00,0,63155
0,0,826.00,409.00,0,63162
0,0,826.00,408.00,0,63169
0,0,826.00,409.00,0,63176
0,0,825.00,408.00,0,63182
0,0,826.00,409.00,0,63190
0,0,825.00,409.00,0,63197
0,0,826.00,409.00,0,63204
0,0,826.00,409.00,0,63211
0,0,825.00,409.00,0,63218
0,0,826.00,409.00,0,63225
0,0,826.00,409.00,0,63232
0,0,826.00,408.00,0,63239
0,0,825.00,409.00,0,63246
0,0,826.00,409.00,0,63253
0,0,826.00,409.00,0,63260
0,0,826.00,409.00,0,63267
0,0,826.00,409.00,0,63275
0,0,825.00,408.00,0,63281
0,0,825.00,408.00,0,63288
0,0,826.00,409.00,0,63295
0,0,826.00,409.00,0,63302
0,0,826.00,409.00,0,63309
0,0,825.00,409.00,0,63316
0,0,826.00,408.00,0,63324
0,0,826.00,408.00,0,63330
0,0,826.00,408.00,0,63337
0,0,826.00,409.00,0,63344
0,0,826.00,409.00,0,63351
0,0,826.00,409.00,0,63358
0,0,826.00,408.00,0,63366
0,0,826.00,409.00,0,63373
0,0,825.00,409.00,0,63379
0,0,826.00,408.00,0,63386
0,0,826.00,409.00,0,63393
0,0,826.00,408.00,0,63400
0,0,826.00,409.00,0,63408
0,0,826.00,409.00,0,63415
0,0,826.00,409.00,0,63422
0,0,826.00,408.00,0,63428
0,0,826.00,408.00,0,63435
0,0,826.00,409.00,0,63442
0,0,826.00,409.00,0,63450
0,0,826.00,409.00,0,63457
0,0,826.00,409.00,0,63464
0,0,826.00,409.00,0,63471
0,0,825.00,408.00,0,63477
0,0,825.00,409.00,0,63484
0,0,826.00,409.00,0,63492
0,0,826.00,409.00,0,63499
0,0,826.00,409.00,0,63506
0,0,826.00,409.00,0,63513
0,0,825.00,409.00,0,63520
0,0,825.00,408.00,0,63526
0,0,826.00,408.00,0,63534
0,0,826.00,408.00,0,63541
0,0,826.00,409.00,0,63548
0,0,825.00,409.00,0,63555
0,0,825.00,409.00,0,63562
0,0,825.00,409.00,0,63569
0,0,825.00,408.00,0,63576
0,0,826.00,409.00,0,63583
0,0,826.00,409.00,0,63590
0,0,826.00,409.00,0,63597
0,0,826.00,409.00,0,63604
0,0,826.00,409.00,0,63611
0,0,825.00,409.00,0,63619
0,0,825.00,408.00,0,63625
0,0,826.00,409.00,0,63632
0,0,826.00,409.00,0,63639
0,0,826.00,409.00,0,63646
0,0,826.00,409.00,0,63653
0,0,827.00,409.00,0,63661
0,0,826.00,409.00,0,63668
0,0,825.00,408.00,0,63674
0,0,826.00,409.00,0,63681
0,0,826.00,409.00,0,63688
0,0,826.00,409.00,0,63695
0,0,826.00,409.00,0,63703
0,0,826.00,409.00,0,63710
0,0,825.00,409.00,0,63716
0,0,825.00,409.00,0,63723
0,0,826.00,409.00,0,63730
0,0,826.00,409.00,0,63737
0,0,826.00,409.00,0,63745
0,0,826.00,409.00,0,63752
0,0,826.00,408.00,0,63759
0,0,825.00,409.00,0,63765
0,0,825.00,409.00,0,63772
0,0,825.00,409.00,0,63779
0,0,826.00,409.00,0,63787
0,0,826.00,409.00,0,63794
0,0,825.00,409.00,0,63801
0,0,826.00,409.00,0,63808
0,0,825.00,408.00,0,63814
0,0,826.00,408.00,0,63821
0,0,826.00,409.00,0,63828
0,0,826.00,409.00,0,63836
0,0,826.00,409.00,0,63843
0,0,826.00,409.00,0,63850
0,0,826.00,409.00,0,63857
0,0,825.00,409.00,0,63863
0,0,826.00,409.00,0,63870
0,0,826.00,409.00,0,63878
0,0,825.00,409.00,0,63885
0,0,826.00,409.00,0,63892
0,0,825.00,408.00,0,63899
0,0,826.00,409.00,0,63906
0,0,826.00,409.00,0,63912
0,0,826.00,408.00,0,63920
0,0,826.00,409.00,0,63927
0,0,826.00,409.00,0,63934
0,0,826.00,409.00,0,63941
0,0,826.00,409.00,0,63948
0,0,826.00,409.00,0,63955
0,0,826.00,408.00,0,63962
0,0,826.00,408.00,0,63969
0,0,825.00,409.00,0,63976
0,0,826.00,409.00,0,63983
0,0,826.00,409.00,0,63990
0,0,825.00,409.00,0,63997
0,0,826.00,408.00,0,64005
0,0,825.00,408.00,0,64011
0,0,825.00,409.00,0,64018
0,0,826.00,408.00,0,64025
0,0,826.00,409.00,0,64032
0,0,825.00,409.00,0,64039
0,0,826.00,409.00,0,64047
0,0,826.00,409.00,0,64054
0,0,825.00,408.00,0,64060
0,0,826.00,408.00,0,64067
0,0,826.00,409.00,0,64074
0,0,826.00,408.00,0,64081
0,0,826.00,409.00,0,64089
0,0,826.00,409.00,0,64096
0,0,825.00,409.00,0,64103
0,0,825.00,409.00,0,64109
0,0,826.00,409.00,0,64116
0,0,826.00,409.00,0,64123
0,0,826.00,409.00,0,64131
0,0,825.00,409.00,0,64138
0,0,825.00,409.00,0,64145
0,0,825.00,409.00,0,64152
0,0,825.00,408.00,0,64158
0,0,826.00,408.00,0,64165
0,0,826.00,409.00,0,64173
0,0,826.00,409.00,0,64180
0,0,826.00,409.00,0,64187
0,0,826.00,409.00,0,64194
0,0,825.00,409.00,0,64201
0,0,826.00,408.00,0,64207
0,0,826.00,409.00,0,64215
0,0,826.00,409.00,0,64222
0,0,826.00,409.00,0,64229
0,0,826.00,409.00,0,64236
0,0,826.00,409.00,0,64243
0,0,825.00,409.00,0,64250
0,0,825.00,408.00,0,64257
0,0,826.00,409.00,0,64264
0,0,826.00,409.00,0,64271
0,0,826.00,409.00,0,64278
0,0,826.00,409.00,0,64285
0,0,826.00,409.00,0,64292
0,0,826.00,409.00,0,64299
0,0,825.00,408.00,0,64306
0,0,826.00,409.00,0,64313
0,0,826.00,409.00,0,64320
0,0,826.00,409.00,0,64327
0,0,825.00,409.00,0,64334
0,0,825.00,409.00,0,64342
0,0,825.00,409.00,0,64348
0,0,826.00,408.00,0,64355
0,0,826.00,409.00,0,64362
0,0,826.00,409.00,0,64369
0,0,826.00,409.00,0,64376
0,0,826.00,409.00,0,64384
0,0,826.00,409.00,0,64391
0,0,825.00,408.00,0,64397
0,0,826.00,408.00,0,64404
0,0,826.00,409.00,0,64411
0,0,826.00,409.00,0,64418
0,0,826.00,409.00,0,64425
0,0,826.00,409.00,0,64433
0,0,826.00,409.00,0,64440
0,0,825.00,409.00,0,64446
0,0,826.00,409.00,0,64453
0,0,826.00,409.00,0,64460
0,0,826.00,409.00,0,64467
0,0,826.00,409.00,0,64475
0,0,826.00,409.00,0,64482
0,0,826.00,409.00,0,64489
0,0,826.00,409.00,0,64495
0,0,826.00,408.00,0,64502
0,0,826.00,409.00,0,64509
0,0,826.00,409.00,0,64517
0,0,826.00,409.00,0,64524
0,0,826.00,409.00,0,64531
0,0,826.00,409.00,0,64538
0,0,826.00,409.00,0,64544
0,0,825.00,409.00,0,64551
0,0,826.00,409.00,0,64559
0,0,826.00,409.00,0,64566
0,0,826.00,408.00,0,64573
0,0,825.00,409.00,0,64580
0,0,826.00,409.00,0,64587
0,0,826.00,408.00,0,64593
0,0,826.00,409.00,0,64601
0,0,826.00,409.00,0,64608
0,0,825.00,408.00,0,64615
0,0,825.00,409.00,0,64622
0,0,825.00,409.00,0,64629
0,0,825.00,409.00,0,64636
0,0,825.00,408.00,0,64643
0,0,826.00,409.00,0,64650
0,0,826.00,409.00,0,64657
0,0,826.00,408.00,0,64664
0,0,826.00,409.00,0,64671
0,0,826.00,409.00,0,64678
0,0,825.00,409.00,0,64686
0,0,826.00,408.00,0,64692
0,0,826.00,409.00,0,64699
0,0,826.00,409.00,0,64706
0,0,826.00,409.00,0,64713
0,0,826.00,409.00,0,64720
0,0,826.00,408.00,0,64728
0,0,825.00,409.00,0,64735
0,0,825.00,408.00,0,64741
0,0,826.00,409.00,0,64748
0,0,826.00,408.00,0,64755
0,0,826.00,409.00,0,64762
0,0,826.00,409.00,0,64770
0,0,826.00,409.00,0,64777
0,0,825.00,409.00,0,64784
0,0,825.00,409.00,0,64790
0,0,826.00,408.00,0,64797
0,0,826.00,409.00,0,64804
0,0,826.00,409.00,0,64812
0,0,825.00,409.00,0,64819
0,0,826.00,409.00,0,64826
0,0,825.00,409.00,0,64833
0,0,825.00,408.00,0,64839
0,0,826.00,409.00,0,64846
0,0,826.00,409.00,0,64854
0,0,826.00,409.00,0,64861
0,0,826.00,409.00,0,64868
0,0,826.00,409.00,0,64875
0,0,825.00,408.00,0,64881
0,0,825.00,408.00,0,64888
0,0,826.00,409.00,0,64896
0,0,826.00,409.00,0,64903
0,0,826.00,409.00,0,64910
0,0,826.00,409.00,0,64917
0,0,827.00,409.00,0,64924
0,0,826.00,409.00,0,64930
0,0,825.00,408.00,0,64937
0,0,826.00,409.00,0,64945
0,0,826.00,409.00,0,64952
0,0,826.00,409.00,0,64959
0,0,826.00,408.00,0,64966
0,0,826.00,409.00,0,64973
0,0,825.00,409.00,0,64979
0,0,826.00,409.00,0,64987
0,0,826.00,409.00,0,64994
0,0,826.00,409.00,0,65001
0,0,826.00,409.00,0,65008
0,0,825.00,409.00,0,65015
0,0,826.00,409.00,0,65022
0,0,826.00,409.00,0,65029
0,0,826.00,408.00,0,65036
0,0,826.00,409.00,0,65043
0,0,826.00,409.00,0,65050
0,0,826.00,409.00,0,65057
0,0,825.00,409.00,0,65064
0,0,826.00,409.00,0,65072
0,0,825.00,408.00,0,65078
0,0,826.00,409.00,0,65085
0,0,826.00,409.00,0,65092
0,0,826.00,409.00,0,65099
0,0,826.00,409.00,0,65106
0,0,826.00,409.00,0,65114
0,0,826.00,409.00,0,65121
0,0,826.00,408.00,0,65127
0,0,826.00,408.00,0,65134
0,0,826.00,409.00,0,65141
0,0,826.00,409.00,0,65148
0,0,826.00,409.00,0,65156
0,0,826.00,409.00,0,65163
0,0,826.00,409.00,0,65170
0,0,825.00,409.00,0,65176
0,0,825.00,408.00,0,65183
0,0,826.00,409.00,0,65190
0,0,825.00,409.00,0,65198
0,0,826.00,409.00,0,65205
0,0,826.00,409.00,0,65212
0,0,826.00,409.00,0,65219
0,0,826.00,408.00,0,65225
0,0,826.00,408.00,0,65232
0,0,826.00,408.00,0,65240
0,0,826.00,408.00,0,65247
0,0,826.00,409.00,0,65254
0,0,826.00,409.00,0,65261
0,0,825.00,409.00,0,65268
0,0,825.00,408.00,0,65274
0,0,826.00,409.00,0,65282
0,0,826.00,409.00,0,65289
0,0,826.00,409.00,0,65296
0,0,826.00,409.00,0,65303
0,0,826.00,409.00,0,65310
0,0,825.00,408.00,0,65317
0,0,825.00,408.00,0,65324
0,0,826.00,408.00,0,65331
0,0,826.00,408.00,0,65338
0,0,826.00,409.00,0,65345
0,0,826.00,409.00,0,65352
0,0,826.00,408.00,0,65359
0,0,826.00,409.00,0,65367
0,0,825.00,408.00,0,65373
0,0,825.00,409.00,0,65380
0,0,826.00,409.00,0,65387
0,0,827.00,409.00,0,65394
0,0,825.00,409.00,0,65401
0,0,826.00,408.00,0,65409
0,0,825.00,408.00,0,65416
0,0,825.00,408.00,0,65422
0,0,826.00,409.00,0,65429
0,0,825.00,408.00,0,65436
0,0,826.00,408.00,0,65443
0,0,826.00,409.00,0,65451
0,0,826.00,409.00,0,65458
0,0,826.00,409.00,0,65465
0,0,825.00,408.00,0,65471
0,0,826.00,409.00,0,65478
0,0,826.00,409.00,0,65485
0,0,826.00,409.00,0,65492
0,0,825.00,409.00,0,65500
0,0,826.00,409.00,0,65507
0,0,825.00,409.00,0,65513
0,0,825.00,409.00,0,65520
0,0,826.00,409.00,0,65527
0,0,826.00,409.00,0,65534
0,0,825.00,409.00,0,65542
0,0,826.00,409.00,0,65549
0,0,826.00,409.00,0,65556
0,0,825.00,409.00,0,65562
0,0,825.00,409.00,0,65569
0,0,826.00,408.00,0,65576
0,0,826.00,409.00,0,65584
0,0,826.00,409.00,0,65591
0,0,826.00,409.00,0,65598
0,0,826.00,409.00,0,65605
0,0,826.00,409.00,0,65611
0,0,826.00,408.00,0,65618
0,0,826.00,409.00,0,65626
0,0,826.00,409.00,0,65633
0,0,826.00,409.00,0,65640
0,0,826.00,409.00,0,65647
0,0,826.00,409.00,0,65654
0,0,825.00,408.00,0,65660
0,0,826.00,409.00,0,65668
0,0,826.00,409.00,0,65675
0,0,826.00,409.00,0,65682
0,0,826.00,408.00,0,65689
0,0,825.00,409.00,0,65696
0,0,826.00,409.00,0,65703
0,0,825.00,409.00,0,65710
0,0,825.00,408.00,0,65717
0,0,826.00,409.00,0,65724
0,0,826.00,408.00,0,65731
0,0,826.00,408.00,0,65738
0,0,826.00,409.00,0,65745
0,0,826.00,408.00,0,65753
0,0,826.00,408.00,0,65759
0,0,826.00,408.00,0,65766
0,0,826.00,409.00,0,65773
0,0,826.00,409.00,0,65780
0,0,826.00,409.00,0,65787
0,0,826.00,409.00,0,65795
0,0,826.00,409.00,0,65802
0,0,825.00,409.00,0,65808
0,0,826.00,409.00,0,65815
0,0,826.00,409.00,0,65822
0,0,826.00,409.00,0,65829
0,0,826.00,409.00,0,65837
0,0,826.00,409.00,0,65844
0,0,826.00,409.00,0,65851
0,0,825.00,408.00,0,65857
0,0,827.00,409.00,0,65864
0,0,826.00,408.00,0,65871
0,0,826.00,409.00,0,65879
0,0,826.00,409.00,0,65886
0,0,825.00,409.00,0,65893
0,0,825.00,409.00,0,65900
0,0,825.00,408.00,0,65906
0,0,826.00,408.00,0,65913
0,0,826.00,408.00,0,65921
0,0,826.00,409.00,0,65928
0,0,825.00,409.00,0,65935
0,0,826.00,409.00,0,65942
0,0,826.00,409.00,0,65949
0,0,825.00,409.00,0,65955
0,0,826.00,408.00,0,65963
0,0,826.00,408.00,0,65970
0,0,826.00,409.00,0,65977
0,0,826.00,408.00,0,65984
0,0,826.00,409.00,0,65991
0,0,825.00,409.00,0,65998
0,0,825.00,408.00,0,66004
0,0,826.00,409.00,0,66012
0,0,826.00,409.00,0,66019
0,0,826.00,409.00,0,66026
0,0,826.00,409.00,0,66033
0,0,825.00,409.00,0,66040
0,0,826.00,409.00,0,66048
0,0,826.00,409.00,0,66054
0,0,826.00,409.00,0,66061
0,0,825.00,409.00,0,66068
0,0,826.00,409.00,0,66075
0,0,826.00,409.00,0,66082
0,0,826.00,408.00,0,66089
0,0,826.00,409.00,0,66096
0,0,825.00,408.00,0,66103
0,0,826.00,409.00,0,66110
0,0,826.00,409.00,0,66117
0,0,826.00,409.00,0,66124
0,0,826.00,408.00,0,66131
0,0,826.00,408.00,0,66139
0,0,826.00,409.00,0,66145
0,0,825.00,408.00,0,66152
0,0,826.00,409.00,0,66159
0,0,826.00,409.00,0,66166
0,0,826.00,408.00,0,66173
0,0,826.00,409.00,0,66181
0,0,826.00,409.00,0,66188
0,0,826.00,409.00,0,66194
0,0,825.00,409.00,0,66201
0,0,825.00,409.00,0,66208
0,0,826.00,409.00,0,66215
0,0,826.00,409.00,0,66223
0,0,826.00,409.00,0,66230
0,0,825.00,409.00,0,66237
0,0,825.00,409.00,0,66243
0,0,825.00,408.00,0,66250
0,0,825.00,409.00,0,66257
0,0,826.00,409.00,0,66265
0,0,825.00,409.00,0,66272
0,0,826.00,409.00,0,66279
0,0,826.00,409.00,0,66286
0,0,826.00,409.00,0,66292
0,0,826.00,408.00,0,66299
0,0,826.00,409.00,0,66307
0,0,825.00,409.00,0,66314
0,0,826.00,409.00,0,66321
0,0,826.00,409.00,0,66328
0,0,825.00,409.00,0,66335
0,0,826.00,408.00,0,66341
0,0,826.00,409.00,0,66349
0,0,826.00,408.00,0,66356
0,0,826.00,409.00,0,66363
0,0,826.00,409.00,0,66370
0,0,826.00,409.00,0,66377
0,0,826.00,409.00,0,66384
0,0,826.00,408.00,0,66391
0,0,825.00,408.00,0,66398
0,0,825.00,409.00,0,66405
0,0,826.00,409.00,0,66412
0,0,825.00,409.00,0,66419
0,0,826.00,408.00,0,66426
0,0,826.00,409.00,0,66434
0,0,825.00,408.00,0,66440
0,0,826.00,409.00,0,66447
0,0,826.00,409.00,0,66454
0,0,826.00,408.00,0,66461
0,0,826.00,409.00,0,66468
0,0,826.00,409.00,0,66476
0,0,825.00,408.00,0,66483
0,0,825.00,408.00,0,66489
0,0,826.00,408.00,0,66496
0,0,826.00,409.00,0,66503
0,0,826.00,408.00,0,66510
0,0,825.00,408.00,0,66518
0,0,826.00,408.00,0,66525
0,0,825.00,408.00,0,66532
0,0,825.00,408.00,0,66538
0,0,826.00,409.00,0,66545
0,0,826.00,408.00,0,66552
0,0,826.00,409.00,0,66560
0,0,826.00,409.00,0,66567
0,0,825.00,409.00,0,66574
0,0,825.00,409.00,0,66581
0,0,825.00,408.00,0,66587
0,0,826.00,408.00,0,66594
0,0,826.00,409.00,0,66601
0,0,826.00,409.00,0,66609
0,0,826.00,409.00,0,66616
0,0,826.00,408.00,0,66623
0,0,825.00,408.00,0,66630
0,0,825.00,408.00,0,66636
0,0,826.00,409.00,0,66643
0,0,826.00,408.00,0,66651
0,0,826.00,409.00,0,66658
0,0,826.00,409.00,0,66665
0,0,826.00,409.00,0,66672
0,0,825.00,409.00,0,66678
0,0,825.00,408.00,0,66685
0,0,826.00,409.00,0,66693
0,0,826.00,409.00,0,66700
0,0,826.00,408.00,0,66707
0,0,825.00,408.00,0,66714
0,0,826.00,409.00,0,66721
0,0,825.00,409.00,0,66727
0,0,825.00,408.00,0,66735
0,0,826.00,409.00,0,66742
0,0,826.00,409.00,0,66749
0,0,826.00,409.00,0,66756
0,0,825.00,408.00,0,66763
0,0,826.00,409.00,0,66770
0,0,825.00,409.00,0,66777
0,0,826.00,408.00,0,66784
0,0,826.00,409.00,0,66791
0,0,826.00,409.00,0,66798
0,0,826.00,409.00,0,66805
0,0,825.00,409.00,0,66812
0,0,825.00,409.00,0,66820
0,0,825.00,409.00,0,66826
0,0,825.00,409.00,0,66833
0,0,826.00,409.00,0,66840
0,0,826.00,409.00,0,66847
0,0,826.00,408.00,0,66854
0,0,826.00,409.00,0,66862
0,0,826.00,409.00,0,66869
0,0,825.00,408.00,0,66875
0,0,825.00,408.00,0,66882
0,0,826.00,409.00,0,66889
0,0,826.00,408.00,0,66896
0,0,826.00,408.00,0,66904
0,0,826.00,409.00,0,66911
0,0,826.00,408.00,0,66918
0,0,826.00,408.00,0,66924
0,0,826.00,408.00,0,66931
0,0,826.00,409.00,0,66938
0,0,826.00,408.00,0,66946
0,0,825.00,409.00,0,66953
0,0,825.00,408.00,0,66960
0,0,826.00,409.00,0,66967
0,0,825.00,409.00,0,66973
0,0,826.00,408.00,0,66980
0,0,826.00,408.00,0,66988
0,0,825.00,408.00,0,66995
0,0,826.00,408.00,0,67002
0,0,826.00,409.00,0,67009
0,0,825.00,409.00,0,67016
0,0,825.00,408.00,0,67022
0,0,825.00,408.00,0,67030
0,0,825.00,409.00,0,67037
0,0,826.00,408.00,0,67044
0,0,826.00,409.00,0,67051
0,0,826.00,408.00,0,67058
0,0,825.00,408.00,0,67065
0,0,825.00,408.00,0,67072
0,0,825.00,408.00,0,67079
0,0,826.00,408.00,0,67086
0,0,826.00,408.00,0,67093
0,0,826.00,408.00,0,67100
0,0,826.00,409.00,0,67107
0,0,825.00,408.00,0,67115
0,0,825.00,409.00,0,67121
0,0,826.00,408.00,0,67128
0,0,826.00,409.00,0,67135
0,0,826.00,408.00,0,67142
0,0,826.00,409.00,0,67149
0,0,826.00,408.00,0,67156
0,0,825.00,409.00,0,67164
0,0,825.00,408.00,0,67170
0,0,826.00,408.00,0,67177
0,0,826.00,408.00,0,67184
0,0,826.00,408.00,0,67191
0,0,826.00,409.00,0,67198
0,0,825.00,409.00,0,67206
0,0,825.00,408.00,0,67213
0,0,825.00,408.00,0,67219
0,0,826.00,409.00,0,67226
0,0,826.00,409.00,0,67233
0,0,826.00,409.00,0,67240
0,0,825.00,408.00,0,67248
0,0,826.00,408.00,0,67255
0,0,825.00,408.00,0,67262
0,0,825.00,408.00,0,67268
0,0,826.00,408.00,0,67275
0,0,826.00,409.00,0,67282
0,0,826.00,409.00,0,67290
0,0,825.00,408.00,0,67297
0,0,826.00,409.00,0,67304
0,0,825.00,408.00,0,67310
0,0,825.00,408.00,0,67317
0,0,826.00,408.00,0,67324
0,0,825.00,408.00,0,67332
0,0,825.00,409.00,0,67339
0,0,826.00,408.00,0,67346
0,0,826.00,408.00,0,67353
0,0,826.00,409.00,0,67359
0,0,825.00,408.00,0,67366
0,0,825.00,409.00,0,67374
0,0,826.00,409.00,0,67381
0,0,826.00,408.00,0,67388
0,0,825.00,408.00,0,67395
0,0,826.00,409.00,0,67402
0,0,825.00,408.00,0,67408
0,0,825.00,408.00,0,67416
0,0,826.00,408.00,0,67423
0,0,826.00,409.00,0,67430
0,0,826.00,408.00,0,67437
0,0,825.00,408.00,0,67444
0,0,826.00,408.00,0,67451
0,0,825.00,408.00,0,67458
0,0,826.00,408.00,0,67465
0,0,826.00,408.00,0,67472
0,0,826.00,409.00,0,67479
0,0,826.00,409.00,0,67486
0,0,825.00,408.00,0,67493
0,0,825.00,408.00,0,67501
0,0,825.00,409.00,0,67507
0,0,800.00,408.00,0,67514
26,0,0.00,358.00,0,67521
97,0,0.00,325.00,0,67528
191,0,803.00,324.00,0,67535
289,1,826.00,325.00,0,67543
376,4,826.00,325.00,0,67551
456,7,825.00,341.00,0,67558
531,9,768.00,341.00,0,67565
611,9,392.00,341.00,0,67573
705,9,752.00,325.00,0,67580
807,6,792.00,325.00,0,67588
909,4,770.00,325.00,0,67596
1010,2,694.00,358.00,0,67603
1115,2,447.00,325.00,0,67611
1224,3,601.00,308.00,0,67619
1334,8,572.00,326.00,0,67627
1445,13,553.00,341.00,0,67635
1562,18,753.00,325.00,0,67643
1680,20,802.00,325.00,0,67651
1800,20,809.00,325.00,0,67659
1921,15,800.00,325.00,0,67667
2040,10,816.00,325.00,0,67675
2151,6,786.00,325.00,0,67683
2253,5,431.00,324.00,0,67691
2363,7,608.00,325.00,0,67698
2475,11,666.00,308.00,0,67706
2591,17,745.00,308.00,0,67715
2707,21,802.00,325.00,0,67723
2825,21,804.00,308.00,0,67731
2939,19,781.00,325.00,0,67739
3051,15,711.00,308.00,0,67747
3163,13,589.00,324.00,0,67755
3276,13,513.00,342.00,0,67763
3393,15,646.00,325.00,0,67771
3509,20,723.00,325.00,0,67779
3625,24,728.00,308.00,0,67787
3744,28,802.00,308.00,0,67795
3863,28,809.00,308.00,0,67804
3981,26,806.00,325.00,0,67812
4095,23,754.00,325.00,0,67819
4204,19,620.00,308.00,0,67827
4316,19,571.00,325.00,0,67835
4431,20,612.00,308.00,0,67844
4547,25,761.00,325.00,0,67852
4663,29,785.00,325.00,0,67860
4782,31,783.00,325.00,0,67868
4899,32,798.00,321.00,0,67875
5011,32,729.00,307.00,0,67884
5122,30,558.00,325.00,0,67892
5236,30,631.00,325.00,0,67900
5353,32,665.00,325.00,0,67908
5468,35,611.00,325.00,0,67916
5585,39,718.00,325.00,0,67924
5702,42,802.00,325.00,0,67933
5821,43,807.00,326.00,0,67940
5939,43,786.00,308.00,0,67948
6053,41,800.00,325.00,0,67956
6163,39,627.00,325.00,0,67964
6275,39,501.00,325.00,0,67973
6391,41,676.00,325.00,0,67981
6507,45,726.00,325.00,0,67989
6623,48,574.00,309.00,0,67997
6741,51,801.00,308.00,0,68004
6858,51,806.00,325.00,0,68013
6974,50,765.00,325.00,0,68021
7085,49,599.00,308.00,0,68029
7197,48,647.00,309.00,0,68037
7313,48,592.00,307.00,0,68045
7428,51,618.00,325.00,0,68054
7544,56,757.00,325.00,0,68062
7661,59,782.00,308.00,0,68069
7779,61,796.00,308.00,0,68077
7898,61,800.00,325.00,0,68085
8015,59,801.00,325.00,0,68093
8126,57,654.00,325.00,0,68102
8237,56,616.00,325.00,0,68110
8351,56,644.00,308.00,0,68118
8467,60,603.00,324.00,0,68125
8582,64,687.00,308.00,0,68133
8699,68,795.00,308.00,0,68142
8817,70,803.00,321.00,0,68150
8933,70,762.00,325.00,0,68158
9046,70,726.00,325.00,0,68166
9158,68,597.00,325.00,0,68174
9272,68,531.00,325.00,0,68183
9388,69,665.00,325.00,0,68190
9503,73,686.00,308.00,0,68198
9619,77,592.00,325.00,0,68206
9737,80,806.00,341.00,0,68214
9857,81,806.00,325.00,0,68222
9973,81,792.00,308.00,0,68231
10085,79,708.00,325.00,0,68239
10201,77,667.00,308.00,0,68247
10319,77,614.00,325.00,0,68255
10437,79,574.00,308.00,0,68263
10557,83,709.00,308.00,0,68272
10677,87,790.00,308.00,0,68281
10799,90,801.00,325.00,0,68289
10919,90,788.00,325.00,0,68297
11036,89,731.00,311.00,0,68305
11151,89,611.00,325.00,0,68314
11270,89,573.00,308.00,0,68322
11389,91,665.00,308.00,0,68330
11508,95,707.00,341.00,0,68338
11627,99,681.00,308.00,0,68347
11750,101,799.00,325.00,0,68356
11875,103,804.00,325.00,0,68364
11998,103,797.00,325.00,0,68373
12117,101,640.00,325.00,0,68381
12237,101,678.00,341.00,0,68389
12360,101,689.00,325.00,0,68399
12482,104,626.00,325.00,0,68407
12605,108,618.00,308.00,0,68416
12731,112,799.00,308.00,0,68424
12856,114,802.00,308.00,0,68432
12978,114,736.00,325.00,0,68442
13097,114,586.00,306.00,0,68450
13219,114,692.00,325.00,0,68458
13341,114,671.00,326.00,0,68467
13464,118,584.00,308.00,0,68475
13587,122,676.00,325.00,0,68485
13712,126,797.00,308.00,0,68493
13837,127,801.00,308.00,0,68501
13961,128,752.00,325.00,0,68510
14081,128,657.00,308.00,0,68518
14202,126,718.00,325.00,0,68528
14323,126,640.00,324.00,0,68536
14446,128,578.00,325.00,0,68544
14569,132,699.00,342.00,0,68553
14693,136,799.00,325.00,0,68561
14819,138,804.00,342.00,0,68570
14941,138,760.00,325.00,0,68579
15062,138,700.00,325.00,0,68587
15183,137,696.00,308.00,0,68596
15305,137,603.00,308.00,0,68604
15427,139,614.00,324.00,0,68613
15550,143,713.00,325.00,0,68622
15674,147,793.00,325.00,0,68630
15800,149,790.00,325.00,0,68638
15924,149,775.00,325.00,0,68647
16045,149,740.00,325.00,0,68656
16165,147,672.00,325.00,0,68665
16287,147,513.00,325.00,0,68673
16410,147,637.00,325.00,0,68681
16533,151,702.00,325.00,0,68690
16656,155,735.00,309.00,0,68699
16781,157,742.00,325.00,0,68707
16904,159,776.00,308.00,0,68716
17025,159,725.00,308.00,0,68724
17147,159,630.00,325.00,0,68733
17269,158,572.00,325.00,0,68742
17391,159,650.00,325.00,0,68750
17513,162,671.00,308.00,0,68759
17637,166,665.00,308.00,0,68767
17763,170,771.00,308.00,0,68776
17887,171,795.00,325.00,0,68785
18009,171,758.00,324.00,0,68793
18129,171,600.00,325.00,0,68802
18251,170,652.00,308.00,0,68810
18374,170,694.00,308.00,0,68818
18496,174,632.00,307.00,0,68828
18619,178,557.00,325.00,0,68836
18744,181,782.00,308.00,0,68845
18869,183,795.00,307.00,0,68853
18989,184,689.00,308.00,0,68861
19110,184,566.00,339.00,0,68871
19232,184,708.00,325.00,0,68879
19355,184,679.00,313.00,0,68887
19478,186,607.00,308.00,0,68896
19600,190,622.00,309.00,0,68904
19725,194,796.00,319.00,0,68914
19851,196,801.00,325.00,0,68922
19973,196,676.00,308.00,0,68930
20093,196,638.00,342.00,0,68939
20215,196,744.00,325.00,0,68947
20337,196,675.00,310.00,0,68956
20460,198,546.00,325.00,0,68965
20582,202,635.00,324.00,0,68973
20707,205,796.00,308.00,0,68982
20831,208,791.00,308.00,0,68990
20953,209,625.00,325.00,0,68999
21075,209,663.00,310.00,0,69008
21196,209,744.00,341.00,0,69016
21319,210,643.00,308.00,0,69024
21441,212,578.00,307.00,0,69033
21565,216,697.00,325.00,0,69042
21688,219,783.00,308.00,0,69051
21813,222,776.00,325.00,0,69059
21935,222,680.00,324.00,0,69067
22057,222,703.00,308.00,0,69076
22178,222,710.00,325.00,0,69085
22300,222,646.00,325.00,0,69094
22423,224,612.00,308.00,0,69102
22545,228,676.00,308.00,0,69110
22669,232,734.00,308.00,0,69120
22794,234,734.00,324.00,0,69128
22917,236,720.00,325.00,0,69136
23039,236,712.00,324.00,0,69145
23160,236,669.00,308.00,0,69153
23282,238,548.00,325.00,0,69163
23405,239,677.00,342.00,0,69171
23527,242,701.00,325.00,0,69179
23650,246,673.00,308.00,0,69188
23775,248,730.00,325.00,0,69196
23899,250,774.00,325.00,0,69204
24021,250,729.00,325.00,0,69214
24142,250,625.00,309.00,0,69222
24265,250,615.00,325.00,0,69231
24387,252,677.00,308.00,0,69239
24509,255,655.00,325.00,0,69248
24633,258,634.00,325.00,0,69257
24757,261,776.00,342.00,0,69265
24881,263,790.00,325.00,0,69273
25002,264,686.00,308.00,0,69282
25123,264,624.00,325.00,0,69291
25246,265,664.00,308.00,0,69300
25369,266,678.00,325.00,0,69308
25491,269,629.00,308.00,0,69316
25614,272,551.00,308.00,0,69325
25739,276,783.00,324.00,0,69334
25862,278,795.00,325.00,0,69343
25984,278,685.00,324.00,0,69351
26106,278,595.00,308.00,0,69359
26228,278,719.00,308.00,0,69368
26351,280,687.00,325.00,0,69377
26473,282,565.00,325.00,0,69385
26595,285,606.00,325.00,0,69394
26720,288,775.00,308.00,0,69402
26844,290,785.00,325.00,0,69411
26965,292,630.00,341.00,0,69420
27087,292,626.00,308.00,0,69428
27210,293,730.00,308.00,0,69437
27332,294,644.00,308.00,0,69445
27455,297,536.00,324.00,0,69453
27577,300,645.00,308.00,0,69463
27701,304,781.00,308.00,0,69471
27826,306,773.00,308.00,0,69480
27948,307,623.00,308.00,0,69488
28069,308,686.00,341.00,0,69496
28192,308,748.00,308.00,0,69506
28314,308,630.00,308.00,0,69514
28437,310,563.00,325.00,0,69522
28559,313,660.00,308.00,0,69531
28683,316,760.00,325.00,0,69539
28807,318,722.00,308.00,0,69549
28929,320,634.00,308.00,0,69557
29051,321,700.00,308.00,0,69565
29173,322,715.00,325.00,0,69574
29295,323,487.00,309.00,0,69582
29419,325,632.00,325.00,0,69592
29541,328,696.00,325.00,0,69600
29665,331,724.00,309.00,0,69608
29789,334,639.00,308.00,0,69617
29913,336,713.00,325.00,0,69625
30033,336,713.00,325.00,0,69634
30155,336,677.00,325.00,0,69643
30278,338,584.00,325.00,0,69651
30400,339,674.00,309.00,0,69660
30523,342,681.00,325.00,0,69668
30646,345,648.00,307.00,0,69677
30770,348,697.00,308.00,0,69686
30893,350,729.00,308.00,0,69694
31015,351,675.00,325.00,0,69702
31137,352,622.00,308.00,0,69711
31259,352,653.00,325.00,0,69720
31382,354,699.00,341.00,0,69729
31505,357,657.00,324.00,0,69737
31627,360,633.00,325.00,0,69745
31752,362,749.00,325.00,0,69754
31876,364,772.00,309.00,0,69763
31997,366,658.00,325.00,0,69771
32119,366,634.00,325.00,0,69780
32241,368,688.00,325.00,0,69788
32365,370,700.00,325.00,0,69797
32486,372,629.00,325.00,0,69806
32609,374,554.00,325.00,0,69814
32733,378,777.00,325.00,0,69823
32857,380,790.00,325.00,0,69831
32979,382,611.00,308.00,0,69839
33101,382,588.00,325.00,0,69849
33223,383,718.00,323.00,0,69857
33346,384,684.00,308.00,0,69866
33468,386,570.00,325.00,0,69874
33590,390,611.00,341.00,0,69882
33715,392,774.00,325.00,0,69892
33839,395,781.00,308.00,0,69900
33961,396,593.00,309.00,0,69909
34083,398,627.00,324.00,0,69917
34205,398,736.00,308.00,0,69925
34328,400,662.00,308.00,0,69935
34450,402,530.00,325.00,0,69943
34572,405,646.00,311.00,0,69951
34697,408,775.00,311.00,0,69960
34820,410,754.00,322.00,0,69968
34942,412,674.00,341.00,0,69978
35065,413,670.00,310.00,0,69986
35187,414,728.00,308.00,0,69994
35309,415,621.00,312.00,0,70003
35431,417,564.00,308.00,0,70011
35555,420,672.00,318.00,0,70020
35678,423,742.00,325.00,0,70029
35802,426,699.00,324.00,0,70037
35924,428,640.00,325.00,0,70046
36047,428,701.00,326.00,0,70054
36169,430,701.00,308.00,0,70063
36291,431,505.00,308.00,0,70072
36414,432,624.00,324.00,0,70080
36537,435,661.00,308.00,0,70088
36659,438,662.00,308.00,0,70097
36783,440,638.00,325.00,0,70106
36906,442,704.00,325.00,0,70115
37028,444,695.00,326.00,0,70123
37149,445,645.00,307.00,0,70131
37273,446,584.00,325.00,0,70140
37396,448,669.00,325.00,0,70149
37518,451,648.00,308.00,0,70158
37641,454,609.00,308.00,0,70166
37765,457,679.00,308.00,0,70174
37889,459,727.00,308.00,0,70183
38010,460,673.00,307.00,0,70192
38132,462,612.00,342.00,0,70200
38255,462,646.00,325.00,0,70209
38377,464,689.00,307.00,0,70217
38500,466,634.00,325.00,0,70226
38622,469,473.00,325.00,0,70235
38747,472,727.00,308.00,0,70243
38870,474,732.00,308.00,0,70252
38991,476,623.00,308.00,0,70260
39113,477,531.00,308.00,0,70268
39236,478,691.00,325.00,0,70278
39359,480,697.00,325.00,0,70286
39481,483,605.00,325.00,0,70295
39604,486,550.00,308.00,0,70303
39729,488,761.00,308.00,0,70311
39853,491,772.00,308.00,0,70321
39975,492,607.00,308.00,0,70329
40096,494,591.00,325.00,0,70337
40219,496,726.00,324.00,0,70346
40341,497,700.00,324.00,0,70354
40463,500,546.00,308.00,0,70364
40586,502,613.00,325.00,0,70372
40711,504,767.00,326.00,0,70380
40835,507,749.00,325.00,0,70389
40956,509,560.00,308.00,0,70397
41079,510,655.00,325.00,0,70407
41201,512,721.00,308.00,0,70415
41323,514,643.00,308.00,0,70423
41445,516,545.00,325.00,0,70432
41567,518,646.00,325.00,0,70440
41691,521,753.00,325.00,0,70449
41815,524,723.00,308.00,0,70458
41939,526,563.00,309.00,0,70466
42060,527,680.00,324.00,0,70475
42183,528,715.00,308.00,0,70483
42305,530,621.00,325.00,0,70492
42427,532,597.00,324.00,0,70501
42549,535,655.00,324.00,0,70509
42673,538,707.00,325.00,0,70517
42797,540,703.00,325.00,0,70526
42919,542,636.00,325.00,0,70535
43041,544,671.00,308.00,0,70544
43164,545,678.00,324.00,0,70552
43287,547,516.00,325.00,0,70560
43409,549,621.00,308.00,0,70569
43532,552,670.00,308.00,0,70578
43655,554,649.00,325.00,0,70586
43779,557,646.00,325.00,0,70595
43901,560,696.00,325.00,0,70603
44023,562,673.00,325.00,0,70612
44146,563,638.00,308.00,0,70621
44269,564,580.00,308.00,0,70629
44391,566,665.00,308.00,0,70638
44513,568,628.00,309.00,0,70646
44635,570,604.00,325.00,0,70654
44761,573,692.00,308.00,0,70664
44884,576,734.00,325.00,0,70672
45005,578,651.00,325.00,0,70681
45127,579,601.00,308.00,0,70689
45251,581,643.00,308.00,0,70697
45373,583,680.00,308.00,0,70707
45495,586,630.00,325.00,0,70715
45617,588,490.00,325.00,0,70724
45743,590,737.00,324.00,0,70732
45866,593,752.00,325.00,0,70740
45987,595,623.00,325.00,0,70750
46109,596,543.00,308.00,0,70758
46231,598,701.00,308.00,0,70766
46355,600,672.00,308.00,0,70775
46477,602,558.00,308.00,0,70784
46599,604,539.00,325.00,0,70793
46723,608,750.00,307.00,0,70801
46847,610,737.00,325.00,0,70809
46969,612,561.00,325.00,0,70818
47091,614,594.00,341.00,0,70827
47213,616,725.00,325.00,0,70835
47336,618,666.00,308.00,0,70844
47459,620,515.00,308.00,0,70852
47581,622,609.00,325.00,0,70861
47705,626,736.00,324.00,0,70870
47829,628,731.00,308.00,0,70878
47951,630,558.00,324.00,0,70887
48073,632,642.00,308.00,0,70895
48196,633,726.00,308.00,0,70903
48319,635,649.00,342.00,0,70913
48441,637,630.00,325.00,0,70921
48563,640,623.00,309.00,0,70930
48687,642,724.00,308.00,0,70938
48811,645,690.00,320.00,0,70946
48933,648,558.00,322.00,0,70956
49055,650,645.00,324.00,0,70964
49177,652,703.00,320.00,0,70973
49300,654,655.00,308.00,0,70981
49423,656,624.00,325.00,0,70989
49545,658,661.00,325.00,0,70999
49669,661,683.00,325.00,0,71007
49793,664,569.00,325.00,0,71015
49915,666,656.00,341.00,0,71024
50037,667,661.00,325.00,0,71032
50159,669,649.00,308.00,0,71042
50282,671,540.00,317.00,0,71050
50405,673,649.00,341.00,0,71058
50527,676,655.00,325.00,0,71067
50649,678,632.00,309.00,0,71075
50773,681,641.00,308.00,0,71084
50897,683,689.00,308.00,0,71093
51019,685,639.00,307.00,0,71101
51141,687,596.00,325.00,0,71110
51263,689,611.00,321.00,0,71118
51387,692,656.00,308.00,0,71127
51509,694,650.00,341.00,0,71136
51631,698,589.00,308.00,0,71144
51755,700,695.00,308.00,0,71152
51878,702,730.00,308.00,0,71161
52001,704,625.00,325.00,0,71170
52123,706,588.00,308.00,0,71179
52246,707,664.00,325.00,0,71187
52369,709,670.00,325.00,0,71195
52491,712,582.00,326.00,0,71204
52612,714,499.00,341.00,0,71213
52737,717,743.00,342.00,0,71221
52861,720,733.00,308.00,0,71230
52982,722,586.00,308.00,0,71238
53105,725,571.00,325.00,0,71247
53228,727,706.00,325.00,0,71256
53351,729,669.00,324.00,0,71264
53473,731,540.00,308.00,0,71273
53595,733,560.00,324.00,0,71281
53719,735,736.00,325.00,0,71290
53843,737,734.00,341.00,0,71299
53964,740,549.00,325.00,0,71307
54086,742,601.00,325.00,0,71316
54210,744,712.00,308.00,0,71324
54333,746,653.00,325.00,0,71332
54455,749,516.00,325.00,0,71342
54577,752,592.00,309.00,0,71350
54701,755,724.00,309.00,0,71359
54824,758,699.00,308.00,0,71367
54946,760,587.00,342.00,0,71375
55067,761,630.00,325.00,0,71385
55191,762,689.00,308.00,0,71393
55315,764,615.00,308.00,0,71401
55437,766,646.00,325.00,0,71410
55559,769,632.00,325.00,0,71418
55682,772,684.00,308.00,0,71428
55806,774,649.00,308.00,0,71436
55928,778,592.00,325.00,0,71444
56050,780,667.00,342.00,0,71453
56173,782,699.00,325.00,0,71461
56295,784,474.00,325.00,0,71470
56419,786,611.00,307.00,0,71479
56541,789,631.00,308.00,0,71487
56663,792,635.00,324.00,0,71496
56787,794,570.00,325.00,0,71504
56910,796,632.00,307.00,0,71513
57033,798,639.00,307.00,0,71522
57155,800,636.00,326.00,0,71530
57277,802,553.00,326.00,0,71539
57399,804,625.00,308.00,0,71547
57523,808,642.00,325.00,0,71556
57645,810,581.00,308.00,0,71565
57769,813,619.00,308.00,0,71573
57893,816,677.00,308.00,0,71581
58015,818,629.00,341.00,0,71590
58136,820,581.00,325.00,0,71599
58259,822,616.00,307.00,0,71608
58383,824,661.00,341.00,0,71616
58505,826,615.00,307.00,0,71624
58627,828,605.00,325.00,0,71633
58751,831,672.00,308.00,0,71642
58874,834,713.00,325.00,0,71650
58997,836,582.00,308.00,0,71659
59119,838,479.00,310.00,0,71667
59241,840,655.00,325.00,0,71676
59365,843,681.00,308.00,0,71685
59487,846,587.00,325.00,0,71693
59608,848,510.00,325.00,0,71702
59732,851,707.00,308.00,0,71710
59857,854,717.00,325.00,0,71718
59979,856,566.00,308.00,0,71728
60101,858,552.00,325.00,0,71736
60223,860,684.00,325.00,0,71745
60346,862,653.00,308.00,0,71753
60469,864,537.00,325.00,0,71761
60591,866,557.00,325.00,0,71771
60713,869,719.00,325.00,0,71779
60837,871,695.00,308.00,0,71788
60960,874,509.00,326.00,0,71796
61082,876,589.00,308.00,0,71804
61205,880,690.00,308.00,0,71814
61328,882,629.00,324.00,0,71822
61450,884,509.00,325.00,0,71830
61572,888,611.00,308.00,0,71839
61696,890,697.00,308.00,0,71847
61819,892,679.00,325.00,0,71857
61941,894,665.00,324.00,0,71865
62064,896,637.00,325.00,0,71873
62187,898,689.00,308.00,0,71882
62309,901,602.00,323.00,0,71890
62432,904,537.00,326.00,0,71899
62555,907,629.00,308.00,0,71908
62677,910,677.00,325.00,0,71916
62801,913,643.00,308.00,0,71925
62923,915,601.00,341.00,0,71933
63045,917,656.00,325.00,0,71942
63169,919,658.00,324.00,0,71951
63291,920,458.00,308.00,0,71959
63414,923,587.00,325.00,0,71967
63537,925,625.00,325.00,0,71976
63659,928,611.00,309.00,0,71985
63783,931,571.00,324.00,0,71994
63906,934,645.00,307.00,0,72002
64027,936,654.00,325.00,0,72010
64150,938,614.00,325.00,0,72019
64273,940,546.00,320.00,0,72028
64396,943,636.00,325.00,0,72037
64519,946,599.00,308.00,0,72045
64641,948,543.00,324.00,0,72053
64765,951,626.00,309.00,0,72062
64888,954,664.00,325.00,0,72071
65009,956,611.00,341.00,0,72079
65131,958,575.00,341.00,0,72088
65255,960,612.00,317.00,0,72096
65377,962,652.00,325.00,0,72105
65500,964,586.00,308.00,0,72114
65622,967,408.00,311.00,0,72122
65746,970,657.00,308.00,0,72131
65869,972,674.00,309.00,0,72139
65991,976,572.00,325.00,0,72147
66113,978,490.00,325.00,0,72157
66236,980,675.00,341.00,0,72165
66359,982,675.00,325.00,0,72174
66481,985,547.00,308.00,0,72182
66604,988,490.00,308.00,0,72190
66728,990,694.00,308.00,0,72200
66851,992,692.00,324.00,0,72208
66973,995,516.00,325.00,0,72216
67095,998,538.00,308.00,0,72225
67219,1000,687.00,325.00,0,72233
67345,1003,641.00,308.00,0,72243
67471,1006,526.00,325.00,0,72252
67597,1008,526.00,308.00,0,72260
67724,1011,694.00,309.00,0,72269
67852,1013,679.00,324.00,0,72279
67977,1016,534.00,325.00,0,72287
68103,1018,515.00,308.00,0,72296
68231,1020,669.00,323.00,0,72305
68357,1022,650.00,308.00,0,72313
68482,1026,541.00,325.00,0,72323
68607,1029,480.00,325.00,0,72331
68736,1032,696.00,342.00,0,72340
68863,1034,693.00,325.00,0,72349
68989,1037,572.00,324.00,0,72357
69115,1040,489.00,325.00,0,72367
69242,1042,648.00,325.00,0,72376
69369,1044,631.00,326.00,0,72384
69494,1046,554.00,308.00,0,72393
69620,1049,421.00,325.00,0,72401
69749,1052,647.00,308.00,0,72411
69875,1055,679.00,325.00,0,72420
70001,1057,584.00,325.00,0,72428
70127,1060,538.00,308.00,0,72437
70253,1062,600.00,308.00,0,72446
70379,1064,646.00,325.00,0,72455
70505,1066,584.00,308.00,0,72464
70631,1069,565.00,342.00,0,72473
70759,1072,629.00,308.00,0,72481
70886,1076,650.00,325.00,0,72491
71011,1078,597.00,325.00,0,72499
71138,1081,568.00,325.00,0,72508
71265,1083,561.00,325.00,0,72517
71391,1086,618.00,325.00,0,72525
71517,1088,585.00,308.00,0,72535
71643,1090,545.00,325.00,0,72544
71771,1092,576.00,308.00,0,72552
71898,1096,625.00,325.00,0,72561
72023,1098,616.00,325.00,0,72570
72149,1101,608.00,325.00,0,72579
72275,1104,528.00,324.00,0,72588
72403,1107,623.00,325.00,0,72596
72529,1110,605.00,329.00,0,72605
72655,1113,580.00,308.00,0,72614
72782,1115,552.00,325.00,0,72623
72909,1118,585.00,308.00,0,72632
73035,1120,605.00,325.00,0,72641
73161,1122,614.00,308.00,0,72649
73288,1125,461.00,325.00,0,72658
73415,1128,575.00,326.00,0,72667
73541,1131,604.00,309.00,0,72676
73666,1134,626.00,308.00,0,72685
73794,1137,483.00,308.00,0,72693
73920,1140,575.00,325.00,0,72702
74046,1142,607.00,325.00,0,72712
74173,1144,645.00,325.00,0,72720
74299,1146,411.00,326.00,0,72729
74425,1149,565.00,324.00,0,72738
74551,1152,589.00,307.00,0,72747
74679,1156,650.00,308.00,0,72756
74806,1158,619.00,308.00,0,72764
74932,1162,502.00,308.00,0,72773
75058,1166,610.00,325.00,0,72782
75185,1168,659.00,309.00,0,72791
75311,1170,601.00,325.00,0,72800
75437,1173,591.00,324.00,0,72809
75563,1175,591.00,325.00,0,72817
75690,1178,665.00,308.00,0,72826
75817,1180,613.00,324.00,0,72836
75943,1182,599.00,324.00,0,72844
76069,1184,580.00,325.00,0,72853
76196,1188,677.00,308.00,0,72861
76322,1191,581.00,309.00,0,72870
76449,1194,497.00,324.00,0,72880
76575,1198,560.00,308.00,0,72888
76703,1202,675.00,326.00,0,72897
76829,1204,641.00,307.00,0,72906
76955,1207,469.00,308.00,0,72914
77081,1210,562.00,325.00,0,72924
77208,1212,679.00,325.00,0,72932
77335,1214,596.00,307.00,0,72941
77461,1216,464.00,325.00,0,72950
77586,1220,529.00,324.00,0,72958
77713,1223,680.00,322.00,0,72968
77841,1226,667.00,341.00,0,72977
77967,1230,494.00,341.00,0,72985
78093,1232,537.00,325.00,0,72994
78219,1235,648.00,308.00,0,73004
78346,1238,618.00,309.00,0,73012
78472,1240,483.00,308.00,0,73021
78597,1244,467.00,308.00,0,73029
78725,1247,665.00,307.00,0,73038
78853,1250,656.00,308.00,0,73048
78978,1252,501.00,326.00,0,73056
79104,1256,500.00,325.00,0,73065
79231,1258,644.00,309.00,0,73074
79357,1261,634.00,308.00,0,73082
79483,1264,536.00,308.00,0,73092
79609,1266,454.00,325.00,0,73100
79736,1270,646.00,325.00,0,73109
79864,1272,665.00,308.00,0,73118
79989,1274,518.00,308.00,0,73126
80115,1276,583.00,325.00,0,73136
80242,1279,595.00,308.00,0,73145
80369,1282,601.00,308.00,0,73153
80495,1284,533.00,308.00,0,73162
80620,1286,389.00,308.00,0,73171
80749,1289,626.00,308.00,0,73180
80876,1292,639.00,308.00,0,73189
81001,1294,549.00,325.00,0,73197
81127,1296,537.00,307.00,0,73206
81253,1298,576.00,308.00,0,73216
81380,1300,605.00,314.00,0,73224
81506,1303,571.00,342.00,0,73233
81632,1306,527.00,324.00,0,73242
81760,1309,592.00,308.00,0,73250
81887,1312,612.00,308.00,0,73260
82013,1314,539.00,325.00,0,73268
82139,1316,510.00,325.00,0,73277
82266,1319,527.00,325.00,0,73286
82392,1322,580.00,308.00,0,73294
82518,1324,546.00,308.00,0,73304
82644,1326,501.00,308.00,0,73313
82772,1328,540.00,324.00,0,73321
82898,1331,589.00,325.00,0,73330
83024,1333,566.00,308.00,0,73339
83149,1336,575.00,308.00,0,73348
83277,1338,490.00,308.00,0,73357
83403,1340,591.00,341.00,0,73365
83529,1342,576.00,341.00,0,73374
83655,1344,550.00,341.00,0,73383
83783,1347,490.00,309.00,0,73392
83909,1350,550.00,325.00,0,73401
84035,1352,563.00,325.00,0,73410
84162,1354,575.00,308.00,0,73418
84289,1357,419.00,324.00,0,73427
84415,1359,530.00,325.00,0,73437
84541,1362,551.00,307.00,0,73445
84667,1364,573.00,312.00,0,73454
84794,1366,601.00,325.00,0,73462
84921,1368,519.00,325.00,0,73472
85047,1370,560.00,309.00,0,73481
85173,1372,611.00,341.00,0,73489
85299,1375,592.00,308.00,0,73498
85426,1377,506.00,325.00,0,73507
85553,1380,555.00,309.00,0,73516
85679,1383,589.00,308.00,0,73525
85806,1386,543.00,308.00,0,73533
85932,1388,461.00,324.00,0,73542
86058,1390,535.00,325.00,0,73551
86185,1392,593.00,325.00,0,73560
86311,1394,516.00,308.00,0,73569
86438,1396,446.00,325.00,0,73578
86563,1398,505.00,324.00,0,73586
86689,1401,597.00,308.00,0,73595
86817,1403,564.00,308.00,0,73605
86943,1406,540.00,307.00,0,73613
87069,1408,547.00,341.00,0,73622
87197,1410,634.00,341.00,0,73630
87323,1412,521.00,308.00,0,73639
87449,1414,420.00,325.00,0,73649
87575,1417,496.00,324.00,0,73657
87703,1419,596.00,324.00,0,73666
87829,1421,548.00,307.00,0,73675
87955,1424,419.00,308.00,0,73683
88081,1426,482.00,308.00,0,73693
88209,1428,593.00,325.00,0,73702
88335,1430,530.00,325.00,0,73710
88460,1432,397.00,325.00,0,73719
88586,1434,461.00,314.00,0,73728
88713,1436,603.00,307.00,0,73737
88841,1438,594.00,324.00,0,73746
88967,1440,399.00,324.00,0,73754
89093,1442,470.00,325.00,0,73763
89219,1444,582.00,307.00,0,73773
89345,1446,529.00,325.00,0,73781
89471,1448,427.00,325.00,0,73790
89597,1450,388.00,308.00,0,73798
89725,1451,571.00,325.00,0,73807
89853,1454,572.00,325.00,0,73817
89978,1456,417.00,325.00,0,73825
90104,1458,419.00,308.00,0,73834
90231,1460,566.00,308.00,0,73843
90357,1462,528.00,325.00,0,73851
90483,1465,431.00,325.00,0,73861
90609,1467,378.00,325.00,0,73870
90736,1470,584.00,324.00,0,73878
90864,1472,573.00,310.00,0,73887
90989,1474,454.00,325.00,0,73895
91115,1476,379.00,307.00,0,73905
91242,1478,536.00,308.00,0,73914
91369,1480,516.00,324.00,0,73922
91495,1482,439.00,308.00,0,73931
91620,1484,298.00,325.00,0,73940
91749,1486,527.00,307.00,0,73949
91875,1488,539.00,321.00,0,73958
92001,1490,447.00,307.00,0,73966
92127,1492,430.00,307.00,0,73975
92253,1495,483.00,325.00,0,73985
92379,1497,523.00,325.00,0,73993
92505,1499,452.00,307.00,0,74002
92631,1502,453.00,342.00,0,74011
92759,1504,494.00,307.00,0,74019
92886,1506,525.00,324.00,0,74029
93012,1508,456.00,308.00,0,74038
93138,1511,450.00,308.00,0,74046
93265,1513,431.00,325.00,0,74055
93391,1516,500.00,324.00,0,74063
93517,1518,469.00,308.00,0,74073
93643,1520,410.00,325.00,0,74082
93771,1522,443.00,308.00,0,74090
93898,1524,500.00,308.00,0,74099
94023,1527,487.00,325.00,0,74108
94149,1530,474.00,308.00,0,74117
94275,1532,395.00,307.00,0,74126
94403,1536,493.00,342.00,0,74135
94528,1539,482.00,324.00,0,74143
94655,1542,446.00,325.00,0,74152
94783,1546,431.00,324.00,0,74161
94909,1549,465.00,307.00,0,74170
95035,1552,503.00,325.00,0,74179
95161,1554,493.00,317.00,0,74187
95288,1557,342.00,308.00,0,74196
95415,1560,459.00,308.00,0,74206
95540,1562,485.00,308.00,0,74214
95666,1564,480.00,325.00,0,74223
95794,1567,335.00,310.00,0,74231
95921,1569,420.00,325.00,0,74241
96046,1571,491.00,325.00,0,74250
96173,1574,513.00,325.00,0,74258
96299,1576,292.00,341.00,0,74267
96425,1578,395.00,323.00,0,74276
96551,1580,461.00,308.00,0,74285
96679,1582,490.00,325.00,0,74294
96806,1585,490.00,325.00,0,74303
96933,1588,383.00,326.00,0,74311
97058,1592,487.00,309.00,0,74320
97185,1596,540.00,325.00,0,74329
97311,1599,462.00,325.00,0,74338
97437,1602,507.00,318.00,0,74347
97563,1604,455.00,306.00,0,74355
97689,1606,505.00,308.00,0,74364
97817,1607,481.00,325.00,0,74374
97943,1610,514.00,324.00,0,74382
98069,1612,445.00,308.00,0,74391
98196,1614,527.00,308.00,0,74400
98322,1616,441.00,307.00,0,74408
98448,1620,350.00,324.00,0,74418
98574,1624,426.00,308.00,0,74426
98701,1627,527.00,324.00,0,74435
98829,1631,493.00,307.00,0,74444
98955,1635,352.00,324.00,0,74452
99081,1638,433.00,308.00,0,74462
99209,1642,555.00,326.00,0,74471
99335,1645,496.00,325.00,0,74479
99461,1648,364.00,325.00,0,74488
99585,1651,408.00,325.00,0,74497
99713,1654,551.00,324.00,0,74506
99841,1656,521.00,342.00,0,74515
99967,1660,366.00,325.00,0,74523
100093,1664,422.00,326.00,0,74532
100223,1668,538.00,324.00,0,74542
100354,1672,487.00,308.00,0,74551
100483,1675,402.00,308.00,0,74560
100612,1678,319.00,308.00,0,74569
100744,1682,514.00,325.00,0,74578
100875,1684,529.00,325.00,0,74588
101003,1687,433.00,324.00,0,74596
101134,1690,427.00,307.00,0,74605
101265,1692,422.00,325.00,0,74614
101394,1695,464.00,309.00,0,74624
101524,1698,468.00,325.00,0,74633
101653,1701,424.00,325.00,0,74642
101785,1704,368.00,324.00,0,74651
101915,1707,415.00,315.00,0,74660
102045,1711,479.00,324.00,0,74670
102175,1714,530.00,341.00,0,74678
102306,1718,469.00,324.00,0,74687
102436,1721,372.00,325.00,0,74696
102565,1724,454.00,314.00,0,74705
102696,1728,545.00,324.00,0,74715
102827,1730,482.00,308.00,0,74724
102957,1734,340.00,308.00,0,74733
103087,1737,410.00,308.00,0,74742
103217,1740,550.00,325.00,0,74752
103347,1744,475.00,308.00,0,74760
103477,1747,389.00,324.00,0,74769
103607,1751,332.00,324.00,0,74778
103738,1754,527.00,324.00,0,74787
103869,1758,511.00,307.00,0,74797
103998,1761,405.00,324.00,0,74806
104127,1764,411.00,307.00,0,74815
104259,1767,441.00,325.00,0,74824
104388,1770,465.00,308.00,0,74833
104518,1773,418.00,308.00,0,74842
104648,1776,426.00,324.00,0,74851
104779,1780,422.00,325.00,0,74860
104909,1783,432.00,307.00,0,74869
105039,1786,460.00,325.00,0,74878
105147,1790,826.00,358.00,0,74888
105150,1792,826.00,442.00,0,74897
105060,1794,826.00,476.00,0,74906
104941,1794,781.00,491.00,0,74914
104813,1794,491.00,492.00,0,74924
104688,1794,620.00,492.00,0,74933
104562,1792,699.00,493.00,0,74942
104432,1791,734.00,493.00,0,74951
104302,1790,658.00,493.00,0,74960
104174,1790,679.00,509.00,0,74970
104045,1790,734.00,491.00,0,74979
103915,1789,717.00,493.00,0,74988
103784,1788,798.00,493.00,0,74996
103656,1786,745.00,510.00,0,75005
103526,1784,731.00,509.00,0,75015
103395,1782,709.00,509.00,0,75024
103265,1779,782.00,493.00,0,75033
103136,1776,792.00,493.00,0,75042
103008,1774,772.00,509.00,0,75052
102876,1771,716.00,509.00,0,75061
102745,1768,778.00,508.00,0,75070
102616,1765,787.00,492.00,0,75078
102487,1762,767.00,493.00,0,75087
102355,1758,670.00,492.00,0,75097
102225,1754,734.00,493.00,0,75106
102096,1750,809.00,509.00,0,75115
101967,1746,784.00,509.00,0,75124
101836,1743,708.00,509.00,0,75133
101704,1739,727.00,493.00,0,75143
101576,1735,783.00,508.00,0,75152
101445,1732,795.00,508.00,0,75160
101314,1728,697.00,492.00,0,75169
101184,1724,734.00,475.00,0,75179
101056,1720,788.00,493.00,0,75188
100925,1716,789.00,493.00,0,75197
100794,1713,756.00,493.00,0,75206
100664,1710,739.00,493.00,0,75215
100535,1706,779.00,509.00,0,75225
100404,1702,766.00,507.00,0,75234
100273,1699,783.00,492.00,0,75242
100144,1696,785.00,492.00,0,75251
100015,1692,781.00,493.00,0,75260
99884,1689,769.00,509.00,0,75270
99756,1684,797.00,509.00,0,75278
99630,1680,777.00,492.00,0,75287
99504,1676,760.00,493.00,0,75296
99377,1672,728.00,509.00,0,75304
99250,1670,773.00,493.00,0,75314
99126,1667,794.00,492.00,0,75323
99001,1666,780.00,508.00,0,75331
98874,1664,768.00,509.00,0,75340
98748,1662,793.00,476.00,0,75350
98622,1660,785.00,480.00,0,75358
98497,1656,783.00,492.00,0,75367
98370,1652,774.00,492.00,0,75375
98242,1647,778.00,509.00,0,75384
98115,1642,803.00,493.00,0,75394
97989,1638,780.00,509.00,0,75402
97861,1634,736.00,509.00,0,75411
97734,1630,770.00,493.00,0,75420
97609,1628,789.00,493.00,0,75428
97483,1626,781.00,492.00,0,75438
97356,1623,747.00,494.00,0,75446
97228,1620,764.00,493.00,0,75455
97104,1616,805.00,492.00,0,75464
96979,1612,790.00,492.00,0,75472
96853,1609,780.00,493.00,0,75482
96726,1606,785.00,493.00,0,75491
96600,1602,791.00,492.00,0,75499
96474,1600,790.00,493.00,0,75508
96346,1597,751.00,508.00,0,75517
96217,1594,761.00,492.00,0,75526
96092,1590,808.00,509.00,0,75535
95966,1586,790.00,493.00,0,75543
95840,1583,783.00,493.00,0,75552
95713,1580,780.00,504.00,0,75561
95588,1577,790.00,494.00,0,75570
95462,1574,799.00,492.00,0,75579
95336,1572,768.00,492.00,0,75588
95206,1568,758.00,493.00,0,75596
95082,1565,805.00,493.00,0,75606
94956,1561,790.00,492.00,0,75614
94830,1558,785.00,492.00,0,75623
94704,1555,784.00,505.00,0,75632
94579,1552,793.00,509.00,0,75640
94453,1550,803.00,509.00,0,75650
94326,1548,785.00,492.00,0,75659
94198,1545,784.00,492.00,0,75667
94073,1542,801.00,492.00,0,75676
93946,1536,794.00,492.00,0,75685
93819,1532,788.00,508.00,0,75694
93692,1528,782.00,509.00,0,75703
93566,1524,786.00,509.00,0,75711
93440,1522,806.00,509.00,0,75720
93312,1520,767.00,492.00,0,75729
93184,1518,760.00,475.00,0,75738
93060,1516,797.00,492.00,0,75747
92935,1514,795.00,475.00,0,75756
92810,1510,798.00,475.00,0,75764
92684,1506,789.00,475.00,0,75773
92562,1502,794.00,492.00,0,75783
92436,1498,816.00,509.00,0,75791
92308,1494,793.00,509.00,0,75800
92178,1492,789.00,510.00,0,75808
92052,1490,795.00,509.00,0,75817
91924,1488,791.00,493.00,0,75827
91796,1484,797.00,509.00,0,75835
91669,1482,784.00,492.00,0,75844
91544,1478,787.00,509.00,0,75853
91418,1474,802.00,500.00,0,75862
91290,1470,786.00,493.00,0,75871
91164,1466,785.00,492.00,0,75879
91038,1463,793.00,492.00,0,75888
90912,1460,792.00,492.00,0,75897
90784,1458,806.00,492.00,0,75906
90658,1456,788.00,492.00,0,75915
90534,1454,793.00,493.00,0,75924
90408,1452,803.00,509.00,0,75932
90281,1450,795.00,509.00,0,75941
90156,1446,795.00,509.00,0,75951
90031,1442,796.00,508.00,0,75959
89905,1438,796.00,510.00,0,75968
89778,1434,819.00,496.00,0,75976
89652,1430,795.00,492.00,0,75985
89526,1428,792.00,492.00,0,75995
89398,1426,794.00,508.00,0,76003
89270,1424,792.00,493.00,0,76012
89143,1422,793.00,493.00,0,76021
89018,1420,793.00,475.00,0,76029
88892,1417,792.00,475.00,0,76039
88766,1414,818.00,509.00,0,76048
88642,1410,801.00,492.00,0,76056
88518,1406,802.00,493.00,0,76065
88392,1403,805.00,492.00,0,76073
88263,1400,799.00,492.00,0,76083
88136,1398,805.00,495.00,0,76092
88010,1396,794.00,492.00,0,76100
87882,1394,799.00,492.00,0,76109
87756,1392,806.00,492.00,0,76119
87630,1388,801.00,491.00,0,76127
87506,1386,804.00,499.00,0,76136
87380,1382,801.00,492.00,0,76144
87252,1378,800.00,509.00,0,76153
87127,1375,810.00,492.00,0,76163
87002,1371,800.00,493.00,0,76171
86875,1368,799.00,509.00,0,76180
86746,1366,806.00,493.00,0,76189
86621,1364,797.00,475.00,0,76197
86496,1364,805.00,508.00,0,76207
86370,1362,804.00,509.00,0,76216
86242,1360,799.00,492.00,0,76224
86117,1356,822.00,509.00,0,76233
85992,1352,810.00,510.00,0,76241
85865,1346,805.00,491.00,0,76251
85738,1342,810.00,492.00,0,76260
85612,1339,809.00,493.00,0,76268
85486,1337,806.00,509.00,0,76277
85358,1336,794.00,493.00,0,76286
85230,1334,789.00,507.00,0,76295
85104,1332,825.00,493.00,0,76304
84978,1330,803.00,493.00,0,76312
84851,1326,801.00,492.00,0,76321
84726,1322,806.00,493.00,0,76331
84601,1318,817.00,492.00,0,76339
84477,1316,813.00,475.00,0,76348
84349,1312,800.00,492.00,0,76357
84220,1310,798.00,493.00,0,76365
84093,1308,824.00,509.00,0,76375
83966,1306,802.00,492.00,0,76384
83838,1303,799.00,509.00,0,76392
83712,1300,800.00,509.00,0,76401
83588,1298,815.00,493.00,0,76409
83463,1295,822.00,508.00,0,76419
83337,1292,805.00,509.00,0,76428
83209,1288,798.00,509.00,0,76436
83084,1285,823.00,492.00,0,76445
82958,1282,805.00,492.00,0,76454
82830,1278,802.00,492.00,0,76463
82702,1276,801.00,509.00,0,76472
82578,1274,811.00,493.00,0,76481
82452,1273,826.00,509.00,0,76489
82324,1272,799.00,493.00,0,76498
82198,1270,800.00,492.00,0,76507
82073,1267,826.00,509.00,0,76516
81948,1263,822.00,492.00,0,76525
81822,1259,820.00,509.00,0,76533
81696,1254,811.00,493.00,0,76542
81570,1250,817.00,509.00,0,76552
81444,1246,825.00,509.00,0,76560
81314,1244,800.00,509.00,0,76569
81185,1242,790.00,475.00,0,76577
81058,1242,808.00,475.00,0,76587
80931,1240,812.00,509.00,0,76596
80804,1238,815.00,509.00,0,76604
80679,1235,807.00,509.00,0,76613
80556,1231,815.00,493.00,0,76622
80432,1227,826.00,493.00,0,76631
80304,1223,808.00,509.00,0,76640
80176,1219,807.00,510.00,0,76649
80050,1216,809.00,509.00,0,76657
79922,1213,807.00,510.00,0,76666
79794,1211,813.00,509.00,0,76675
79667,1209,795.00,508.00,0,76684
79542,1208,805.00,509.00,0,76693
79417,1206,823.00,509.00,0,76701
79290,1203,812.00,493.00,0,76710
79163,1200,801.00,475.00,0,76720
79038,1196,808.00,492.00,0,76728
78912,1192,812.00,493.00,0,76737
78784,1188,826.00,493.00,0,76745
78658,1184,802.00,504.00,0,76754
78534,1181,809.00,509.00,0,76764
78406,1179,817.00,509.00,0,76772
78276,1178,801.00,492.00,0,76781
78148,1176,799.00,492.00,0,76790
78023,1174,802.00,492.00,0,76798
77900,1172,803.00,493.00,0,76808
77774,1169,827.00,493.00,0,76817
77650,1166,809.00,492.00,0,76825
77526,1162,814.00,492.00,0,76834
77400,1158,823.00,508.00,0,76843
77274,1154,812.00,492.00,0,76852
77145,1151,808.00,475.00,0,76861
77018,1148,804.00,493.00,0,76869
76890,1147,805.00,492.00,0,76878
76762,1146,817.00,493.00,0,76888
76636,1144,811.00,509.00,0,76896
76513,1143,815.00,509.00,0,76905
76387,1141,816.00,509.00,0,76914
76260,1138,812.00,508.00,0,76922
76134,1134,826.00,509.00,0,76932
76010,1130,820.00,493.00,0,76940
75882,1125,811.00,493.00,0,76949
75756,1122,825.00,510.00,0,76958
75629,1119,814.00,493.00,0,76966
75504,1118,811.00,492.00,0,76976
75377,1118,807.00,501.00,0,76985
75248,1116,804.00,492.00,0,76993
75122,1115,826.00,509.00,0,77002
74997,1112,819.00,509.00,0,77010
74871,1108,816.00,509.00,0,77020
74744,1104,826.00,493.00,0,77029
74620,1098,821.00,492.00,0,77037
74495,1094,823.00,509.00,0,77046
74366,1092,806.00,492.00,0,77056
74237,1091,801.00,493.00,0,77064
74108,1090,826.00,496.00,0,77073
73983,1090,810.00,510.00,0,77082
73856,1088,811.00,509.00,0,77090
73730,1086,818.00,484.00,0,77100
73607,1082,823.00,509.00,0,77108
73483,1078,825.00,510.00,0,77117
73357,1073,816.00,509.00,0,77126
73228,1069,806.00,476.00,0,77134
73102,1066,826.00,493.00,0,77144
72974,1063,811.00,508.00,0,77153
72844,1062,802.00,509.00,0,77161
72716,1061,800.00,493.00,0,77170
72591,1060,814.00,509.00,0,77179
72466,1060,824.00,493.00,0,77188
72340,1058,810.00,509.00,0,77197
72213,1055,814.00,510.00,0,77205
72090,1052,826.00,492.00,0,77214
71965,1048,822.00,493.00,0,77223
71839,1043,816.00,509.00,0,77232
71713,1038,818.00,509.00,0,77241
71588,1036,823.00,493.00,0,77250
71462,1034,826.00,509.00,0,77258
71332,1032,805.00,493.00,0,77267
71202,1032,806.00,509.00,0,77276
71076,1030,822.00,509.00,0,77285
70948,1028,816.00,509.00,0,77294
70821,1025,809.00,508.00,0,77302
70696,1022,808.00,508.00,0,77312
70572,1018,819.00,510.00,0,77321
70446,1014,826.00,492.00,0,77329
70318,1010,805.00,493.00,0,77338
70190,1008,805.00,509.00,0,77347
70063,1005,810.00,475.00,0,77356
69936,1002,814.00,493.00,0,77365
69808,1000,813.00,493.00,0,77373
69682,999,805.00,509.00,0,77382
69562,998,809.00,475.00,0,77390
69441,996,826.00,510.00,0,77400
69317,994,812.00,509.00,0,77408
69194,991,805.00,492.00,0,77416
69073,988,823.00,492.00,0,77425
68951,984,820.00,510.00,0,77433
68828,982,818.00,494.00,0,77442
68705,979,812.00,508.00,0,77451
68584,977,822.00,493.00,0,77459
68462,975,826.00,493.00,0,77468
68338,973,810.00,509.00,0,77476
68213,971,803.00,493.00,0,77485
68090,968,825.00,509.00,0,77494
67967,966,811.00,492.00,0,77502
67844,962,809.00,493.00,0,77510
67721,960,809.00,491.00,0,77519
67600,958,822.00,492.00,0,77528
67480,956,825.00,493.00,0,77537
67357,954,815.00,509.00,0,77545
67233,952,806.00,493.00,0,77553
67110,948,827.00,493.00,0,77562
66988,944,815.00,509.00,0,77571
66864,941,812.00,510.00,0,77580
66740,938,815.00,492.00,0,77588
66618,936,815.00,492.00,0,77596
66496,936,818.00,509.00,0,77605
66374,935,815.00,509.00,0,77614
66248,934,809.00,493.00,0,77622
66126,932,826.00,492.00,0,77631
66005,929,820.00,509.00,0,77639
65884,926,822.00,493.00,0,77648
65761,922,826.00,509.00,0,77657
65640,918,821.00,493.00,0,77665
65520,914,820.00,492.00,0,77674
65396,912,826.00,492.00,0,77682
65271,912,816.00,492.00,0,77690
65147,910,816.00,492.00,0,77700
65024,909,809.00,493.00,0,77708
64900,908,808.00,493.00,0,77717
64776,906,826.00,508.00,0,77725
64655,904,815.00,509.00,0,77733
64536,901,821.00,492.00,0,77743
64414,898,826.00,492.00,0,77751
64290,895,823.00,493.00,0,77759
64167,892,816.00,492.00,0,77768
64045,888,818.00,502.00,0,77776
63921,884,817.00,509.00,0,77786
63796,882,821.00,509.00,0,77794
63672,880,807.00,502.00,0,77802
63551,879,817.00,493.00,0,77811
63428,878,826.00,509.00,0,77819
63304,877,816.00,509.00,0,77829
63180,875,811.00,492.00,0,77837
63059,872,825.00,504.00,0,77845
62938,869,820.00,493.00,0,77854
62816,866,822.00,509.00,0,77862
62693,863,820.00,509.00,0,77871
62574,860,824.00,495.00,0,77880
62452,858,826.00,492.00,0,77888
62328,856,818.00,509.00,0,77897
62203,854,812.00,492.00,0,77905
62080,852,826.00,492.00,0,77914
61956,850,819.00,493.00,0,77923
61832,848,814.00,492.00,0,77931
61710,846,812.00,492.00,0,77939
61589,844,826.00,492.00,0,77948
61468,842,826.00,496.00,0,77957
61344,840,818.00,493.00,0,77966
61220,837,815.00,509.00,0,77974
61098,834,827.00,493.00,0,77982
60975,831,821.00,509.00,0,77991
60852,828,809.00,475.00,0,78000
60728,825,824.00,493.00,0,78008
60607,823,824.00,509.00,0,78017
60485,822,826.00,492.00,0,78025
60362,820,813.00,492.00,0,78034
60236,818,812.00,492.00,0,78043
60114,816,826.00,493.00,0,78051
59992,812,818.00,493.00,0,78060
59868,810,817.00,509.00,0,78068
59746,806,826.00,509.00,0,78076
59624,804,818.00,493.00,0,78086
59504,802,820.00,492.00,0,78094
59380,800,819.00,493.00,0,78103
59254,799,811.00,493.00,0,78111
59132,797,823.00,492.00,0,78119
59009,794,814.00,509.00,0,78129
58886,792,812.00,510.00,0,78137
58763,788,826.00,509.00,0,78146
58642,786,818.00,492.00,0,78154
58522,785,824.00,492.00,0,78162
58400,784,826.00,510.00,0,78172
58276,782,823.00,509.00,0,78180
58153,780,825.00,509.00,0,78188
58032,778,826.00,509.00,0,78197
57910,775,823.00,509.00,0,78205
57786,772,826.00,509.00,0,78215
57664,770,819.00,492.00,0,78223
57544,768,825.00,509.00,0,78231
57422,767,826.00,493.00,0,78240
57298,766,821.00,509.00,0,78248
57174,763,814.00,493.00,0,78257
57051,760,822.00,509.00,0,78266
56927,756,820.00,509.00,0,78274
56803,754,826.00,493.00,0,78283
56680,750,818.00,492.00,0,78291
56560,749,824.00,509.00,0,78300
56437,748,826.00,492.00,0,78309
56313,747,817.00,509.00,0,78317
56190,746,815.00,492.00,0,78325
56066,744,825.00,509.00,0,78334
55944,741,824.00,510.00,0,78343
55822,738,825.00,509.00,0,78352
55700,734,822.00,493.00,0,78360
55580,732,826.00,510.00,0,78368
55459,729,827.00,509.00,0,78377
55334,727,816.00,491.00,0,78386
55210,725,804.00,493.00,0,78395
55086,723,825.00,492.00,0,78403
54962,721,822.00,509.00,0,78411
54838,720,808.00,493.00,0,78420
54714,718,814.00,509.00,0,78429
54594,716,826.00,493.00,0,78437
54473,714,826.00,492.00,0,78446
54350,712,821.00,509.00,0,78454
54226,708,817.00,493.00,0,78464
54104,705,826.00,477.00,0,78472
53982,702,821.00,510.00,0,78480
53857,698,809.00,509.00,0,78489
53734,697,819.00,493.00,0,78497
53612,696,823.00,493.00,0,78505
53490,696,826.00,509.00,0,78515
53368,696,825.00,493.00,0,78523
53244,694,824.00,509.00,0,78532
53122,692,826.00,493.00,0,78540
53001,688,822.00,492.00,0,78548
52879,685,823.00,509.00,0,78558
52756,682,826.00,509.00,0,78566
52636,679,825.00,509.00,0,78574
52514,677,827.00,492.00,0,78583
52392,676,826.00,492.00,0,78592
52266,674,825.00,509.00,0,78601
52142,672,825.00,493.00,0,78609
52018,670,819.00,510.00,0,78617
51894,667,816.00,492.00,0,78626
51770,664,826.00,493.00,0,78635
51648,663,816.00,492.00,0,78644
51528,662,823.00,491.00,0,78652
51406,660,826.00,493.00,0,78660
51282,659,826.00,509.00,0,78669
51158,656,826.00,509.00,0,78678
51036,654,825.00,509.00,0,78686
50913,650,824.00,508.00,0,78695
50790,647,826.00,493.00,0,78703
50668,644,821.00,492.00,0,78712
50546,643,823.00,492.00,0,78721
50425,642,825.00,509.00,0,78729
50300,642,822.00,509.00,0,78738
50176,640,821.00,510.00,0,78746
50055,638,827.00,493.00,0,78754
49933,634,826.00,509.00,0,78764
49810,632,826.00,509.00,0,78772
49688,629,825.00,476.00,0,78781
49568,627,825.00,491.00,0,78789
49448,625,826.00,509.00,0,78797
49324,624,826.00,509.00,0,78807
49199,622,820.00,509.00,0,78815
49076,620,826.00,494.00,0,78823
48952,618,826.00,508.00,0,78832
48828,615,820.00,494.00,0,78840
48704,612,823.00,494.00,0,78850
48583,610,825.00,492.00,0,78858
48462,609,825.00,492.00,0,78866
48338,607,821.00,509.00,0,78875
48212,605,812.00,492.00,0,78883
48089,602,826.00,509.00,0,78892
47966,600,821.00,509.00,0,78901
47842,598,817.00,492.00,0,78909
47720,596,822.00,493.00,0,78918
47600,596,825.00,492.00,0,78926
47482,595,826.00,508.00,0,78935
47359,594,827.00,492.00,0,78944
47236,592,826.00,492.00,0,78952
47114,590,827.00,503.00,0,78961
46993,586,825.00,492.00,0,78969
46871,582,827.00,493.00,0,78978
46747,579,826.00,493.00,0,78987
46626,576,825.00,493.00,0,78995
46504,575,826.00,494.00,0,79003
46379,574,826.00,498.00,0,79012
46254,573,823.00,493.00,0,79021
46129,572,826.00,509.00,0,79030
46004,570,819.00,509.00,0,79038
45880,568,820.00,509.00,0,79046
45758,565,826.00,492.00,0,79055
45637,563,824.00,509.00,0,79064
45518,561,826.00,509.00,0,79072
45396,560,827.00,509.00,0,79081
45272,558,825.00,508.00,0,79089
45148,556,826.00,509.00,0,79098
45025,552,823.00,492.00,0,79107
44902,550,819.00,508.00,0,79115
44777,547,826.00,492.00,0,79124
44654,546,821.00,492.00,0,79132
44535,544,827.00,492.00,0,79140
44412,544,825.00,492.00,0,79150
44287,542,825.00,493.00,0,79158
44163,540,826.00,492.00,0,79167
44041,538,820.00,493.00,0,79175
43919,536,821.00,510.00,0,79183
43796,533,826.00,492.00,0,79193
43675,532,826.00,510.00,0,79201
43556,530,826.00,493.00,0,79210
43436,530,826.00,475.00,0,79218
43313,528,826.00,509.00,0,79226
43190,526,826.00,509.00,0,79236
43067,524,826.00,510.00,0,79244
42944,520,826.00,509.00,0,79252
42819,518,826.00,491.00,0,79261
42696,515,826.00,493.00,0,79269
42575,514,826.00,493.00,0,79279
42452,513,826.00,492.00,0,79287
42328,512,824.00,492.00,0,79295
42202,511,825.00,509.00,0,79304
42079,508,825.00,509.00,0,79312
41957,506,824.00,492.00,0,79321
41833,503,822.00,475.00,0,79330
41711,500,826.00,493.00,0,79338
41591,500,826.00,509.00,0,79347
41471,498,826.00,492.00,0,79355
41348,498,827.00,510.00,0,79364
41224,496,824.00,493.00,0,79373
41102,494,826.00,493.00,0,79381
40979,491,826.00,492.00,0,79389
40856,488,824.00,509.00,0,79398
40732,486,826.00,509.00,0,79407
40610,485,826.00,493.00,0,79416
40489,484,826.00,509.00,0,79424
40366,483,824.00,492.00,0,79432
40241,482,826.00,509.00,0,79441
40118,480,826.00,492.00,0,79450
39996,476,827.00,493.00,0,79458
39872,472,825.00,492.00,0,79467
39748,470,826.00,475.00,0,79475
39628,468,826.00,509.00,0,79484
39508,467,826.00,509.00,0,79493
39386,466,826.00,509.00,0,79501
39261,466,826.00,525.00,0,79510
39136,464,826.00,492.00,0,79518
39014,461,823.00,493.00,0,79527
38890,458,823.00,508.00,0,79536
38766,456,826.00,492.00,0,79544
38644,454,826.00,493.00,0,79553
38524,452,826.00,493.00,0,79561
38400,452,826.00,509.00,0,79569
38275,452,826.00,508.00,0,79579
38152,450,826.00,509.00,0,79587
38030,447,824.00,493.00,0,79596
37910,444,825.00,509.00,0,79604
37788,442,826.00,500.00,0,79612
37667,440,827.00,493.00,0,79622
37548,440,826.00,476.00,0,79630
37428,440,804.00,493.00,0,79638
37305,438,826.00,492.00,0,79647
37182,436,826.00,493.00,0,79655
37060,434,826.00,509.00,0,79665
36936,431,826.00,509.00,0,79673
36812,428,826.00,509.00,0,79681
36688,427,826.00,475.00,0,79690
36568,426,826.00,509.00,0,79698
36445,426,826.00,509.00,0,79707
36320,425,823.00,509.00,0,79716
36195,424,825.00,509.00,0,79724
36072,421,826.00,492.00,0,79733
35949,418,825.00,493.00,0,79741
35826,416,826.00,509.00,0,79750
35704,414,826.00,493.00,0,79759
35586,414,826.00,476.00,0,79767
35465,413,826.00,492.00,0,79776
35342,412,825.00,492.00,0,79784
35218,411,825.00,493.00,0,79793
35097,408,826.00,509.00,0,79802
34974,404,826.00,509.00,0,79810
34849,400,827.00,509.00,0,79818
34724,398,826.00,509.00,0,79827
34603,396,826.00,493.00,0,79836
34481,396,826.00,475.00,0,79845
34357,396,826.00,492.00,0,79853
34230,395,822.00,493.00,0,79861
34106,393,825.00,493.00,0,79870
33983,390,824.00,492.00,0,79879
33860,388,821.00,493.00,0,79887
33737,386,826.00,492.00,0,79896
33618,386,826.00,492.00,0,79904
33499,386,826.00,493.00,0,79913
33379,386,826.00,492.00,0,79922
33256,384,827.00,509.00,0,79930
33133,382,826.00,509.00,0,79939
33010,378,826.00,493.00,0,79947
32887,374,827.00,492.00,0,79955
32763,372,826.00,509.00,0,79965
32640,370,826.00,493.00,0,79973
32520,370,826.00,508.00,0,79982
32396,369,825.00,493.00,0,79990
32269,368,826.00,509.00,0,79998
32144,366,827.00,493.00,0,80008
32020,364,827.00,493.00,0,80016
31897,361,826.00,492.00,0,80025
31774,359,826.00,493.00,0,80033
31652,358,826.00,510.00,0,80041
31534,358,826.00,509.00,0,80051
31413,358,825.00,509.00,0,80059
31290,357,826.00,492.00,0,80067
31168,356,826.00,492.00,0,80076
31047,352,826.00,493.00,0,80084
30923,349,827.00,493.00,0,80094
30799,346,825.00,492.00,0,80102
30677,344,826.00,509.00,0,80110
30556,344,826.00,497.00,0,80119
30435,343,825.00,509.00,0,80128
30310,343,825.00,510.00,0,80136
30184,342,826.00,509.00,0,80145
30061,339,826.00,509.00,0,80153
29936,336,827.00,476.00,0,80162
29814,334,825.00,476.00,0,80171
29692,332,827.00,509.00,0,80179
29573,332,826.00,509.00,0,80188
29452,332,826.00,493.00,0,80196
29330,332,826.00,509.00,0,80204
29206,330,826.00,492.00,0,80214
29084,327,826.00,476.00,0,80222
28960,324,825.00,493.00,0,80231
28835,320,826.00,490.00,0,80239
28712,318,826.00,493.00,0,80247
28590,317,826.00,509.00,0,80257
28469,317,826.00,493.00,0,80265
28344,317,827.00,493.00,0,80273
28218,316,826.00,509.00,0,80282
28094,314,826.00,493.00,0,80290
27972,311,826.00,509.00,0,80300
27848,308,826.00,492.00,0,80308
27727,306,826.00,492.00,0,80316
27608,306,826.00,493.00,0,80325
27489,306,826.00,510.00,0,80333
27368,306,827.00,492.00,0,80343
27245,306,825.00,509.00,0,80351
27123,304,826.00,493.00,0,80359
27000,300,826.00,476.00,0,80368
26876,297,826.00,476.00,0,80376
26753,295,826.00,510.00,0,80385
26631,294,826.00,509.00,0,80394
26511,294,826.00,509.00,0,80402
26388,294,826.00,509.00,0,80411
26264,294,826.00,492.00,0,80419
26139,292,825.00,492.00,0,80428
26016,288,826.00,493.00,0,80437
25892,285,826.00,493.00,0,80445
25768,283,827.00,493.00,0,80453
25648,282,826.00,475.00,0,80462
25529,282,826.00,493.00,0,80471
25408,282,825.00,510.00,0,80480
25284,282,825.00,492.00,0,80488
25160,281,826.00,509.00,0,80496
25038,278,826.00,509.00,0,80505
24912,274,826.00,492.00,0,80514
24789,272,827.00,509.00,0,80522
24667,271,825.00,491.00,0,80531
24548,271,827.00,492.00,0,80539
24425,271,826.00,508.00,0,80548
24301,271,826.00,509.00,0,80557
24177,270,826.00,509.00,0,80565
24054,268,826.00,493.00,0,80574
23930,264,826.00,492.00,0,80582
23807,262,825.00,509.00,0,80591
23687,260,826.00,492.00,0,80600
23568,260,826.00,493.00,0,80608
23448,260,826.00,509.00,0,80617
23326,261,825.00,509.00,0,80625
23202,261,826.00,493.00,0,80633
23078,257,826.00,509.00,0,80643
22952,253,826.00,493.00,0,80651
22828,250,826.00,509.00,0,80660
22704,248,825.00,492.00,0,80668
22584,247,826.00,493.00,0,80676
22463,247,826.00,493.00,0,80686
22338,247,826.00,492.00,0,80694
22212,247,826.00,492.00,0,80702
22088,245,825.00,491.00,0,80711
21964,242,826.00,492.00,0,80719
21840,239,826.00,508.00,0,80729
21718,237,826.00,492.00,0,80737
21600,237,826.00,509.00,0,80745
21482,237,826.00,476.00,0,80754
21361,237,826.00,492.00,0,80762
21237,236,826.00,492.00,0,80771
21114,234,826.00,509.00,0,80780
20990,230,826.00,509.00,0,80788
20866,228,825.00,509.00,0,80797
20742,226,825.00,492.00,0,80805
20622,225,826.00,509.00,0,80814
20502,225,826.00,476.00,0,80823
20380,226,826.00,509.00,0,80831
20254,226,826.00,509.00,0,80840
20130,224,825.00,508.00,0,80848
20006,221,826.00,509.00,0,80857
19881,218,826.00,509.00,0,80866
19758,216,826.00,476.00,0,80874
19640,216,826.00,509.00,0,80882
19522,217,826.00,492.00,0,80891
19402,218,826.00,492.00,0,80900
19277,218,826.00,492.00,0,80909
19152,217,826.00,491.00,0,80917
19027,214,826.00,509.00,0,80925
18902,210,826.00,493.00,0,80934
18777,208,827.00,493.00,0,80943
18654,208,826.00,509.00,0,80951
18536,208,826.00,493.00,0,80960
18414,210,827.00,493.00,0,80968
18290,210,827.00,509.00,0,80977
18166,210,825.00,492.00,0,80986
18042,206,826.00,492.00,0,80994
17919,202,826.00,493.00,0,81003
17797,200,826.00,492.00,0,81011
17678,200,826.00,493.00,0,81019
17561,200,825.00,493.00,0,81029
17440,202,826.00,477.00,0,81037
17314,202,826.00,493.00,0,81046
17187,202,825.00,509.00,0,81054
17062,198,826.00,506.00,0,81062
16935,194,826.00,510.00,0,81072
16810,192,826.00,509.00,0,81080
16687,190,826.00,492.00,0,81089
16569,190,826.00,509.00,0,81097
16448,191,826.00,493.00,0,81105
16326,191,826.00,509.00,0,81115
16201,191,826.00,492.00,0,81123
16078,188,826.00,493.00,0,81131
15955,185,826.00,494.00,0,81140
15833,182,826.00,492.00,0,81148
15714,182,826.00,497.00,0,81158
15598,182,825.00,508.00,0,81166
15476,184,826.00,500.00,0,81174
15350,184,826.00,509.00,0,81183
15222,184,826.00,508.00,0,81191
15096,181,826.00,510.00,0,81200
14968,177,826.00,523.00,0,81209
14842,175,826.00,493.00,0,81217
14720,173,826.00,492.00,0,81226
14602,173,826.00,492.00,0,81234
14485,174,826.00,492.00,0,81243
14364,174,826.00,492.00,0,81252
14241,174,826.00,493.00,0,81260
14118,172,826.00,493.00,0,81268
13996,168,827.00,509.00,0,81277
13874,166,825.00,492.00,0,81286
13755,164,826.00,493.00,0,81295
13638,164,826.00,492.00,0,81303
13515,165,826.00,493.00,0,81311
13389,166,826.00,509.00,0,81320
13258,166,826.00,493.00,0,81329
13130,164,826.00,509.00,0,81337
13002,160,821.00,492.00,0,81346
12874,157,817.00,475.00,0,81354
12751,156,826.00,475.00,0,81363
12632,156,825.00,492.00,0,81372
12517,158,826.00,493.00,0,81380
12398,158,826.00,492.00,0,81389
12277,158,826.00,510.00,0,81397
12155,156,826.00,509.00,0,81406
12034,152,826.00,509.00,0,81415
11913,149,826.00,492.00,0,81423
11795,148,826.00,509.00,0,81432
11675,148,826.00,492.00,0,81440
11553,149,826.00,509.00,0,81448
11426,151,826.00,509.00,0,81458
11297,151,826.00,493.00,0,81466
11166,149,827.00,493.00,0,81475
11038,146,823.00,508.00,0,81483
10910,142,823.00,509.00,0,81491
10786,140,826.00,493.00,0,81501
10668,140,825.00,475.00,0,81509
10554,140,826.00,493.00,0,81517
10438,142,825.00,475.00,0,81526
10318,142,826.00,493.00,0,81534
10194,141,826.00,492.00,0,81544
10070,137,825.00,492.00,0,81552
9948,135,827.00,493.00,0,81560
9832,133,826.00,509.00,0,81568
9718,132,827.00,492.00,0,81576
9602,133,825.00,509.00,0,81585
9480,134,826.00,492.00,0,81594
9355,136,825.00,492.00,0,81602
9228,136,826.00,491.00,0,81610
9102,133,826.00,492.00,0,81618
8978,129,824.00,509.00,0,81627
8856,126,825.00,493.00,0,81635
8740,124,826.00,492.00,0,81643
8630,124,826.00,492.00,0,81651
8520,125,826.00,491.00,0,81660
8402,126,826.00,492.00,0,81669
8280,126,826.00,509.00,0,81677
8159,125,826.00,509.00,0,81685
8038,121,826.00,509.00,0,81693
7920,119,826.00,509.00,0,81701
7804,117,826.00,493.00,0,81710
7693,117,826.00,493.00,0,81718
7577,118,825.00,508.00,0,81727
7454,120,825.00,509.00,0,81735
7330,120,825.00,493.00,0,81743
7202,119,824.00,509.00,0,81752
7077,116,826.00,493.00,0,81760
6954,112,826.00,492.00,0,81768
6834,110,827.00,476.00,0,81776
6722,110,825.00,492.00,0,81784
6615,111,826.00,476.00,0,81794
6500,113,826.00,477.00,0,81802
6379,114,826.00,492.00,0,81810
6255,114,826.00,509.00,0,81818
6131,111,826.00,509.00,0,81826
6010,108,826.00,493.00,0,81835
5892,105,826.00,493.00,0,81843
5779,105,826.00,493.00,0,81851
5668,105,826.00,475.00,0,81860
5552,108,826.00,492.00,0,81868
5430,109,826.00,510.00,0,81876
5304,110,826.00,509.00,0,81885
5178,109,826.00,510.00,0,81893
5054,106,826.00,509.00,0,81901
4932,102,826.00,509.00,0,81909
4818,100,826.00,492.00,0,81917
4709,100,826.00,475.00,0,81927
4598,102,826.00,509.00,0,81935
4478,103,826.00,492.00,0,81943
4354,104,826.00,493.00,0,81951
4228,104,826.00,509.00,0,81959
4104,101,826.00,476.00,0,81968
3984,99,826.00,493.00,0,81976
3871,97,826.00,508.00,0,81984
3765,96,826.00,493.00,0,81992
3658,96,826.00,492.00,0,82000
3543,98,826.00,475.00,0,82009
3424,100,826.00,508.00,0,82017
3298,100,825.00,509.00,0,82025
3173,99,827.00,509.00,0,82033
3054,96,826.00,492.00,0,82041
2938,93,826.00,492.00,0,82049
2828,91,826.00,509.00,0,82057
2723,91,826.00,493.00,0,82065
2614,91,826.00,510.00,0,82073
2498,93,826.00,493.00,0,82081
2378,95,826.00,493.00,0,82089
2256,95,826.00,509.00,0,82098
2135,94,826.00,492.00,0,82106
2017,92,825.00,508.00,0,82113
1904,90,826.00,503.00,0,82121
1798,88,826.00,475.00,0,82129
1691,88,826.00,509.00,0,82138
1576,89,826.00,509.00,0,82146
1458,90,826.00,493.00,0,82154
1336,92,826.00,493.00,0,82162
1213,92,823.00,509.00,0,82169
1092,91,826.00,492.00,0,82178
976,88,826.00,493.00,0,82186
868,85,827.00,493.00,0,82194
768,85,825.00,493.00,0,82201
664,85,826.00,493.00,0,82209
554,87,826.00,508.00,0,82216
440,89,825.00,508.00,0,82225
322,89,826.00,509.00,0,82233
204,90,826.00,492.00,0,82240
86,89,827.00,475.00,0,82248
-15,86,0.00,475.00,0,82255
-56,83,0.00,425.00,0,82263
-36,81,0.00,374.00,0,82270
35,80,693.00,341.00,0,82277
122,80,786.00,327.00,0,82285
210,82,513.00,325.00,0,82293
305,84,546.00,325.00,0,82300
412,86,748.00,325.00,0,82309
520,89,795.00,325.00,0,82316
630,90,720.00,308.00,0,82324
742,91,806.00,325.00,0,82332
860,89,818.00,325.00,0,82339
976,86,808.00,308.00,0,82348
1090,83,818.00,324.00,0,82356
1202,81,807.00,325.00,0,82364
1308,80,597.00,325.00,0,82372
1417,82,568.00,309.00,0,82379
1532,85,787.00,341.00,0,82387
1648,88,791.00,325.00,0,82396
1768,90,811.00,325.00,0,82404
1892,91,816.00,291.00,0,82412
2014,88,825.00,342.00,0,82420
2132,84,820.00,308.00,0,82428
2242,81,803.00,325.00,0,82436
2348,79,654.00,324.00,0,82444
2457,79,509.00,325.00,0,82452
2571,81,791.00,308.00,0,82460
2688,84,807.00,325.00,0,82468
2808,85,814.00,325.00,0,82477
2930,86,803.00,325.00,0,82485
3047,85,815.00,308.00,0,82493
3158,83,804.00,341.00,0,82500
3264,82,562.00,324.00,0,82508
3376,82,638.00,308.00,0,82516
3491,83,736.00,341.00,0,82525
3606,87,716.00,308.00,0,82533
3724,89,803.00,325.00,0,82541
3846,90,819.00,325.00,0,82549
3967,89,806.00,308.00,0,82557
4085,86,813.00,308.00,0,82565
4198,84,825.00,324.00,0,82573
4303,82,826.00,343.00,0,82581
4400,82,825.00,341.00,0,82589
4490,85,826.00,341.00,0,82597
4576,87,825.00,341.00,0,82606
4660,89,825.00,325.00,0,82614
4744,89,825.00,340.00,0,82622
4830,89,825.00,340.00,0,82629
4914,86,826.00,341.00,0,82637
4994,84,825.00,341.00,0,82646
5068,83,826.00,342.00,0,82654
5134,83,825.00,375.00,0,82662
5192,85,825.00,375.00,0,82670
5240,87,825.00,358.00,0,82678
5281,89,825.00,375.00,0,82685
5316,89,825.00,375.00,0,82694
5342,89,825.00,391.00,0,82702
5362,89,825.00,391.00,0,82710
5375,88,826.00,391.00,0,82718
5382,88,825.00,408.00,0,82726
5382,88,825.00,408.00,0,82735
5376,88,825.00,408.00,0,82743
5364,88,825.00,425.00,0,82750
5347,88,825.00,424.00,0,82758
5325,88,825.00,428.00,0,82766
5299,87,826.00,425.00,0,82775
5267,87,826.00,442.00,0,82783
5233,85,825.00,442.00,0,82791
5194,85,826.00,425.00,0,82799
5153,85,825.00,442.00,0,82807
5111,84,826.00,442.00,0,82814
5069,83,825.00,441.00,0,82823
5028,83,826.00,442.00,0,82831
4989,83,825.00,442.00,0,82839
4953,83,826.00,442.00,0,82847
4921,83,826.00,425.00,0,82855
4892,83,826.00,442.00,0,82864
4867,83,825.00,425.00,0,82872
4848,83,826.00,425.00,0,82879
4833,83,825.00,425.00,0,82887
4822,83,826.00,408.00,0,82895
4817,83,825.00,408.00,0,82904
4815,83,826.00,409.00,0,82912
4819,83,825.00,409.00,0,82920
4825,83,826.00,392.00,0,82928
4835,83,825.00,409.00,0,82935
4849,83,825.00,392.00,0,82944
4863,83,826.00,391.00,0,82952
4881,83,826.00,391.00,0,82960
4899,83,826.00,407.00,0,82968
4917,83,826.00,391.00,0,82976
4935,83,825.00,392.00,0,82984
4952,83,825.00,391.00,0,82993
4967,83,825.00,391.00,0,83000
4981,83,825.00,392.00,0,83008
4991,82,826.00,391.00,0,83016
4999,82,826.00,408.00,0,83024
5005,82,826.00,408.00,0,83033
5007,82,825.00,408.00,0,83041
5006,82,825.00,408.00,0,83049
5002,82,825.00,408.00,0,83057
4996,82,825.00,424.00,0,83064
4988,82,826.00,408.00,0,83073
4980,82,825.00,425.00,0,83081
4970,82,826.00,422.00,0,83089
4960,82,826.00,426.00,0,83097
4950,82,825.00,408.00,0,83105
4942,82,826.00,408.00,0,83113
4934,82,825.00,408.00,0,83122
4928,82,825.00,408.00,0,83129
4923,82,825.00,408.00,0,83137
4920,82,825.00,408.00,0,83145
4919,82,827.00,408.00,0,83153
4919,82,825.00,408.00,0,83162
4921,82,825.00,408.00,0,83170
4925,82,825.00,392.00,0,83178
4929,82,825.00,408.00,0,83185
4933,82,825.00,408.00,0,83193
4939,82,826.00,408.00,0,83202
4945,82,825.00,408.00,0,83210
4949,82,826.00,391.00,0,83218
4953,82,825.00,391.00,0,83226
4957,82,826.00,408.00,0,83234
4960,82,826.00,408.00,0,83243
4962,82,825.00,408.00,0,83250
4963,82,825.00,408.00,0,83258
4963,82,825.00,408.00,0,83266
4963,82,826.00,408.00,0,83274
4961,82,826.00,408.00,0,83282
4959,82,826.00,408.00,0,83291
4955,82,826.00,408.00,0,83299
4953,82,825.00,409.00,0,83307
4951,82,825.00,409.00,0,83314
4948,82,825.00,408.00,0,83322
4947,82,826.00,409.00,0,83331
4945,82,826.00,408.00,0,83339
4944,82,826.00,409.00,0,83347
4944,82,825.00,408.00,0,83355
4944,82,825.00,408.00,0,83363
4944,82,825.00,409.00,0,83372
4946,82,825.00,408.00,0,83379
4946,82,826.00,408.00,0,83387
4947,82,826.00,408.00,0,83395
4948,82,826.00,408.00,0,83403
4948,82,825.00,409.00,0,83411
4949,82,825.00,408.00,0,83420
4950,82,825.00,408.00,0,83428
4950,82,825.00,409.00,0,83436
4950,82,825.00,408.00,0,83443
4950,82,826.00,408.00,0,83451
4950,82,826.00,408.00,0,83460
4950,82,826.00,408.00,0,83468
4950,82,826.00,409.00,0,83476
4950,82,825.00,408.00,0,83484
4950,82,826.00,408.00,0,83492
4950,82,825.00,408.00,0,83500
4950,82,825.00,409.00,0,83508
4950,82,826.00,408.00,0,83516
4950,82,825.00,408.00,0,83524
4950,82,826.00,408.00,0,83532
4950,82,825.00,409.00,0,83540
4950,82,825.00,408.00,0,83549
4950,81,826.00,408.00,0,83557
4950,81,825.00,408.00,0,83564
4950,81,826.00,408.00,0,83572
4950,81,825.00,408.00,0,83580
4950,81,826.00,408.00,0,83589
4950,81,826.00,409.00,0,83597
4950,81,826.00,408.00,0,83605
4950,81,825.00,409.00,0,83613
4950,81,825.00,409.00,0,83621
4950,81,825.00,408.00,0,83629
4950,81,825.00,408.00,0,83637
4950,81,825.00,408.00,0,83645
4950,81,826.00,409.00,0,83653
4950,81,825.00,409.00,0,83661
4950,81,825.00,408.00,0,83670
4950,81,826.00,408.00,0,83678
4950,81,825.00,408.00,0,83686
4950,81,825.00,408.00,0,83693
4950,81,826.00,409.00,0,83701
4950,81,825.00,409.00,0,83709
4950,81,826.00,408.00,0,83718
4950,81,825.00,408.00,0,83726
4950,81,826.00,408.00,0,83734
4950,81,825.00,408.00,0,83742
4950,81,825.00,408.00,0,83749
4950,81,825.00,408.00,0,83758
4950,81,826.00,408.00,0,83766
4950,81,826.00,408.00,0,83774
4950,81,825.00,408.00,0,83782
4950,81,825.00,409.00,0,83790
4950,81,826.00,409.00,0,83799
4950,81,825.00,409.00,0,83807
4950,81,825.00,408.00,0,83814
4950,81,826.00,408.00,0,83822
4950,81,825.00,408.00,0,83830
4950,81,826.00,408.00,0,83838
4950,81,826.00,409.00,0,83847
4950,81,825.00,409.00,0,83855
4950,81,825.00,408.00,0,83863
4950,81,825.00,409.00,0,83871
4950,81,825.00,408.00,0,83878
4950,81,826.00,408.00,0,83887
4950,81,825.00,408.00,0,83895
4950,81,826.00,408.00,0,83903
4950,81,826.00,409.00,0,83911
4950,81,825.00,408.00,0,83919
4950,81,825.00,408.00,0,83928
4950,81,825.00,409.00,0,83936
4950,81,825.00,409.00,0,83943
4950,81,825.00,408.00,0,83951
4950,81,826.00,408.00,0,83959
4950,81,825.00,408.00,0,83968
4950,81,825.00,409.00,0,83976
4950,81,825.00,408.00,0,83984
4950,81,825.00,408.00,0,83992
4950,81,825.00,408.00,0,83999
4950,81,825.00,409.00,0,84007
4950,81,826.00,408.00,0,84016
4950,81,825.00,408.00,0,84024
4950,81,825.00,408.00,0,84032
4950,81,826.00,408.00,0,84040
4950,81,825.00,408.00,0,84048
4950,81,825.00,408.00,0,84057
4950,81,825.00,408.00,0,84064
4950,81,825.00,409.00,0,84072
4950,81,825.00,408.00,0,84080
4950,81,825.00,409.00,0,84088
4950,81,826.00,408.00,0,84097
4950,81,826.00,408.00,0,84105
4950,81,826.00,408.00,0,84113
4950,81,825.00,408.00,0,84121
4950,81,825.00,408.00,0,84128
4950,81,825.00,408.00,0,84136
4950,81,825.00,409.00,0,84145
4950,81,825.00,409.00,0,84153
4950,81,825.00,408.00,0,84161
4950,81,826.00,408.00,0,84169
4950,81,825.00,409.00,0,84177
4950,81,825.00,408.00,0,84186
4950,81,825.00,408.00,0,84193
4950,81,825.00,408.00,0,84201
4950,81,826.00,408.00,0,84209
4950,81,825.00,408.00,0,84217
4950,81,825.00,408.00,0,84226
4950,81,826.00,408.00,0,84234
4950,81,825.00,408.00,0,84242
4950,81,825.00,408.00,0,84249
4950,81,825.00,408.00,0,84257
4950,81,825.00,408.00,0,84265
4950,81,826.00,408.00,0,84274
4950,81,826.00,408.00,0,84282
4950,81,825.00,408.00,0,84290
4950,81,825.00,408.00,0,84298
4950,81,826.00,409.00,0,84306
4950,81,825.00,408.00,0,84314
4950,81,825.00,408.00,0,84322
4950,81,826.00,408.00,0,84330
4950,81,826.00,409.00,0,84338
4950,81,826.00,408.00,0,84346
4950,81,826.00,408.00,0,84355
4950,81,825.00,408.00,0,84363
4950,81,825.00,408.00,0,84371
4950,81,825.00,408.00,0,84378
4950,81,825.00,408.00,0,84386
4950,81,825.00,408.00,0,84395
4950,81,826.00,408.00,0,84403
4950,81,826.00,409.00,0,84411
4950,81,825.00,409.00,0,84419
4950,81,825.00,408.00,0,84427
4950,81,825.00,409.00,0,84435
4950,81,825.00,409.00,0,84443
4950,81,825.00,408.00,0,84451
4950,81,826.00,408.00,0,84459
4950,81,826.00,408.00,0,84467
4950,81,825.00,409.00,0,84475
4950,81,825.00,408.00,0,84484
4950,81,826.00,408.00,0,84492
4950,81,825.00,408.00,0,84499
4950,81,825.00,408.00,0,84507
4950,81,826.00,408.00,0,8451