,11872
0,-1,826.00,409.00,0,11879
0,-1,826.00,409.00,0,11886
0,-1,826.00,409.00,0,11893
0,-1,826.00,409.00,0,11900
0,-1,826.00,409.00,0,11908
0,-1,826.00,409.00,0,11915
0,-1,825.00,409.00,0,11923
0,-1,825.00,409.00,0,11930
0,-1,826.00,409.00,0,11937
0,-1,826.00,409.00,0,11944
0,-1,826.00,409.00,0,11952
0,-1,826.00,409.00,0,11959
0,-1,826.00,409.00,0,11966
0,-1,826.00,408.00,0,11973
0,-1,826.00,409.00,0,11980
0,-1,826.00,409.00,0,11988
0,-1,825.00,408.00,0,11996
0,-1,826.00,409.00,0,12003
0,-1,826.00,409.00,0,12010
0,-1,826.00,409.00,0,12017
0,-1,826.00,409.00,0,12024
0,-1,826.00,408.00,0,12032
0,-1,826.00,409.00,0,12039
0,-1,826.00,409.00,0,12046
0,-1,826.00,409.00,0,12054
0,-1,826.00,408.00,0,12061
0,-1,825.00,409.00,0,12068
0,-1,826.00,409.00,0,12076
0,-1,826.00,409.00,0,12083
0,-1,825.00,409.00,0,12090
0,-1,826.00,409.00,0,12097
0,-1,826.00,409.00,0,12104
0,-1,826.00,409.00,0,12111
0,-1,826.00,409.00,0,12120
0,-1,826.00,409.00,0,12127
0,-1,826.00,409.00,0,12134
0,-1,826.00,409.00,0,12141
0,-1,826.00,409.00,0,12148
0,-1,826.00,409.00,0,12155
0,-1,826.00,409.00,0,12163
0,-1,826.00,409.00,0,12170
0,-1,826.00,409.00,0,12177
0,-1,826.00,409.00,0,12185
0,-1,825.00,408.00,0,12192
0,-1,825.00,409.00,0,12199
0,-1,826.00,409.00,0,12207
0,-1,826.00,409.00,0,12214
0,-1,826.00,409.00,0,12221
0,-1,826.00,409.00,0,12228
0,-1,826.00,409.00,0,12235
0,-1,826.00,409.00,0,12242
0,-1,826.00,408.00,0,12251
0,-1,825.00,408.00,0,12258
0,-1,825.00,408.00,0,12265
0,-1,826.00,409.00,0,12272
0,-1,826.00,409.00,0,12279
0,-1,826.00,409.00,0,12286
0,-1,826.00,409.00,0,12294
0,-1,826.00,409.00,0,12301
0,-1,826.00,409.00,0,12308
0,-1,826.00,408.00,0,12315
0,-1,826.00,408.00,0,12323
0,-1,826.00,408.00,0,12331
0,-1,826.00,409.00,0,12338
0,-1,825.00,409.00,0,12345
0,-1,826.00,409.00,0,12352
0,-1,826.00,409.00,0,12359
0,-1,826.00,409.00,0,12366
0,-1,826.00,409.00,0,12374
0,-1,826.00,409.00,0,12381
0,-1,826.00,409.00,0,12389
0,-1,825.00,409.00,0,12396
0,-1,827.00,409.00,0,12403
0,-1,826.00,409.00,0,12410
0,-1,826.00,409.00,0,12418
0,-1,826.00,409.00,0,12425
0,-1,826.00,409.00,0,12432
0,-1,826.00,409.00,0,12439
0,-1,826.00,409.00,0,12446
0,-1,826.00,409.00,0,12454
0,-1,825.00,409.00,0,12462
0,-1,825.00,409.00,0,12469
0,-1,826.00,409.00,0,12476
0,-1,826.00,409.00,0,12483
0,-1,826.00,409.00,0,12490
0,-1,826.00,409.00,0,12497
0,-1,826.00,409.00,0,12505
0,-1,826.00,409.00,0,12512
0,-1,826.00,408.00,0,12520
0,-1,826.00,408.00,0,12527
0,-1,825.00,409.00,0,12534
0,-1,826.00,409.00,0,12541
0,-1,826.00,409.00,0,12549
0,-1,826.00,409.00,0,12556
0,-1,826.00,409.00,0,12563
0,-1,826.00,409.00,0,12570
0,-1,826.00,409.00,0,12577
0,-1,826.00,409.00,0,12585
0,-1,825.00,409.00,0,12593
0,-1,826.00,408.00,0,12600
0,-1,826.00,409.00,0,12607
0,-1,825.00,409.00,0,12614
0,-1,826.00,409.00,0,12621
0,-1,826.00,409.00,0,12628
0,-1,826.00,409.00,0,12636
0,-1,826.00,409.00,0,12643
0,-1,826.00,409.00,0,12651
0,-1,825.00,408.00,0,12658
0,-1,826.00,409.00,0,12665
0,-1,826.00,409.00,0,12673
0,-1,826.00,409.00,0,12680
0,-1,826.00,409.00,0,12687
0,-1,826.00,409.00,0,12694
0,-1,826.00,409.00,0,12701
0,-1,826.00,409.00,0,12708
0,-1,826.00,408.00,0,12717
0,-1,826.00,408.00,0,12724
0,-1,825.00,409.00,0,12731
0,-1,826.00,409.00,0,12738
0,-1,826.00,409.00,0,12745
0,-1,826.00,409.00,0,12752
0,-1,826.00,408.00,0,12760
0,-1,826.00,409.00,0,12767
0,-1,826.00,409.00,0,12774
0,-1,826.00,408.00,0,12781
0,-1,825.00,408.00,0,12789
0,-1,825.00,409.00,0,12796
0,-1,826.00,409.00,0,12804
0,-1,826.00,409.00,0,12811
0,-1,826.00,409.00,0,12818
0,-1,826.00,409.00,0,12825
0,-1,826.00,409.00,0,12832
0,-1,826.00,409.00,0,12839
0,-1,826.00,409.00,0,12847
0,-1,825.00,408.00,0,12855
0,-1,826.00,409.00,0,12862
0,-1,826.00,409.00,0,12869
0,-1,826.00,409.00,0,12876
0,-1,826.00,409.00,0,12883
0,-1,826.00,409.00,0,12891
0,-1,826.00,409.00,0,12898
0,-1,826.00,409.00,0,12905
0,-1,826.00,409.00,0,12912
0,-1,826.00,409.00,0,12920
0,-1,825.00,408.00,0,12928
0,-1,826.00,409.00,0,12935
0,-1,826.00,409.00,0,12942
0,-1,825.00,409.00,0,12949
0,-1,826.00,409.00,0,12956
0,-1,826.00,409.00,0,12963
0,-1,826.00,409.00,0,12971
0,-1,826.00,409.00,0,12978
0,-1,826.00,409.00,0,12986
0,-1,825.00,408.00,0,12993
0,-1,825.00,409.00,0,13000
0,-1,826.00,409.00,0,13007
0,-1,826.00,409.00,0,13015
0,-1,826.00,409.00,0,13022
0,-1,826.00,409.00,0,13029
0,-1,826.00,409.00,0,13036
0,-1,826.00,409.00,0,13043
0,-1,826.00,409.00,0,13051
0,-1,826.00,408.00,0,13059
0,-1,825.00,409.00,0,13066
0,-1,826.00,409.00,0,13073
0,-1,826.00,409.00,0,13080
0,-1,826.00,409.00,0,13087
0,-1,826.00,409.00,0,13094
0,-1,826.00,409.00,0,13102
0,-1,826.00,409.00,0,13109
0,-1,826.00,409.00,0,13117
0,-1,825.00,409.00,0,13124
0,-1,825.00,408.00,0,13131
0,-1,826.00,409.00,0,13138
0,-1,826.00,409.00,0,13146
0,-1,827.00,409.00,0,13153
0,-1,826.00,409.00,0,13160
0,-1,826.00,409.00,0,13167
0,-1,826.00,409.00,0,13174
0,-1,826.00,409.00,0,13182
0,-1,826.00,409.00,0,13190
0,-1,825.00,408.00,0,13197
0,-1,826.00,409.00,0,13204
0,-1,826.00,409.00,0,13211
0,-1,826.00,409.00,0,13218
0,-1,826.00,409.00,0,13225
0,-1,826.00,409.00,0,13233
0,-1,826.00,409.00,0,13240
0,-1,826.00,408.00,0,13247
0,-1,825.00,409.00,0,13255
0,-1,825.00,409.00,0,13262
0,-1,825.00,409.00,0,13270
0,-1,826.00,409.00,0,13277
0,-1,826.00,409.00,0,13284
0,-1,826.00,409.00,0,13291
0,-1,826.00,409.00,0,13298
0,-1,826.00,409.00,0,13305
0,-1,826.00,409.00,0,13313
0,-1,826.00,409.00,0,13321
0,-1,825.00,409.00,0,13328
0,-1,826.00,409.00,0,13335
0,-1,826.00,409.00,0,13342
0,-1,826.00,409.00,0,13349
0,-1,826.00,409.00,0,13357
0,-1,826.00,409.00,0,13364
0,-1,826.00,409.00,0,13371
0,-1,826.00,409.00,0,13378
0,-1,826.00,408.00,0,13386
0,-1,825.00,408.00,0,13393
0,-1,826.00,409.00,0,13401
0,-1,826.00,409.00,0,13408
0,-1,826.00,409.00,0,13415
0,-1,826.00,409.00,0,13422
0,-1,826.00,409.00,0,13429
0,-1,826.00,408.00,0,13436
0,-1,826.00,409.00,0,13444
0,-1,826.00,408.00,0,13452
0,-1,825.00,408.00,0,13459
0,-1,826.00,409.00,0,13466
0,-1,826.00,409.00,0,13473
0,-1,826.00,409.00,0,13480
0,-1,826.00,409.00,0,13488
0,-1,826.00,409.00,0,13495
0,-1,826.00,409.00,0,13502
0,-1,826.00,409.00,0,13509
0,-1,826.00,408.00,0,13517
0,-1,826.00,409.00,0,13524
0,-1,825.00,409.00,0,13532
0,-1,826.00,409.00,0,13539
0,-1,826.00,409.00,0,13546
0,-1,826.00,409.00,0,13553
0,-1,826.00,409.00,0,13560
0,-1,826.00,409.00,0,13568
0,-1,826.00,409.00,0,13575
0,-1,826.00,409.00,0,13583
0,-1,825.00,409.00,0,13590
0,-1,826.00,409.00,0,13597
0,-1,826.00,409.00,0,13604
0,-1,826.00,409.00,0,13612
0,-1,826.00,409.00,0,13619
0,-1,826.00,409.00,0,13626
0,-1,826.00,409.00,0,13633
0,-1,826.00,409.00,0,13640
0,-1,826.00,409.00,0,13648
0,-1,825.00,409.00,0,13656
0,-1,826.00,409.00,0,13663
0,-1,825.00,409.00,0,13670
0,-1,826.00,409.00,0,13677
0,-1,826.00,409.00,0,13684
0,-1,826.00,409.00,0,13691
0,-1,826.00,409.00,0,13699
0,-1,826.00,409.00,0,13706
0,-1,826.00,408.00,0,13713
0,-1,826.00,409.00,0,13721
0,-1,825.00,409.00,0,13728
0,-1,826.00,409.00,0,13735
0,-1,826.00,409.00,0,13743
0,-1,826.00,409.00,0,13750
0,-1,826.00,409.00,0,13757
0,-1,826.00,409.00,0,13764
0,-1,826.00,409.00,0,13771
0,-1,826.00,409.00,0,13778
0,-1,825.00,409.00,0,13787
0,-1,825.00,409.00,0,13794
0,-1,826.00,409.00,0,13801
0,-1,826.00,409.00,0,13808
0,-1,826.00,409.00,0,13815
0,-1,826.00,409.00,0,13822
0,-1,826.00,409.00,0,13830
0,-1,826.00,409.00,0,13837
0,-1,826.00,409.00,0,13844
0,-1,826.00,409.00,0,13852
0,-1,825.00,408.00,0,13859
0,-1,825.00,409.00,0,13867
0,-1,826.00,409.00,0,13874
0,-1,826.00,409.00,0,13881
0,-1,826.00,409.00,0,13888
0,-1,826.00,409.00,0,13895
0,-1,826.00,409.00,0,13902
0,-1,826.00,409.00,0,13910
0,-2,826.00,409.00,0,13918
0,-2,826.00,409.00,0,13925
0,-2,825.00,408.00,0,13932
0,-2,826.00,409.00,0,13939
0,-2,826.00,409.00,0,13946
0,-2,826.00,409.00,0,13954
0,-2,826.00,409.00,0,13961
0,-2,826.00,408.00,0,13968
0,-2,826.00,410.00,0,13975
0,-2,826.00,409.00,0,13983
0,-2,826.00,408.00,0,13990
0,-2,826.00,409.00,0,13998
0,-2,826.00,409.00,0,14005
0,-2,826.00,409.00,0,14012
0,-2,826.00,409.00,0,14019
0,-2,826.00,409.00,0,14026
0,-2,826.00,409.00,0,14033
0,-2,826.00,409.00,0,14041
0,-2,826.00,409.00,0,14049
0,-2,825.00,408.00,0,14056
0,-2,825.00,409.00,0,14063
0,-2,826.00,409.00,0,14070
0,-2,826.00,409.00,0,14077
0,-2,826.00,409.00,0,14085
0,-2,826.00,409.00,0,14092
0,-2,826.00,409.00,0,14099
0,-2,826.00,409.00,0,14106
0,-2,826.00,408.00,0,14114
0,-2,825.00,409.00,0,14121
0,-2,825.00,409.00,0,14129
0,-2,826.00,409.00,0,14136
0,-2,826.00,409.00,0,14143
0,-2,826.00,409.00,0,14150
0,-2,826.00,409.00,0,14157
0,-2,826.00,409.00,0,14164
0,-2,826.00,409.00,0,14172
0,-2,826.00,408.00,0,14179
0,-2,826.00,409.00,0,14187
0,-2,825.00,409.00,0,14194
0,-2,826.00,409.00,0,14201
0,-2,826.00,408.00,0,14209
0,-2,826.00,409.00,0,14216
0,-2,826.00,409.00,0,14223
0,-2,826.00,409.00,0,14230
0,-2,826.00,409.00,0,14237
0,-2,826.00,409.00,0,14244
0,-2,826.00,408.00,0,14253
0,-2,825.00,409.00,0,14260
0,-2,826.00,409.00,0,14267
0,-2,825.00,409.00,0,14274
0,-2,826.00,409.00,0,14281
0,-2,826.00,409.00,0,14288
0,-2,826.00,409.00,0,14296
0,-2,826.00,409.00,0,14303
0,-2,826.00,409.00,0,14310
0,-2,826.00,409.00,0,14318
0,-2,826.00,408.00,0,14325
0,-2,825.00,409.00,0,14332
0,-2,827.00,409.00,0,14340
0,-2,826.00,409.00,0,14347
0,-2,826.00,409.00,0,14354
0,-2,826.00,409.00,0,14361
0,-2,826.00,409.00,0,14368
0,-2,826.00,409.00,0,14375
0,-2,826.00,409.00,0,14384
0,-2,825.00,408.00,0,14391
0,-2,825.00,409.00,0,14398
0,-2,826.00,410.00,0,14405
0,-2,826.00,409.00,0,14412
0,-2,826.00,409.00,0,14419
0,-2,826.00,409.00,0,14427
0,-2,826.00,409.00,0,14434
0,-2,826.00,409.00,0,14441
0,-2,826.00,408.00,0,14449
0,-2,825.00,408.00,0,14456
0,-2,826.00,409.00,0,14464
0,-2,826.00,409.00,0,14471
0,-2,826.00,409.00,0,14478
0,-2,826.00,409.00,0,14485
0,-2,826.00,409.00,0,14492
0,-2,826.00,409.00,0,14499
0,-2,826.00,409.00,0,14507
0,-2,826.00,408.00,0,14515
0,-2,825.00,409.00,0,14522
0,-2,825.00,409.00,0,14529
0,-2,825.00,409.00,0,14536
0,-2,826.00,409.00,0,14543
0,-2,826.00,409.00,0,14551
0,-2,826.00,409.00,0,14558
0,-2,826.00,409.00,0,14565
0,-2,826.00,409.00,0,14572
0,-2,826.00,408.00,0,14580
0,-2,825.00,408.00,0,14587
0,-2,825.00,409.00,0,14595
0,-2,826.00,409.00,0,14602
0,-2,826.00,409.00,0,14609
0,-2,826.00,409.00,0,14616
0,-2,826.00,409.00,0,14623
0,-2,826.00,409.00,0,14630
0,-2,827.00,409.00,0,14638
0,-2,826.00,408.00,0,14645
0,-2,825.00,408.00,0,14653
0,-2,826.00,409.00,0,14660
0,-2,826.00,409.00,0,14667
0,-2,826.00,409.00,0,14674
0,-2,826.00,409.00,0,14682
0,-2,826.00,409.00,0,14689
0,-2,826.00,409.00,0,14696
0,-2,826.00,409.00,0,14703
0,-2,826.00,409.00,0,14710
0,-2,826.00,408.00,0,14718
0,-2,825.00,409.00,0,14726
0,-2,826.00,408.00,0,14733
0,-2,826.00,409.00,0,14740
0,-2,826.00,409.00,0,14747
0,-2,826.00,409.00,0,14754
0,-2,826.00,409.00,0,14761
0,-2,825.00,408.00,0,14769
0,-2,826.00,409.00,0,14776
0,-2,826.00,409.00,0,14784
0,-2,825.00,408.00,0,14791
0,-2,826.00,409.00,0,14798
0,-2,825.00,409.00,0,14806
0,-2,826.00,409.00,0,14813
0,-2,826.00,409.00,0,14820
0,-2,825.00,409.00,0,14827
0,-2,826.00,409.00,0,14834
0,-2,826.00,409.00,0,14841
0,-2,825.00,408.00,0,14850
0,-2,826.00,408.00,0,14857
0,-2,825.00,408.00,0,14864
0,-2,825.00,409.00,0,14871
0,-2,826.00,409.00,0,14878
0,-2,825.00,409.00,0,14885
0,-2,826.00,409.00,0,14893
0,-2,826.00,409.00,0,14900
0,-2,826.00,409.00,0,14907
0,-2,826.00,408.00,0,14915
0,-2,825.00,408.00,0,14922
0,-2,826.00,408.00,0,14929
0,-2,826.00,408.00,0,14937
0,-2,826.00,409.00,0,14944
0,-2,826.00,409.00,0,14951
0,-2,826.00,409.00,0,14958
0,-2,826.00,409.00,0,14965
0,-2,826.00,409.00,0,14972
0,-2,826.00,409.00,0,14981
0,-2,825.00,408.00,0,14988
0,-2,826.00,409.00,0,14995
0,-2,826.00,408.00,0,15002
0,-2,826.00,408.00,0,15009
0,-2,826.00,409.00,0,15016
0,-2,825.00,409.00,0,15024
0,-2,826.00,409.00,0,15031
0,-2,826.00,409.00,0,15038
0,-2,826.00,408.00,0,15046
0,-2,826.00,408.00,0,15053
0,-2,826.00,409.00,0,15060
0,-2,826.00,409.00,0,15068
0,-2,826.00,409.00,0,15075
0,-2,826.00,409.00,0,15082
0,-2,826.00,409.00,0,15089
0,-2,826.00,409.00,0,15096
0,-2,826.00,408.00,0,15104
0,-2,826.00,408.00,0,15111
0,-2,826.00,408.00,0,15119
0,-2,825.00,409.00,0,15126
0,-2,826.00,408.00,0,15133
0,-2,826.00,408.00,0,15140
0,-2,826.00,409.00,0,15148
0,-2,826.00,409.00,0,15155
0,-2,826.00,408.00,0,15162
0,-2,826.00,409.00,0,15169
0,-2,826.00,409.00,0,15176
0,-2,825.00,408.00,0,15184
0,-2,826.00,409.00,0,15192
0,-2,826.00,409.00,0,15199
0,-2,826.00,408.00,0,15206
0,-2,826.00,409.00,0,15213
0,-2,825.00,408.00,0,15220
0,-2,826.00,409.00,0,15227
0,-2,826.00,409.00,0,15235
0,-2,826.00,409.00,0,15242
0,-2,826.00,408.00,0,15250
0,-2,825.00,408.00,0,15257
0,-2,825.00,409.00,0,15264
0,-2,826.00,409.00,0,15271
0,-2,826.00,408.00,0,15279
0,-2,826.00,409.00,0,15286
0,-2,825.00,408.00,0,15293
0,-2,826.00,409.00,0,15300
0,-2,826.00,409.00,0,15307
0,-2,826.00,408.00,0,15315
0,-2,825.00,408.00,0,15323
0,-2,826.00,408.00,0,15330
0,-2,826.00,408.00,0,15337
0,-2,826.00,409.00,0,15344
0,-2,826.00,409.00,0,15351
0,-2,826.00,408.00,0,15358
0,-2,827.00,408.00,0,15366
0,-2,826.00,409.00,0,15373
0,-2,826.00,408.00,0,15381
0,-2,825.00,408.00,0,15388
0,-2,825.00,409.00,0,15395
0,-2,826.00,409.00,0,15403
0,-2,826.00,409.00,0,15410
0,-2,826.00,408.00,0,15417
0,-2,826.00,408.00,0,15424
0,-2,826.00,409.00,0,15431
0,-2,826.00,408.00,0,15438
0,-2,826.00,408.00,0,15447
0,-2,825.00,408.00,0,15454
0,-2,825.00,408.00,0,15461
0,-2,825.00,409.00,0,15468
0,-2,826.00,408.00,0,15475
0,-2,826.00,409.00,0,15482
0,-2,826.00,408.00,0,15490
0,-2,826.00,408.00,0,15497
0,-2,826.00,409.00,0,15504
0,-2,826.00,408.00,0,15512
0,-2,825.00,408.00,0,15519
0,-2,825.00,408.00,0,15526
0,-2,826.00,408.00,0,15534
0,-2,826.00,409.00,0,15541
0,-2,825.00,408.00,0,15548
0,-2,826.00,409.00,0,15555
0,-2,826.00,408.00,0,15562
0,-2,826.00,408.00,0,15569
0,-2,826.00,408.00,0,15577
0,-2,825.00,408.00,0,15585
0,-2,825.00,409.00,0,15592
0,-2,826.00,408.00,0,15599
0,-2,826.00,408.00,0,15606
0,-2,826.00,409.00,0,15613
0,-2,826.00,408.00,0,15621
0,-2,825.00,409.00,0,15628
0,-2,826.00,408.00,0,15635
0,-2,826.00,408.00,0,15642
0,-2,825.00,408.00,0,15650
0,-2,826.00,409.00,0,15657
0,-2,826.00,408.00,0,15665
0,-2,826.00,409.00,0,15672
0,-2,826.00,409.00,0,15679
0,-2,826.00,408.00,0,15686
0,-2,826.00,408.00,0,15693
0,-2,826.00,408.00,0,15700
0,-2,826.00,409.00,0,15708
0,-2,826.00,408.00,0,15716
0,-2,825.00,409.00,0,15723
0,-2,826.00,408.00,0,15730
0,-2,826.00,409.00,0,15737
0,-2,825.00,409.00,0,15745
0,-2,826.00,409.00,0,15752
0,-2,826.00,408.00,0,15759
0,-2,826.00,409.00,0,15766
0,-2,826.00,409.00,0,15773
0,-2,825.00,409.00,0,15781
0,-2,825.00,408.00,0,15789
0,-2,826.00,408.00,0,15796
0,-2,825.00,409.00,0,15803
0,-2,826.00,408.00,0,15810
0,-2,826.00,408.00,0,15817
0,-2,825.00,408.00,0,15824
0,-2,826.00,408.00,0,15832
0,-2,826.00,409.00,0,15839
0,-2,825.00,408.00,0,15847
0,-2,825.00,408.00,0,15854
0,-2,825.00,408.00,0,15861
0,-2,825.00,408.00,0,15868
0,-2,826.00,409.00,0,15876
0,-2,826.00,408.00,0,15883
0,-2,825.00,408.00,0,15890
0,-2,826.00,409.00,0,15897
0,-2,826.00,408.00,0,15904
0,-2,825.00,408.00,0,15912
0,-2,825.00,408.00,0,15920
0,-2,825.00,408.00,0,15927
0,-2,825.00,409.00,0,15934
0,-2,825.00,409.00,0,15941
0,-2,826.00,409.00,0,15948
0,-2,826.00,408.00,0,15955
0,-2,826.00,409.00,0,15963
0,-2,826.00,409.00,0,15970
0,-2,826.00,408.00,0,15978
0,-2,825.00,408.00,0,15985
0,-2,825.00,408.00,0,15992
0,-2,825.00,409.00,0,16000
0,-2,826.00,408.00,0,16007
0,-2,826.00,408.00,0,16014
0,-2,826.00,408.00,0,16021
0,-2,826.00,408.00,0,16028
0,-2,826.00,408.00,0,16035
0,-2,825.00,408.00,0,16043
0,-2,825.00,408.00,0,16051
0,-2,825.00,409.00,0,16058
0,-2,826.00,408.00,0,16065
0,-2,825.00,409.00,0,16072
0,-2,825.00,408.00,0,16079
0,-2,826.00,408.00,0,16087
0,-2,826.00,408.00,0,16094
0,-2,825.00,408.00,0,16101
0,-2,826.00,409.00,0,16108
0,-2,825.00,408.00,0,16116
0,-2,825.00,409.00,0,16123
0,-2,826.00,409.00,0,16131
0,-2,826.00,408.00,0,16138
0,-2,826.00,408.00,0,16145
0,-2,826.00,408.00,0,16152
0,-2,827.00,409.00,0,16159
0,-2,826.00,408.00,0,16166
0,-2,826.00,409.00,0,16174
0,-2,825.00,408.00,0,16182
0,-2,825.00,408.00,0,16189
0,-2,825.00,408.00,0,16196
0,-2,826.00,409.00,0,16203
0,-2,826.00,408.00,0,16210
0,-2,826.00,409.00,0,16218
0,-2,826.00,408.00,0,16225
0,-2,826.00,409.00,0,16232
0,-2,826.00,408.00,0,16239
0,-2,826.00,408.00,0,16247
0,-2,826.00,408.00,0,16254
0,-2,826.00,408.00,0,16262
0,-2,826.00,408.00,0,16269
0,-2,825.00,408.00,0,16276
0,-2,826.00,408.00,0,16283
0,-2,826.00,408.00,0,16290
0,-2,826.00,408.00,0,16297
0,-2,826.00,409.00,0,16305
0,-2,825.00,408.00,0,16313
0,-2,825.00,408.00,0,16320
0,-2,825.00,408.00,0,16327
0,-2,826.00,408.00,0,16334
0,-2,826.00,408.00,0,16342
0,-2,825.00,409.00,0,16349
0,-2,826.00,408.00,0,16356
0,-2,825.00,409.00,0,16363
0,-2,826.00,409.00,0,16370
0,-2,826.00,408.00,0,16378
0,-2,825.00,408.00,0,16386
0,-2,825.00,408.00,0,16393
0,-2,826.00,408.00,0,16400
0,-2,826.00,409.00,0,16407
0,-2,826.00,409.00,0,16414
0,-2,825.00,408.00,0,16421
0,-2,826.00,408.00,0,16429
0,-2,826.00,409.00,0,16436
0,-2,826.00,408.00,0,16444
0,-2,825.00,408.00,0,16451
0,-2,826.00,408.00,0,16458
0,-2,825.00,409.00,0,16465
0,-2,826.00,408.00,0,16473
0,-2,826.00,408.00,0,16480
0,-2,826.00,409.00,0,16487
0,-2,826.00,409.00,0,16494
0,-2,825.00,409.00,0,16501
21,-2,0.00,375.00,0,16508
86,-2,0.00,324.00,0,16516
176,-2,371.00,325.00,0,16524
274,-2,0.00,342.00,0,16531
368,-1,0.00,325.00,0,16538
472,1,296.00,308.00,0,16545
582,4,619.00,325.00,0,16553
698,7,816.00,307.00,0,16561
819,11,826.00,308.00,0,16569
946,16,826.00,308.00,0,16576
1058,20,820.00,308.00,0,16584
1151,26,210.00,325.00,0,16592
1251,30,0.00,325.00,0,16600
1361,34,592.00,325.00,0,16608
1478,37,769.00,308.00,0,16616
1595,40,758.00,307.00,0,16624
1720,41,826.00,308.00,0,16632
1852,41,826.00,308.00,0,16641
1982,41,825.00,325.00,0,16649
2098,39,824.00,324.00,0,16656
2196,37,664.00,341.00,0,16664
2289,34,0.00,325.00,0,16672
2392,31,342.00,324.00,0,16680
2508,29,667.00,308.00,0,16688
2624,28,732.00,325.00,0,16696
2744,27,811.00,325.00,0,16704
2866,27,815.00,308.00,0,16712
2980,28,802.00,326.00,0,16720
3082,31,113.00,324.00,0,16729
3189,34,228.00,326.00,0,16737
3306,38,421.00,307.00,0,16745
3422,43,496.00,341.00,0,16752
3541,47,771.00,308.00,0,16760
3662,51,809.00,308.00,0,16769
3788,55,825.00,308.00,0,16777
3916,58,816.00,308.00,0,16785
4034,60,824.00,325.00,0,16793
4135,61,553.00,336.00,0,16801
4235,61,102.00,325.00,0,16809
4347,61,421.00,308.00,0,16817
4462,59,519.00,325.00,0,16825
4578,59,576.00,324.00,0,16833
4698,57,805.00,308.00,0,16841
4820,57,812.00,308.00,0,16849
4935,57,765.00,325.00,0,16858
5040,57,294.00,341.00,0,16866
5147,59,183.00,324.00,0,16873
5264,61,208.00,325.00,0,16881
5380,64,453.00,325.00,0,16889
5498,67,635.00,308.00,0,16898
5618,71,787.00,325.00,0,16906
5741,75,815.00,292.00,0,16914
5870,79,826.00,308.00,0,16922
5989,81,819.00,323.00,0,16930
6092,85,374.00,341.00,0,16937
6192,87,158.00,324.00,0,16946
6306,89,369.00,325.00,0,16954
6421,92,382.00,341.00,0,16962
6537,95,602.00,308.00,0,16970
6656,98,794.00,308.00,0,16978
6776,101,807.00,325.00,0,16987
6897,105,787.00,307.00,0,16995
7010,110,491.00,324.00,0,17003
7120,115,176.00,308.00,0,17011
7238,121,302.00,325.00,0,17019
7358,127,453.00,325.00,0,17029
7479,134,587.00,308.00,0,17037
7602,141,740.00,308.00,0,17045
7729,149,815.00,308.00,0,17053
7860,155,826.00,325.00,0,17061
7986,161,824.00,341.00,0,17070
8098,167,716.00,325.00,0,17078
8202,172,276.00,341.00,0,17086
8314,176,414.00,307.00,0,17095
8434,179,484.00,308.00,0,17103
8552,183,633.00,325.00,0,17112
8674,186,800.00,308.00,0,17120
8797,189,809.00,315.00,0,17128
8918,191,781.00,325.00,0,17136
9031,193,537.00,325.00,0,17144
9144,195,404.00,324.00,0,17153
9262,197,318.00,308.00,0,17162
9382,200,517.00,325.00,0,17170
9502,203,668.00,325.00,0,17178
9624,206,783.00,308.00,0,17186
9750,209,811.00,308.00,0,17195
9876,213,816.00,325.00,0,17203
9998,217,814.00,311.00,0,17211
10108,220,512.00,325.00,0,17220
10222,223,333.00,307.00,0,17228
10344,226,522.00,325.00,0,17236
10466,229,559.00,324.00,0,17246
10590,233,543.00,308.00,0,17254
10716,237,800.00,308.00,0,17263
10843,241,803.00,308.00,0,17271
10964,245,744.00,324.00,0,17280
11080,249,366.00,325.00,0,17289
11202,252,544.00,325.00,0,17297
11324,255,573.00,325.00,0,17305
11448,259,531.00,324.00,0,17314
11572,263,655.00,308.00,0,17323
11698,267,806.00,307.00,0,17332
11828,271,813.00,308.00,0,17340
11954,274,798.00,308.00,0,17348
12071,276,615.00,325.00,0,17357
12186,277,500.00,309.00,0,17366
12307,279,507.00,309.00,0,17374
12430,281,454.00,325.00,0,17383
12553,283,629.00,325.00,0,17391
12678,286,797.00,308.00,0,17400
12804,290,800.00,308.00,0,17409
12926,293,670.00,325.00,0,17417
13045,298,561.00,357.00,0,17426
13164,302,567.00,308.00,0,17434
13288,306,522.00,308.00,0,17443
13411,311,509.00,324.00,0,17452
13535,315,695.00,307.00,0,17460
13660,319,799.00,325.00,0,17469
13788,323,806.00,325.00,0,17477
13914,325,787.00,326.00,0,17485
14032,327,702.00,325.00,0,17495
14149,328,548.00,341.00,0,17503
14270,329,369.00,308.00,0,17512
14392,331,521.00,308.00,0,17520
14516,333,651.00,308.00,0,17528
14640,337,737.00,308.00,0,17538
14766,340,703.00,308.00,0,17546
14890,344,747.00,325.00,0,17554
15009,349,641.00,324.00,0,17563
15130,353,572.00,325.00,0,17571
15252,356,496.00,341.00,0,17581
15375,360,626.00,308.00,0,17589
15498,363,690.00,308.00,0,17597
15622,367,695.00,325.00,0,17606
15748,370,800.00,308.00,0,17614
15874,372,797.00,308.00,0,17623
15995,373,726.00,326.00,0,17632
16112,375,503.00,325.00,0,17640
16232,376,536.00,308.00,0,17649
16354,377,610.00,324.00,0,17657
16476,381,595.00,308.00,0,17666
16600,384,644.00,307.00,0,17675
16726,389,787.00,308.00,0,17683
16850,393,799.00,308.00,0,17692
16972,398,668.00,324.00,0,17700
17092,402,577.00,309.00,0,17709
17214,405,643.00,325.00,0,17718
17337,408,665.00,324.00,0,17726
17460,411,605.00,325.00,0,17734
17583,413,601.00,324.00,0,17743
17709,416,806.00,342.00,0,17752
17834,417,803.00,325.00,0,17761
17955,419,704.00,308.00,0,17769
18075,420,510.00,308.00,0,17777
18196,421,635.00,325.00,0,17786
18318,423,607.00,308.00,0,17795
18441,426,530.00,325.00,0,17803
18564,430,618.00,324.00,0,17812
18690,435,799.00,308.00,0,17820
18814,439,800.00,325.00,0,17829
18936,443,620.00,308.00,0,17838
19056,447,594.00,325.00,0,17846
19178,449,675.00,324.00,0,17855
19302,451,629.00,311.00,0,17863
19424,453,527.00,325.00,0,17871
19546,455,675.00,308.00,0,17881
19671,457,798.00,308.00,0,17889
19797,459,803.00,313.00,0,17898
19920,461,672.00,328.00,0,17906
20039,463,649.00,308.00,0,17914
20161,465,666.00,321.00,0,17924
20283,467,574.00,308.00,0,17932
20405,469,519.00,308.00,0,17941
20528,473,660.00,325.00,0,17949
20652,477,766.00,325.00,0,17957
20778,481,760.00,325.00,0,17967
20900,484,687.00,325.00,0,17975
21021,487,691.00,325.00,0,17983
21142,489,661.00,325.00,0,17992
21265,491,483.00,324.00,0,18000
21388,493,621.00,325.00,0,18010
21510,496,679.00,307.00,0,18018
21634,499,724.00,308.00,0,18026
21760,501,708.00,308.00,0,18035
21882,503,758.00,325.00,0,18043
22003,505,706.00,325.00,0,18052
22124,507,636.00,325.00,0,18061
22246,509,549.00,326.00,0,18069
22369,511,632.00,325.00,0,18078
22492,514,644.00,324.00,0,18086
22615,518,645.00,308.00,0,18095
22740,522,714.00,308.00,0,18104
22864,525,783.00,325.00,0,18112
22985,529,670.00,324.00,0,18120
23106,531,604.00,341.00,0,18129
23228,533,639.00,325.00,0,18138
23350,535,668.00,326.00,0,18147
23474,537,633.00,325.00,0,18155
23598,541,528.00,325.00,0,18163
23722,543,796.00,325.00,0,18172
23846,545,799.00,325.00,0,18181
23968,547,672.00,308.00,0,18190
24088,549,509.00,307.00,0,18198
24210,551,671.00,325.00,0,18206
24333,553,678.00,325.00,0,18215
24455,555,592.00,308.00,0,18224
24578,559,560.00,325.00,0,18232
24703,563,775.00,308.00,0,18241
24827,566,797.00,325.00,0,18249
24948,569,621.00,325.00,0,18258
25070,572,571.00,308.00,0,18267
25192,574,701.00,325.00,0,18275
25316,577,679.00,325.00,0,18284
25437,579,557.00,325.00,0,18292
25560,581,655.00,325.00,0,18300
25685,585,796.00,308.00,0,18310
25809,587,798.00,308.00,0,18318
25932,589,623.00,308.00,0,18327
26053,591,632.00,309.00,0,18335
26175,592,708.00,325.00,0,18343
26297,594,630.00,325.00,0,18353
26420,596,531.00,307.00,0,18361
26542,599,657.00,325.00,0,18369
26666,602,774.00,308.00,0,18378
26790,606,756.00,308.00,0,18386
26912,609,600.00,308.00,0,18396
27034,612,672.00,324.00,0,18404
27156,614,701.00,324.00,0,18412
27279,617,615.00,325.00,0,18421
27402,619,597.00,324.00,0,18429
27524,621,691.00,308.00,0,18438
27648,623,775.00,325.00,0,18447
27773,627,758.00,325.00,0,18455
27896,629,699.00,325.00,0,18464
28017,630,707.00,309.00,0,18472
28138,631,677.00,307.00,0,18481
28262,633,495.00,324.00,0,18490
28383,635,622.00,308.00,0,18498
28506,638,671.00,308.00,0,18507
28629,641,691.00,325.00,0,18515
28754,645,663.00,326.00,0,18524
28876,648,738.00,342.00,0,18533
28998,651,697.00,325.00,0,18541
29120,653,629.00,325.00,0,18549
29243,655,579.00,308.00,0,18558
29366,657,682.00,308.00,0,18567
29488,660,671.00,325.00,0,18576
29610,663,632.00,324.00,0,18584
29736,665,735.00,308.00,0,18592
29859,668,777.00,308.00,0,18601
29981,670,699.00,324.00,0,18610
30102,671,616.00,325.00,0,18618
30225,673,660.00,308.00,0,18627
30348,675,691.00,325.00,0,18635
30469,677,626.00,309.00,0,18644
30592,680,510.00,308.00,0,18653
30717,683,762.00,308.00,0,18661
30841,687,772.00,308.00,0,18670
30962,689,649.00,326.00,0,18678
31084,692,561.00,341.00,0,18686
31207,694,704.00,308.00,0,18696
31330,696,698.00,325.00,0,18704
31452,699,585.00,308.00,0,18713
31574,701,573.00,307.00,0,18721
31700,703,791.00,326.00,0,18729
31824,706,792.00,308.00,0,18739
31944,707,630.00,308.00,0,18747
32064,709,608.00,325.00,0,18756
32186,710,722.00,341.00,0,18764
32308,712,672.00,307.00,0,18772
32432,715,532.00,325.00,0,18782
32554,717,614.00,324.00,0,18790
32678,721,780.00,310.00,0,18798
32802,724,763.00,324.00,0,18807
32924,727,574.00,325.00,0,18816
33046,730,642.00,323.00,0,18825
33168,732,735.00,324.00,0,18833
33292,734,645.00,308.00,0,18841
33414,737,607.00,336.00,0,18850
33536,739,673.00,309.00,0,18859
33660,741,775.00,324.00,0,18867
33785,744,765.00,325.00,0,18876
33907,745,620.00,325.00,0,18884
34028,747,679.00,325.00,0,18893
34150,748,717.00,324.00,0,18902
34273,749,633.00,325.00,0,18910
34396,752,609.00,325.00,0,18919
34518,755,667.00,309.00,0,18927
34641,759,715.00,308.00,0,18935
34765,761,599.00,308.00,0,18945
34888,765,670.00,326.00,0,18953
35010,767,674.00,325.00,0,18962
35132,769,667.00,308.00,0,18970
35254,772,539.00,325.00,0,18978
35378,774,651.00,325.00,0,18988
35500,777,706.00,341.00,0,18996
35622,779,678.00,308.00,0,19004
35748,781,707.00,308.00,0,19013
35870,783,746.00,325.00,0,19021
35992,785,697.00,308.00,0,19031
36114,786,616.00,308.00,0,19039
36237,788,600.00,317.00,0,19047
36360,790,673.00,308.00,0,19056
36481,793,662.00,326.00,0,19064
36604,797,624.00,342.00,0,19074
36728,800,731.00,341.00,0,19082
36852,803,758.00,308.00,0,19090
36973,805,678.00,325.00,0,19099
37096,807,606.00,325.00,0,19107
37219,809,671.00,325.00,0,19116
37342,811,688.00,308.00,0,19125
37464,813,618.00,325.00,0,19133
37586,816,527.00,308.00,0,19142
37711,819,769.00,325.00,0,19150
37834,821,789.00,325.00,0,19159
37956,823,639.00,325.00,0,19168
38078,825,582.00,325.00,0,19176
38200,827,712.00,307.00,0,19184
38324,829,680.00,308.00,0,19193
38446,831,569.00,308.00,0,19202
38568,834,582.00,308.00,0,19211
38692,837,756.00,309.00,0,19219
38816,839,764.00,308.00,0,19227
38938,842,607.00,341.00,0,19236
39059,844,614.00,308.00,0,19245
39182,846,737.00,308.00,0,19253
39306,848,692.00,325.00,0,19262
39427,851,543.00,325.00,0,19270
39550,853,631.00,325.00,0,19279
39674,857,776.00,325.00,0,19288
39798,859,759.00,325.00,0,19296
39920,861,593.00,325.00,0,19305
40042,863,687.00,341.00,0,19313
40164,863,759.00,325.00,0,19322
40286,865,649.00,308.00,0,19331
40409,868,618.00,308.00,0,19339
40532,871,668.00,325.00,0,19348
40656,874,746.00,325.00,0,19356
40779,877,702.00,308.00,0,19364
40902,879,618.00,308.00,0,19374
41021,881,689.00,325.00,0,19382
41144,883,716.00,325.00,0,19391
41266,885,483.00,308.00,0,19399
41389,887,638.00,308.00,0,19407
41512,889,675.00,325.00,0,19417
41635,893,702.00,308.00,0,19425
41760,895,627.00,308.00,0,19433
41882,897,686.00,325.00,0,19442
42004,899,691.00,308.00,0,19450
42126,901,689.00,308.00,0,19460
42248,903,565.00,325.00,0,19468
42371,905,665.00,325.00,0,19476
42493,907,676.00,308.00,0,19485
42616,910,622.00,325.00,0,19493
42741,913,674.00,325.00,0,19502
42864,916,723.00,325.00,0,19511
42986,918,666.00,325.00,0,19519
43108,920,615.00,326.00,0,19528
43230,922,621.00,324.00,0,19536
43354,924,712.00,325.00,0,19545
43476,927,664.00,342.00,0,19554
43598,929,638.00,309.00,0,19562
43722,932,745.00,326.00,0,19570
43846,935,765.00,325.00,0,19579
43967,937,655.00,325.00,0,19588
44089,938,643.00,308.00,0,19597
44212,939,676.00,308.00,0,19605
44336,941,698.00,325.00,0,19613
44457,944,611.00,325.00,0,19622
44580,947,543.00,324.00,0,19631
44704,949,749.00,308.00,0,19640
44827,952,770.00,324.00,0,19648
44949,955,592.00,325.00,0,19656
45072,957,565.00,325.00,0,19665
45194,959,714.00,325.00,0,19674
45318,961,695.00,325.00,0,19682
45439,963,593.00,325.00,0,19691
45562,966,606.00,325.00,0,19699
45686,969,773.00,308.00,0,19708
45810,971,769.00,341.00,0,19717
45931,973,592.00,308.00,0,19725
46054,975,647.00,325.00,0,19734
46176,975,731.00,308.00,0,19742
46299,977,671.00,308.00,0,19750
46422,979,533.00,325.00,0,19760
46543,983,645.00,308.00,0,19768
46667,985,763.00,308.00,0,19777
46791,989,746.00,325.00,0,19785
46912,991,647.00,342.00,0,19793
47034,993,674.00,308.00,0,19803
47158,995,715.00,307.00,0,19811
47281,997,649.00,325.00,0,19819
47404,999,593.00,326.00,0,19828
47525,1001,653.00,308.00,0,19836
47652,1005,741.00,307.00,0,19846
47781,1007,711.00,325.00,0,19855
47906,1009,583.00,325.00,0,19863
48032,1011,675.00,307.00,0,19872
48158,1012,742.00,308.00,0,19881
48284,1013,651.00,325.00,0,19890
48410,1016,557.00,325.00,0,19899
48537,1019,661.00,342.00,0,19908
48664,1021,760.00,341.00,0,19916
48792,1025,726.00,308.00,0,19926
48917,1027,579.00,308.00,0,19934
49043,1030,651.00,324.00,0,19943
49170,1033,728.00,308.00,0,19952
49297,1035,674.00,325.00,0,19960
49423,1037,561.00,309.00,0,19970
49548,1039,634.00,325.00,0,19979
49676,1041,752.00,308.00,0,19987
49804,1043,748.00,308.00,0,19996
49930,1045,568.00,325.00,0,20005
50055,1047,635.00,325.00,0,20014
50181,1049,733.00,308.00,0,20023
50308,1051,693.00,309.00,0,20031
50434,1053,575.00,310.00,0,20040
50559,1057,606.00,325.00,0,20049
50688,1059,751.00,325.00,0,20058
50815,1062,745.00,309.00,0,20067
50940,1064,589.00,308.00,0,20076
51066,1066,586.00,325.00,0,20084
51194,1068,724.00,325.00,0,20093
51320,1071,695.00,308.00,0,20102
51446,1073,593.00,326.00,0,20111
51571,1076,568.00,324.00,0,20120
51699,1079,772.00,325.00,0,20128
51827,1081,767.00,308.00,0,20137
51952,1082,609.00,308.00,0,20147
52078,1083,560.00,316.00,0,20155
52204,1085,717.00,325.00,0,20164
52331,1086,707.00,341.00,0,20173
52456,1089,604.00,307.00,0,20182
52582,1091,515.00,307.00,0,20191
52711,1095,724.00,325.00,0,20199
52838,1098,751.00,325.00,0,20208
52963,1101,624.00,308.00,0,20217
53090,1103,606.00,308.00,0,20226
53216,1105,679.00,308.00,0,20235
53344,1107,711.00,309.00,0,20244
53469,1109,625.00,308.00,0,20252
53595,1111,647.00,325.00,0,20261
53722,1113,720.00,324.00,0,20271
53849,1115,741.00,326.00,0,20279
53975,1117,684.00,325.00,0,20288
54101,1120,627.00,325.00,0,20296
54228,1123,650.00,308.00,0,20305
54354,1125,698.00,325.00,0,20315
54480,1127,661.00,308.00,0,20323
54606,1129,585.00,307.00,0,20332
54734,1131,675.00,308.00,0,20341
54862,1133,709.00,325.00,0,20349
54986,1135,666.00,311.00,0,20359
55112,1137,619.00,308.00,0,20367
55240,1139,593.00,308.00,0,20376
55366,1142,686.00,325.00,0,20385
55492,1145,663.00,323.00,0,20393
55618,1148,657.00,308.00,0,20403
55746,1151,663.00,325.00,0,20412
55872,1153,718.00,341.00,0,20420
55998,1155,696.00,325.00,0,20429
56124,1157,692.00,324.00,0,20439
56252,1158,566.00,307.00,0,20447
56377,1160,658.00,308.00,0,20456
56503,1162,675.00,308.00,0,20464
56630,1165,662.00,308.00,0,20473
56758,1167,583.00,307.00,0,20483
56884,1170,640.00,307.00,0,20491
57010,1173,673.00,308.00,0,20500
57136,1175,696.00,325.00,0,20509
57263,1177,494.00,317.00,0,20517
57389,1180,648.00,325.00,0,20527
57514,1183,674.00,325.00,0,20535
57642,1185,726.00,325.00,0,20544
57769,1187,690.00,324.00,0,20553
57896,1189,609.00,324.00,0,20561
58022,1190,688.00,325.00,0,20571
58148,1191,704.00,308.00,0,20580
58274,1193,626.00,308.00,0,20588
58400,1195,581.00,308.00,0,20597
58526,1198,648.00,308.00,0,20606
58654,1201,713.00,307.00,0,20615
58781,1205,696.00,325.00,0,20624
58908,1207,580.00,325.00,0,20632
59033,1209,654.00,325.00,0,20641
59158,1211,740.00,325.00,0,20651
59286,1213,671.00,324.00,0,20659
59412,1215,605.00,325.00,0,20668
59538,1217,654.00,325.00,0,20677
59666,1219,753.00,307.00,0,20685
59793,1222,739.00,325.00,0,20695
59918,1224,572.00,324.00,0,20704
60044,1225,659.00,308.00,0,20712
60172,1227,739.00,326.00,0,20721
60298,1229,671.00,325.00,0,20729
60424,1231,516.00,308.00,0,20739
60549,1233,594.00,309.00,0,20748
60677,1237,760.00,325.00,0,20756
60804,1239,738.00,325.00,0,20765
60930,1242,557.00,325.00,0,20774
61055,1245,631.00,325.00,0,20783
61182,1247,727.00,308.00,0,20792
61309,1249,697.00,325.00,0,20800
61435,1251,576.00,325.00,0,20809
61561,1253,584.00,324.00,0,20818
61689,1255,745.00,309.00,0,20827
61816,1257,735.00,308.00,0,20836
61941,1259,580.00,308.00,0,20845
62067,1261,599.00,325.00,0,20853
62194,1263,738.00,325.00,0,20862
62321,1266,697.00,307.00,0,20872
62447,1268,590.00,307.00,0,20880
62572,1270,558.00,325.00,0,20889
62700,1272,738.00,308.00,0,20897
62826,1274,751.00,325.00,0,20907
62952,1277,616.00,325.00,0,20916
63078,1279,552.00,325.00,0,20924
63205,1281,704.00,308.00,0,20933
63332,1284,724.00,308.00,0,20942
63458,1287,626.00,326.00,0,20951
63584,1290,497.00,308.00,0,20960
63712,1293,727.00,308.00,0,20968
63839,1295,735.00,308.00,0,20977
63964,1296,634.00,308.00,0,20986
64090,1297,634.00,307.00,0,20995
64218,1299,668.00,325.00,0,21004
64344,1301,701.00,325.00,0,21013
64470,1303,650.00,325.00,0,21021
64596,1306,604.00,308.00,0,21030
64722,1309,696.00,308.00,0,21040
64850,1311,734.00,308.00,0,21048
64976,1313,657.00,325.00,0,21057
65102,1316,609.00,342.00,0,21065
65228,1319,649.00,325.00,0,21074
65355,1321,684.00,308.00,0,21084
65482,1323,654.00,324.00,0,21092
65607,1326,597.00,325.00,0,21101
65736,1328,673.00,324.00,0,21110
65862,1330,697.00,324.00,0,21118
65987,1331,674.00,325.00,0,21128
66114,1333,627.00,308.00,0,21137
66240,1335,596.00,307.00,0,21145
66367,1337,677.00,325.00,0,21154
66492,1339,670.00,325.00,0,21163
66618,1343,624.00,308.00,0,21172
66746,1345,632.00,308.00,0,21181
66872,1348,673.00,308.00,0,21189
66999,1350,667.00,325.00,0,21198
67125,1352,656.00,308.00,0,21208
67252,1354,557.00,308.00,0,21216
67378,1356,665.00,325.00,0,21225
67504,1359,668.00,324.00,0,21233
67630,1361,655.00,308.00,0,21242
67758,1363,598.00,324.00,0,21252
67885,1365,649.00,325.00,0,21260
68011,1368,679.00,308.00,0,21269
68137,1370,719.00,308.00,0,21278
68263,1372,488.00,308.00,0,21286
68389,1374,626.00,325.00,0,21296
68516,1376,673.00,308.00,0,21305
68642,1379,707.00,325.00,0,21313
68769,1381,672.00,325.00,0,21322
68896,1383,611.00,308.00,0,21330
69022,1385,667.00,325.00,0,21340
69148,1387,698.00,325.00,0,21349
69276,1389,624.00,308.00,0,21357
69401,1391,577.00,325.00,0,21366
69527,1394,645.00,308.00,0,21376
69654,1397,716.00,325.00,0,21384
69782,1399,674.00,310.00,0,21393
69908,1402,570.00,308.00,0,21402
70034,1405,661.00,308.00,0,21410
70160,1407,734.00,308.00,0,21420
70286,1409,661.00,308.00,0,21428
70412,1410,554.00,324.00,0,21437
70538,1411,637.00,341.00,0,21446
70666,1413,722.00,325.00,0,21454
70792,1415,677.00,325.00,0,21464
70918,1418,543.00,308.00,0,21473
71044,1421,633.00,310.00,0,21481
71171,1424,717.00,325.00,0,21490
71298,1427,683.00,308.00,0,21498
71424,1430,531.00,325.00,0,21508
71550,1432,604.00,308.00,0,21517
71678,1433,751.00,325.00,0,21525
71804,1435,728.00,308.00,0,21534
71930,1437,540.00,324.00,0,21543
72056,1438,621.00,326.00,0,21552
72182,1440,732.00,325.00,0,21561
72310,1443,695.00,342.00,0,21570
72436,1447,584.00,325.00,0,21578
72562,1450,586.00,325.00,0,21587
72689,1453,743.00,325.00,0,21596
72816,1455,719.00,307.00,0,21605
72941,1457,569.00,325.00,0,21614
73068,1458,551.00,325.00,0,21622
73194,1460,701.00,325.00,0,21632
73321,1462,699.00,325.00,0,21641
73448,1465,573.00,308.00,0,21649
73573,1467,542.00,325.00,0,21658
73700,1471,751.00,320.00,0,21666
73828,1473,742.00,325.00,0,21676
73952,1476,623.00,325.00,0,21685
74079,1478,566.00,341.00,0,21693
74206,1479,712.00,341.00,0,21702
74333,1481,723.00,325.00,0,21711
74458,1483,603.00,308.00,0,21720
74584,1485,489.00,325.00,0,21729
74712,1487,693.00,310.00,0,21738
74839,1490,712.00,308.00,0,21746
74964,1493,609.00,325.00,0,21755
75090,1495,601.00,308.00,0,21764
75218,1498,663.00,325.00,0,21773
75345,1501,724.00,308.00,0,21782
75470,1503,631.00,324.00,0,21790
75596,1505,620.00,308.00,0,21799
75724,1507,695.00,325.00,0,21809
75850,1509,724.00,342.00,0,21817
75976,1511,639.00,325.00,0,21826
76102,1512,616.00,325.00,0,21835
76229,1515,621.00,307.00,0,21843
76356,1517,676.00,308.00,0,21853
76482,1519,643.00,308.00,0,21861
76608,1522,596.00,325.00,0,21870
76736,1525,637.00,308.00,0,21879
76862,1527,683.00,308.00,0,21888
76988,1529,637.00,308.00,0,21897
77114,1531,612.00,308.00,0,21906
77242,1533,591.00,320.00,0,21914
77367,1536,674.00,325.00,0,21923
77493,1538,655.00,325.00,0,21932
77619,1540,627.00,323.00,0,21941
77747,1543,633.00,325.00,0,21950
77874,1545,670.00,325.00,0,21958
78000,1547,688.00,308.00,0,21967
78126,1549,668.00,308.00,0,21977
78252,1552,536.00,308.00,0,21985
78379,1555,659.00,325.00,0,21994
78504,1557,646.00,308.00,0,22003
78631,1559,632.00,325.00,0,22011
78758,1561,560.00,308.00,0,22021
78885,1563,615.00,308.00,0,22029
79011,1565,654.00,308.00,0,22038
79137,1567,684.00,325.00,0,22047
79264,1570,478.00,308.00,0,22055
79390,1573,631.00,308.00,0,22065
79516,1576,663.00,325.00,0,22074
79643,1579,703.00,325.00,0,22082
79770,1581,668.00,308.00,0,22091
79896,1583,588.00,324.00,0,22099
80022,1585,661.00,325.00,0,22109
80150,1586,716.00,324.00,0,22118
80275,1588,622.00,318.00,0,22126
80402,1591,572.00,308.00,0,22135
80527,1593,635.00,308.00,0,22145
80654,1595,688.00,325.00,0,22153
80782,1599,666.00,309.00,0,22162
80908,1601,545.00,325.00,0,22171
81034,1603,649.00,307.00,0,22179
81160,1605,733.00,308.00,0,22189
81287,1607,642.00,342.00,0,22197
81414,1609,575.00,341.00,0,22206
81539,1612,621.00,325.00,0,22215
81666,1615,724.00,309.00,0,22223
81794,1617,683.00,309.00,0,22233
81919,1619,533.00,308.00,0,22242
82046,1621,624.00,325.00,0,22250
82172,1623,736.00,325.00,0,22259
82299,1625,646.00,308.00,0,22268
82425,1627,539.00,325.00,0,22277
82550,1630,607.00,308.00,0,22286
82678,1632,720.00,308.00,0,22294
82804,1635,703.00,325.00,0,22303
82930,1637,525.00,325.00,0,22312
83056,1639,586.00,308.00,0,22321
83183,1641,719.00,308.00,0,22330
83310,1643,690.00,341.00,0,22339
83436,1646,562.00,325.00,0,22347
83562,1649,579.00,325.00,0,22356
83690,1652,736.00,308.00,0,22365
83817,1655,715.00,325.00,0,22374
83942,1656,554.00,325.00,0,22383
84068,1657,557.00,307.00,0,22391
84195,1659,701.00,321.00,0,22401
84322,1661,670.00,325.00,0,22410
84448,1663,576.00,325.00,0,22418
84573,1665,521.00,326.00,0,22427
84701,1669,719.00,325.00,0,22436
84828,1671,732.00,325.00,0,22445
84954,1675,582.00,308.00,0,22454
85080,1677,533.00,325.00,0,22462
85206,1679,676.00,308.00,0,22471
85334,1681,704.00,325.00,0,22480
85460,1683,584.00,322.00,0,22489
85585,1685,477.00,325.00,0,22498
85712,1687,692.00,308.00,0,22507
85840,1689,707.00,316.00,0,22515
85966,1693,594.00,326.00,0,22524
86092,1695,609.00,308.00,0,22534
86219,1697,672.00,324.00,0,22542
86345,1699,695.00,308.00,0,22551
86471,1701,615.00,325.00,0,22559
86596,1703,590.00,325.00,0,22568
86724,1705,659.00,308.00,0,22578
86851,1708,705.00,341.00,0,22586
86976,1711,627.00,341.00,0,22595
87103,1713,600.00,336.00,0,22604
87230,1716,616.00,325.00,0,22612
87357,1719,694.00,325.00,0,22622
87482,1721,617.00,308.00,0,22630
87608,1723,562.00,308.00,0,22639
87736,1725,631.00,325.00,0,22648
87863,1727,656.00,308.00,0,22657
87988,1729,626.00,308.00,0,22666
88114,1731,617.00,309.00,0,22675
88242,1733,582.00,325.00,0,22683
88368,1735,667.00,325.00,0,22692
88493,1738,635.00,308.00,0,22702
88619,1741,604.00,307.00,0,22710
88747,1743,591.00,325.00,0,22719
88874,1746,655.00,325.00,0,22727
89000,1748,654.00,324.00,0,22736
89126,1750,652.00,323.00,0,22746
89253,1752,534.00,308.00,0,22754
89380,1754,616.00,308.00,0,22763
89505,1756,619.00,325.00,0,22772
89632,1758,617.00,325.00,0,22780
89760,1761,543.00,318.00,0,22790
89885,1763,602.00,325.00,0,22798
90012,1765,662.00,325.00,0,22807
90138,1768,689.00,324.00,0,22816
90264,1770,475.00,309.00,0,22824
90391,1771,606.00,325.00,0,22834
90516,1773,646.00,341.00,0,22843
90643,1775,662.00,325.00,0,22851
90770,1777,642.00,325.00,0,22860
90897,1779,558.00,325.00,0,22870
91023,1782,642.00,325.00,0,22878
91150,1785,683.00,308.00,0,22887
91276,1789,624.00,308.00,0,22895
91403,1791,569.00,316.00,0,22904
91528,1793,621.00,325.00,0,22914
91656,1795,692.00,325.00,0,22922
91783,1797,649.00,325.00,0,22931
91908,1799,521.00,324.00,0,22940
92034,1801,647.00,326.00,0,22948
92161,1803,719.00,325.00,0,22958
92288,1806,624.00,308.00,0,22967
92413,1809,532.00,325.00,0,22975
92539,1811,618.00,325.00,0,22984
92666,1813,700.00,325.00,0,22992
92794,1815,671.00,308.00,0,23002
92919,1817,506.00,308.00,0,23011
93046,1819,597.00,325.00,0,23019
93173,1821,717.00,325.00,0,23028
93299,1825,645.00,308.00,0,23037
93426,1828,513.00,325.00,0,23046
93551,1831,571.00,308.00,0,23055
93679,1833,722.00,314.00,0,23063
93805,1835,682.00,325.00,0,23072
93930,1837,514.00,325.00,0,23081
94057,1838,590.00,325.00,0,23090
94184,1840,695.00,325.00,0,23099
94311,1843,657.00,341.00,0,23108
94436,1845,542.00,324.00,0,23116
94562,1849,563.00,341.00,0,23126
94690,1852,705.00,308.00,0,23135
94817,1855,707.00,325.00,0,23143
94943,1857,525.00,308.00,0,23152
95069,1859,547.00,325.00,0,23160
95196,1860,686.00,325.00,0,23170
95323,1861,679.00,308.00,0,23179
95448,1864,550.00,324.00,0,23187
95574,1867,494.00,326.00,0,23196
95701,1869,715.00,325.00,0,23205
95829,1872,700.00,325.00,0,23214
95954,1875,569.00,325.00,0,23223
96080,1877,525.00,341.00,0,23231
96207,1879,672.00,325.00,0,23240
96334,1881,671.00,325.00,0,23249
96460,1883,589.00,325.00,0,23258
96585,1885,449.00,325.00,0,23267
96713,1888,658.00,325.00,0,23276
96840,1891,678.00,308.00,0,23284
96966,1893,576.00,308.00,0,23293
97092,1895,564.00,325.00,0,23303
97220,1898,647.00,325.00,0,23311
97346,1901,684.00,309.00,0,23320
97471,1903,599.00,308.00,0,23328
97596,1905,579.00,308.00,0,23337
97725,1907,652.00,342.00,0,23347
97852,1910,680.00,341.00,0,23355
97977,1913,626.00,315.00,0,23364
98103,1915,592.00,308.00,0,23373
98230,1917,596.00,324.00,0,23382
98357,1919,651.00,325.00,0,23391
98483,1921,608.00,308.00,0,23400
98609,1923,549.00,308.00,0,23408
98736,1927,607.00,325.00,0,23417
98863,1929,632.00,308.00,0,23426
98989,1932,621.00,308.00,0,23435
99116,1935,589.00,308.00,0,23444
99242,1937,568.00,325.00,0,23452
99368,1940,658.00,325.00,0,23461
99494,1942,634.00,325.00,0,23471
99620,1944,590.00,323.00,0,23479
99748,1946,574.00,325.00,0,23488
99874,1948,616.00,325.00,0,23496
100000,1951,628.00,325.00,0,23505
100131,1953,638.00,308.00,0,23515
100261,1956,467.00,308.00,0,23524
100391,1959,593.00,308.00,0,23533
100521,1962,622.00,325.00,0,23542
100652,1965,671.00,309.00,0,23552
100783,1967,636.00,307.00,0,23561
100912,1969,620.00,325.00,0,23570
101042,1971,590.00,308.00,0,23578
101172,1973,690.00,308.00,0,23587
101304,1975,633.00,322.00,0,23597
101432,1977,525.00,325.00,0,23606
101562,1980,518.00,325.00,0,23615
101694,1983,693.00,325.00,0,23624
101824,1986,694.00,308.00,0,23633
101953,1989,571.00,325.00,0,23643
102083,1991,483.00,308.00,0,23652
102213,1993,639.00,308.00,0,23660
102344,1994,659.00,308.00,0,23669
102472,1996,588.00,308.00,0,23678
102603,1998,549.00,325.00,0,23688
102734,2001,589.00,325.00,0,23697
102866,2004,642.00,325.00,0,23706
102994,2007,624.00,307.00,0,23715
103124,2009,632.00,342.00,0,23725
103256,2011,492.00,325.00,0,23734
103385,2013,600.00,326.00,0,23742
103514,2015,599.00,325.00,0,23751
103644,2017,640.00,325.00,0,23760
103776,2019,587.00,308.00,0,23770
103905,2021,496.00,325.00,0,23779
104034,2024,614.00,325.00,0,23788
104166,2027,698.00,308.00,0,23797
104296,2029,608.00,324.00,0,23806
104426,2032,477.00,325.00,0,23816
104556,2033,544.00,325.00,0,23824
104686,2035,681.00,308.00,0,23833
104818,2037,646.00,325.00,0,23842
104946,2039,498.00,308.00,0,23852
105076,2042,497.00,325.00,0,23861
105187,2045,826.00,358.00,0,23870
105201,2047,826.00,426.00,0,23879
105120,2048,827.00,492.00,0,23888
105011,2049,821.00,493.00,0,23897
104891,2049,812.00,493.00,0,23906
104763,2047,805.00,493.00,0,23915
104629,2046,768.00,493.00,0,23924
104495,2046,660.00,493.00,0,23933
104363,2045,713.00,493.00,0,23943
104232,2045,788.00,492.00,0,23952
104104,2044,800.00,510.00,0,23961
103975,2042,783.00,493.00,0,23970
103845,2040,767.00,508.00,0,23979
103714,2037,791.00,492.00,0,23988
103583,2035,789.00,493.00,0,23997
103455,2032,780.00,492.00,0,24006
103323,2029,741.00,509.00,0,24015
103192,2028,763.00,493.00,0,24025
103064,2027,808.00,493.00,0,24034
102936,2025,791.00,493.00,0,24043
102807,2024,795.00,493.00,0,24052
102679,2023,792.00,492.00,0,24060
102551,2021,805.00,493.00,0,24070
102423,2019,819.00,509.00,0,24079
102293,2015,795.00,495.00,0,24088
102163,2012,793.00,509.00,0,24097
102033,2009,806.00,493.00,0,24107
101903,2005,797.00,476.00,0,24116
101771,2003,800.00,509.00,0,24125
101640,2001,790.00,492.00,0,24134
101511,1999,789.00,509.00,0,24142
101379,1997,802.00,493.00,0,24152
101247,1995,795.00,509.00,0,24161
101118,1991,794.00,509.00,0,24170
100990,1988,796.00,509.00,0,24179
100860,1985,798.00,510.00,0,24188
100730,1983,811.00,492.00,0,24198
100600,1980,795.00,492.00,0,24207
100471,1979,801.00,509.00,0,24216
100341,1976,795.00,476.00,0,24224
100209,1973,792.00,492.00,0,24233
100080,1970,817.00,493.00,0,24243
99951,1967,798.00,509.00,0,24252
99825,1963,792.00,509.00,0,24260
99697,1961,798.00,492.00,0,24269
99572,1959,803.00,476.00,0,24279
99445,1957,809.00,492.00,0,24287
99318,1955,791.00,493.00,0,24296
99190,1953,794.00,509.00,0,24305
99065,1949,826.00,509.00,0,24313
98940,1947,804.00,509.00,0,24323
98814,1943,798.00,493.00,0,24332
98687,1941,797.00,492.00,0,24340
98561,1939,811.00,493.00,0,24349
98435,1937,810.00,493.00,0,24357
98307,1935,793.00,509.00,0,24367
98179,1933,790.00,510.00,0,24376
98055,1929,816.00,509.00,0,24384
97929,1926,802.00,493.00,0,24393
97802,1923,796.00,493.00,0,24402
97675,1921,798.00,483.00,0,24411
97551,1919,803.00,476.00,0,24420
97425,1918,821.00,509.00,0,24428
97298,1916,799.00,509.00,0,24437
97171,1913,798.00,509.00,0,24446
97045,1909,817.00,496.00,0,24455
96919,1906,806.00,493.00,0,24464
96793,1903,802.00,508.00,0,24473
96665,1901,801.00,509.00,0,24481
96540,1899,803.00,493.00,0,24491
96413,1897,824.00,509.00,0,24500
96285,1895,788.00,492.00,0,24508
96158,1892,792.00,493.00,0,24517
96033,1889,804.00,493.00,0,24525
95907,1885,807.00,509.00,0,24535
95779,1883,805.00,510.00,0,24544
95653,1881,802.00,492.00,0,24552
95528,1879,804.00,476.00,0,24561
95402,1877,826.00,509.00,0,24570
95275,1875,798.00,509.00,0,24579
95147,1873,798.00,509.00,0,24588
95023,1870,814.00,493.00,0,24597
94897,1867,812.00,500.00,0,24605
94769,1863,808.00,509.00,0,24614
94643,1861,803.00,493.00,0,24623
94518,1859,806.00,509.00,0,24632
94391,1857,815.00,493.00,0,24641
94263,1855,795.00,509.00,0,24649
94135,1853,792.00,509.00,0,24658
94011,1850,805.00,509.00,0,24668
93885,1847,804.00,508.00,0,24676
93757,1844,817.00,509.00,0,24685
93631,1842,801.00,493.00,0,24693
93507,1841,807.00,492.00,0,24702
93382,1839,822.00,509.00,0,24712
93253,1837,813.00,509.00,0,24720
93127,1835,804.00,493.00,0,24729
93002,1831,812.00,510.00,0,24738
92875,1827,808.00,509.00,0,24747
92747,1825,826.00,493.00,0,24756
92621,1823,803.00,492.00,0,24765
92495,1821,804.00,492.00,0,24773
92368,1819,807.00,509.00,0,24782
92240,1817,800.00,509.00,0,24791
92114,1815,804.00,493.00,0,24800
91989,1811,803.00,493.00,0,24809
91863,1808,805.00,493.00,0,24817
91736,1805,826.00,509.00,0,24826
91609,1803,809.00,510.00,0,24836
91485,1801,805.00,492.00,0,24844
91359,1801,811.00,509.00,0,24853
91230,1799,802.00,493.00,0,24861
91104,1797,816.00,492.00,0,24870
90979,1793,817.00,509.00,0,24880
90853,1789,811.00,509.00,0,24888
90725,1786,819.00,493.00,0,24897
90599,1783,808.00,510.00,0,24906
90473,1781,807.00,494.00,0,24914
90346,1780,799.00,509.00,0,24924
90217,1779,792.00,492.00,0,24933
90091,1777,813.00,475.00,0,24941
89966,1775,802.00,475.00,0,24950
89841,1773,809.00,499.00,0,24958
89715,1769,826.00,492.00,0,24968
89589,1766,814.00,476.00,0,24977
89465,1763,814.00,493.00,0,24985
89339,1761,814.00,509.00,0,24994
89209,1759,802.00,509.00,0,25004
89082,1757,822.00,493.00,0,25012
88955,1755,809.00,509.00,0,25021
88828,1753,797.00,492.00,0,25030
88701,1751,804.00,493.00,0,25038
88575,1747,812.00,493.00,0,25048
88450,1745,809.00,493.00,0,25056
88323,1741,797.00,492.00,0,25065
88194,1739,793.00,493.00,0,25074
88067,1737,826.00,493.00,0,25082
87942,1735,808.00,493.00,0,25092
87815,1733,804.00,509.00,0,25101
87689,1731,810.00,509.00,0,25109
87565,1729,817.00,509.00,0,25118
87440,1728,826.00,510.00,0,25126
87314,1725,809.00,509.00,0,25136
87186,1723,803.00,493.00,0,25145
87061,1720,826.00,493.00,0,25153
86935,1717,808.00,493.00,0,25162
86807,1713,803.00,510.00,0,25171
86679,1711,804.00,493.00,0,25180
86554,1709,810.00,493.00,0,25189
86427,1708,824.00,493.00,0,25198
86299,1707,790.00,475.00,0,25206
86172,1705,798.00,493.00,0,25216
86047,1702,823.00,493.00,0,25224
85921,1699,815.00,492.00,0,25233
85795,1696,816.00,509.00,0,25242
85669,1693,814.00,493.00,0,25250
85545,1691,818.00,492.00,0,25260
85420,1689,826.00,493.00,0,25269
85291,1687,804.00,493.00,0,25277
85164,1687,801.00,509.00,0,25286
85037,1685,817.00,493.00,0,25294
84911,1681,814.00,509.00,0,25304
84784,1679,811.00,509.00,0,25313
84658,1675,804.00,509.00,0,25321
84533,1671,809.00,492.00,0,25330
84405,1669,826.00,492.00,0,25339
84276,1667,798.00,508.00,0,25348
84147,1665,794.00,510.00,0,25357
84022,1663,811.00,509.00,0,25366
83895,1662,808.00,493.00,0,25374
83769,1661,812.00,492.00,0,25383
83645,1658,809.00,502.00,0,25392
83522,1655,822.00,492.00,0,25401
83397,1653,826.00,493.00,0,25410
83269,1649,812.00,508.00,0,25418
83141,1647,805.00,509.00,0,25427
83015,1644,812.00,509.00,0,25437
82888,1643,808.00,492.00,0,25445
82760,1641,814.00,509.00,0,25454
82633,1639,803.00,493.00,0,25463
82507,1637,809.00,491.00,0,25472
82381,1635,817.00,475.00,0,25481
82253,1632,817.00,509.00,0,25489
82127,1629,807.00,493.00,0,25498
82003,1625,815.00,509.00,0,25507
81876,1623,813.00,510.00,0,25516
81749,1621,827.00,509.00,0,25525
81623,1621,814.00,503.00,0,25534
81499,1619,820.00,492.00,0,25542
81373,1619,825.00,493.00,0,25551
81245,1616,816.00,493.00,0,25560
81119,1613,817.00,509.00,0,25569
80993,1609,812.00,493.00,0,25578
80867,1605,812.00,509.00,0,25586
80739,1603,826.00,493.00,0,25595
80611,1599,808.00,493.00,0,25605
80485,1598,810.00,509.00,0,25613
80356,1597,804.00,494.00,0,25622
80227,1596,798.00,510.00,0,25631
80101,1595,813.00,509.00,0,25639
79977,1592,805.00,493.00,0,25649
79851,1589,813.00,509.00,0,25657
79726,1587,826.00,509.00,0,25666
79602,1584,822.00,509.00,0,25675
79478,1582,821.00,493.00,0,25683
79352,1581,817.00,509.00,0,25693
79223,1579,806.00,493.00,0,25702
79097,1577,825.00,492.00,0,25710
78971,1574,813.00,509.00,0,25719
78843,1571,808.00,509.00,0,25729
78715,1569,823.00,476.00,0,25737
78589,1567,819.00,509.00,0,25746
78465,1565,813.00,477.00,0,25754
78337,1563,805.00,509.00,0,25763
78208,1561,801.00,508.00,0,25773
78082,1558,824.00,493.00,0,25781
77957,1555,810.00,493.00,0,25790
77830,1553,809.00,509.00,0,25799
77703,1551,817.00,509.00,0,25807
77579,1549,823.00,509.00,0,25817
77455,1548,824.00,493.00,0,25825
77328,1547,811.00,509.00,0,25834
77201,1545,807.00,492.00,0,25843
77075,1542,826.00,493.00,0,25851
76950,1539,819.00,509.00,0,25861
76823,1535,811.00,509.00,0,25870
76694,1531,813.00,493.00,0,25878
76567,1529,821.00,493.00,0,25887
76441,1526,821.00,509.00,0,25896
76311,1525,793.00,492.00,0,25905
76182,1524,795.00,509.00,0,25914
76056,1523,822.00,509.00,0,25922
75931,1521,810.00,509.00,0,25931
75805,1518,809.00,509.00,0,25940
75679,1515,811.00,509.00,0,25949
75557,1513,825.00,492.00,0,25958
75433,1510,826.00,492.00,0,25967
75305,1508,816.00,509.00,0,25975
75178,1505,806.00,493.00,0,25985
75051,1503,826.00,493.00,0,25993
74923,1501,816.00,493.00,0,26002
74795,1499,807.00,496.00,0,26011
74668,1497,808.00,509.00,0,26019
74543,1495,818.00,509.00,0,26029
74417,1493,826.00,509.00,0,26038
74289,1491,805.00,493.00,0,26046
74161,1489,803.00,510.00,0,26055
74036,1487,825.00,509.00,0,26064
73911,1484,820.00,509.00,0,26073
73784,1481,814.00,509.00,0,26082
73659,1479,813.00,492.00,0,26090
73535,1477,825.00,493.00,0,26099
73410,1475,826.00,492.00,0,26108
73283,1475,811.00,509.00,0,26117
73155,1473,808.00,509.00,0,26126
73029,1471,823.00,476.00,0,26135
72903,1469,821.00,475.00,0,26143
72776,1467,823.00,493.00,0,26152
72650,1463,816.00,510.00,0,26162
72525,1460,825.00,492.00,0,26170
72398,1457,826.00,493.00,0,26179
72269,1454,809.00,508.00,0,26187
72139,1451,801.00,492.00,0,26196
72013,1451,808.00,509.00,0,26206
71886,1449,813.00,509.00,0,26214
71759,1448,825.00,494.00,0,26223
71634,1447,809.00,476.00,0,26232
71511,1445,823.00,492.00,0,26241
71387,1443,826.00,493.00,0,26250
71261,1439,816.00,493.00,0,26258
71133,1435,812.00,491.00,0,26267
71007,1431,817.00,475.00,0,26276
70879,1429,819.00,493.00,0,26285
70751,1427,826.00,509.00,0,26294
70623,1426,808.00,494.00,0,26303
70497,1425,809.00,508.00,0,26311
70371,1425,820.00,508.00,0,26320
70243,1423,816.00,493.00,0,26330
70117,1419,813.00,492.00,0,26338
69993,1416,815.00,493.00,0,26347
69867,1412,816.00,492.00,0,26355
69741,1409,826.00,492.00,0,26364
69616,1407,818.00,493.00,0,26374
69491,1405,816.00,493.00,0,26382
69364,1405,823.00,493.00,0,26391
69235,1405,817.00,476.00,0,26400
69109,1403,824.00,493.00,0,26408
68983,1401,821.00,509.00,0,26418
68857,1397,819.00,494.00,0,26427
68729,1395,826.00,509.00,0,26435
68604,1391,822.00,492.00,0,26444
68479,1389,823.00,509.00,0,26452
68351,1386,814.00,492.00,0,26462
68221,1383,805.00,494.00,0,26471
68095,1381,822.00,509.00,0,26479
67967,1380,806.00,509.00,0,26488
67841,1379,808.00,493.00,0,26498
67713,1377,824.00,509.00,0,26506
67589,1375,815.00,476.00,0,26515
67467,1374,824.00,492.00,0,26523
67341,1371,818.00,476.00,0,26532
67213,1369,816.00,507.00,0,26542
67088,1365,827.00,510.00,0,26550
66962,1363,822.00,509.00,0,26559
66833,1360,811.00,493.00,0,26568
66705,1358,820.00,493.00,0,26576
66580,1356,821.00,491.00,0,26586
66453,1355,818.00,509.00,0,26595
66325,1353,806.00,510.00,0,26603
66197,1351,799.00,476.00,0,26612
66071,1348,826.00,492.00,0,26620
65945,1345,811.00,476.00,0,26630
65818,1343,814.00,509.00,0,26639
65693,1341,822.00,493.00,0,26647
65569,1341,825.00,492.00,0,26656
65445,1339,826.00,476.00,0,26665
65319,1337,820.00,492.00,0,26674
65191,1335,821.00,509.00,0,26683
65065,1333,826.00,493.00,0,26691
64939,1329,820.00,509.00,0,26700
64811,1326,819.00,509.00,0,26710
64683,1323,819.00,509.00,0,26718
64557,1322,823.00,493.00,0,26727
64431,1321,826.00,493.00,0,26736
64303,1321,801.00,509.00,0,26744
64175,1319,803.00,493.00,0,26754
64050,1317,826.00,476.00,0,26763
63925,1313,820.00,492.00,0,26771
63798,1309,824.00,509.00,0,26780
63672,1305,818.00,509.00,0,26788
63547,1303,824.00,492.00,0,26798
63422,1301,826.00,509.00,0,26807
63293,1300,811.00,493.00,0,26815
63165,1299,806.00,493.00,0,26824
63039,1298,826.00,509.00,0,26833
62911,1295,816.00,492.00,0,26842
62784,1293,813.00,493.00,0,26851
62659,1289,811.00,496.00,0,26860
62533,1287,819.00,493.00,0,26868
62408,1284,826.00,493.00,0,26877
62279,1281,803.00,493.00,0,26886
62151,1279,807.00,509.00,0,26895
62025,1277,816.00,509.00,0,26904
61897,1276,810.00,492.00,0,26912
61770,1275,817.00,493.00,0,26921
61645,1273,814.00,509.00,0,26931
61522,1272,820.00,475.00,0,26939
61397,1270,826.00,509.00,0,26948
61272,1269,818.00,493.00,0,26956
61145,1266,817.00,493.00,0,26966
61020,1263,826.00,493.00,0,26975
60893,1260,823.00,508.00,0,26983
60767,1257,827.00,493.00,0,26992
60639,1255,817.00,493.00,0,27001
60514,1253,821.00,493.00,0,27010
60387,1251,826.00,509.00,0,27019
60257,1249,812.00,476.00,0,27028
60129,1247,809.00,509.00,0,27036
60003,1245,814.00,509.00,0,27045
59876,1243,815.00,492.00,0,27054
59749,1241,826.00,492.00,0,27063
59624,1240,818.00,492.00,0,27072
59501,1239,825.00,493.00,0,27080
59376,1237,826.00,492.00,0,27089
59249,1235,825.00,492.00,0,27099
59122,1232,821.00,491.00,0,27107
58997,1229,823.00,493.00,0,27116
58872,1225,817.00,509.00,0,27124
58744,1221,826.00,509.00,0,27133
58617,1219,812.00,493.00,0,27143
58491,1218,814.00,493.00,0,27151
58362,1217,820.00,509.00,0,27160
58233,1216,805.00,492.00,0,27169
58105,1214,815.00,493.00,0,27177
57980,1211,806.00,493.00,0,27187
57853,1209,809.00,510.00,0,27196
57727,1205,825.00,510.00,0,27204
57603,1203,824.00,493.00,0,27213
57480,1201,826.00,493.00,0,27222
57353,1200,818.00,509.00,0,27231
57225,1199,814.00,492.00,0,27240
57099,1197,825.00,493.00,0,27248
56973,1195,816.00,509.00,0,27257
56847,1193,812.00,510.00,0,27267
56720,1189,826.00,492.00,0,27275
56595,1187,823.00,493.00,0,27284
56469,1185,826.00,509.00,0,27293
56342,1183,815.00,493.00,0,27301
56213,1181,808.00,493.00,0,27311
56086,1180,826.00,508.00,0,27319
55959,1177,813.00,493.00,0,27328
55833,1175,812.00,493.00,0,27337
55706,1173,823.00,509.00,0,27345
55582,1171,826.00,500.00,0,27355
55458,1169,826.00,509.00,0,27364
55331,1167,817.00,493.00,0,27372
55203,1165,813.00,493.00,0,27381
55077,1163,826.00,509.00,0,27389
54951,1161,817.00,492.00,0,27399
54824,1159,815.00,509.00,0,27408
54697,1157,820.00,475.00,0,27416
54573,1155,826.00,476.00,0,27425
54447,1153,826.00,492.00,0,27435
54321,1151,820.00,492.00,0,27443
54193,1149,814.00,492.00,0,27452
54066,1145,827.00,509.00,0,27461
53939,1143,821.00,509.00,0,27469
53811,1139,816.00,493.00,0,27479
53684,1137,810.00,493.00,0,27487
53559,1136,823.00,493.00,0,27496
53435,1135,826.00,493.00,0,27505
53307,1135,816.00,509.00,0,27513
53180,1133,813.00,494.00,0,27523
53055,1131,826.00,493.00,0,27532
52929,1128,824.00,493.00,0,27540
52803,1125,821.00,476.00,0,27549
52677,1121,823.00,476.00,0,27557
52552,1119,826.00,492.00,0,27567
52427,1116,826.00,493.00,0,27576
52297,1114,820.00,509.00,0,27584
52168,1113,808.00,509.00,0,27593
52039,1111,822.00,493.00,0,27602
51911,1109,816.00,493.00,0,27611
51785,1107,811.00,509.00,0,27620
51658,1105,811.00,508.00,0,27629
51535,1103,820.00,492.00,0,27637
51411,1101,826.00,508.00,0,27646
51284,1100,818.00,509.00,0,27655
51157,1097,815.00,490.00,0,27664
51033,1094,826.00,476.00,0,27673
50905,1091,823.00,475.00,0,27681
50778,1087,826.00,493.00,0,27691
50651,1085,820.00,510.00,0,27700
50526,1083,818.00,509.00,0,27708
50399,1083,827.00,492.00,0,27717
50270,1082,808.00,492.00,0,27726
50141,1081,804.00,492.00,0,27735
50017,1078,819.00,509.00,0,27744
49890,1075,819.00,494.00,0,27752
49764,1073,826.00,493.00,0,27761
49640,1071,819.00,492.00,0,27770
49517,1069,826.00,495.00,0,27779
49393,1067,826.00,493.00,0,27788
49265,1066,821.00,509.00,0,27797
49138,1063,822.00,509.00,0,27805
49013,1061,826.00,509.00,0,27814
48885,1057,825.00,492.00,0,27823
48757,1055,826.00,509.00,0,27832
48630,1053,821.00,493.00,0,27841
48504,1051,823.00,509.00,0,27849
48377,1050,826.00,493.00,0,27858
48248,1049,819.00,509.00,0,27868
48120,1047,812.00,493.00,0,27876
47994,1045,814.00,493.00,0,27885
47868,1041,816.00,509.00,0,27894
47741,1037,825.00,508.00,0,27902
47617,1035,818.00,493.00,0,27912
47494,1033,825.00,492.00,0,27920
47368,1031,826.00,492.00,0,27929
47239,1031,822.00,493.00,0,27938
47113,1029,826.00,510.00,0,27947
46986,1027,823.00,493.00,0,27956
46859,1025,823.00,509.00,0,27965
46731,1021,825.00,509.00,0,27973
46606,1019,824.00,508.00,0,27982
46482,1017,826.00,509.00,0,27992
46355,1015,823.00,509.00,0,28000
46225,1013,814.00,509.00,0,28009
46098,1012,826.00,509.00,0,28017
45972,1009,816.00,509.00,0,28026
45845,1007,811.00,476.00,0,28036
45718,1005,826.00,475.00,0,28044
45594,1003,823.00,476.00,0,28053
45471,1001,826.00,511.00,0,28062
45346,999,824.00,492.00,0,28070
45221,997,825.00,509.00,0,28079
45098,995,827.00,509.00,0,28088
44975,993,820.00,493.00,0,28096
44851,989,817.00,510.00,0,28104
44727,987,826.00,509.00,0,28113
44604,985,822.00,508.00,0,28122
44483,984,825.00,509.00,0,28131
44360,983,824.00,508.00,0,28139
44235,981,820.00,510.00,0,28147
44111,979,824.00,493.00,0,28156
43989,976,813.00,493.00,0,28165
43866,973,810.00,493.00,0,28174
43743,969,826.00,492.00,0,28182
43621,967,821.00,493.00,0,28190
43503,965,826.00,493.00,0,28199
43381,964,826.00,493.00,0,28208
43257,963,825.00,493.00,0,28216
43133,962,821.00,493.00,0,28225
43011,961,821.00,476.00,0,28233
42887,958,825.00,509.00,0,28242
42764,955,826.00,492.00,0,28251
42641,953,820.00,493.00,0,28259
42521,950,826.00,493.00,0,28268
42399,948,826.00,493.00,0,28276
42275,947,821.00,494.00,0,28284
42149,944,813.00,509.00,0,28294
42026,941,823.00,509.00,0,28302
41903,939,824.00,509.00,0,28311
41779,937,825.00,509.00,0,28319
41656,934,813.00,475.00,0,28327
41537,933,823.00,493.00,0,28337
41416,931,826.00,509.00,0,28345
41293,929,819.00,509.00,0,28353
41169,928,816.00,509.00,0,28362
41045,926,826.00,509.00,0,28370
40923,923,826.00,509.00,0,28380
40799,921,820.00,509.00,0,28388
40676,918,819.00,493.00,0,28396
40556,915,826.00,493.00,0,28405
40434,914,827.00,510.00,0,28413
40310,913,812.00,493.00,0,28422
40185,911,810.00,509.00,0,28431
40061,908,826.00,493.00,0,28439
39938,905,813.00,493.00,0,28448
39814,901,810.00,509.00,0,28456
39691,899,823.00,509.00,0,28465
39573,897,826.00,475.00,0,28474
39453,896,826.00,492.00,0,28482
39331,895,824.00,509.00,0,28491
39207,895,818.00,492.00,0,28499
39083,893,826.00,509.00,0,28508
38961,891,821.00,493.00,0,28517
38838,887,819.00,508.00,0,28525
38715,885,826.00,510.00,0,28533
38593,881,825.00,475.00,0,28542
38473,879,826.00,509.00,0,28551
38349,877,821.00,509.00,0,28560
38223,875,813.00,509.00,0,28568
38098,873,826.00,511.00,0,28576
37974,871,809.00,509.00,0,28585
37850,869,805.00,493.00,0,28594
37727,867,826.00,493.00,0,28602
37607,865,824.00,492.00,0,28611
37489,865,826.00,493.00,0,28619
37369,864,826.00,492.00,0,28628
37245,863,825.00,509.00,0,28637
37122,861,826.00,509.00,0,28645
37001,858,826.00,492.00,0,28654
36878,855,825.00,509.00,0,28662
36754,851,827.00,509.00,0,28670
36631,849,821.00,492.00,0,28680
36511,846,826.00,476.00,0,28688
36388,844,826.00,491.00,0,28697
36262,843,812.00,493.00,0,28705
36136,841,806.00,492.00,0,28713
36013,840,811.00,492.00,0,28723
35888,837,816.00,509.00,0,28731
35765,835,827.00,493.00,0,28739
35643,833,823.00,509.00,0,28748
35526,831,826.00,493.00,0,28756
35405,830,826.00,475.00,0,28766
35283,829,825.00,493.00,0,28774
35160,827,821.00,510.00,0,28782
35036,825,826.00,509.00,0,28791
34913,822,825.00,493.00,0,28800
34789,819,825.00,509.00,0,28809
34666,816,822.00,509.00,0,28817
34545,814,826.00,509.00,0,28825
34423,813,826.00,493.00,0,28834
34299,811,822.00,509.00,0,28843
34174,809,810.00,493.00,0,28851
34049,807,826.00,492.00,0,28860
33925,804,815.00,492.00,0,28868
33801,801,812.00,475.00,0,28877
33680,797,820.00,493.00,0,28886
33561,795,826.00,509.00,0,28894
33442,793,827.00,508.00,0,28903
33319,792,824.00,498.00,0,28911
33194,791,814.00,493.00,0,28919
33070,789,826.00,507.00,0,28929
32947,787,818.00,493.00,0,28937
32821,785,814.00,493.00,0,28946
32699,781,820.00,475.00,0,28954
32577,779,826.00,493.00,0,28962
32457,777,826.00,509.00,0,28972
32333,775,819.00,510.00,0,28980
32207,772,809.00,509.00,0,28988
32083,769,826.00,509.00,0,28997
31959,767,806.00,493.00,0,29005
31835,763,807.00,493.00,0,29015
31712,761,822.00,508.00,0,29023
31593,759,824.00,476.00,0,29031
31475,759,826.00,494.00,0,29040
31355,757,826.00,509.00,0,29048
31231,757,824.00,493.00,0,29058
31107,755,826.00,501.00,0,29066
30985,753,820.00,493.00,0,29074
30861,750,822.00,509.00,0,29083
30738,747,826.00,493.00,0,29091
30616,745,821.00,493.00,0,29100
30496,743,826.00,493.00,0,29109
30373,741,826.00,501.00,0,29117
30248,740,821.00,493.00,0,29126
30123,738,815.00,492.00,0,29134
29999,735,811.00,493.00,0,29143
29874,732,814.00,493.00,0,29152
29751,729,826.00,510.00,0,29160
29630,725,821.00,493.00,0,29168
29513,723,826.00,492.00,0,29177
29392,723,826.00,509.00,0,29186
29269,722,820.00,509.00,0,29195
29144,721,817.00,493.00,0,29203
29020,719,823.00,509.00,0,29211
28895,717,824.00,509.00,0,29220
28771,715,826.00,493.00,0,29229
28649,712,825.00,509.00,0,29237
28531,709,826.00,476.00,0,29246
28411,708,826.00,509.00,0,29254
28285,706,817.00,492.00,0,29263
28161,704,813.00,509.00,0,29272
28036,701,822.00,493.00,0,29280
27911,699,818.00,492.00,0,29289
27787,695,816.00,492.00,0,29297
27665,693,819.00,493.00,0,29306
27547,691,825.00,492.00,0,29315
27429,691,826.00,493.00,0,29323
27307,690,826.00,508.00,0,29332
27181,689,819.00,509.00,0,29340
27059,687,826.00,509.00,0,29348
26935,685,817.00,509.00,0,29358
26810,681,818.00,491.00,0,29366
26688,678,821.00,493.00,0,29375
26568,675,826.00,493.00,0,29383
26448,673,827.00,476.00,0,29391
26325,671,824.00,509.00,0,29401
26197,670,812.00,493.00,0,29409
26072,667,826.00,492.00,0,29417
25946,665,801.00,475.00,0,29426
25821,663,799.00,475.00,0,29434
25699,660,817.00,493.00,0,29444
25581,658,825.00,492.00,0,29452
25463,657,826.00,493.00,0,29460
25343,656,826.00,476.00,0,29469
25220,655,822.00,493.00,0,29477
25097,653,826.00,509.00,0,29486
24973,651,822.00,508.00,0,29495
24848,647,818.00,509.00,0,29503
24725,644,826.00,493.00,0,29512
24605,641,825.00,509.00,0,29520
24486,639,826.00,493.00,0,29529
24363,637,826.00,493.00,0,29538
24237,636,821.00,509.00,0,29546
24109,634,818.00,492.00,0,29554
23983,631,807.00,509.00,0,29563
23857,629,803.00,509.00,0,29572
23735,626,825.00,492.00,0,29581
23616,624,823.00,493.00,0,29589
23499,623,826.00,493.00,0,29597
23381,621,826.00,492.00,0,29606
23259,621,825.00,509.00,0,29615
23134,619,822.00,492.00,0,29624
23011,617,826.00,492.00,0,29632
22887,614,822.00,476.00,0,29640
22763,611,826.00,492.00,0,29649
22641,607,825.00,509.00,0,29658
22522,605,827.00,509.00,0,29666
22401,602,826.00,509.00,0,29675
22275,600,817.00,509.00,0,29683
22147,598,806.00,493.00,0,29692
22019,595,804.00,493.00,0,29701
21892,593,804.00,509.00,0,29709
21768,591,812.00,493.00,0,29718
21647,589,819.00,493.00,0,29726
21533,587,826.00,476.00,0,29734
21416,587,826.00,492.00,0,29744
21296,586,826.00,493.00,0,29752
21172,585,827.00,492.00,0,29761
21049,583,825.00,492.00,0,29769
20925,579,824.00,493.00,0,29777
20801,575,826.00,509.00,0,29787
20679,572,824.00,492.00,0,29795
20560,569,827.00,509.00,0,29803
20441,567,825.00,509.00,0,29812
20317,565,826.00,509.00,0,29820
20188,563,813.00,510.00,0,29830
20059,561,820.00,509.00,0,29838
19931,559,799.00,493.00,0,29846
19805,557,797.00,493.00,0,29855
19683,554,815.00,509.00,0,29863
19567,551,826.00,493.00,0,29873
19451,551,825.00,492.00,0,29881
19331,549,826.00,509.00,0,29889
19208,549,825.00,492.00,0,29898
19084,547,826.00,509.00,0,29906
18959,544,822.00,509.00,0,29915
18835,541,820.00,493.00,0,29924
18713,539,826.00,493.00,0,29932
18595,535,826.00,493.00,0,29941
18478,533,826.00,492.00,0,29949
18357,531,826.00,509.00,0,29958
18231,529,826.00,526.00,0,29967
18101,527,823.00,491.00,0,29975
17973,524,800.00,509.00,0,29983
17845,521,797.00,492.00,0,29992
17721,517,821.00,492.00,0,30001
17603,514,825.00,493.00,0,30010
17488,512,825.00,492.00,0,30018
17370,511,826.00,509.00,0,30026
17247,510,826.00,493.00,0,30035
17121,509,826.00,503.00,0,30044
16995,507,818.00,509.00,0,30052
16869,505,814.00,493.00,0,30061
16745,503,826.00,502.00,0,30069
16627,500,827.00,509.00,0,30078
16512,497,825.00,481.00,0,30087
16393,495,826.00,492.00,0,30095
16269,493,826.00,509.00,0,30104
16140,491,817.00,492.00,0,30112
16012,488,807.00,509.00,0,30121
15883,485,804.00,492.00,0,30130
15759,481,826.00,493.00,0,30138
15641,479,826.00,492.00,0,30147
15528,477,826.00,493.00,0,30155
15414,476,826.00,496.00,0,30163
15294,475,826.00,509.00,0,30173
15169,475,826.00,492.00,0,30181
15043,473,826.00,509.00,0,30190
14915,471,825.00,509.00,0,30198
14789,469,826.00,509.00,0,30206
14669,465,826.00,492.00,0,30216
14553,463,826.00,493.00,0,30224
14435,460,826.00,500.00,0,30232
14311,457,827.00,492.00,0,30241
14181,455,819.00,509.00,0,30249
14051,453,821.00,493.00,0,30259
13919,449,797.00,509.00,0,30267
13793,447,810.00,509.00,0,30275
13675,445,826.00,509.00,0,30284
13562,443,826.00,492.00,0,30292
13452,441,826.00,475.00,0,30301
13334,441,826.00,509.00,0,30310
13208,441,826.00,492.00,0,30318
13081,439,826.00,509.00,0,30327
12952,437,821.00,492.00,0,30336
12825,435,822.00,510.00,0,30344
12703,432,827.00,492.00,0,30353
12586,429,826.00,493.00,0,30361
12473,427,827.00,492.00,0,30370
12351,425,826.00,493.00,0,30379
12225,422,826.00,493.00,0,30387
12094,419,826.00,509.00,0,30396
11963,417,807.00,509.00,0,30404
11833,413,807.00,509.00,0,30412
11713,411,827.00,510.00,0,30422
11600,408,826.00,477.00,0,30430
11491,407,825.00,493.00,0,30439
11372,405,826.00,509.00,0,30447
11245,405,826.00,509.00,0,30455
11113,404,827.00,493.00,0,30465
10981,402,806.00,509.00,0,30473
10852,399,802.00,509.00,0,30481
10729,397,826.00,492.00,0,30490
10614,393,826.00,476.00,0,30498
10503,391,826.00,492.00,0,30508
10388,388,825.00,509.00,0,30516
10263,385,826.00,509.00,0,30524
10133,382,826.00,509.00,0,30533
10001,379,806.00,509.00,0,30541
9872,375,807.00,493.00,0,30550
9755,373,826.00,509.00,0,30558
9647,370,826.00,475.00,0,30566
9542,368,826.00,492.00,0,30575
9425,367,826.00,493.00,0,30583
9301,367,826.00,492.00,0,30592
9171,366,805.00,509.00,0,30600
9039,365,803.00,509.00,0,30608
8911,363,791.00,509.00,0,30616
8789,361,800.00,509.00,0,30624
8677,357,826.00,475.00,0,30632
8572,355,826.00,475.00,0,30642
8465,351,825.00,492.00,0,30650
8349,349,826.00,493.00,0,30658
8224,345,826.00,509.00,0,30666
8096,343,821.00,509.00,0,30674
7967,339,795.00,493.00,0,30683
7845,336,809.00,509.00,0,30691
7733,333,826.00,492.00,0,30699
7631,331,825.00,492.00,0,30708
7522,329,825.00,493.00,0,30716
7401,328,825.00,508.00,0,30725
7273,327,826.00,509.00,0,30733
7139,327,781.00,493.00,0,30741
7008,326,742.00,496.00,0,30749
6883,325,796.00,509.00,0,30757
6766,322,826.00,492.00,0,30766
6661,319,826.00,492.00,0,30775
6560,317,826.00,492.00,0,30783
6447,314,826.00,493.00,0,30791
6324,311,826.00,509.00,0,30799
6193,308,805.00,526.00,0,30808
6061,305,805.00,509.00,0,30816
5935,301,789.00,492.00,0,30824
5817,297,822.00,509.00,0,30832
5713,295,826.00,492.00,0,30841
5614,292,825.00,492.00,0,30850
5499,290,826.00,509.00,0,30858
5375,289,826.00,509.00,0,30866
5245,289,821.00,524.00,0,30874
5113,287,791.00,493.00,0,30882
4983,287,764.00,493.00,0,30891
4862,285,802.00,493.00,0,30899
4753,283,826.00,493.00,0,30908
4653,281,825.00,475.00,0,30916
4546,277,827.00,493.00,0,30924
4424,275,826.00,492.00,0,30932
4295,271,818.00,509.00,0,30941
4161,267,771.00,526.00,0,30949
4032,263,781.00,508.00,0,30957
3912,259,805.00,509.00,0,30965
3802,255,825.00,509.00,0,30974
3705,251,825.00,492.00,0,30983
3597,247,826.00,493.00,0,30991
3477,245,826.00,506.00,0,30999
3355,242,826.00,510.00,0,31007
3225,241,815.00,509.00,0,31015
3093,239,806.00,492.00,0,31024
2965,239,793.00,509.00,0,31032
2849,237,826.00,503.00,0,31041
2747,236,824.00,476.00,0,31049
2644,234,826.00,476.00,0,31057
2526,232,826.00,492.00,0,31066
2401,229,826.00,509.00,0,31074
2269,227,800.00,526.00,0,31082
2133,223,671.00,509.00,0,31090
2007,219,780.00,509.00,0,31098
1889,215,820.00,509.00,0,31108
1787,210,825.00,492.00,0,31116
1690,205,826.00,493.00,0,31124
1577,201,825.00,509.00,0,31132
1456,198,826.00,509.00,0,31140
1333,195,826.00,509.00,0,31149
1201,193,799.00,509.00,0,31157
1065,190,787.00,509.00,0,31165
936,188,786.00,509.00,0,31173
829,186,826.00,493.00,0,31181
738,183,825.00,475.00,0,31190
634,181,827.00,509.00,0,31198
517,177,826.00,509.00,0,31206
391,174,826.00,509.00,0,31214
253,169,597.00,526.00,0,31222
123,163,413.00,492.00,0,31229
13,157,816.00,475.00,0,31238
-69,149,0.00,442.00,0,31245
-75,141,0.00,391.00,0,31253
-12,133,686.00,342.00,0,31261
75,124,798.00,342.00,0,31268
153,115,227.00,341.00,0,31277
245,106,0.00,324.00,0,31284
345,98,236.00,308.00,0,31292
452,91,317.00,326.00,0,31300
561,85,524.00,308.00,0,31307
676,81,799.00,308.00,0,31315
792,78,808.00,308.00,0,31324
905,77,774.00,325.00,0,31331
1007,76,370.00,325.00,0,31339
1113,76,70.00,325.00,0,31347
1225,78,304.00,308.00,0,31355
1343,80,506.00,309.00,0,31363
1461,84,696.00,325.00,0,31371
1582,88,788.00,308.00,0,31379
1711,92,825.00,307.00,0,31387
1851,96,826.00,308.00,0,31395
1976,100,826.00,325.00,0,31404
2092,103,821.00,325.00,0,31412
2191,106,542.00,325.00,0,31420
2289,110,73.00,307.00,0,31428
2402,112,455.00,308.00,0,31436
2521,116,721.00,325.00,0,31444
2640,118,795.00,308.00,0,31454
2767,122,816.00,308.00,0,31462
2895,124,816.00,308.00,0,31470
3015,126,807.00,308.00,0,31478
3118,129,231.00,341.00,0,31486
3228,132,233.00,308.00,0,31495
3349,134,578.00,325.00,0,31503
3469,136,676.00,325.00,0,31511
3591,139,715.00,325.00,0,31520
3718,142,822.00,307.00,0,31528
3852,144,825.00,308.00,0,31537
3982,146,826.00,325.00,0,31545
4099,148,818.00,325.00,0,31553
4200,150,444.00,325.00,0,31561
4305,150,215.00,308.00,0,31569
4423,151,480.00,325.00,0,31578
4542,152,707.00,341.00,0,31587
4663,154,802.00,325.00,0,31595
4788,155,814.00,308.00,0,31603
4911,156,796.00,325.00,0,31611
5023,158,617.00,341.00,0,31620
5131,161,210.00,325.00,0,31628
5249,164,353.00,324.00,0,31636
5371,168,557.00,309.00,0,31644
5491,172,678.00,308.00,0,31653
5613,176,786.00,308.00,0,31662
5741,181,820.00,308.00,0,31670
5873,186,825.00,308.00,0,31678
5999,189,826.00,308.00,0,31686
6111,192,788.00,341.00,0,31694
6213,194,284.00,325.00,0,31703
6327,196,472.00,325.00,0,31711
6445,197,826.00,325.00,0,31720
6551,198,825.00,324.00,0,31728
6651,200,825.00,324.00,0,31736
6752,200,826.00,341.00,0,31745
6853,202,826.00,341.00,0,31753
6947,203,825.00,358.00,0,31761
7029,204,825.00,358.00,0,31769
7093,205,826.00,358.00,0,31777
7137,206,826.00,391.00,0,31787
7161,208,825.00,391.00,0,31795
7164,209,826.00,423.00,0,31803
7146,210,825.00,425.00,0,31811
7112,211,826.00,443.00,0,31819
7064,212,826.00,442.00,0,31827
7006,212,826.00,442.00,0,31836
6944,212,826.00,456.00,0,31844
6882,211,826.00,459.00,0,31853
6822,208,825.00,442.00,0,31861
6768,206,826.00,442.00,0,31869
6721,204,826.00,443.00,0,31878
6681,201,826.00,442.00,0,31886
6647,199,826.00,425.00,0,31894
6618,198,826.00,442.00,0,31902
6594,198,825.00,425.00,0,31910
6571,198,826.00,425.00,0,31920
6548,198,825.00,425.00,0,31928
6526,200,825.00,425.00,0,31936
6500,200,826.00,442.00,0,31944
6472,202,826.00,442.00,0,31952
6437,202,826.00,442.00,0,31961
6395,203,826.00,442.00,0,31969
6344,203,826.00,442.00,0,31977
6282,203,826.00,458.00,0,31986
6210,200,826.00,475.00,0,31994
6131,197,825.00,475.00,0,32003
6050,193,825.00,475.00,0,32011
5972,189,826.00,475.00,0,32019
5900,183,826.00,459.00,0,32027
5842,179,826.00,442.00,0,32035
5796,175,826.00,442.00,0,32044
5767,172,825.00,409.00,0,32053
5752,171,825.00,408.00,0,32061
5750,169,825.00,392.00,0,32069
5765,169,825.00,392.00,0,32077
5790,170,826.00,374.00,0,32086
5826,173,826.00,375.00,0,32094
5870,175,826.00,375.00,0,32102
5914,177,826.00,392.00,0,32110
5956,180,826.00,408.00,0,32119
5993,181,825.00,391.00,0,32128
6020,183,825.00,391.00,0,32136
6038,183,826.00,392.00,0,32144
6044,183,826.00,409.00,0,32152
6040,182,826.00,409.00,0,32160
6026,180,826.00,409.00,0,32168
6004,178,826.00,425.00,0,32177
5979,177,826.00,442.00,0,32186
5953,175,825.00,426.00,0,32194
5928,174,826.00,425.00,0,32202
5909,174,826.00,425.00,0,32210
5896,173,825.00,408.00,0,32219
5891,173,825.00,409.00,0,32227
5893,173,826.00,409.00,0,32235
5901,174,826.00,409.00,0,32243
5915,175,826.00,409.00,0,32252
5933,176,825.00,391.00,0,32261
5951,177,825.00,391.00,0,32269
5967,177,826.00,391.00,0,32277
5979,177,825.00,391.00,0,32285
5987,177,826.00,392.00,0,32293
5989,177,825.00,408.00,0,32302
5987,176,826.00,409.00,0,32310
5979,175,826.00,425.00,0,32319
5968,174,825.00,425.00,0,32327
5957,173,825.00,408.00,0,32335
5945,173,826.00,408.00,0,32344
5935,173,826.00,409.00,0,32352
5929,173,826.00,425.00,0,32360
5927,173,826.00,409.00,0,32368
5929,174,826.00,409.00,0,32376
5933,175,826.00,408.00,0,32386
5939,175,825.00,408.00,0,32394
5947,176,825.00,392.00,0,32402
5955,177,825.00,409.00,0,32410
5961,177,826.00,409.00,0,32418
5966,177,826.00,409.00,0,32427
5968,177,826.00,409.00,0,32435
5968,177,826.00,409.00,0,32443
5964,177,825.00,409.00,0,32452
5960,175,826.00,408.00,0,32460
5955,175,826.00,408.00,0,32468
5950,175,825.00,409.00,0,32477
5946,175,825.00,409.00,0,32485
5944,175,825.00,409.00,0,32493
5944,175,826.00,408.00,0,32501
5946,175,826.00,409.00,0,32509
5948,175,826.00,408.00,0,32519
5950,177,826.00,408.00,0,32527
5953,177,825.00,408.00,0,32535
5956,177,825.00,409.00,0,32543
5957,177,826.00,409.00,0,32551
5958,178,826.00,409.00,0,32560
5958,178,825.00,409.00,0,32568
5957,178,826.00,409.00,0,32576
5955,178,826.00,408.00,0,32585
5954,177,825.00,425.00,0,32593
5953,176,825.00,425.00,0,32602
5953,176,826.00,409.00,0,32610
5953,176,826.00,409.00,0,32618
5953,176,826.00,409.00,0,32626
5955,176,826.00,409.00,0,32634
5955,176,826.00,408.00,0,32643
5955,176,825.00,409.00,0,32652
5955,176,825.00,408.00,0,32660
5955,177,825.00,409.00,0,32668
5955,178,826.00,409.00,0,32676
5955,178,826.00,409.00,0,32685
5954,178,825.00,409.00,0,32693
5954,178,826.00,409.00,0,32701
5954,178,826.00,409.00,0,32709
5954,178,825.00,408.00,0,32718
5954,177,826.00,408.00,0,32727
5954,177,825.00,408.00,0,32735
5954,177,826.00,409.00,0,32743
5954,177,826.00,409.00,0,32751
5954,177,826.00,408.00,0,32759
5954,177,825.00,409.00,0,32768
5954,177,826.00,409.00,0,32776
5954,177,826.00,408.00,0,32785
5954,177,825.00,408.00,0,32793
5954,177,825.00,409.00,0,32801
5954,178,826.00,409.00,0,32809
5954,178,826.00,409.00,0,32818
5954,179,826.00,409.00,0,32826
5954,179,826.00,409.00,0,32834
5954,179,826.00,409.00,0,32842
5954,179,825.00,409.00,0,32851
5954,179,825.00,408.00,0,32860
5954,179,825.00,408.00,0,32868
5954,179,826.00,409.00,0,32876
5954,179,825.00,409.00,0,32884
5954,179,826.00,408.00,0,32892
5954,179,826.00,409.00,0,32901
5954,179,826.00,409.00,0,32909
5954,179,826.00,409.00,0,32918
5954,179,825.00,408.00,0,32926
5954,179,825.00,409.00,0,32934
5954,179,825.00,409.00,0,32943
5954,179,826.00,408.00,0,32951
5954,180,826.00,409.00,0,32959
5954,180,826.00,409.00,0,32967
5954,180,826.00,409.00,0,32975
5954,180,826.00,409.00,0,32985
5954,180,825.00,408.00,0,32993
5954,180,825.00,409.00,0,33001
5954,180,826.00,409.00,0,33009
5954,180,826.00,409.00,0,33017
5954,180,825.00,409.00,0,33026
5954,180,825.00,408.00,0,33034
5954,179,825.00,408.00,0,33042
5954,179,825.00,409.00,0,33051
5954,179,825.00,409.00,0,33059
5954,179,825.00,409.00,0,33068
5954,179,826.00,408.00,0,33076
5954,179,826.00,409.00,0,33084
5954,179,826.00,408.00,0,33092
5954,179,826.00,409.00,0,33100
5954,179,826.00,409.00,0,331