408.00,0,70220
-16,17,826.00,408.00,0,70227
-16,17,826.00,409.00,0,70236
-16,17,826.00,408.00,0,70244
-16,17,825.00,408.00,0,70251
-16,17,826.00,408.00,0,70259
-16,17,825.00,408.00,0,70266
-16,17,826.00,408.00,0,70275
-16,17,825.00,408.00,0,70283
-16,17,825.00,408.00,0,70290
-16,17,826.00,408.00,0,70298
-16,17,825.00,408.00,0,70305
-16,17,825.00,408.00,0,70313
-16,17,825.00,409.00,0,70322
-16,17,825.00,408.00,0,70329
-16,17,826.00,408.00,0,70337
-16,17,825.00,408.00,0,70345
-16,17,825.00,408.00,0,70352
-16,17,825.00,408.00,0,70361
-16,17,825.00,408.00,0,70368
-16,17,826.00,408.00,0,70376
-16,17,826.00,408.00,0,70384
-16,17,825.00,409.00,0,70391
-16,17,826.00,408.00,0,70400
-16,17,825.00,409.00,0,70408
-16,17,825.00,408.00,0,70415
-16,17,825.00,409.00,0,70423
-16,17,826.00,408.00,0,70430
-16,17,826.00,408.00,0,70438
-16,17,825.00,408.00,0,70447
-16,17,825.00,408.00,0,70454
-16,17,825.00,408.00,0,70462
-16,17,826.00,408.00,0,70469
-16,17,826.00,408.00,0,70477
-16,17,826.00,408.00,0,70486
-16,17,825.00,409.00,0,70493
-16,17,826.00,408.00,0,70501
-16,17,826.00,408.00,0,70509
-16,17,825.00,408.00,0,70516
-16,17,825.00,408.00,0,70524
-16,17,826.00,408.00,0,70532
-16,17,825.00,408.00,0,70540
-16,17,826.00,408.00,0,70548
-16,17,825.00,408.00,0,70555
-16,17,825.00,408.00,0,70563
-16,17,826.00,408.00,0,70571
-16,17,825.00,408.00,0,70579
-16,17,825.00,408.00,0,70587
-16,17,826.00,408.00,0,70594
-16,17,825.00,408.00,0,70602
-16,17,826.00,408.00,0,70610
-16,17,825.00,408.00,0,70618
-16,17,825.00,408.00,0,70626
-16,17,826.00,408.00,0,70633
-16,17,826.00,408.00,0,70641
-16,17,826.00,408.00,0,70649
-16,17,825.00,408.00,0,70657
-16,17,826.00,408.00,0,70665
-16,17,826.00,408.00,0,70673
-16,17,825.00,408.00,0,70680
-16,17,826.00,408.00,0,70688
-16,17,825.00,408.00,0,70695
-16,17,825.00,408.00,0,70704
-16,17,826.00,408.00,0,70712
-16,17,825.00,409.00,0,70719
-16,17,826.00,408.00,0,70727
-16,17,825.00,408.00,0,70734
-16,17,825.00,408.00,0,70743
-16,17,825.00,409.00,0,70751
-16,17,825.00,408.00,0,70758
-16,17,825.00,408.00,0,70766
-16,17,825.00,408.00,0,70774
-16,17,825.00,408.00,0,70781
-16,17,826.00,408.00,0,70790
-16,17,825.00,408.00,0,70797
-16,17,825.00,408.00,0,70805
-16,17,826.00,409.00,0,70813
-16,17,825.00,408.00,0,70820
-16,17,825.00,408.00,0,70829
-16,17,825.00,409.00,0,70836
-16,17,826.00,408.00,0,70844
-16,17,825.00,409.00,0,70852
-16,17,826.00,408.00,0,70859
-16,17,826.00,409.00,0,70867
-16,17,826.00,408.00,0,70876
-16,17,825.00,408.00,0,70883
-16,17,826.00,408.00,0,70891
-16,17,826.00,408.00,0,70898
-16,17,826.00,408.00,0,70906
-16,17,826.00,408.00,0,70915
-16,17,825.00,409.00,0,70922
-16,17,826.00,408.00,0,70930
-16,17,825.00,409.00,0,70937
-16,17,825.00,408.00,0,70945
-16,17,826.00,408.00,0,70953
-16,17,825.00,408.00,0,70961
-16,17,825.00,408.00,0,70969
-16,17,826.00,408.00,0,70977
-16,17,825.00,408.00,0,70984
-16,17,826.00,408.00,0,70992
-16,17,825.00,409.00,0,71000
-16,17,825.00,408.00,0,71008
-16,17,826.00,408.00,0,71016
-16,17,825.00,408.00,0,71023
-16,17,825.00,408.00,0,71031
-16,17,825.00,408.00,0,71040
-16,17,825.00,408.00,0,71047
-16,17,826.00,408.00,0,71055
-16,17,825.00,408.00,0,71062
-16,17,826.00,408.00,0,71070
-16,17,826.00,408.00,0,71078
-16,17,825.00,408.00,0,71086
-16,17,825.00,409.00,0,71094
-16,17,826.00,408.00,0,71101
-16,17,825.00,408.00,0,71109
-16,17,826.00,408.00,0,71117
-16,17,825.00,408.00,0,71124
-16,17,826.00,409.00,0,71133
-16,17,825.00,408.00,0,71141
-16,17,825.00,408.00,0,71148
-16,17,826.00,408.00,0,71156
-16,17,825.00,408.00,0,71163
-16,17,826.00,408.00,0,71172
-16,17,825.00,409.00,0,71180
-16,17,825.00,408.00,0,71187
-16,17,826.00,408.00,0,71195
-16,17,825.00,408.00,0,71202
-16,17,825.00,408.00,0,71211
-16,17,825.00,408.00,0,71219
-16,17,825.00,408.00,0,71226
-16,17,826.00,408.00,0,71234
-16,17,825.00,408.00,0,71242
-16,17,825.00,408.00,0,71249
-16,17,826.00,408.00,0,71258
-16,17,825.00,409.00,0,71265
-16,17,826.00,408.00,0,71273
-16,17,826.00,408.00,0,71281
-16,17,825.00,408.00,0,71288
-16,17,825.00,408.00,0,71297
-16,17,825.00,408.00,0,71304
-16,17,825.00,408.00,0,71312
-16,17,825.00,408.00,0,71320
-16,17,825.00,409.00,0,71327
-16,17,826.00,408.00,0,71335
-16,17,826.00,408.00,0,71344
-16,17,825.00,409.00,0,71351
-16,17,826.00,408.00,0,71359
-16,17,825.00,408.00,0,71366
-16,17,825.00,408.00,0,71374
-16,17,825.00,408.00,0,71383
-16,17,825.00,408.00,0,71390
-16,17,826.00,408.00,0,71398
-16,17,825.00,408.00,0,71406
-16,17,826.00,408.00,0,71413
-16,17,825.00,408.00,0,71421
-16,17,826.00,408.00,0,71429
-16,17,825.00,409.00,0,71437
-16,17,826.00,408.00,0,71445
-16,17,825.00,408.00,0,71452
-16,17,826.00,408.00,0,71460
-16,17,826.00,408.00,0,71468
-16,17,825.00,409.00,0,71476
-16,17,825.00,408.00,0,71484
-16,17,825.00,408.00,0,71491
-16,17,826.00,408.00,0,71499
-16,17,825.00,408.00,0,71507
-16,17,825.00,408.00,0,71515
-16,17,826.00,409.00,0,71523
-16,17,825.00,408.00,0,71530
-16,17,826.00,408.00,0,71538
-16,17,826.00,408.00,0,71546
-16,17,825.00,408.00,0,71554
-16,17,825.00,408.00,0,71562
-16,17,826.00,408.00,0,71569
-16,17,825.00,408.00,0,71577
-16,17,826.00,408.00,0,71585
-16,17,826.00,408.00,0,71592
-16,17,826.00,408.00,0,71601
-16,17,826.00,409.00,0,71609
-16,17,825.00,408.00,0,71616
-16,17,826.00,409.00,0,71624
-16,17,825.00,408.00,0,71631
-16,17,825.00,408.00,0,71640
-16,17,826.00,408.00,0,71648
-16,17,825.00,408.00,0,71655
-16,17,825.00,408.00,0,71663
-16,17,826.00,408.00,0,71671
-16,17,825.00,409.00,0,71678
-16,17,826.00,408.00,0,71687
-16,17,825.00,408.00,0,71694
-16,17,826.00,409.00,0,71702
-16,17,826.00,408.00,0,71710
-16,17,825.00,408.00,0,71717
-16,17,826.00,409.00,0,71726
-16,17,825.00,408.00,0,71733
-16,17,825.00,408.00,0,71741
-16,17,825.00,408.00,0,71749
-16,17,826.00,408.00,0,71756
-16,17,825.00,408.00,0,71764
-16,17,826.00,408.00,0,71773
-16,17,825.00,408.00,0,71780
-16,17,826.00,408.00,0,71788
-16,17,826.00,408.00,0,71795
-16,17,826.00,408.00,0,71803
-16,17,826.00,408.00,0,71812
-16,17,825.00,408.00,0,71819
-16,17,825.00,408.00,0,71827
-16,17,825.00,408.00,0,71834
-16,17,825.00,408.00,0,71842
-16,17,826.00,408.00,0,71851
-16,17,825.00,408.00,0,71858
-16,17,826.00,408.00,0,71866
-16,17,826.00,408.00,0,71874
-16,17,825.00,408.00,0,71881
-16,17,825.00,408.00,0,71889
-16,17,825.00,408.00,0,71897
-16,17,826.00,408.00,0,71905
-16,17,826.00,408.00,0,71913
-16,17,825.00,408.00,0,71920
-16,17,826.00,408.00,0,71928
-16,17,825.00,408.00,0,71936
-16,17,825.00,408.00,0,71944
-16,17,825.00,409.00,0,71952
-16,17,825.00,408.00,0,71959
-16,17,825.00,408.00,0,71967
-16,17,825.00,408.00,0,71975
-16,17,825.00,408.00,0,71983
-16,17,825.00,408.00,0,71991
-16,17,825.00,408.00,0,71998
-16,17,826.00,408.00,0,72006
-16,17,826.00,408.00,0,72014
-16,17,825.00,408.00,0,72022
-16,17,826.00,408.00,0,72030
-16,17,825.00,409.00,0,72038
-16,17,826.00,408.00,0,72045
-16,17,826.00,408.00,0,72053
-16,17,825.00,408.00,0,72060
-16,17,826.00,408.00,0,72069
-16,17,825.00,408.00,0,72077
-16,17,825.00,408.00,0,72084
-16,17,825.00,408.00,0,72092
-16,17,825.00,408.00,0,72099
-16,17,825.00,408.00,0,72108
-16,17,826.00,408.00,0,72116
-16,17,825.00,409.00,0,72123
-16,17,826.00,408.00,0,72131
-16,17,825.00,408.00,0,72139
-16,17,825.00,408.00,0,72146
-16,17,825.00,408.00,0,72155
-16,17,825.00,408.00,0,72162
-16,17,825.00,408.00,0,72170
-16,17,826.00,408.00,0,72178
-16,17,825.00,408.00,0,72185
-16,17,826.00,408.00,0,72194
-16,17,826.00,408.00,0,72201
-16,17,825.00,409.00,0,72209
-16,17,826.00,408.00,0,72217
-16,17,825.00,408.00,0,72224
-16,17,825.00,408.00,0,72232
-16,17,825.00,408.00,0,72241
-16,17,825.00,408.00,0,72248
-16,17,826.00,408.00,0,72256
-16,17,825.00,408.00,0,72263
-16,17,826.00,408.00,0,72271
-16,17,825.00,408.00,0,72280
-16,17,825.00,408.00,0,72287
-16,17,826.00,409.00,0,72295
-16,17,826.00,408.00,0,72302
-16,17,825.00,408.00,0,72310
-16,17,825.00,408.00,0,72318
-16,17,826.00,408.00,0,72326
-16,17,826.00,408.00,0,72334
-16,17,825.00,408.00,0,72342
-16,17,825.00,408.00,0,72349
-16,17,825.00,408.00,0,72357
-16,17,825.00,409.00,0,72365
-16,17,826.00,408.00,0,72373
-16,17,825.00,409.00,0,72381
-16,17,825.00,408.00,0,72388
-16,17,825.00,408.00,0,72396
-16,17,825.00,408.00,0,72404
-16,17,825.00,408.00,0,72412
-16,17,825.00,408.00,0,72420
-16,17,826.00,408.00,0,72427
-16,17,825.00,408.00,0,72435
-16,17,826.00,408.00,0,72443
-16,17,825.00,408.00,0,72451
-16,17,826.00,408.00,0,72459
-16,17,826.00,408.00,0,72466
-16,17,826.00,408.00,0,72474
-16,17,825.00,408.00,0,72482
-16,17,825.00,408.00,0,72489
-16,17,825.00,408.00,0,72498
-16,17,826.00,408.00,0,72506
-16,17,825.00,408.00,0,72513
-16,17,825.00,408.00,0,72521
-16,17,826.00,408.00,0,72528
-16,17,825.00,408.00,0,72537
-16,17,825.00,408.00,0,72545
-16,17,825.00,409.00,0,72552
-16,17,826.00,408.00,0,72560
-16,17,825.00,408.00,0,72567
-16,17,825.00,408.00,0,72576
-16,17,826.00,408.00,0,72584
-16,17,826.00,408.00,0,72591
-16,17,825.00,408.00,0,72599
-16,17,825.00,408.00,0,72607
-16,17,825.00,408.00,0,72614
-16,17,825.00,408.00,0,72623
-16,17,826.00,408.00,0,72630
-16,17,825.00,408.00,0,72638
-16,17,826.00,408.00,0,72646
-16,17,825.00,408.00,0,72653
-16,17,826.00,408.00,0,72662
-16,17,825.00,408.00,0,72670
-16,17,825.00,408.00,0,72677
-16,17,826.00,408.00,0,72685
-16,17,826.00,408.00,0,72692
-16,17,826.00,408.00,0,72700
-16,17,826.00,409.00,0,72709
-16,17,825.00,408.00,0,72716
-16,17,825.00,409.00,0,72724
-16,17,825.00,408.00,0,72731
-16,17,825.00,408.00,0,72739
-16,17,825.00,408.00,0,72748
-16,17,825.00,408.00,0,72755
-16,17,825.00,408.00,0,72763
-16,17,825.00,408.00,0,72771
-16,17,825.00,408.00,0,72778
-16,17,826.00,408.00,0,72786
-16,17,826.00,408.00,0,72794
-16,17,826.00,408.00,0,72802
-16,17,826.00,408.00,0,72810
-16,17,825.00,408.00,0,72817
-16,17,825.00,408.00,0,72825
-16,17,825.00,408.00,0,72833
-16,17,825.00,408.00,0,72841
-16,17,825.00,408.00,0,72849
-16,17,826.00,408.00,0,72856
-16,17,825.00,408.00,0,72864
-16,17,825.00,408.00,0,72872
-16,17,825.00,408.00,0,72880
-16,17,826.00,408.00,0,72888
-16,17,825.00,409.00,0,72895
-16,17,826.00,408.00,0,72903
-16,17,825.00,408.00,0,72911
-16,17,825.00,408.00,0,72919
-16,17,825.00,408.00,0,72927
-16,17,825.00,408.00,0,72934
-16,17,825.00,408.00,0,72942
-16,17,825.00,408.00,0,72950
-16,17,825.00,409.00,0,72957
-16,17,826.00,408.00,0,72966
-16,17,826.00,408.00,0,72974
-16,17,825.00,408.00,0,72981
-16,17,825.00,408.00,0,72989
-16,17,825.00,408.00,0,72996
-16,17,825.00,408.00,0,73005
-16,17,825.00,408.00,0,73013
-16,17,825.00,408.00,0,73020
-16,17,825.00,408.00,0,73028
-16,17,825.00,408.00,0,73036
-16,17,825.00,407.00,0,73043
-16,17,825.00,408.00,0,73052
-16,17,825.00,408.00,0,73059
-16,17,825.00,408.00,0,73067
-16,17,826.00,408.00,0,73075
-16,17,825.00,408.00,0,73082
-16,17,826.00,408.00,0,73091
-16,17,825.00,408.00,0,73098
-16,17,825.00,408.00,0,73106
-16,17,825.00,408.00,0,73114
-16,17,825.00,408.00,0,73121
-16,17,826.00,408.00,0,73129
-16,17,825.00,408.00,0,73138
-16,17,825.00,407.00,0,73145
-16,17,825.00,408.00,0,73153
-16,17,826.00,408.00,0,73160
-16,17,826.00,408.00,0,73168
-16,17,825.00,408.00,0,73177
-16,17,825.00,408.00,0,73184
-16,17,826.00,408.00,0,73192
-16,17,825.00,408.00,0,73199
-16,17,825.00,407.00,0,73207
-16,17,826.00,408.00,0,73216
-16,17,825.00,408.00,0,73223
-16,17,826.00,408.00,0,73231
-16,17,825.00,408.00,0,73239
-16,17,825.00,407.00,0,73246
-16,17,825.00,408.00,0,73254
-16,17,825.00,408.00,0,73262
-16,17,825.00,408.00,0,73270
-16,17,825.00,408.00,0,73278
-16,17,824.00,408.00,0,73285
-16,17,826.00,408.00,0,73293
-16,17,825.00,408.00,0,73300
-16,17,825.00,408.00,0,73309
-16,17,825.00,408.00,0,73317
-16,17,825.00,408.00,0,73324
-16,17,826.00,408.00,0,73332
-16,17,825.00,408.00,0,73340
-16,17,825.00,408.00,0,73348
-16,17,825.00,408.00,0,73356
-16,17,825.00,408.00,0,73363
-16,17,825.00,408.00,0,73371
-16,17,825.00,408.00,0,73379
-16,17,825.00,408.00,0,73387
-16,17,826.00,408.00,0,73395
-16,17,825.00,408.00,0,73403
-16,17,825.00,408.00,0,73410
-16,17,825.00,408.00,0,73418
-16,17,825.00,408.00,0,73425
-16,17,826.00,408.00,0,73434
-16,17,826.00,408.00,0,73442
-16,17,825.00,408.00,0,73449
-16,17,826.00,408.00,0,73457
-16,17,825.00,408.00,0,73464
-16,17,826.00,408.00,0,73473
-16,17,825.00,408.00,0,73481
-16,17,825.00,408.00,0,73488
-16,17,826.00,408.00,0,73496
-16,17,826.00,408.00,0,73504
-16,17,825.00,407.00,0,73511
-16,17,825.00,408.00,0,73520
-16,17,826.00,408.00,0,73527
-16,17,825.00,408.00,0,73535
-16,17,826.00,408.00,0,73543
-16,17,825.00,408.00,0,73550
-16,17,825.00,408.00,0,73559
-16,17,825.00,408.00,0,73566
-16,17,826.00,408.00,0,73574
-16,17,825.00,408.00,0,73582
-16,17,825.00,408.00,0,73589
-16,17,825.00,408.00,0,73597
-16,17,825.00,408.00,0,73606
-16,17,825.00,408.00,0,73613
-16,17,825.00,408.00,0,73621
-16,17,826.00,408.00,0,73628
-16,17,825.00,407.00,0,73636
-16,17,825.00,408.00,0,73645
-16,17,826.00,408.00,0,73652
-16,17,825.00,408.00,0,73660
-16,17,826.00,408.00,0,73668
-16,17,826.00,408.00,0,73675
-16,17,826.00,408.00,0,73683
-16,17,826.00,408.00,0,73691
-16,17,825.00,408.00,0,73699
-16,17,826.00,408.00,0,73707
-16,17,825.00,408.00,0,73714
-16,17,825.00,408.00,0,73722
-16,17,826.00,408.00,0,73730
-16,17,825.00,408.00,0,73738
-16,17,826.00,408.00,0,73746
-16,17,825.00,408.00,0,73753
-16,17,825.00,408.00,0,73761
-16,17,825.00,408.00,0,73769
-16,17,825.00,408.00,0,73777
-16,17,825.00,408.00,0,73785
-16,17,825.00,408.00,0,73792
-16,17,826.00,408.00,0,73800
-16,17,825.00,408.00,0,73808
-16,17,825.00,408.00,0,73816
-16,17,825.00,408.00,0,73824
-16,17,826.00,408.00,0,73831
-16,17,825.00,408.00,0,73839
-16,17,826.00,408.00,0,73847
-16,17,825.00,408.00,0,73854
-16,17,825.00,408.00,0,73863
-16,17,825.00,408.00,0,73871
-16,17,825.00,408.00,0,73878
-16,17,825.00,408.00,0,73886
-16,17,825.00,408.00,0,73893
-16,17,825.00,408.00,0,73902
-16,17,825.00,408.00,0,73910
-16,17,825.00,408.00,0,73917
-16,17,825.00,408.00,0,73925
-16,17,826.00,408.00,0,73932
-16,17,825.00,408.00,0,73940
-16,17,825.00,408.00,0,73949
-16,17,825.00,408.00,0,73956
-16,17,825.00,408.00,0,73964
-16,17,825.00,408.00,0,73972
-16,17,825.00,408.00,0,73979
-16,17,826.00,408.00,0,73988
-16,17,825.00,408.00,0,73995
-16,17,826.00,408.00,0,74003
-16,17,825.00,409.00,0,74011
-16,17,825.00,408.00,0,74018
-16,17,825.00,408.00,0,74027
-16,17,825.00,408.00,0,74035
-16,17,824.00,408.00,0,74042
14,17,0.00,357.00,0,74049
81,17,826.00,341.00,0,74056
150,17,536.00,357.00,0,74064
227,17,499.00,358.00,0,74073
318,17,557.00,323.00,0,74080
416,19,680.00,324.00,0,74088
520,20,743.00,341.00,0,74095
626,21,675.00,324.00,0,74103
737,21,807.00,324.00,0,74112
850,20,815.00,324.00,0,74119
964,18,794.00,307.00,0,74127
1076,16,805.00,307.00,0,74135
1185,16,748.00,341.00,0,74143
1294,18,472.00,324.00,0,74151
1410,21,728.00,325.00,0,74159
1525,24,786.00,324.00,0,74167
1640,25,728.00,307.00,0,74175
1758,25,804.00,307.00,0,74183
1879,23,812.00,307.00,0,74191
1999,19,812.00,324.00,0,74200
2115,17,807.00,308.00,0,74208
2224,17,759.00,324.00,0,74215
2334,19,561.00,325.00,0,74223
2448,23,685.00,325.00,0,74231
2564,27,797.00,307.00,0,74240
2680,29,798.00,324.00,0,74248
2798,29,803.00,324.00,0,74256
2918,26,802.00,308.00,0,74264
3036,23,812.00,307.00,0,74272
3148,20,803.00,324.00,0,74279
3258,20,657.00,324.00,0,74288
3370,22,685.00,325.00,0,74296
3484,26,683.00,325.00,0,74304
3600,30,757.00,308.00,0,74312
3717,32,802.00,307.00,0,74320
3836,32,805.00,308.00,0,74329
3954,28,793.00,308.00,0,74337
4072,26,805.00,307.00,0,74344
4182,24,797.00,324.00,0,74352
4292,24,505.00,341.00,0,74360
4407,27,719.00,308.00,0,74369
4522,31,796.00,308.00,0,74377
4638,33,749.00,307.00,0,74385
4755,34,801.00,307.00,0,74393
4874,33,813.00,341.00,0,74401
4993,30,802.00,307.00,0,74408
5106,28,782.00,324.00,0,74417
5217,28,726.00,325.00,0,74425
5328,30,616.00,307.00,0,74433
5444,33,686.00,307.00,0,74441
5560,36,798.00,326.00,0,74449
5676,38,793.00,325.00,0,74458
5794,38,800.00,324.00,0,74465
5913,36,801.00,307.00,0,74473
6031,33,809.00,324.00,0,74481
6144,32,787.00,324.00,0,74489
6254,32,634.00,324.00,0,74498
6367,34,703.00,307.00,0,74506
6482,38,706.00,307.00,0,74514
6598,40,747.00,324.00,0,74522
6714,42,802.00,307.00,0,74529
6834,42,810.00,324.00,0,74537
6952,40,789.00,307.00,0,74546
7068,38,802.00,308.00,0,74554
7179,37,746.00,307.00,0,74562
7288,37,509.00,307.00,0,74570
7404,41,741.00,324.00,0,74578
7520,44,776.00,324.00,0,74587
7634,47,618.00,308.00,0,74594
7752,47,801.00,308.00,0,74602
7872,46,811.00,324.00,0,74610
7991,44,803.00,308.00,0,74618
8106,42,800.00,324.00,0,74627
8216,42,759.00,324.00,0,74635
8328,44,607.00,324.00,0,74643
8442,46,692.00,324.00,0,74651
8557,50,791.00,324.00,0,74658
8673,52,790.00,325.00,0,74667
8791,52,802.00,324.00,0,74675
8910,51,804.00,324.00,0,74683
9028,48,805.00,307.00,0,74691
9140,47,757.00,323.00,0,74699
9250,47,643.00,324.00,0,74707
9364,50,699.00,307.00,0,74715
9480,53,700.00,340.00,0,74723
9595,56,750.00,307.00,0,74731
9711,57,804.00,307.00,0,74739
9830,57,807.00,307.00,0,74747
9950,55,791.00,324.00,0,74756
10066,53,805.00,307.00,0,74764
10182,52,801.00,324.00,0,74772
10296,52,535.00,317.00,0,74780
10413,55,748.00,324.00,0,74788
10533,58,779.00,308.00,0,74797
10652,60,721.00,324.00,0,74806
10772,61,800.00,307.00,0,74814
10896,61,805.00,331.00,0,74822
11016,59,805.00,308.00,0,74830
11133,57,743.00,324.00,0,74839
11247,57,665.00,307.00,0,74847
11366,59,713.00,324.00,0,74855
11484,63,684.00,324.00,0,74863
11603,65,738.00,341.00,0,74872
11724,67,803.00,307.00,0,74881
11846,67,807.00,307.00,0,74889
11969,65,789.00,308.00,0,74897
12088,63,804.00,312.00,0,74905
12204,63,798.00,324.00,0,74913
12319,64,632.00,325.00,0,74921
12436,66,686.00,324.00,0,74930
12556,70,775.00,307.00,0,74939
12674,72,779.00,308.00,0,74947
12796,72,780.00,308.00,0,74955
12918,71,799.00,324.00,0,74963
13038,69,806.00,324.00,0,74972
13154,69,704.00,307.00,0,74980
13269,69,647.00,325.00,0,74988
13388,72,752.00,324.00,0,74996
13507,75,750.00,308.00,0,75005
13626,78,671.00,341.00,0,75014
13747,78,803.00,324.00,0,75022
13870,78,807.00,324.00,0,75030
13992,76,798.00,324.00,0,75038
14110,74,793.00,307.00,0,75046
14226,74,782.00,324.00,0,75055
14342,75,664.00,307.00,0,75063
14460,78,654.00,341.00,0,75072
14578,81,761.00,324.00,0,75080
14698,83,801.00,325.00,0,75088
14820,83,802.00,307.00,0,75097
14942,83,786.00,307.00,0,75105
15060,81,803.00,325.00,0,75113
15176,81,734.00,324.00,0,75121
15292,81,569.00,325.00,0,75129
15411,84,744.00,324.00,0,75139
15530,87,757.00,307.00,0,75147
15649,89,717.00,319.00,0,75155
15770,89,804.00,325.00,0,75163
15893,89,806.00,325.00,0,75171
16014,87,802.00,324.00,0,75180
16131,86,740.00,308.00,0,75188
16246,86,727.00,324.00,0,75196
16364,88,734.00,307.00,0,75205
16483,90,669.00,307.00,0,75213
16601,93,731.00,325.00,0,75222
16722,94,803.00,325.00,0,75230
16844,94,803.00,308.00,0,75238
16964,92,779.00,307.00,0,75246
17082,92,792.00,340.00,0,75254
17198,92,738.00,308.00,0,75262
17316,93,651.00,308.00,0,75272
17434,96,711.00,325.00,0,75280
17554,99,768.00,324.00,0,75288
17672,101,769.00,308.00,0,75296
17798,101,770.00,323.00,0,75305
17924,100,794.00,324.00,0,75314
18047,99,801.00,308.00,0,75322
18163,99,762.00,308.00,0,75330
18280,99,621.00,307.00,0,75338
18398,101,748.00,307.00,0,75347
18520,105,762.00,341.00,0,75356
18642,107,686.00,307.00,0,75365
18768,107,802.00,308.00,0,75373
18893,107,802.00,324.00,0,75381
19016,106,801.00,325.00,0,75390
19136,106,656.00,307.00,0,75399
19257,106,703.00,325.00,0,75407
19380,108,760.00,325.00,0,75416
19502,112,709.00,325.00,0,75424
19624,114,639.00,324.00,0,75433
19749,115,802.00,324.00,0,75442
19876,115,804.00,325.00,0,75450
19999,115,797.00,325.00,0,75459
20120,114,706.00,325.00,0,75467
20240,114,743.00,324.00,0,75475
20362,115,750.00,307.00,0,75485
20484,118,680.00,325.00,0,75493
20606,120,680.00,308.00,0,75502
20731,122,801.00,324.00,0,75510
20856,122,799.00,325.00,0,75518
20980,122,787.00,341.00,0,75528
21100,121,700.00,324.00,0,75536
21221,121,752.00,325.00,0,75544
21343,123,719.00,308.00,0,75553
21466,125,632.00,325.00,0,75561
21588,128,720.00,308.00,0,75571
21712,129,798.00,324.00,0,75579
21838,129,801.00,308.00,0,75587
21963,129,767.00,308.00,0,75596
22084,127,780.00,325.00,0,75604
22204,127,778.00,325.00,0,75613
22326,127,684.00,307.00,0,75622
22448,130,665.00,308.00,0,75630
22570,133,736.00,307.00,0,75639
22694,135,789.00,307.00,0,75648
22819,135,802.00,308.00,0,75656
22944,135,767.00,324.00,0,75665
23064,134,765.00,326.00,0,75673
23184,134,744.00,325.00,0,75682
23307,135,561.00,307.00,0,75691
23430,138,724.00,325.00,0,75699
23552,140,746.00,307.00,0,75708
23675,142,760.00,308.00,0,75716
23800,144,742.00,307.00,0,75724
23926,144,796.00,325.00,0,75734
24048,144,798.00,307.00,0,75742
24168,144,727.00,325.00,0,75751
24288,144,648.00,307.00,0,75759
24412,147,748.00,306.00,0,75767
24534,150,745.00,325.00,0,75777
24656,152,700.00,324.00,0,75785
24782,153,784.00,307.00,0,75793
24906,153,800.00,308.00,0,75802
25028,153,782.00,325.00,0,75810
25148,153,640.00,325.00,0,75820
25270,154,703.00,341.00,0,75828
25393,156,773.00,325.00,0,75836
25515,159,734.00,308.00,0,75845
25638,162,696.00,317.00,0,75853
25763,162,803.00,308.00,0,75862
25888,162,803.00,324.00,0,75871
26011,162,795.00,324.00,0,75879
26131,161,675.00,325.00,0,75888
26253,161,743.00,324.00,0,75896
26376,163,775.00,308.00,0,75905
26497,165,705.00,325.00,0,75914
26620,168,636.00,324.00,0,75922
26744,169,807.00,324.00,0,75931
26870,170,803.00,325.00,0,75939
26992,170,740.00,325.00,0,75948
27112,170,632.00,324.00,0,75957
27234,170,757.00,324.00,0,75965
27356,172,764.00,307.00,0,75973
27479,175,648.00,341.00,0,75982
27601,177,697.00,325.00,0,75991
27725,179,802.00,308.00,0,76000
27850,180,805.00,307.00,0,76008
27974,180,751.00,307.00,0,76016
28095,180,711.00,324.00,0,76025
28216,180,767.00,307.00,0,76034
28340,182,729.00,324.00,0,76042
28462,184,611.00,324.00,0,76051
28584,186,721.00,325.00,0,76059
28708,188,800.00,325.00,0,76068
28832,190,805.00,341.00,0,76077
28955,190,755.00,325.00,0,76085
29076,190,738.00,324.00,0,76094
29198,190,743.00,325.00,0,76102
29320,191,689.00,308.00,0,76110
29443,194,659.00,308.00,0,76120
29566,197,753.00,325.00,0,76128
29688,199,793.00,311.00,0,76137
29814,200,788.00,308.00,0,76145
29937,200,782.00,316.00,0,76153
30058,200,779.00,325.00,0,76163
30180,200,724.00,324.00,0,76171
30302,200,595.00,308.00,0,76180
30426,202,711.00,324.00,0,76188
30548,206,745.00,309.00,0,76196
30670,208,737.00,307.00,0,76206
30795,209,746.00,313.00,0,76214
30919,210,783.00,309.00,0,76222
31040,210,754.00,307.00,0,76231
31161,210,672.00,308.00,0,76239
31284,210,653.00,308.00,0,76249
31406,213,744.00,308.00,0,76257
31530,216,743.00,324.00,0,76265
31652,218,686.00,311.00,0,76274
31776,220,766.00,307.00,0,76282
31901,220,800.00,324.00,0,76291
32022,220,776.00,313.00,0,76300
32142,220,677.00,323.00,0,76308
32266,220,719.00,325.00,0,76317
32390,222,775.00,311.00,0,76325
32510,225,695.00,308.00,0,76334
32633,228,555.00,307.00,0,76343
32758,230,798.00,324.00,0,76351
32882,230,799.00,324.00,0,76359
33004,230,723.00,307.00,0,76368
33124,230,598.00,341.00,0,76377
33247,231,756.00,324.00,0,76386
33370,233,762.00,324.00,0,76394
33492,236,661.00,308.00,0,76402
33615,239,633.00,325.00,0,76411
33740,241,803.00,325.00,0,76420
33864,242,803.00,325.00,0,76428
33986,242,711.00,307.00,0,76437
34108,242,658.00,325.00,0,76445
34230,242,775.00,325.00,0,76454
34352,243,765.00,307.00,0,76463
34474,246,624.00,324.00,0,76471
34596,248,676.00,307.00,0,76480
34721,250,798.00,307.00,0,76488
34846,252,799.00,308.00,0,76497
34968,252,647.00,308.00,0,76506
35089,252,694.00,324.00,0,76514
35211,252,763.00,308.00,0,76523
35334,254,732.00,325.00,0,76531
35456,256,611.00,324.00,0,76539
35578,260,731.00,324.00,0,76549
35702,262,797.00,309.00,0,76557
35828,263,797.00,308.00,0,76566
35950,264,708.00,323.00,0,76574
36071,264,726.00,308.00,0,76582
36194,264,754.00,309.00,0,76592
36316,264,698.00,324.00,0,76600
36438,267,683.00,341.00,0,76608
36560,270,743.00,307.00,0,76617
36683,272,779.00,324.00,0,76625
36808,274,759.00,307.00,0,76635
36932,274,749.00,325.00,0,76643
37052,274,736.00,307.00,0,76651
37174,275,720.00,308.00,0,76660
37297,276,597.00,325.00,0,76668
37420,278,710.00,308.00,0,76677
37542,282,752.00,341.00,0,76686
37665,284,717.00,325.00,0,76694
37790,286,731.00,308.00,0,76703
37914,286,784.00,307.00,0,76711
38036,286,763.00,325.00,0,76720
38156,286,685.00,324.00,0,76729
38280,288,681.00,308.00,0,76737
38403,290,750.00,307.00,0,76746
38524,292,698.00,307.00,0,76754
38646,294,667.00,325.00,0,76763
38772,296,785.00,325.00,0,76772
38896,298,797.00,325.00,0,76780
39016,298,735.00,308.00,0,76788
39138,298,642.00,324.00,0,76797
39261,300,716.00,307.00,0,76806
39384,301,735.00,308.00,0,76815
39506,304,682.00,308.00,0,76823
39628,306,587.00,324.00,0,76831
39753,308,796.00,324.00,0,76840
39877,310,801.00,325.00,0,76849
39999,310,750.00,342.00,0,76857
40120,310,628.00,324.00,0,76866
40244,310,771.00,325.00,0,76874
40366,312,761.00,308.00,0,76883
40488,314,646.00,324.00,0,76892
40610,318,614.00,324.00,0,76900
40734,320,792.00,308.00,0,76909
40858,321,796.00,325.00,0,76917
40980,322,647.00,308.00,0,76925
41101,322,666.00,325.00,0,76935
41224,322,770.00,307.00,0,76943
41348,324,737.00,307.00,0,76952
41470,327,587.00,308.00,0,76960
41592,330,680.00,308.00,0,76968
41716,332,792.00,325.00,0,76978
41840,334,797.00,324.00,0,76986
41963,334,661.00,325.00,0,76994
42084,334,732.00,326.00,0,77003
42206,335,793.00,324.00,0,77011
42330,336,732.00,308.00,0,77021
42452,338,713.00,325.00,0,77029
42574,341,701.00,325.00,0,77037
42698,343,783.00,324.00,0,77046
42822,345,769.00,308.00,0,77054
42944,346,667.00,308.00,0,77064
43066,346,726.00,325.00,0,77072
43188,347,761.00,324.00,0,77080
43311,348,547.00,325.00,0,77089
43433,350,682.00,323.00,0,77097
43556,354,734.00,307.00,0,77106
43679,356,752.00,324.00,0,77115
43804,358,681.00,324.00,0,77123
43927,359,738.00,308.00,0,77132
44048,360,731.00,324.00,0,77140
44170,360,722.00,309.00,0,77149
44293,360,641.00,325.00,0,77158
44416,362,729.00,325.00,0,77166
44538,365,715.00,308.00,0,77174
44660,368,683.00,307.00,0,77184
44786,369,728.00,308.00,0,77192
44908,370,775.00,324.00,0,77201
45030,371,714.00,317.00,0,77209
45152,372,655.00,325.00,0,77217
45274,373,680.00,322.00,0,77227
45398,375,746.00,330.00,0,77235
45520,378,733.00,325.00,0,77243
45642,380,646.00,307.00,0,77252
45766,382,771.00,309.00,0,77260
45890,384,801.00,308.00,0,77270
46012,384,710.00,308.00,0,77278
46134,384,646.00,325.00,0,77286
46257,386,730.00,324.00,0,77295
46380,387,742.00,325.00,0,77303
46502,389,672.00,341.00,0,77313
46624,392,592.00,325.00,0,77321
46748,394,786.00,325.00,0,77329
46872,396,795.00,324.00,0,77338
46994,396,657.00,307.00,0,77346
47116,397,620.00,325.00,0,77355
47238,398,761.00,324.00,0,77364
47362,400,732.00,308.00,0,77372
47483,402,621.00,307.00,0,77381
47605,406,648.00,341.00,0,77389
47730,408,799.00,324.00,0,77398
47854,409,796.00,325.00,0,77407
47976,410,647.00,325.00,0,77415
48098,410,672.00,324.00,0,77423
48221,411,770.00,308.00,0,77432
48343,412,732.00,308.00,0,77441
48465,414,581.00,308.00,0,77450
48587,417,657.00,307.00,0,77458
48712,420,782.00,308.00,0,77466
48836,422,777.00,325.00,0,77475
48958,423,676.00,357.00,0,77484
49079,424,704.00,324.00,0,77492
49202,425,769.00,324.00,0,77501
49326,426,704.00,325.00,0,77509
49448,428,618.00,308.00,0,77518
49570,430,713.00,325.00,0,77527
49693,433,761.00,324.00,0,77535
49817,434,737.00,325.00,0,77544
49940,436,670.00,308.00,0,77552
50062,437,744.00,341.00,0,77560
50184,438,753.00,324.00,0,77570
50307,438,560.00,308.00,0,77578
50430,440,670.00,308.00,0,77587
50552,442,704.00,308.00,0,77595
50674,445,702.00,308.00,0,77603
50798,447,660.00,324.00,0,77613
50921,449,720.00,307.00,0,77621
51044,450,727.00,325.00,0,77630
51166,451,696.00,325.00,0,77638
51288,452,646.00,324.00,0,77646
51411,454,730.00,325.00,0,77656
51534,456,725.00,325.00,0,77664
51656,458,659.00,325.00,0,77672
51780,460,708.00,308.00,0,77681
51904,462,763.00,325.00,0,77689
52025,463,718.00,308.00,0,77699
52147,464,647.00,307.00,0,77707
52270,465,706.00,323.00,0,77715
52394,466,749.00,325.00,0,77724
52515,469,693.00,325.00,0,77732
52637,472,690.00,307.00,0,77741
52762,474,767.00,324.00,0,77750
52886,476,787.00,308.00,0,77758
53006,477,679.00,325.00,0,77767
53129,478,565.00,324.00,0,77775
53252,479,744.00,307.00,0,77784
53375,480,762.00,341.00,0,77793
53497,482,659.00,324.00,0,77801
53619,484,592.00,324.00,0,77809
53744,487,782.00,324.00,0,77818
53867,489,795.00,325.00,0,77827
53990,490,656.00,307.00,0,77836
54111,491,619.00,324.00,0,77844
54234,492,762.00,308.00,0,77852
54357,494,750.00,308.00,0,77861
54479,496,597.00,324.00,0,77870
54600,498,643.00,307.00,0,77879
54725,500,792.00,308.00,0,77887
54849,502,790.00,325.00,0,77895
54971,504,590.00,307.00,0,77904
55093,504,662.00,307.00,0,77913
55216,506,772.00,325.00,0,77921
55338,507,694.00,308.00,0,77930
55460,509,588.00,324.00,0,77938
55583,511,699.00,341.00,0,77947
55706,514,779.00,341.00,0,77956
55830,516,763.00,307.00,0,77964
55952,518,613.00,325.00,0,77973
56075,519,711.00,324.00,0,77981
56198,520,769.00,308.00,0,77989
56320,522,669.00,324.00,0,77999
56443,524,645.00,325.00,0,78007
56565,526,717.00,324.00,0,78016
56688,528,747.00,324.00,0,78024
56812,530,738.00,324.00,0,78032
56935,532,678.00,324.00,0,78042
57056,533,730.00,324.00,0,78050
57179,534,719.00,308.00,0,78058
57302,536,562.00,307.00,0,78067
57424,537,691.00,324.00,0,78075
57547,540,708.00,308.00,0,78085
57670,542,685.00,307.00,0,78093
57793,544,675.00,324.00,0,78101
57917,546,740.00,325.00,0,78110
58038,548,723.00,324.00,0,78118
58161,549,695.00,308.00,0,78128
58284,550,640.00,308.00,0,78136
58407,552,723.00,307.00,0,78144
58529,554,692.00,325.00,0,78153
58651,556,626.00,324.00,0,78161
58776,558,717.00,326.00,0,78170
58898,560,753.00,307.00,0,78179
59020,562,708.00,325.00,0,78187
59142,563,640.00,308.00,0,78196
59265,564,709.00,310.00,0,78204
59389,566,746.00,308.00,0,78213
59511,568,676.00,325.00,0,78222
59632,570,515.00,326.00,0,78230
59757,572,745.00,308.00,0,78238
59880,574,768.00,308.00,0,78247
60002,576,674.00,324.00,0,78256
60124,577,585.00,308.00,0,78265
60248,578,746.00,325.00,0,78273
60370,580,748.00,324.00,0,78281
60492,582,616.00,308.00,0,78290
60615,584,579.00,324.00,0,78299
60739,586,786.00,308.00,0,78307
60862,588,774.00,307.00,0,78316
60984,590,597.00,308.00,0,78324
61106,592,642.00,325.00,0,78333
61230,593,772.00,324.00,0,78342
61352,594,717.00,307.00,0,78350
61474,596,593.00,324.00,0,78359
61596,599,637.00,308.00,0,78367
61720,602,769.00,307.00,0,78375
61844,604,756.00,324.00,0,78385
61966,605,597.00,325.00,0,78393
62088,606,661.00,307.00,0,78402
62211,607,763.00,325.00,0,78410
62334,608,700.00,341.00,0,78418
62456,610,623.00,308.00,0,78428
62578,613,665.00,307.00,0,78436
62702,616,742.00,308.00,0,78445
62826,618,734.00,324.00,0,78453
62948,620,592.00,307.00,0,78461
63070,622,705.00,326.00,0,78471
63193,622,752.00,325.00,0,78479
63315,624,672.00,308.00,0,78487
63438,626,642.00,324.00,0,78496
63560,627,709.00,325.00,0,78504
63683,630,722.00,325.00,0,78514
63807,632,588.00,307.00,0,78522
63930,634,681.00,325.00,0,78530
64052,636,715.00,325.00,0,78539
64175,638,730.00,307.00,0,78547
64298,640,599.00,308.00,0,78556
64420,642,699.00,324.00,0,78565
64542,644,703.00,325.00,0,78573
64664,645,664.00,308.00,0,78582
64788,646,670.00,325.00,0,78590
64912,648,714.00,306.00,0,78599
65034,650,700.00,325.00,0,78608
65156,650,638.00,308.00,0,78616
65279,652,636.00,325.00,0,78624
65402,654,702.00,324.00,0,78633
65524,657,688.00,308.00,0,78642
65646,660,622.00,325.00,0,78651
65770,662,738.00,324.00,0,78659
65894,664,756.00,325.00,0,78667
66015,666,677.00,308.00,0,78676
66138,667,627.00,324.00,0,78685
66262,668,694.00,325.00,0,78694
66384,670,718.00,307.00,0,78702
66506,672,624.00,308.00,0,78710
66628,674,530.00,307.00,0,78720
66752,676,742.00,308.00,0,78728
66876,678,766.00,341.00,0,78736
66998,680,640.00,324.00,0,78745
67120,682,600.00,325.00,0,78753
67243,684,755.00,308.00,0,78763
67366,686,725.00,325.00,0,78771
67488,688,611.00,324.00,0,78779
67610,690,587.00,325.00,0,78788
67734,692,755.00,308.00,0,78796
67858,694,768.00,308.00,0,78804
67979,696,607.00,342.00,0,78814
68101,697,641.00,325.00,0,78822
68225,698,768.00,308.00,0,78831
68348,701,710.00,324.00,0,78839
68470,703,552.00,325.00,0,78848
68592,706,628.00,325.00,0,78857
68716,708,763.00,307.00,0,78865
68840,710,727.00,325.00,0,78873
68961,712,592.00,324.00,0,78882
69084,714,702.00,341.00,0,78891
69206,715,769.00,341.00,0,78900
69328,716,676.00,307.00,0,78908
69452,718,633.00,325.00,0,78916
69574,720,674.00,325.00,0,78925
69697,722,729.00,308.00,0,78934
69820,724,690.00,308.00,0,78943
69944,726,610.00,324.00,0,78951
70066,728,693.00,308.00,0,78959
70188,730,743.00,325.00,0,78968
70311,732,527.00,341.00,0,78977
70433,735,659.00,342.00,0,78985
70556,738,698.00,307.00,0,78994
70679,740,700.00,307.00,0,79002
70803,742,602.00,307.00,0,79011
70925,743,670.00,324.00,0,79020
71048,744,679.00,308.00,0,79028
71170,746,682.00,307.00,0,79037
71292,747,592.00,322.00,0,79045
71416,749,688.00,341.00,0,79053
71538,752,686.00,307.00,0,79063
71660,754,635.00,325.00,0,79071
71784,758,661.00,325.00,0,79080
71908,760,714.00,325.00,0,79088
72030,762,675.00,308.00,0,79096
72152,763,632.00,325.00,0,79106
72275,764,658.00,309.00,0,79114
72398,766,727.00,308.00,0,79122
72520,767,661.00,341.00,0,79131
72641,770,623.00,308.00,0,79139
72766,772,706.00,307.00,0,79149
72890,774,750.00,325.00,0,79157
73012,777,652.00,325.00,0,79165
73133,779,651.00,310.00,0,79174
73257,782,709.00,308.00,0,79182
73379,783,737.00,310.00,0,79191
73502,785,628.00,324.00,0,79200
73624,786,560.00,325.00,0,79208
73748,788,751.00,341.00,0,79217
73871,790,756.00,324.00,0,79225
73993,792,612.00,307.00,0,79234
74116,794,583.00,310.00,0,79243
74238,796,740.00,324.00,0,79251
74362,798,703.00,325.00,0,79260
74484,801,583.00,324.00,0,79268
74606,804,606.00,325.00,0,79277
74730,806,776.00,310.00,0,79286
74853,808,745.00,326.00,0,79294
74974,810,560.00,309.00,0,79302
75098,811,645.00,325.00,0,79311
75220,812,751.00,325.00,0,79320
75343,814,687.00,324.00,0,79329
75466,816,547.00,316.00,0,79337
75587,818,635.00,308.00,0,79345
75711,821,737.00,308.00,0,79354
75834,823,729.00,324.00,0,79363
75956,826,652.00,336.00,0,79371
76079,828,673.00,324.00,0,79380
76202,830,749.00,309.00,0,79388
76326,832,649.00,325.00,0,79397
76448,834,586.00,307.00,0,79406
76569,836,654.00,325.00,0,79414
76692,838,705.00,308.00,0,79423
76816,840,691.00,324.00,0,79431
76938,842,620.00,324.00,0,79439
77061,843,681.00,307.00,0,79449
77183,845,716.00,325.00,0,79457
77307,848,511.00,307.00,0,79466
77430,850,652.00,308.00,0,79474
77552,853,681.00,324.00,0,79482
77674,856,645.00,308.00,0,79492
77798,858,594.00,308.00,0,79500
77921,860,659.00,308.00,0,79509
78043,862,697.00,325.00,0,79517
78166,863,678.00,325.00,0,79525
78288,864,598.00,308.00,0,79535
78411,866,681.00,325.00,0,79543
78534,868,669.00,326.00,0,79551
78655,871,581.00,308.00,0,79560
78780,874,657.00,308.00,0,79568
78903,876,705.00,325.00,0,79578
79024,878,657.00,307.00,0,79586
79147,880,626.00,324.00,0,79594
79270,883,670.00,325.00,0,79603
79392,884,709.00,324.00,0,79611
79515,886,653.00,325.00,0,79620
79637,888,623.00,308.00,0,79629
79762,890,696.00,325.00,0,79637
79884,892,727.00,325.00,0,79646
80006,894,604.00,325.00,0,79654
80129,896,657.00,326.00,0,79663
80252,898,708.00,325.00,0,79672
80375,902,735.00,342.00,0,79680
80497,904,624.00,324.00,0,79688
80619,907,544.00,307.00,0,79697
80743,910,738.00,308.00,0,79706
80867,912,736.00,308.00,0,79715
80988,912,561.00,307.00,0,79723
81111,914,577.00,308.00,0,79731
81234,915,715.00,308.00,0,79740
81357,916,693.00,324.00,0,79749
81479,919,570.00,325.00,0,79757
81600,922,592.00,307.00,0,79766
81724,926,738.00,307.00,0,79774
81848,930,735.00,325.00,0,79783
81971,932,556.00,308.00,0,79792
82093,934,632.00,325.00,0,79800
82216,934,744.00,308.00,0,79809
82339,936,666.00,324.00,0,79817
82460,937,544.00,324.00,0,79826
82582,939,639.00,341.00,0,79835
82706,942,735.00,325.00,0,79843
82830,945,687.00,308.00,0,79852
82952,948,559.00,308.00,0,79860
83074,951,671.00,325.00,0,79868
83198,952,740.00,325.00,0,79878
83320,954,632.00,308.00,0,79886
83444,956,588.00,325.00,0,79895
83565,956,646.00,307.00,0,79903
83688,958,678.00,325.00,0,79911
83811,960,668.00,342.00,0,79921
83934,962,607.00,324.00,0,79929
84057,966,666.00,307.00,0,79937
84179,968,697.00,308.00,0,79946
84303,972,519.00,307.00,0,79954
84425,974,648.00,324.00,0,79964
84548,977,654.00,308.00,0,79972
84670,978,651.00,324.00,0,79980
84793,980,608.00,326.00,0,79989
84916,981,667.00,341.00,0,79997
85038,982,667.00,325.00,0,80007
85161,984,636.00,325.00,0,80015
85284,986,587.00,325.00,0,80023
85406,990,678.00,325.00,0,80032
85530,993,655.00,309.00,0,80040
85652,996,581.00,308.00,0,80049
85776,1000,660.00,324.00,0,80058
85902,1002,698.00,324.00,0,80067
86028,1004,647.00,325.00,0,80075
86154,1005,617.00,325.00,0,80084
86281,1006,591.00,325.00,0,80094
86407,1008,672.00,324.00,0,80102
86533,1011,639.00,325.00,0,80111
86660,1014,586.00,325.00,0,80119
86787,1017,645.00,325.00,0,80129
86913,1020,663.00,308.00,0,80138
87038,1022,653.00,341.00,0,80146
87166,1024,676.00,341.00,0,80155
87292,1026,583.00,325.00,0,80164
87418,1028,655.00,325.00,0,80173
87544,1031,665.00,325.00,0,80182
87671,1033,631.00,308.00,0,80191
87798,1036,566.00,307.00,0,80199
87925,1038,623.00,308.00,0,80208
88051,1041,656.00,324.00,0,80217
88178,1044,678.00,325.00,0,80226
88304,1046,502.00,307.00,0,80235
88431,1048,635.00,308.00,0,80243
88556,1051,644.00,307.00,0,80252
88682,1053,676.00,308.00,0,80262
88810,1056,669.00,325.00,0,80270
88936,1058,586.00,307.00,0,80279
89062,1060,669.00,324.00,0,80287
89189,1062,708.00,324.00,0,80296
89316,1064,633.00,325.00,0,80306
89442,1066,578.00,308.00,0,80314
89568,1069,655.00,325.00,0,80323
89694,1072,681.00,307.00,0,80332
89822,1075,637.00,307.00,0,80340
89948,1077,549.00,307.00,0,80350
90074,1079,643.00,324.00,0,80359
90200,1080,694.00,308.00,0,80367
90327,1082,630.00,308.00,0,80376
90452,1084,629.00,308.00,0,80385
90578,1086,626.00,308.00,0,80394
90706,1090,720.00,325.00,0,80403
90834,1093,697.00,341.00,0,80411
90960,1096,589.00,326.00,0,80420
91085,1099,650.00,308.00,0,80430
91212,1100,733.00,324.00,0,80438
91338,1102,641.00,324.00,0,80447
91464,1102,500.00,325.00,0,80455
91590,1104,575.00,324.00,0,80464
91718,1106,683.00,308.00,0,80474
91845,1108,664.00,308.00,0,80482
91970,1112,511.00,307.00,0,80491
92097,1116,601.00,325.00,0,80500
92224,1119,725.00,325.00,0,80508
92350,1122,680.00,307.00,0,80518
92476,1124,541.00,308.00,0,80527
92602,1126,573.00,335.00,0,80535
92730,1128,718.00,325.00,0,80544
92856,1130,685.00,325.00,0,80552
92982,1132,515.00,324.00,0,80562
93108,1134,552.00,308.00,0,80571
93236,1137,702.00,309.00,0,80579
93362,1140,675.00,307.00,0,80588
93488,1143,548.00,324.00,0,80598
93614,1146,514.00,325.00,0,80606
93741,1148,696.00,325.00,0,80615
93868,1150,697.00,308.00,0,80624
93994,1152,560.00,307.00,0,80632
94120,1154,531.00,325.00,0,80642
94247,1157,689.00,308.00,0,80650
94374,1160,693.00,325.00,0,80659
94499,1163,588.00,324.00,0,80668
94624,1166,490.00,341.00,0,80676
94753,1168,701.00,308.00,0,80686
94880,1170,701.00,324.00,0,80695
95006,1173,587.00,325.00,0,80703
95132,1175,485.00,325.00,0,80712
95258,1177,652.00,308.00,0,80720
95385,1180,666.00,308.00,0,80730
95511,1182,603.00,321.00,0,80739
95636,1185,633.00,324.00,0,80747
95764,1188,644.00,307.00,0,80756
95891,1190,690.00,309.00,0,80765
96016,1194,615.00,308.00,0,80774
96143,1196,564.00,308.00,0,80783
96270,1198,646.00,341.00,0,80792
96396,1200,665.00,341.00,0,80800
96522,1202,628.00,325.00,0,80809
96648,1206,563.00,307.00,0,80818
96776,1208,625.00,324.00,0,80827
96903,1210,654.00,308.00,0,80836
97028,1213,620.00,308.00,0,80844
97155,1216,590.00,322.00,0,80854
97282,1218,567.00,325.00,0,80863
97408,1220,669.00,324.00,0,80871
97534,1224,627.00,308.00,0,80880
97660,1226,576.00,325.00,0,80888
97788,1228,605.00,324.00,0,80898
97914,1231,644.00,323.00,0,80907
98040,1234,625.00,308.00,0,80915
98166,1236,637.00,325.00,0,80924
98293,1238,546.00,325.00,0,80933
98420,1240,640.00,325.00,0,80942
98545,1243,622.00,308.00,0,80951
98671,1246,600.00,308.00,0,80960
98800,1248,544.00,309.00,0,80968
98926,1250,586.00,325.00,0,80977
99052,1254,631.00,325.00,0,80986
99178,1256,656.00,308.00,0,80995
99305,1259,478.00,307.00,0,81004
99431,1262,596.00,308.00,0,81012
99557,1264,637.00,325.00,0,81021
99683,1266,631.00,325.00,0,81031
99810,1268,640.00,325.00,0,81039
99936,1270,570.00,341.00,0,81048
100063,1272,647.00,341.00,0,81057
100194,1275,660.00,308.00,0,81067
100324,1278,604.00,308.00,0,81076
100453,1281,619.00,324.00,0,81084
100583,1284,606.00,331.00,0,81093
100714,1288,706.00,325.00,0,81102
100846,1290,668.00,325.00,0,81112
100974,1293,498.00,308.00,0,81121
101104,1294,571.00,331.00,0,81130
101234,1296,670.00,308.00,0,81139
101365,1298,649.00,308.00,0,81148
101494,1300,554.00,324.00,0,81158
101624,1304,461.00,324.00,0,81166
101756,1307,643.00,325.00,0,81175
101886,1310,676.00,325.00,0,81184
102015,1313,599.00,324.00,0,81193
102145,1316,560.00,324.00,0,81203
102276,1318,572.00,309.00,0,81212
102406,1320,626.00,325.00,0,81221
102536,1322,590.00,324.00,0,81230
102665,1324,571.00,324.00,0,81240
102798,1328,537.00,324.00,0,81248
102928,1330,576.00,325.00,0,81257
103057,1334,629.00,325.00,0,81266
103187,1336,685.00,341.00,0,81275
103317,1338,610.00,325.00,0,81285
103447,1340,514.00,324.00,0,81294
103577,1342,587.00,325.00,0,81303
103707,1345,669.00,325.00,0,81312
103838,1348,632.00,307.00,0,81320
103968,1351,491.00,324.00,0,81330
104098,1354,570.00,324.00,0,81339
104229,1358,696.00,324.00,0,81348
104359,1360,650.00,308.00,0,81357
104488,1362,512.00,307.00,0,81367
104618,1364,474.00,315.00,0,81376
104749,1366,662.00,325.00,0,81385
104880,1368,658.00,308.00,0,81394
105010,1371,541.00,325.00,0,81402
105118,1374,826.00,374.00,0,81412
105134,1377,826.00,425.00,0,81421
105057,1378,827.00,492.00,0,81430
104943,1379,814.00,492.00,0,81439
104818,1378,797.00,493.00,0,81448
104687,1377,759.00,508.00,0,81458
104556,1375,683.00,493.00,0,81467
104423,1375,730.00,492.00,0,81476
104293,1374,789.00,509.00,0,81484
104164,1373,780.00,492.00,0,81494
104037,1373,783.00,500.00,0,81503
103907,1371,773.00,493.00,0,81512
103775,1369,800.00,492.00,0,81521
103645,1367,785.00,509.00,0,81530
103516,1364,773.00,509.00,0,81540
103385,1361,756.00,493.00,0,81549
103254,1358,778.00,509.00,0,81558
103125,1355,808.00,509.00,0,81566
102997,1352,783.00,493.00,0,81575
102867,1349,761.00,476.00,0,81585
102735,1347,787.00,509.00,0,81594
102607,1345,789.00,509.00,0,81603
102478,1343,801.00,509.00,0,81612
102347,1341,779.00,493.00,0,81622
102216,1339,779.00,492.00,0,81631
102088,1337,797.00,492.00,0,81640
101960,1333,795.00,508.00,0,81648
101829,1329,789.00,492.00,0,81657
101700,1325,787.00,509.00,0,81667
101571,1321,788.00,475.00,0,81676
101440,1319,812.00,492.00,0,81685
101307,1317,784.00,509.00,0,81694
101177,1315,781.00,493.00,0,81703
101047,1314,792.00,509.00,0,81713
100919,1311,790.00,509.00,0,81722
100789,1308,814.00,492.00,0,81730
100661,1304,788.00,492.00,0,81739
100533,1299,792.00,480.00,0,81748
100403,1295,802.00,509.00,0,81758
100269,1293,789.00,493.00,0,81767
100139,1291,803.00,509.00,0,81776
100009,1289,788.00,492.00,0,81785
99878,1287,789.00,493.00,0,81794
99751,1284,801.00,509.00,0,81803
99625,1281,794.00,493.00,0,81812
99501,1276,795.00,509.00,0,81820
99373,1273,791.00,509.00,0,81829
99245,1270,787.00,493.00,0,81839
99119,1267,814.00,509.00,0,81847
98994,1265,788.00,493.00,0,81856
98867,1263,787.00,481.00,0,81864
98740,1261,793.00,475.00,0,81873
98615,1257,800.00,475.00,0,81883
98490,1254,802.00,492.00,0,81891
98363,1251,794.00,493.00,0,81900
98235,1249,790.00,492.00,0,81909
98109,1247,821.00,508.00,0,81917
97985,1244,802.00,509.00,0,81927
97858,1241,795.00,509.00,0,81935
97731,1239,799.00,509.00,0,81944
97607,1235,803.00,498.00,0,81953
97481,1232,807.00,492.00,0,81961
97353,1229,793.00,493.00,0,81971
97225,1226,788.00,493.00,0,81980
97099,1223,808.00,493.00,0,81988
96972,1221,788.00,492.00,0,81997
96844,1219,789.00,492.00,0,82007
96717,1217,791.00,492.00,0,82015
96593,1214,798.00,507.00,0,82024
96467,1211,814.00,492.00,0,82032
96339,1209,794.00,508.00,0,82041
96212,1205,795.00,509.00,0,82051
96087,1202,808.00,492.00,0,82059
95961,1199,800.00,509.00,0,82068
95835,1197,792.00,492.00,0,82077
95708,1195,792.00,493.00,0,82085
95583,1193,803.00,501.00,0,82095
95457,1191,817.00,493.00,0,82103
95331,1189,795.00,492.00,0,82112
95203,1185,794.00,509.00,0,82121
95079,1181,807.00,509.00,0,82129
94953,1177,802.00,509.00,0,82139
94826,1175,798.00,493.00,0,82148
94698,1173,792.00,492.00,0,82156
94573,1171,798.00,493.00,0,82165
94447,1171,821.00,475.00,0,82174
94319,1169,800.00,509.00,0,82183
94191,1166,798.00,509.00,0,82192
94068,1163,806.00,493.00,0,82200
93943,1159,811.00,491.00,0,82209
93815,1155,807.00,492.00,0,82219
93689,1152,802.00,493.00,0,82227
93563,1150,803.00,492.00,0,82236
93437,1149,814.00,493.00,0,82245
93307,1147,791.00,493.00,0,82253
93181,1145,797.00,493.00,0,82263
93057,1143,800.00,475.00,0,82272
92931,1139,801.00,492.00,0,82280
92805,1136,814.00,509.00,0,82289
92678,1133,799.00,508.00,0,82297
92554,1130,807.00,476.00,0,82307
92427,1128,818.00,493.00,0,82316
92297,1126,811.00,509.00,0,82324
92170,1124,797.00,492.00,0,82333
92045,1121,801.00,509.00,0,82342
91918,1119,802.00,509.00,0,82351
91791,1117,826.00,492.00,0,82360
91665,1114,801.00,492.00,0,82368
91541,1112,811.00,508.00,0,82377
91415,1111,816.00,492.00,0,82386
91288,1109,806.00,493.00,0,82395
91163,1107,815.00,492.00,0,82404
91039,1105,812.00,504.00,0,82413
90913,1101,813.00,509.00,0,82421
90786,1097,827.00,492.00,0,82430
90660,1093,807.00,493.00,0,82440
90535,1091,807.00,493.00,0,82448
90407,1089,814.00,509.00,0,82457
90277,1089,806.00,493.00,0,82465
90150,1087,814.00,492.00,0,82475
90024,1086,805.00,492.00,0,82484
89899,1083,804.00,493.00,0,82492
89772,1080,826.00,492.00,0,82501
89648,1076,814.00,493.00,0,82510
89523,1073,814.00,492.00,0,82519
89395,1069,811.00,509.00,0,82528
89266,1067,802.00,509.00,0,82537
89140,1066,816.00,509.00,0,82545
89013,1065,800.00,493.00,0,82554
88886,1063,800.00,475.00,0,82563
88759,1061,811.00,475.00,0,82572
88635,1059,813.00,492.00,0,82581
88511,1055,813.00,475.00,0,82589
88384,1051,810.00,492.00,0,82598
88256,1049,810.00,509.00,0,82608
88130,1046,825.00,492.00,0,82616
88003,1044,806.00,493.00,0,82625
87875,1042,795.00,493.00,0,82633
87749,1041,813.00,493.00,0,82642
87623,1039,819.00,509.00,0,82652
87498,1037,811.00,493.00,0,82660
87371,1033,806.00,495.00,0,82669
87245,1031,806.00,510.00,0,82678
87119,1027,826.00,475.00,0,82686
86993,1025,806.00,492.00,0,82696
86866,1023,802.00,492.00,0,82705
86738,1021,809.00,491.00,0,82713
86613,1019,822.00,509.00,0,82722
86487,1016,817.00,475.00,0,82731
86359,1013,804.00,492.00,0,82740
86232,1011,804.00,509.00,0,82749
86105,1008,825.00,509.00,0,82757
85979,1005,804.00,492.00,0,82766
85852,1003,800.00,492.00,0,82776
85725,1001,805.00,493.00,0,82784
85599,999,814.00,492.00,0,82793
85477,997,822.00,492.00,0,82801
85354,995,806.00,493.00,0,82809
85231,993,801.00,509.00,0,82819
85109,991,826.00,493.00,0,82827
84987,987,813.00,492.00,0,82836
84865,985,800.00,492.00,0,82844
84742,983,815.00,509.00,0,82852
84620,981,821.00,493.00,0,82862
84499,979,821.00,509.00,0,82870
84375,978,806.00,509.00,0,82878
84251,977,808.00,493.00,0,82887
84129,974,826.00,492.00,0,82895
84007,971,815.00,493.00,0,82905
83885,967,807.00,475.00,0,82913
83761,965,822.00,475.00,0,82921
83639,963,817.00,509.00,0,82930
83517,961,815.00,509.00,0,82938
83394,959,807.00,493.00,0,82947
83269,958,804.00,509.00,0,82956
83145,956,821.00,492.00,0,82964
83025,953,814.00,509.00,0,82973
82902,951,810.00,492.00,0,82981
82779,947,827.00,492.00,0,82990
82657,944,810.00,492.00,0,82999
82535,942,813.00,492.00,0,83007
82412,941,815.00,492.00,0,83015
82287,939,813.00,508.00,0,83024
82163,938,811.00,509.00,0,83033
82041,935,808.00,509.00,0,83042
81919,933,810.00,493.00,0,83050
81797,929,826.00,493.00,0,83058
81674,926,814.00,492.00,0,83067
81553,924,811.00,475.00,0,83076
81431,922,826.00,509.00,0,83084
81306,921,805.00,491.00,0,83093
81182,920,808.00,509.00,0,83101
81061,919,808.00,493.00,0,83110
80939,917,816.00,509.00,0,83119
80816,913,819.00,493.00,0,83127
80694,911,815.00,492.00,0,83136
80573,907,817.00,459.00,0,83144
80452,905,826.00,493.00,0,83153
80327,903,805.00,492.00,0,83162
80203,901,805.00,509.00,0,83170
80080,900,818.00,492.00,0,83179
79957,899,816.00,510.00,0,83187
79834,897,812.00,493.00,0,83195
79711,894,812.00,506.00,0,83205
79591,892,822.00,493.00,0,83213
79469,889,826.00,492.00,0,83222
79345,887,811.00,476.00,0,83230
79222,885,803.00,501.00,0,83238
79099,883,826.00,505.00,0,83248
78977,881,815.00,507.00,0,83256
78853,879,812.00,501.00,0,83264
78730,877,814.00,500.00,0,83273
78609,875,826.00,509.00,0,83281
78487,873,826.00,493.00,0,83291
78364,871,813.00,492.00,0,83299
78240,869,810.00,493.00,0,83307
78118,867,826.00,509.00,0,83316
77995,864,812.00,493.00,0,83324
77872,861,810.00,505.00,0,83333
77749,859,823.00,492.00,0,83342
77627,856,821.00,492.00,0,83350
77505,855,821.00,493.00,0,83359
77381,853,812.00,492.00,0,83367
77255,851,809.00,509.00,0,83376
77133,849,826.00,476.00,0,83385
77011,847,804.00,492.00,0,83393
76889,845,803.00,509.00,0,83402
76765,843,826.00,509.00,0,83410
76644,841,817.00,492.00,0,83419
76523,839,823.00,509.00,0,83428
76401,837,820.00,493.00,0,83436
76276,835,818.00,509.00,0,83444
76153,833,821.00,492.00,0,83453
76031,830,809.00,492.00,0,83462
75909,828,809.00,510.00,0,83471
75786,825,825.00,492.00,0,83479
75663,824,818.00,509.00,0,83487
75542,823,816.00,492.00,0,83496
75419,821,826.00,509.00,0,83505
75296,819,822.00,492.00,0,83513
75173,817,820.00,509.00,0,83522
75051,814,815.00,492.00,0,83530
74929,811,816.00,492.00,0,83539
74805,809,825.00,509.00,0,83548
74682,807,812.00,509.00,0,83556
74561,805,820.00,492.00,0,83565
74437,805,826.00,509.00,0,83573
74313,803,815.00,492.00,0,83581
74189,801,814.00,509.00,0,83591
74069,799,825.00,492.00,0,83599
73947,796,826.00,492.00,0,83608
73824,793,819.00,492.00,0,83616
73701,791,818.00,493.00,0,83624
73579,788,823.00,492.00,0,83634
73457,787,826.00,509.00,0,83642
73333,785,815.00,510.00,0,83651
73207,783,807.00,509.00,0,83659
73085,782,826.00,509.00,0,83667
72963,780,819.00,492.00,0,83677
72840,777,812.00,493.00,0,83685
72717,775,813.00,493.00,0,83693
72597,774,822.00,493.00,0,83702
72475,772,826.00,509.00,0,83710
72352,771,813.00,493.00,0,83720
72227,768,813.00,509.00,0,83728
72105,765,827.00,509.00,0,83736
71983,763,817.00,493.00,0,83745
71860,761,816.00,509.00,0,83753
71737,759,825.00,492.00,0,83762
71615,757,826.00,492.00,0,83771
71493,757,825.00,492.00,0,83779
71369,755,813.00,493.00,0,83788
71245,753,814.00,507.00,0,83796
71123,751,827.00,509.00,0,83805
71001,749,820.00,509.00,0,83814
70879,745,820.00,493.00,0,83822
70755,743,826.00,493.00,0,83830
70633,741,822.00,492.00,0,83840
70513,739,823.00,509.00,0,83848
70389,738,817.00,509.00,0,83857
70263,737,810.00,509.00,0,83865
70140,735,826.00,509.00,0,83873
70018,733,811.00,492.00,0,83883
69895,731,812.00,509.00,0,83891
69773,729,825.00,510.00,0,83899
69651,727,817.00,493.00,0,83908
69531,725,822.00,492.00,0,83916
69409,723,826.00,509.00,0,83926
69284,721,819.00,492.00,0,83934
69161,719,825.00,492.00,0,83942
69039,717,815.00,492.00,0,83951
68915,715,817.00,509.00,0,83959
68791,713,826.00,493.00,0,83969
68669,711,818.00,507.00,0,83977
68547,709,823.00,509.00,0,83985
68425,708,826.00,492.00,0,83994
68301,707,823.00,493.00,0,84002
68177,705,814.00,493.00,0,84011
68056,703,817.00,492.00,0,84020
67933,700,817.00,493.00,0,84028
67811,698,826.00,509.00,0,84037
67688,696,816.00,492.00,0,84045
67567,695,826.00,492.00,0,84054
67446,693,826.00,509.00,0,84063
67321,691,822.00,511.00,0,84071
67197,689,813.00,475.00,0,84079
67075,687,826.00,492.00,0,84088
66953,685,822.00,509.00,0,84097
66828,683,818.00,509.00,0,84106
66705,681,815.00,492.00,0,84114
66584,680,820.00,492.00,0,84122
66463,679,826.00,509.00,0,84131
66339,677,819.00,493.00,0,84140
66215,675,816.00,493.00,0,84148
66093,673,826.00,476.00,0,84157
65972,671,820.00,493.00,0,84165
65849,667,818.00,493.00,0,84174
65725,665,820.00,492.00,0,84183
65605,664,826.00,493.00,0,84191
65483,663,826.00,509.00,0,84200
65359,662,819.00,509.00,0,84208
65234,661,816.00,492.00,0,84216
65112,659,826.00,493.00,0,84226
64990,657,823.00,492.00,0,84234
64867,654,814.00,476.00,0,84243
64744,651,821.00,492.00,0,84251
64622,649,826.00,495.00,0,84259
64501,647,826.00,509.00,0,84269
64377,645,816.00,492.00,0,84277
64251,644,814.00,509.00,0,84286
64128,643,825.00,492.00,0,84294
64005,641,822.00,509.00,0,84302
63883,639,819.00,476.00,0,84312
63760,638,826.00,475.00,0,84320
63640,637,824.00,510.00,0,84328
63519,635,826.00,508.00,0,84337
63398,634,827.00,509.00,0,84345
63274,631,826.00,496.00,0,84355
63152,629,826.00,508.00,0,84363
63031,626,824.00,499.00,0,84371
62907,623,823.00,493.00,0,84380
62783,621,826.00,493.00,0,84388
62659,620,820.00,509.00,0,84397
62537,619,826.00,509.00,0,84406
62413,619,826.00,509.00,0,84414
62289,618,823.00,509.00,0,84423
62165,616,820.00,492.00,0,84431
62044,613,821.00,507.00,0,84440
61922,611,823.00,510.00,0,84449
61799,608,826.00,492.00,0,84457
61678,606,824.00,509.00,0,84465
61557,605,826.00,492.00,0,84474
61435,603,826.00,509.00,0,84483
61310,603,817.00,508.00,0,84492
61186,601,819.00,509.00,0,84500
61064,599,827.00,491.00,0,84508
60941,597,823.00,492.00,0,84517
60817,594,826.00,493.00,0,84526
60694,592,822.00,492.00,0,84535
60573,591,824.00,492.00,0,84543
60451,590,826.00,509.00,0,84551
60327,589,819.00,509.00,0,84560
60203,587,818.00,509.00,0,84569
60081,585,826.00,509.00,0,84577
59959,583,823.00,493.00,0,84586
59837,580,825.00,492.00,0,84594
59715,578,826.00,492.00,0,84603
59594,577,826.00,492.00,0,84612
59473,575,826.00,493.00,0,84620
59349,575,821.00,510.00,0,84629
59223,573,814.00,492.00,0,84637
59101,571,827.00,510.00,0,84645
58978,569,821.00,492.00,0,84655
58853,567,820.00,509.00,0,84663
58730,565,823.00,493.00,0,84672
58608,563,825.00,509.00,0,84680
58487,561,827.00,493.00,0,84688
58363,561,818.00,493.00,0,84698
58238,559,808.00,475.00,0,84706
58117,557,826.00,492.00,0,84714
57995,555,821.00,492.00,0,84723
57871,553,820.00,509.00,0,84731
57749,551,826.00,509.00,0,84741
57628,549,826.00,492.00,0,84749
57508,549,825.00,509.00,0,84757
57385,547,827.00,493.00,0,84766
57261,546,822.00,475.00,0,84774
57138,544,826.00,509.00,0,84784
57015,541,823.00,509.00,0,84792
56892,539,817.00,492.00,0,84800
56767,537,826.00,492.00,0,84809
56646,535,824.00,509.00,0,84817
56523,533,826.00,509.00,0,84826
56400,532,825.00,492.00,0,84835
56275,531,820.00,493.00,0,84843
56152,529,827.00,509.00,0,84852
56030,527,817.00,491.00,0,84860
55907,525,819.00,476.00,0,84869
55785,523,826.00,509.00,0,84878
55663,523,824.00,509.00,0,84886
55543,522,826.00,509.00,0,84894
55423,521,826.00,493.00,0,84903
55299,519,826.00,492.00,0,84912
55177,517,824.00,493.00,0,84921
55056,514,825.00,509.00,0,84929
54933,511,823.00,509.00,0,84937
54808,509,826.00,492.00,0,84946
54684,507,825.00,510.00,0,84955
54563,505,825.00,493.00,0,84963
54439,505,826.00,491.00,0,84972
54313,505,822.00,509.00,0,84980
54189,503,817.00,492.00,0,84989
54067,501,826.00,509.00,0,84998
53945,499,826.00,509.00,0,85006
53823,497,826.00,475.00,0,85015
53701,496,826.00,493.00,0,85023
53582,495,826.00,492.00,0,85031
53461,494,825.00,508.00,0,85041
53338,493,826.00,509.00,0,85049
53215,491,826.00,509.00,0,85058
53093,488,826.00,475.00,0,85066
52970,485,826.00,475.00,0,85074
52845,483,821.00,492.00,0,85084
52722,481,824.00,493.00,0,85092
52599,480,825.00,509.00,0,85101
52476,479,826.00,509.00,0,85109
52351,479,818.00,492.00,0,85117
52226,478,816.00,509.00,0,85127
52104,476,825.00,493.00,0,85135
51982,473,825.00,509.00,0,85143
51859,471,818.00,492.00,0,85152
51737,469,826.00,492.00,0,85160
51618,469,827.00,492.00,0,85170
51497,468,825.00,492.00,0,85178
51375,467,826.00,493.00,0,85186
51251,465,824.00,493.00,0,85195
51129,463,826.00,493.00,0,85203
51006,460,825.00,492.00,0,85212
50882,457,824.00,492.00,0,85221
50757,455,827.00,504.00,0,85229
50635,455,826.00,509.00,0,85238
50512,454,823.00,475.00,0,85246
50389,453,819.00,496.00,0,85255
50263,453,820.00,509.00,0,85264
50140,451,826.00,508.00,0,85272
50018,448,821.00,492.00,0,85280
49896,445,822.00,492.00,0,85289
49774,444,825.00,492.00,0,85298
49653,443,828.00,493.00,0,85307
49534,442,825.00,509.00,0,85315
49411,441,826.00,508.00,0,85323
49287,441,826.00,493.00,0,85332
49165,439,826.00,492.00,0,85341
49043,435,826.00,493.00,0,85350
48919,433,825.00,509.00,0,85358
48795,431,826.00,509.00,0,85366
48671,429,826.00,508.00,0,85376
48549,429,825.00,493.00,0,85384
48426,429,826.00,492.00,0,85392
48301,427,827.00,492.00,0,85401
48177,426,824.00,492.00,0,85409
48056,423,825.00,492.00,0,85419
47934,421,826.00,493.00,0,85427
47811,419,826.00,509.00,0,85435
47690,417,826.00,493.00,0,85444
47571,417,825.00,493.00,0,85452
47449,417,826.00,509.00,0,85460
47326,415,825.00,509.00,0,85470
47202,413,822.00,491.00,0,85478
47079,411,826.00,509.00,0,85487
46956,408,826.00,508.00,0,85495
46831,406,824.00,493.00,0,85504
46707,405,822.00,510.00,0,85513
46585,404,826.00,509.00,0,85521
46463,403,826.00,493.00,0,85529
46337,403,823.00,509.00,0,85538
46213,401,820.00,492.00,0,85547
46093,399,826.00,476.00,0,85556
45971,396,824.00,493.00,0,85564
45849,393,826.00,493.00,0,85572
45726,392,826.00,509.00,0,85581
45606,391,826.00,492.00,0,85590
45486,391,826.00,493.00,0,85599
45363,391,826.00,492.00,0,85607
45239,389,823.00,475.00,0,85615
45117,387,826.00,492.00,0,85624
44993,384,825.00,492.00,0,85633
44869,382,826.00,509.00,0,85641
44745,381,825.00,492.00,0,85650
44622,379,826.00,509.00,0,85658
44501,379,826.00,492.00,0,85667
44377,379,825.00,509.00,0,85676
44251,377,821.00,493.00,0,85684
44130,375,826.00,492.00,0,85693
44008,372,826.00,492.00,0,85701
43885,370,818.00,475.00,0,85709
43764,369,825.00,509.00,0,85719
43642,367,826.00,493.00,0,85727
43522,367,826.00,493.00,0,85736
43400,367,826.00,492.00,0,85744
43276,366,826.00,493.00,0,85752
43153,364,826.00,509.00,0,85762
43031,361,826.00,493.00,0,85770
42907,359,826.00,509.00,0,85778
42783,357,826.00,493.00,0,85787
42661,355,824.00,492.00,0,85795
42538,355,827.00,493.00,0,85805
42415,355,825.00,493.00,0,85813
42290,354,823.00,492.00,0,85821
42166,352,826.00,493.00,0,85830
42045,349,824.00,492.00,0,85838
41923,347,825.00,492.00,0,85847
41799,345,826.00,492.00,0,85856
41678,345,827.00,476.00,0,85864
41558,344,826.00,492.00,0,85873
41436,344,825.00,493.00,0,85881
41313,343,826.00,509.00,0,85890
41189,341,826.00,493.00,0,85899
41067,339,826.00,509.00,0,85907
40945,336,825.00,508.00,0,85916
40821,334,826.00,508.00,0,85924
40697,333,826.00,475.00,0,85933
40577,333,826.00,509.00,0,85942
40453,333,827.00,492.00,0,85950
40329,331,826.00,510.00,0,85958
40205,329,825.00,509.00,0,85967
40083,327,826.00,492.00,0,85976
39960,325,826.00,493.00,0,85985
39837,323,825.00,509.00,0,85993
39715,321,825.00,493.00,0,86001
39594,321,826.00,492.00,0,86010
39473,321,825.00,510.00,0,86019
39349,321,826.00,510.00,0,86027
39226,319,826.00,509.00,0,86036
39103,317,826.00,493.00,0,86044
38981,313,826.00,509.00,0,86053
38857,311,825.00,509.00,0,86062
38733,310,826.00,493.00,0,86070
38611,310,826.00,509.00,0,86079
38490,310,827.00,493.00,0,86087
38367,309,826.00,492.00,0,86095
38241,307,825.00,492.00,0,86105
38119,305,826.00,492.00,0,86113
37997,303,826.00,509.00,0,86122
37874,301,825.00,493.00,0,86130
37752,299,826.00,493.00,0,86138
37631,299,826.00,509.00,0,86148
37511,299,825.00,493.00,0,86156
37389,299,826.00,509.00,0,86165
37265,297,825.00,509.00,0,86173
37141,295,826.00,509.00,0,86181
37019,292,826.00,492.00,0,86191
36895,289,825.00,492.00,0,86199
36771,288,826.00,508.00,0,86207
36649,287,825.00,508.00,0,86216
36528,287,826.00,509.00,0,86224
36405,287,826.00,507.00,0,86234
36279,287,825.00,509.00,0,86242
36157,284,826.00,478.00,0,86250
36035,281,826.00,492.00,0,86259
35911,279,826.00,508.00,0,86267
35789,277,826.00,492.00,0,86276
35667,277,826.00,492.00,0,86285
35547,277,826.00,510.00,0,86293
35425,277,826.00,492.00,0,86302
35301,275,825.00,509.00,0,86310
35178,273,826.00,475.00,0,86319
35056,271,826.00,493.00,0,86328
34932,269,826.00,509.00,0,86336
34807,267,826.00,492.00,0,86344
34684,267,825.00,492.00,0,86353
34564,267,826.00,493.00,0,86362
34442,267,826.00,509.00,0,86371
34319,266,825.00,509.00,0,86379
34195,264,826.00,493.00,0,86387
34074,261,826.00,492.00,0,86396
33952,259,827.00,493.00,0,86405
33828,257,826.00,493.00,0,86413
33707,257,825.00,508.00,0,86422
33587,257,826.00,493.00,0,86430
33465,257,826.00,509.00,0,86439
33343,256,826.00,492.00,0,86448
33218,254,826.00,475.00,0,86456
33095,251,826.00,493.00,0,86465
32972,249,826.00,509.00,0,86473
32847,247,826.00,509.00,0,86482
32723,246,826.00,509.00,0,86491
32601,246,826.00,492.00,0,86499
32479,246,826.00,493.00,0,86508
32355,246,825.00,509.00,0,86516
32231,245,827.00,492.00,0,86524
32109,242,825.00,492.00,0,86534
31987,239,826.00,492.00,0,86542
31864,237,826.00,493.00,0,86551
31743,237,825.00,509.00,0,86559
31622,237,826.00,508.00,0,86567
31502,237,826.00,492.00,0,86577
31380,237,826.00,509.00,0,86585
31256,235,826.00,509.00,0,86593
31133,232,826.00,509.00,0,86602
31009,229,826.00,492.00,0,86610
30885,227,826.00,475.00,0,86620
30760,226,825.00,475.00,0,86628
30638,226,826.00,510.00,0,86636
30516,226,827.00,493.00,0,86645
30393,226,825.00,509.00,0,86653
30267,225,826.00,492.00,0,86662
30145,223,825.00,509.00,0,86671
30023,221,826.00,509.00,0,86679
29900,219,826.00,493.00,0,86688
29779,217,825.00,508.00,0,86696
29657,217,826.00,493.00,0,86705
29539,217,826.00,508.00,0,86714
29418,217,826.00,509.00,0,86722
29294,217,826.00,508.00,0,86731
29171,215,826.00,492.00,0,86739
29049,211,827.00,493.00,0,86748
28925,209,826.00,492.00,0,86757
28801,208,826.00,509.00,0,86765
28677,208,825.00,492.00,0,86773
28556,208,826.00,509.00,0,86782
28433,208,826.00,492.00,0,86791
28307,208,826.00,492.00,0,86800
28183,206,826.00,492.00,0,86808
28062,203,825.00,492.00,0,86816
27939,201,826.00,492.00,0,86825
27816,200,826.00,509.00,0,86834
27695,200,826.00,493.00,0,86842
27577,200,825.00,492.00,0,86851
27455,200,825.00,492.00,0,86859
27333,200,826.00,509.00,0,86868
27209,197,826.00,492.00,0,86877
27086,195,826.00,493.00,0,86885
26963,193,825.00,509.00,0,86894
26837,191,827.00,509.00,0,86902
26713,191,826.00,493.00,0,86910
26592,191,826.00,508.00,0,86920
26470,191,826.00,493.00,0,86928
26345,191,826.00,492.00,0,86937
26221,189,826.00,493.00,0,86945
26098,187,826.00,492.00,0,86953
25975,184,826.00,509.00,0,86963
25851,183,826.00,509.00,0,86971
25731,183,825.00,493.00,0,86980
25611,183,826.00,491.00,0,86988
25492,183,826.00,493.00,0,86996
25369,183,827.00,493.00,0,87006
25245,181,825.00,509.00,0,87014
25123,179,826.00,509.00,0,87022
24999,176,826.00,509.00,0,87031
24875,174,826.00,509.00,0,87040
24750,173,826.00,509.00,0,87049
24629,173,825.00,492.00,0,87057
24508,173,827.00,509.00,0,87065
24385,173,826.00,475.00,0,87074
24259,172,826.00,476.00,0,87083
24137,170,826.00,492.00,0,87091
24015,168,826.00,492.00,0,87100
23891,166,826.00,509.00,0,87108
23769,165,825.00,493.00,0,87117
23649,165,826.00,492.00,0,87126
23531,165,826.00,508.00,0,87134
23409,165,826.00,493.00,0,87143
23285,163,826.00,493.00,0,87151
23161,161,826.00,493.00,0,87159
23038,158,826.00,492.00,0,87169
22913,156,826.00,509.00,0,87177
22788,155,826.00,509.00,0,87186
22665,155,825.00,508.00,0,87194
22543,155,826.00,493.00,0,87202
22421,156,826.00,494.00,0,87212
22296,156,826.00,509.00,0,87220
22172,154,826.00,492.00,0,87228
22049,152,825.00,492.00,0,87237
21927,150,826.00,493.00,0,87245
21805,149,825.00,491.00,0,87255
21684,149,825.00,492.00,0,87263
21567,149,826.00,492.00,0,87271
21447,150,826.00,487.00,0,87280
21323,150,826.00,509.00,0,87288
21200,147,826.00,481.00,0,87298
21077,144,826.00,509.00,0,87306
20952,142,826.00,509.00,0,87314
20827,141,827.00,493.00,0,87323
20703,140,825.00,504.00,0,87331
20581,140,826.00,509.00,0,87340
20459,140,826.00,493.00,0,87349
20335,140,826.00,511.00,0,87357
20210,138,827.00,509.00,0,87366
20087,135,825.00,492.00,0,87374
19963,133,826.00,509.00,0,87383
19841,133,825.00,493.00,0,87392
19720,133,825.00,492.00,0,87400
19601,134,826.00,493.00,0,87408
19483,135,825.00,492.00,0,87417
19361,135,826.00,508.00,0,87426
19237,133,826.00,493.00,0,87435
19113,131,826.00,475.00,0,87443
18989,129,826.00,476.00,0,87451
18864,127,826.00,475.00,0,87460
18740,127,826.00,493.00,0,87469
18619,127,825.00,493.00,0,87477
18498,128,826.00,492.00,0,87486
18375,128,825.00,492.00,0,87494
18250,128,826.00,509.00,0,87503
18126,125,825.00,493.00,0,87512
18003,122,826.00,493.00,0,87520
17880,122,826.00,509.00,0,87529
17757,122,826.00,493.00,0,87537
17639,122,826.00,492.00,0,87546
17520,123,825.00,509.00,0,87555
17398,123,826.00,509.00,0,87563
17273,122,826.00,509.00,0,87572
17149,119,826.00,509.00,0,87580
17024,117,826.00,493.00,0,87588
16899,115,826.00,492.00,0,87598
16775,115,826.00,492.00,0,87606
16654,115,826.00,509.00,0,87615
16535,116,826.00,492.00,0,87623
16413,116,826.00,509.00,0,87631
16289,115,826.00,492.00,0,87641
16165,113,825.00,493.00,0,87649
16042,111,826.00,492.00,0,87657
15919,109,827.00,509.00,0,87666
15797,109,826.00,509.00,0,87674
15677,109,826.00,476.00,0,87684
15558,109,825.00,492.00,0,87692
15437,109,825.00,510.00,0,87700
15311,108,826.00,510.00,0,87709
15185,105,826.00,492.00,0,87717
15061,103,826.00,509.00,0,87726
14935,101,825.00,492.00,0,87735
14810,101,826.00,493.00,0,87743
14688,101,826.00,492.00,0,87752
14569,102,826.00,492.00,0,87760
14449,103,826.00,493.00,0,87769
14327,103,826.00,508.00,0,87778
14203,101,826.00,492.00,0,87786
14079,99,826.00,493.00,0,87794
13960,97,826.00,493.00,0,87802
13841,97,826.00,492.00,0,87812
13725,97,825.00,493.00,0,87820
13611,98,826.00,475.00,0,87828
13493,98,826.00,492.00,0,87836
13371,98,826.00,509.00,0,87844
13247,97,825.00,509.00,0,87853
13125,94,826.00,492.00,0,87861
13002,92,826.00,492.00,0,87869
12880,91,826.00,509.00,0,87878
12761,91,825.00,492.00,0,87886
12644,91,825.00,492.00,0,87895
12530,93,826.00,509.00,0,87903
12413,93,826.00,509.00,0,87911
12294,93,826.00,509.00,0,87919
12175,91,826.00,492.00,0,87927
12057,89,826.00,492.00,0,87936
11939,87,826.00,509.00,0,87944
11822,87,825.00,458.00,0,87953
11706,87,826.00,492.00,0,87961
11591,88,826.00,492.00,0,87969
11470,88,826.00,509.00,0,87977
11347,88,826.00,493.00,0,87986
11221,86,826.00,492.00,0,87994
11098,83,826.00,509.00,0,88002
10975,81,826.00,509.00,0,88010
10853,80,825.00,508.00,0,88019
10735,80,825.00,493.00,0,88028
10621,81,826.00,492.00,0,88036
10508,81,826.00,493.00,0,88044
10392,81,826.00,509.00,0,88052
10273,80,826.00,509.00,0,88060
10155,77,827.00,493.00,0,88069
10037,75,826.00,509.00,0,88077
9919,74,826.00,492.00,0,88085
9806,74,826.00,493.00,0,88093
9694,74,826.00,509.00,0,88101
9580,76,826.00,509.00,0,88110
9461,76,826.00,509.00,0,88118
9342,76,826.00,526.00,0,88126
9219,74,826.00,492.00,0,88134
9099,71,825.00,509.00,0,88141
8981,69,826.00,506.00,0,88150
8864,69,827.00,492.00,0,88158
8750,69,826.00,492.00,0,88166
8641,70,826.00,493.00,0,88174
8533,71,826.00,475.00,0,88182
8420,71,825.00,509.00,0,88190
8304,71,825.00,476.00,0,88199
8187,68,825.00,509.00,0,88206
8071,65,826.00,475.00,0,88214
7955,64,826.00,509.00,0,88222
7842,63,826.00,492.00,0,88230
7730,63,827.00,492.00,0,88239
7619,64,826.00,492.00,0,88247
7503,65,825.00,508.00,0,88255
7383,65,826.00,476.00,0,88263
7261,64,825.00,475.00,0,88270
7141,62,826.00,509.00,0,88279
7022,59,827.00,492.00,0,88287
6905,58,826.00,476.00,0,88295
6793,58,826.00,493.00,0,88303
6685,59,826.00,492.00,0,88311
6577,60,826.00,509.00,0,88320
6461,62,826.00,509.00,0,88328
6343,62,825.00,492.00,0,88335
6223,61,826.00,492.00,0,88343
6107,58,826.00,493.00,0,88351
5990,56,826.00,493.00,0,88359
5875,56,826.00,493.00,0,88368
5765,56,826.00,493.00,0,88376
5656,58,826.00,493.00,0,88384
5542,59,825.00,509.00,0,88391
5424,60,825.00,492.00,0,88399
5304,60,826.00,509.00,0,88408
5183,58,826.00,492.00,0,88416
5065,56,827.00,509.00,0,88424
4949,54,825.00,476.00,0,88432
4835,53,826.00,492.00,0,88440
4727,53,826.00,492.00,0,88449
4619,55,825.00,492.00,0,88456
4503,57,826.00,498.00,0,88464
4385,57,825.00,475.00,0,88472
4263,56,827.00,509.00,0,88480
4144,54,826.00,493.00,0,88488
4027,52,826.00,509.00,0,88497
3913,50,826.00,509.00,0,88505
3803,50,825.00,492.00,0,88513
3694,50,825.00,491.00,0,88520
3583,52,826.00,509.00,0,88528
3465,53,826.00,509.00,0,88537
3345,53,826.00,496.00,0,88545
3224,52,826.00,509.00,0,88553
3106,50,826.00,508.00,0,88561
2990,48,826.00,493.00,0,88569
2878,46,825.00,492.00,0,88578
2769,46,826.00,493.00,0,88585
2660,46,826.00,492.00,0,88593
2545,48,826.00,509.00,0,88601
2427,50,826.00,476.00,0,88609
2306,50,826.00,493.00,0,88617
2185,50,827.00,510.00,0,88626
2067,46,825.00,509.00,0,88634
1953,44,826.00,493.00,0,88641
1840,42,826.00,491.00,0,88649
1733,42,826.00,508.00,0,88657
1623,42,826.00,492.00,0,88666
1505,44,826.00,509.00,0,88674
1386,45,826.00,492.00,0,88682
1264,45,826.00,492.00,0,88690
1143,43,826.00,493.00,0,88698
1027,41,825.00,509.00,0,88706
915,39,825.00,508.00,0,88714
811,38,826.00,492.00,0,88722
706,38,826.00,492.00,0,88729
598,40,826.00,509.00,0,88737
483,42,826.00,509.00,0,88745
367,44,826.00,491.00,0,88753
250,44,826.00,509.00,0,88761
133,42,826.00,509.00,0,88768
19,39,827.00,492.00,0,88776
-79,35,0.00,475.00,0,88783
-117,33,0.00,408.00,0,88791
-92,32,0.00,374.00,0,88798
-16,32,804.00,341.00,0,88806
70,34,787.00,323.00,0,88813
152,36,463.00,341.00,0,88821
249,38,611.00,341.00,0,88829
355,40,760.00,324.00,0,88837
462,41,669.00,325.00,0,88845
570,42,779.00,324.00,0,88852
681,42,799.00,308.00,0,88860
796,40,806.00,308.00,0,88868
913,38,813.00,308.00,0,88876
1030,36,819.00,325.00,0,88884
1144,36,813.00,340.00,0,88892
1255,36,797.00,325.00,0,88900
1364,38,673.00,324.00,0,88908
1474,41,612.00,325.00,0,88916
1590,43,764.00,308.00,0,88924
1706,44,804.00,308.00,0,88932
1826,44,812.00,325.00,0,88940
1948,41,798.00,308.00,0,88948
2066,39,817.00,325.00,0,88956
2180,37,810.00,324.00,0,88965
2289,36,665.00,324.00,0,88973
2398,38,673.00,308.00,0,88981
2512,40,760.00,308.00,0,88988
2628,44,724.00,324.00,0,88996
2745,44,809.00,308.00,0,89005
2866,44,813.00,308.00,0,89013
2984,40,801.00,308.00,0,89021
3100,38,812.00,325.00,0,89029
3211,36,798.00,308.00,0,89037
3320,36,617.00,308.00,0,89046
3433,38,661.00,324.00,0,89053
3548,41,787.00,308.00,0,89061
3664,45,792.00,325.00,0,89069
3783,45,807.00,308.00,0,89077
3904,44,810.00,325.00,0,89085
4022,42,809.00,325.00,0,89094
4137,39,805.00,325.00,0,89102
4248,38,778.00,325.00,0,89110
4358,38,661.00,307.00,0,89117
4472,41,637.00,308.00,0,89125
4586,44,768.00,308.00,0,89134
4702,46,806.00,308.00,0,89142
4822,46,808.00,308.00,0,89150
4942,44,794.00,325.00,0,89158
5058,42,809.00,324.00,0,89166
5170,41,783.00,324.00,0,89174
5279,40,561.00,324.00,0,89182
5392,41,723.00,325.00,0,89190
5508,44,751.00,307.00,0,89198
5623,47,696.00,324.00,0,89206
5740,48,805.00,325.00,0,89214
5860,47,810.00,308.00,0,89223
5980,45,799.00,326.00,0,89231
6096,42,808.00,324.00,0,89238
6208,42,801.00,341.00,0,89246
6318,42,601.00,325.00,0,89254
6431,45,673.00,325.00,0,89263
6546,48,788.00,325.00,0,89271
6661,50,784.00,307.00,0,89279
6780,50,806.00,325.00,0,89287
6900,48,805.00,307.00,0,89295
7018,46,810.00,341.00,0,89303
7132,44,791.00,325.00,0,89311
7242,44,721.00,324.00,0,89319
7353,44,656.00,325.00,0,89327
7468,48,645.00,325.00,0,89335
7584,51,776.00,308.00,0,89344
7700,52,802.00,325.00,0,89352
7818,52,807.00,308.00,0,89360
7938,50,796.00,325.00,0,89367
8056,47,813.00,325.00,0,89375
8170,46,803.00,309.00,0,89383
8280,46,639.00,324.00,0,89392
8391,48,713.00,325.00,0,89400
8506,51,826.00,307.00,0,89408
8617,53,826.00,308.00,0,89416
8727,55,825.00,342.00,0,89423
8838,55,825.00,324.00,0,89432
8948,53,825.00,324.00,0,89440
9055,51,825.00,324.00,0,89448
9156,51,825.00,325.00,0,89456
9251,52,826.00,341.00,0,89464
9340,55,825.00,341.00,0,89473
9422,57,826.00,341.00,0,89481
9499,60,825.00,341.00,0,89488
9572,61,825.00,341.00,0,89496
9644,61,826.00,358.00,0,89504
9714,60,826.00,342.00,0,89512
9786,58,826.00,341.00,0,89521
9858,57,826.00,342.00,0,89529
9928,57,825.00,358.00,0,89537
9998,57,825.00,358.00,0,89545
10064,57,825.00,357.00,0,89553
10130,58,825.00,357.00,0,89562
10190,59,825.00,359.00,0,89570
10247,59,825.00,374.00,0,89578
10298,59,826.00,375.00,0,89586
10344,59,826.00,375.00,0,89594
10384,60,825.00,391.00,0,89603
10418,61,825.00,391.00,0,89612
10448,61,825.00,391.00,0,89620
10474,61,825.00,391.00,0,89628
10494,61,826.00,391.00,0,89636
10513,61,826.00,408.00,0,89645
10528,61,826.00,391.00,0,89653
10540,61,825.00,391.00,0,89661
10552,61,825.00,408.00,0,89669
10560,61,825.00,391.00,0,89678
10566,61,825.00,408.00,0,89687
10571,61,825.00,408.00,0,89695
10574,61,825.00,408.00,0,89703
10576,61,826.00,408.00,0,89711
10577,61,825.00,408.00,0,89719
10577,61,826.00,408.00,0,89728
10574,61,825.00,408.00,0,89736
10571,61,826.00,425.00,0,89745
10567,61,825.00,408.00,0,89753
10561,61,825.00,408.00,0,89761
10555,61,825.00,408.00,0,89769
10549,61,825.00,408.00,0,89778
10541,61,826.00,408.00,0,89786
10532,61,825.00,408.00,0,89794
10522,61,826.00,408.00,0,89802
10511,61,825.00,424.00,0,89811
10499,61,825.00,425.00,0,89820
10485,61,826.00,425.00,0,89828
10469,61,826.00,425.00,0,89836
10453,61,826.00,409.00,0,89844
10433,61,825.00,425.00,0,89852
10411,60,825.00,425.00,0,89861
10387,60,826.00,425.00,0,89869
10361,59,825.00,425.00,0,89878
10331,59,826.00,442.00,0,89886
10299,59,825.00,439.00,0,89894
10265,58,825.00,442.00,0,89903
10231,58,825.00,442.00,0,89911
10194,57,826.00,425.00,0,89919
10157,57,825.00,442.00,0,89927
10119,57,825.00,442.00,0,89935
10082,57,826.00,442.00,0,89945
10045,57,825.00,424.00,0,89953
10011,57,825.00,442.00,0,89961
9977,57,825.00,442.00,0,89969
9947,57,825.00,425.00,0,89977
9919,57,825.00,425.00,0,89985
9893,57,825.00,425.00,0,89993
9871,57,826.00,425.00,0,90001
9851,57,826.00,425.00,0,90009
9834,57,826.00,425.00,0,90017
9821,57,826.00,425.00,0,90025
9810,57,825.00,409.00,0,90034
9803,57,825.00,408.00,0,90042
9799,57,825.00,409.00,0,90049
9797,57,825.00,408.00,0,90057
9798,57,826.00,408.00,0,90065
9802,57,826.00,408.00,0,90074
9808,57,826.00,408.00,0,90082
9816,57,826.00,391.00,0,90090
9826,57,825.00,408.00,0,90098
9838,57,825.00,392.00,0,90105
9850,57,826.00,391.00,0,90114
9865,57,826.00,391.00,0,90122
9880,57,826.00,391.00,0,90130
9895,56,826.00,391.00,0,90138
9911,56,826.00,391.00,0,90146
9928,56,826.00,391.00,0,90155
9943,56,825.00,391.00,0,90163
9958,56,825.00,391.00,0,90170
9974,56,825.00,391.00,0,90178
9988,56,826.00,391.00,0,90186
10001,56,825.00,408.00,0,90194
10014,56,826.00,392.00,0,90203
10024,56,825.00,408.00,0,90212
10034,56,825.00,408.00,0,90220
10042,56,825.00,408.00,0,90228
10048,56,825.00,408.00,0,90236
10052,56,825.00,409.00,0,90245
10055,56,825.00,408.00,0,90253
10056,56,826.00,408.00,0,90261
10056,56,825.00,408.00,0,90269
10054,56,825.00,408.00,0,90278
10050,56,825.00,408.00,0,90287
10044,56,825.00,408.00,0,90295
10039,56,825.00,408.00,0,90303
10033,56,825.00,408.00,0,90311
10026,56,825.00,408.00,0,90319
10020,56,826.00,408.00,0,90328
10013,56,826.00,425.00,0,90336
10006,55,825.00,424.00,0,90345
10000,55,825.00,408.00,0,90353
9995,55,825.00,408.00,0,90361
9990,55,825.00,408.00,0,90369
9986,55,826.00,409.00,0,90377
9982,55,826.00,408.00,0,90385
9979,55,825.00,425.00,0,90393
9978,55,826.00,409.00,0,90401
9976,55,826.00,408.00,0,90409
9976,55,825.00,408.00,0,90418
9976,55,825.00,408.00,0,90426
9977,55,825.00,408.00,0,90433
9978,55,825.00,408.00,0,90441
9979,55,826.00,408.00,0,90449
9981,55,826.00,408.00,0,90458
9983,55,826.00,408.00,0,90466
9985,55,826.00,408.00,0,90474
9987,55,825.00,408.00,0,90482
9989,55,825.00,408.00,0,90489
9991,55,825.00,408.00,0,90498
9993,55,825.00,408.00,0,90506
9995,55,826.00,408.00,0,90514
9995,55,826.00,408.00,0,90522
9995,55,826.00,408.00,0,90530
9996,55,826.00,408.00,0,90539
9