9,-42,826.00,409.00,0,380656
159,-42,826.00,408.00,0,380664
159,-42,825.00,408.00,0,380673
159,-42,826.00,408.00,0,380682
159,-42,825.00,409.00,0,380690
159,-42,826.00,409.00,0,380698
159,-42,825.00,409.00,0,380706
159,-42,825.00,409.00,0,380715
159,-42,825.00,409.00,0,380723
159,-42,825.00,408.00,0,380731
159,-42,825.00,408.00,0,380739
159,-42,826.00,408.00,0,380748
159,-42,825.00,408.00,0,380756
159,-42,826.00,409.00,0,380765
159,-42,826.00,409.00,0,380773
159,-42,826.00,409.00,0,380781
159,-42,826.00,409.00,0,380789
159,-42,826.00,409.00,0,380797
159,-42,825.00,408.00,0,380806
159,-42,826.00,409.00,0,380815
159,-42,826.00,409.00,0,380823
159,-42,825.00,409.00,0,380831
159,-42,826.00,409.00,0,380839
159,-42,826.00,409.00,0,380848
159,-42,826.00,409.00,0,380856
159,-42,825.00,409.00,0,380864
159,-42,825.00,408.00,0,380872
159,-42,825.00,409.00,0,380881
159,-42,825.00,409.00,0,380890
159,-42,825.00,409.00,0,380898
159,-42,826.00,409.00,0,380906
159,-42,826.00,409.00,0,380914
159,-42,826.00,409.00,0,380922
159,-42,825.00,408.00,0,380931
159,-42,825.00,408.00,0,380939
159,-42,826.00,409.00,0,380948
159,-42,825.00,409.00,0,380956
159,-42,826.00,409.00,0,380964
159,-42,825.00,409.00,0,380973
159,-42,826.00,409.00,0,380981
159,-42,826.00,409.00,0,380989
159,-42,826.00,408.00,0,380997
159,-42,825.00,408.00,0,381005
159,-42,825.00,409.00,0,381015
159,-42,826.00,409.00,0,381023
159,-42,826.00,409.00,0,381031
159,-42,825.00,409.00,0,381039
159,-42,826.00,408.00,0,381047
159,-42,825.00,409.00,0,381056
159,-42,825.00,408.00,0,381064
159,-42,825.00,408.00,0,381072
159,-42,826.00,409.00,0,381081
159,-42,826.00,409.00,0,381089
159,-42,826.00,409.00,0,381097
159,-42,826.00,408.00,0,381106
159,-42,826.00,409.00,0,381114
159,-42,826.00,409.00,0,381122
159,-42,825.00,409.00,0,381130
159,-42,825.00,408.00,0,381138
159,-42,825.00,409.00,0,381148
159,-42,825.00,409.00,0,381156
159,-42,826.00,409.00,0,381164
159,-42,826.00,409.00,0,381172
159,-42,826.00,409.00,0,381180
159,-42,825.00,409.00,0,381189
159,-42,826.00,408.00,0,381197
159,-42,825.00,409.00,0,381205
159,-42,826.00,408.00,0,381214
159,-42,825.00,409.00,0,381222
159,-42,826.00,409.00,0,381231
159,-42,826.00,408.00,0,381239
159,-42,826.00,409.00,0,381247
159,-42,826.00,409.00,0,381255
159,-42,825.00,408.00,0,381263
159,-42,825.00,409.00,0,381272
159,-42,826.00,409.00,0,381281
159,-42,825.00,409.00,0,381289
159,-42,825.00,409.00,0,381297
159,-42,826.00,409.00,0,381305
159,-42,826.00,409.00,0,381314
159,-42,825.00,409.00,0,381322
159,-42,825.00,409.00,0,381330
159,-42,825.00,408.00,0,381338
159,-42,826.00,409.00,0,381347
159,-42,825.00,409.00,0,381356
159,-42,826.00,409.00,0,381364
159,-42,826.00,409.00,0,381372
159,-42,826.00,408.00,0,381380
159,-42,826.00,409.00,0,381388
159,-42,825.00,408.00,0,381396
159,-42,825.00,408.00,0,381405
159,-42,825.00,409.00,0,381414
159,-42,826.00,409.00,0,381422
159,-42,826.00,409.00,0,381430
159,-42,826.00,409.00,0,381438
159,-42,826.00,409.00,0,381447
159,-42,826.00,409.00,0,381455
159,-42,825.00,408.00,0,381463
159,-42,825.00,408.00,0,381471
159,-42,826.00,409.00,0,381480
159,-42,825.00,409.00,0,381489
159,-42,825.00,409.00,0,381497
159,-42,825.00,409.00,0,381505
159,-42,826.00,409.00,0,381513
159,-42,826.00,409.00,0,381521
159,-42,825.00,409.00,0,381530
159,-42,825.00,408.00,0,381538
159,-42,825.00,409.00,0,381547
159,-42,826.00,409.00,0,381555
159,-42,826.00,409.00,0,381563
159,-42,826.00,409.00,0,381572
159,-42,826.00,409.00,0,381580
159,-42,826.00,409.00,0,381588
159,-42,825.00,409.00,0,381596
159,-42,825.00,409.00,0,381604
159,-42,826.00,409.00,0,381614
159,-42,826.00,409.00,0,381622
159,-42,826.00,409.00,0,381630
159,-42,825.00,409.00,0,381638
159,-42,826.00,409.00,0,381646
159,-42,826.00,409.00,0,381655
159,-42,826.00,409.00,0,381663
159,-42,825.00,409.00,0,381671
159,-42,826.00,409.00,0,381680
159,-42,826.00,409.00,0,381688
159,-42,826.00,408.00,0,381697
159,-42,826.00,409.00,0,381705
159,-42,825.00,409.00,0,381713
159,-42,825.00,409.00,0,381721
159,-42,825.00,409.00,0,381729
159,-42,825.00,408.00,0,381737
159,-42,826.00,409.00,0,381747
159,-42,826.00,409.00,0,381755
159,-42,826.00,409.00,0,381763
159,-42,826.00,409.00,0,381771
159,-42,826.00,409.00,0,381779
159,-42,825.00,409.00,0,381788
159,-42,825.00,409.00,0,381796
159,-42,825.00,409.00,0,381804
159,-42,825.00,409.00,0,381813
159,-42,826.00,409.00,0,381821
159,-42,826.00,409.00,0,381830
159,-42,826.00,408.00,0,381838
159,-42,826.00,409.00,0,381846
159,-42,825.00,409.00,0,381854
159,-42,826.00,408.00,0,381862
159,-42,825.00,409.00,0,381871
159,-42,826.00,409.00,0,381880
159,-42,826.00,409.00,0,381888
159,-42,825.00,409.00,0,381896
159,-42,826.00,409.00,0,381904
159,-42,825.00,409.00,0,381913
159,-42,825.00,409.00,0,381921
159,-42,826.00,409.00,0,381929
159,-42,825.00,408.00,0,381937
159,-42,825.00,409.00,0,381946
159,-42,826.00,409.00,0,381955
159,-42,826.00,409.00,0,381963
159,-42,826.00,409.00,0,381971
159,-42,826.00,409.00,0,381979
159,-42,826.00,409.00,0,381987
159,-42,825.00,408.00,0,381996
159,-42,825.00,408.00,0,382004
159,-42,825.00,409.00,0,382013
159,-42,826.00,409.00,0,382021
159,-42,826.00,409.00,0,382029
159,-42,826.00,409.00,0,382038
159,-42,826.00,409.00,0,382046
159,-42,825.00,409.00,0,382054
159,-42,826.00,408.00,0,382062
159,-42,825.00,409.00,0,382070
159,-42,826.00,409.00,0,382080
159,-42,826.00,408.00,0,382088
159,-42,826.00,409.00,0,382096
159,-42,826.00,409.00,0,382104
159,-42,826.00,409.00,0,382112
159,-42,825.00,409.00,0,382120
159,-42,825.00,409.00,0,382129
159,-42,825.00,408.00,0,382137
159,-42,826.00,409.00,0,382146
159,-42,825.00,408.00,0,382154
159,-42,826.00,408.00,0,382162
159,-42,826.00,409.00,0,382171
159,-42,826.00,410.00,0,382179
159,-42,826.00,409.00,0,382187
159,-42,825.00,409.00,0,382195
159,-42,825.00,408.00,0,382203
159,-42,825.00,409.00,0,382213
159,-42,825.00,409.00,0,382221
159,-42,826.00,409.00,0,382229
159,-42,825.00,409.00,0,382237
159,-42,826.00,410.00,0,382245
159,-42,826.00,409.00,0,382254
159,-42,826.00,408.00,0,382262
159,-42,825.00,408.00,0,382270
159,-42,825.00,408.00,0,382279
159,-42,826.00,409.00,0,382287
159,-42,825.00,408.00,0,382296
159,-42,825.00,409.00,0,382304
159,-42,826.00,409.00,0,382312
159,-42,826.00,409.00,0,382320
159,-42,825.00,409.00,0,382328
159,-42,825.00,408.00,0,382337
159,-42,826.00,409.00,0,382346
159,-42,825.00,408.00,0,382354
159,-42,826.00,409.00,0,382362
159,-42,826.00,409.00,0,382370
159,-42,826.00,408.00,0,382379
159,-42,826.00,409.00,0,382387
159,-42,825.00,408.00,0,382395
159,-42,826.00,408.00,0,382403
159,-42,825.00,409.00,0,382412
159,-42,825.00,409.00,0,382420
159,-42,826.00,409.00,0,382429
159,-42,825.00,409.00,0,382437
159,-42,826.00,409.00,0,382445
159,-42,825.00,408.00,0,382453
159,-42,826.00,408.00,0,382461
159,-42,825.00,408.00,0,382470
159,-42,825.00,409.00,0,382479
159,-42,825.00,409.00,0,382487
159,-42,825.00,409.00,0,382495
159,-42,825.00,409.00,0,382503
159,-42,825.00,409.00,0,382512
159,-42,826.00,409.00,0,382520
159,-42,825.00,409.00,0,382528
159,-42,825.00,408.00,0,382536
159,-42,826.00,408.00,0,382545
159,-42,826.00,409.00,0,382554
159,-42,826.00,409.00,0,382562
159,-42,826.00,409.00,0,382570
159,-42,826.00,409.00,0,382578
159,-42,826.00,409.00,0,382586
159,-42,825.00,408.00,0,382595
159,-42,826.00,408.00,0,382603
159,-42,825.00,409.00,0,382612
159,-42,826.00,409.00,0,382620
159,-42,826.00,409.00,0,382628
159,-42,826.00,409.00,0,382637
159,-42,826.00,409.00,0,382645
159,-42,825.00,409.00,0,382653
159,-42,826.00,409.00,0,382661
159,-42,825.00,409.00,0,382669
159,-42,826.00,409.00,0,382679
159,-42,825.00,409.00,0,382687
159,-42,825.00,409.00,0,382695
159,-42,826.00,409.00,0,382703
159,-42,826.00,409.00,0,382711
159,-42,826.00,409.00,0,382720
159,-42,825.00,408.00,0,382728
159,-42,825.00,408.00,0,382736
159,-42,826.00,409.00,0,382745
159,-42,825.00,409.00,0,382753
159,-42,825.00,409.00,0,382761
159,-42,825.00,409.00,0,382770
159,-42,826.00,409.00,0,382778
159,-42,826.00,409.00,0,382786
159,-42,825.00,408.00,0,382794
159,-42,826.00,408.00,0,382802
159,-42,825.00,409.00,0,382812
159,-42,826.00,409.00,0,382820
159,-42,825.00,409.00,0,382828
159,-42,826.00,409.00,0,382836
159,-42,826.00,409.00,0,382844
159,-42,826.00,409.00,0,382853
159,-42,826.00,409.00,0,382861
159,-42,825.00,408.00,0,382869
159,-42,825.00,409.00,0,382878
159,-42,826.00,409.00,0,382886
159,-42,825.00,409.00,0,382895
159,-42,826.00,409.00,0,382903
159,-42,826.00,409.00,0,382911
159,-42,826.00,409.00,0,382919
159,-42,825.00,409.00,0,382927
159,-42,825.00,408.00,0,382936
159,-42,826.00,409.00,0,382945
159,-42,825.00,409.00,0,382953
159,-42,826.00,409.00,0,382961
159,-42,825.00,409.00,0,382969
159,-42,826.00,409.00,0,382978
159,-42,826.00,409.00,0,382986
159,-42,826.00,408.00,0,382994
159,-42,825.00,408.00,0,383002
159,-42,825.00,409.00,0,383011
159,-42,826.00,409.00,0,383020
159,-42,826.00,409.00,0,383028
159,-42,825.00,409.00,0,383036
159,-42,826.00,409.00,0,383044
159,-42,826.00,409.00,0,383052
159,-42,826.00,408.00,0,383060
159,-42,825.00,408.00,0,383069
159,-42,826.00,409.00,0,383078
159,-42,825.00,409.00,0,383086
159,-42,826.00,409.00,0,383094
159,-42,826.00,409.00,0,383102
159,-42,825.00,409.00,0,383111
159,-42,826.00,409.00,0,383119
159,-42,825.00,409.00,0,383127
159,-42,825.00,409.00,0,383135
159,-42,826.00,409.00,0,383144
159,-42,825.00,409.00,0,383153
159,-42,826.00,409.00,0,383161
159,-42,826.00,409.00,0,383169
159,-42,826.00,409.00,0,383177
159,-42,825.00,409.00,0,383185
159,-42,825.00,408.00,0,383194
159,-42,825.00,408.00,0,383202
159,-42,825.00,408.00,0,383211
159,-42,826.00,409.00,0,383219
159,-42,825.00,409.00,0,383227
159,-42,826.00,409.00,0,383236
159,-42,826.00,408.00,0,383244
159,-42,825.00,408.00,0,383252
159,-42,826.00,408.00,0,383260
159,-42,825.00,408.00,0,383268
159,-42,826.00,409.00,0,383278
159,-42,825.00,409.00,0,383286
159,-42,825.00,409.00,0,383294
159,-42,826.00,409.00,0,383302
159,-42,825.00,408.00,0,383310
159,-42,826.00,409.00,0,383319
159,-42,825.00,409.00,0,383327
159,-42,825.00,409.00,0,383335
159,-42,825.00,409.00,0,383344
159,-42,826.00,409.00,0,383352
159,-42,826.00,409.00,0,383361
159,-42,826.00,408.00,0,383369
159,-42,827.00,409.00,0,383377
159,-42,826.00,409.00,0,383385
159,-42,825.00,408.00,0,383393
159,-42,825.00,409.00,0,383401
159,-42,825.00,409.00,0,383411
159,-42,825.00,409.00,0,383419
159,-42,826.00,409.00,0,383427
159,-42,825.00,409.00,0,383435
159,-42,826.00,408.00,0,383443
159,-42,826.00,409.00,0,383452
159,-42,825.00,409.00,0,383460
159,-42,825.00,408.00,0,383468
159,-42,826.00,409.00,0,383477
159,-42,826.00,409.00,0,383485
159,-42,825.00,409.00,0,383494
159,-42,826.00,409.00,0,383502
159,-42,826.00,408.00,0,383510
159,-42,826.00,409.00,0,383518
159,-42,825.00,408.00,0,383526
159,-42,825.00,409.00,0,383535
159,-42,825.00,409.00,0,383544
159,-42,826.00,409.00,0,383552
159,-42,826.00,409.00,0,383560
159,-42,826.00,408.00,0,383568
159,-42,826.00,409.00,0,383577
159,-42,826.00,409.00,0,383585
159,-42,825.00,409.00,0,383593
159,-42,825.00,408.00,0,383601
159,-42,825.00,408.00,0,383610
159,-42,826.00,409.00,0,383619
159,-42,825.00,408.00,0,383627
159,-42,826.00,409.00,0,383635
159,-42,826.00,409.00,0,383643
159,-42,825.00,409.00,0,383651
159,-42,826.00,409.00,0,383660
159,-42,825.00,408.00,0,383668
159,-42,825.00,409.00,0,383677
159,-42,826.00,409.00,0,383685
159,-42,825.00,409.00,0,383693
159,-42,825.00,409.00,0,383702
159,-42,825.00,409.00,0,383710
159,-42,826.00,409.00,0,383718
159,-42,826.00,408.00,0,383726
159,-42,825.00,409.00,0,383734
159,-42,826.00,409.00,0,383744
159,-42,826.00,409.00,0,383752
159,-42,826.00,409.00,0,383760
159,-42,826.00,409.00,0,383768
159,-42,826.00,409.00,0,383776
159,-42,825.00,409.00,0,383784
159,-42,826.00,409.00,0,383793
159,-42,825.00,408.00,0,383801
159,-42,826.00,409.00,0,383810
159,-42,826.00,409.00,0,383818
159,-42,826.00,409.00,0,383826
159,-42,826.00,409.00,0,383835
159,-42,826.00,409.00,0,383843
159,-42,825.00,409.00,0,383851
159,-42,826.00,409.00,0,383859
159,-42,825.00,409.00,0,383867
159,-42,826.00,409.00,0,383877
159,-42,825.00,409.00,0,383885
159,-42,826.00,409.00,0,383893
159,-42,826.00,409.00,0,383901
159,-42,826.00,409.00,0,383909
159,-42,825.00,409.00,0,383918
159,-42,825.00,408.00,0,383926
159,-42,825.00,409.00,0,383934
159,-42,825.00,409.00,0,383943
159,-42,826.00,408.00,0,383951
159,-42,826.00,409.00,0,383960
159,-42,825.00,409.00,0,383968
159,-42,826.00,409.00,0,383976
159,-42,826.00,409.00,0,383984
159,-42,825.00,409.00,0,383992
159,-42,825.00,408.00,0,384001
159,-42,825.00,409.00,0,384010
159,-42,826.00,409.00,0,384018
159,-42,826.00,409.00,0,384026
159,-42,825.00,409.00,0,384034
159,-42,826.00,409.00,0,384043
159,-42,826.00,409.00,0,384051
159,-42,826.00,409.00,0,384059
159,-42,825.00,408.00,0,384067
159,-42,825.00,409.00,0,384076
159,-42,826.00,408.00,0,384084
159,-42,826.00,409.00,0,384093
159,-42,826.00,409.00,0,384101
159,-42,825.00,409.00,0,384109
159,-42,826.00,409.00,0,384117
159,-42,826.00,408.00,0,384125
159,-42,825.00,408.00,0,384134
159,-42,826.00,409.00,0,384143
159,-42,826.00,409.00,0,384151
159,-42,825.00,409.00,0,384159
159,-42,825.00,409.00,0,384167
159,-42,826.00,409.00,0,384176
159,-42,825.00,409.00,0,384184
159,-42,825.00,409.00,0,384192
159,-42,825.00,408.00,0,384200
159,-42,826.00,408.00,0,384209
159,-42,826.00,408.00,0,384218
159,-42,825.00,409.00,0,384226
159,-42,826.00,409.00,0,384234
159,-42,825.00,409.00,0,384242
159,-42,825.00,409.00,0,384250
159,-42,826.00,408.00,0,384259
159,-42,825.00,408.00,0,384267
159,-42,825.00,409.00,0,384276
159,-42,825.00,409.00,0,384284
159,-42,826.00,409.00,0,384292
159,-42,825.00,409.00,0,384301
159,-42,825.00,409.00,0,384309
159,-42,826.00,409.00,0,384317
159,-42,826.00,408.00,0,384325
159,-42,825.00,408.00,0,384333
159,-42,825.00,409.00,0,384343
159,-42,826.00,408.00,0,384351
159,-42,825.00,409.00,0,384359
159,-42,826.00,409.00,0,384367
159,-42,826.00,408.00,0,384375
159,-42,826.00,409.00,0,384384
159,-42,826.00,408.00,0,384392
159,-42,825.00,408.00,0,384400
159,-42,826.00,409.00,0,384409
159,-42,826.00,409.00,0,384417
159,-42,826.00,409.00,0,384425
159,-42,826.00,409.00,0,384434
159,-42,826.00,409.00,0,384442
159,-42,826.00,409.00,0,384450
159,-42,825.00,408.00,0,384458
159,-42,825.00,408.00,0,384466
159,-42,826.00,408.00,0,384476
159,-42,826.00,409.00,0,384484
159,-42,825.00,409.00,0,384492
159,-42,826.00,409.00,0,384500
159,-42,826.00,409.00,0,384508
159,-42,826.00,409.00,0,384517
159,-42,826.00,408.00,0,384525
159,-42,825.00,408.00,0,384533
159,-42,825.00,409.00,0,384542
159,-42,826.00,409.00,0,384550
159,-42,826.00,409.00,0,384559
159,-42,826.00,409.00,0,384567
159,-42,826.00,409.00,0,384575
159,-42,826.00,409.00,0,384583
159,-42,825.00,409.00,0,384591
159,-42,825.00,408.00,0,384600
159,-42,826.00,409.00,0,384609
159,-42,826.00,409.00,0,384617
159,-42,826.00,409.00,0,384625
159,-42,826.00,409.00,0,384633
159,-42,826.00,409.00,0,384642
159,-42,826.00,409.00,0,384650
159,-42,826.00,408.00,0,384658
159,-42,825.00,408.00,0,384666
159,-42,826.00,409.00,0,384675
159,-42,825.00,409.00,0,384684
159,-42,825.00,409.00,0,384692
159,-42,826.00,409.00,0,384700
159,-42,826.00,409.00,0,384708
159,-42,826.00,409.00,0,384716
159,-42,826.00,409.00,0,384724
159,-42,825.00,408.00,0,384733
159,-42,825.00,409.00,0,384742
159,-42,826.00,409.00,0,384750
159,-42,826.00,409.00,0,384758
159,-42,826.00,409.00,0,384766
159,-42,826.00,409.00,0,384775
159,-42,826.00,409.00,0,384783
159,-42,826.00,409.00,0,384791
159,-42,825.00,408.00,0,384799
159,-42,825.00,409.00,0,384808
159,-42,826.00,409.00,0,384817
159,-42,826.00,409.00,0,384825
159,-42,826.00,409.00,0,384833
159,-42,826.00,409.00,0,384841
159,-42,825.00,409.00,0,384849
159,-42,826.00,408.00,0,384858
159,-42,825.00,408.00,0,384866
159,-42,825.00,409.00,0,384875
159,-42,826.00,409.00,0,384883
159,-42,826.00,409.00,0,384891
159,-42,826.00,409.00,0,384900
159,-42,825.00,408.00,0,384908
159,-42,826.00,408.00,0,384916
159,-42,826.00,408.00,0,384924
159,-42,825.00,408.00,0,384932
159,-42,825.00,409.00,0,384942
159,-42,826.00,409.00,0,384950
159,-42,825.00,409.00,0,384958
159,-42,826.00,409.00,0,384966
159,-42,826.00,408.00,0,384974
159,-42,826.00,409.00,0,384983
159,-42,825.00,409.00,0,384991
159,-42,825.00,408.00,0,384999
159,-42,825.00,409.00,0,385008
159,-42,826.00,409.00,0,385016
159,-42,826.00,409.00,0,385025
159,-42,826.00,408.00,0,385033
159,-42,826.00,409.00,0,385041
159,-42,825.00,409.00,0,385049
159,-42,825.00,408.00,0,385057
159,-42,825.00,408.00,0,385065
159,-42,826.00,409.00,0,385075
159,-42,826.00,409.00,0,385083
159,-42,826.00,409.00,0,385091
159,-42,826.00,409.00,0,385099
159,-42,826.00,409.00,0,385107
159,-42,825.00,409.00,0,385116
159,-42,826.00,408.00,0,385124
159,-42,825.00,408.00,0,385132
159,-42,826.00,409.00,0,385141
159,-42,826.00,409.00,0,385149
159,-42,826.00,409.00,0,385158
159,-42,825.00,409.00,0,385166
159,-42,826.00,409.00,0,385174
159,-42,826.00,409.00,0,385182
159,-42,826.00,408.00,0,385190
159,-42,825.00,409.00,0,385199
159,-42,826.00,409.00,0,385208
159,-42,826.00,409.00,0,385216
159,-42,826.00,409.00,0,385224
159,-42,826.00,409.00,0,385232
159,-42,826.00,409.00,0,385241
159,-42,826.00,409.00,0,385249
159,-42,826.00,408.00,0,385257
159,-42,825.00,408.00,0,385265
159,-42,826.00,408.00,0,385274
159,-42,826.00,409.00,0,385283
159,-42,826.00,409.00,0,385291
159,-42,826.00,409.00,0,385299
159,-42,825.00,408.00,0,385307
159,-42,826.00,409.00,0,385315
159,-42,825.00,409.00,0,385324
159,-42,825.00,408.00,0,385332
159,-42,825.00,409.00,0,385341
159,-42,825.00,409.00,0,385349
159,-42,825.00,409.00,0,385357
159,-42,825.00,408.00,0,385366
159,-42,826.00,408.00,0,385374
159,-42,826.00,409.00,0,385382
159,-42,826.00,408.00,0,385390
159,-42,825.00,409.00,0,385398
159,-42,825.00,409.00,0,385408
159,-42,825.00,409.00,0,385416
159,-42,826.00,409.00,0,385424
159,-42,826.00,408.00,0,385432
159,-42,826.00,409.00,0,385440
159,-42,826.00,408.00,0,385448
159,-42,825.00,409.00,0,385457
159,-42,825.00,408.00,0,385465
159,-42,825.00,409.00,0,385474
159,-42,825.00,409.00,0,385482
159,-42,826.00,408.00,0,385490
159,-42,826.00,409.00,0,385499
159,-42,825.00,408.00,0,385507
159,-42,825.00,409.00,0,385515
159,-42,826.00,408.00,0,385523
159,-42,825.00,408.00,0,385531
159,-42,825.00,409.00,0,385541
159,-42,826.00,409.00,0,385549
159,-42,826.00,409.00,0,385557
159,-42,826.00,408.00,0,385565
159,-42,826.00,409.00,0,385573
159,-42,825.00,408.00,0,385582
159,-42,825.00,409.00,0,385590
159,-42,825.00,408.00,0,385598
159,-42,825.00,409.00,0,385607
159,-42,825.00,409.00,0,385615
159,-42,825.00,408.00,0,385624
159,-42,826.00,409.00,0,385632
159,-42,826.00,409.00,0,385640
159,-42,825.00,409.00,0,385648
159,-42,825.00,408.00,0,385656
159,-42,825.00,408.00,0,385665
159,-42,825.00,409.00,0,385674
159,-42,826.00,409.00,0,385682
159,-42,825.00,408.00,0,385690
159,-42,826.00,408.00,0,385698
159,-42,825.00,409.00,0,385707
159,-42,826.00,409.00,0,385715
159,-42,825.00,409.00,0,385723
159,-42,825.00,408.00,0,385731
159,-42,825.00,409.00,0,385740
159,-42,825.00,409.00,0,385748
159,-42,826.00,409.00,0,385757
159,-42,825.00,409.00,0,385765
159,-42,826.00,409.00,0,385773
159,-42,826.00,409.00,0,385781
159,-42,825.00,408.00,0,385789
159,-42,825.00,409.00,0,385798
159,-42,826.00,409.00,0,385807
159,-42,826.00,409.00,0,385815
159,-42,825.00,409.00,0,385823
159,-42,825.00,409.00,0,385831
159,-42,826.00,409.00,0,385840
159,-42,825.00,409.00,0,385848
159,-42,825.00,408.00,0,385856
159,-42,824.00,408.00,0,385864
159,-42,825.00,409.00,0,385873
159,-42,825.00,409.00,0,385882
159,-42,826.00,408.00,0,385890
159,-42,825.00,408.00,0,385898
159,-42,825.00,409.00,0,385906
159,-42,825.00,409.00,0,385914
159,-42,825.00,408.00,0,385923
159,-42,825.00,408.00,0,385931
159,-42,825.00,409.00,0,385940
159,-42,826.00,409.00,0,385948
159,-42,826.00,409.00,0,385956
159,-42,825.00,409.00,0,385965
159,-42,826.00,409.00,0,385973
159,-42,826.00,409.00,0,385981
159,-42,825.00,409.00,0,385989
159,-42,825.00,409.00,0,385997
159,-42,825.00,408.00,0,386007
159,-42,826.00,409.00,0,386015
159,-42,825.00,409.00,0,386023
159,-42,826.00,409.00,0,386031
159,-42,825.00,409.00,0,386039
159,-42,826.00,409.00,0,386048
159,-42,825.00,409.00,0,386056
159,-42,825.00,408.00,0,386064
159,-42,825.00,409.00,0,386073
159,-42,825.00,409.00,0,386081
159,-42,825.00,409.00,0,386089
159,-42,826.00,409.00,0,386098
159,-42,825.00,409.00,0,386106
159,-42,826.00,409.00,0,386114
159,-42,825.00,408.00,0,386122
159,-42,825.00,408.00,0,386130
159,-42,825.00,409.00,0,386140
159,-42,825.00,409.00,0,386148
159,-42,826.00,409.00,0,386156
159,-42,825.00,409.00,0,386164
159,-42,826.00,409.00,0,386172
159,-42,826.00,409.00,0,386181
159,-42,826.00,408.00,0,386189
159,-42,825.00,408.00,0,386197
159,-42,826.00,408.00,0,386206
159,-42,826.00,409.00,0,386214
159,-42,825.00,408.00,0,386223
159,-42,826.00,409.00,0,386231
159,-42,826.00,409.00,0,386239
159,-42,825.00,409.00,0,386247
159,-42,825.00,409.00,0,386255
159,-42,825.00,409.00,0,386264
159,-42,826.00,409.00,0,386273
159,-42,825.00,409.00,0,386281
159,-42,826.00,409.00,0,386289
159,-42,825.00,409.00,0,386297
159,-42,826.00,409.00,0,386306
159,-42,826.00,409.00,0,386314
159,-42,825.00,408.00,0,386322
159,-42,825.00,408.00,0,386330
159,-42,825.00,408.00,0,386339
159,-42,826.00,409.00,0,386348
159,-42,826.00,409.00,0,386356
159,-42,825.00,409.00,0,386364
159,-42,826.00,409.00,0,386372
159,-42,826.00,409.00,0,386380
159,-42,826.00,408.00,0,386388
159,-42,825.00,408.00,0,386397
159,-42,825.00,408.00,0,386406
159,-42,826.00,409.00,0,386414
159,-42,825.00,409.00,0,386422
159,-42,825.00,409.00,0,386430
159,-42,825.00,409.00,0,386439
159,-42,826.00,408.00,0,386447
159,-42,825.00,408.00,0,386455
159,-42,825.00,408.00,0,386463
159,-42,826.00,409.00,0,386472
159,-42,826.00,409.00,0,386481
159,-42,826.00,409.00,0,386489
159,-42,826.00,409.00,0,386497
159,-42,825.00,409.00,0,386505
159,-42,825.00,409.00,0,386513
159,-42,825.00,409.00,0,386522
159,-42,825.00,408.00,0,386530
159,-42,825.00,409.00,0,386539
159,-42,826.00,409.00,0,386547
159,-42,826.00,409.00,0,386555
159,-42,826.00,409.00,0,386564
159,-42,825.00,409.00,0,386572
159,-42,826.00,409.00,0,386580
159,-42,825.00,408.00,0,386588
159,-42,825.00,409.00,0,386596
159,-42,825.00,409.00,0,386606
163,-42,0.00,391.00,0,386613
217,-42,0.00,341.00,0,386621
315,-42,503.00,308.00,0,386629
428,-42,624.00,343.00,0,386637
536,-42,391.00,308.00,0,386646
654,-42,790.00,325.00,0,386654
777,-42,812.00,325.00,0,386662
911,-42,826.00,308.00,0,386671
1046,-42,827.00,341.00,0,386679
1173,-42,826.00,326.00,0,386688
1277,-42,588.00,341.00,0,386697
1375,-41,0.00,325.00,0,386705
1487,-40,363.00,325.00,0,386713
1611,-38,594.00,325.00,0,386721
1735,-36,735.00,325.00,0,386731
1869,-34,826.00,309.00,0,386739
2013,-32,826.00,292.00,0,386747
2149,-30,826.00,325.00,0,386756
2265,-28,819.00,325.00,0,386764
2363,-28,157.00,325.00,0,386774
2474,-27,356.00,325.00,0,386782
2599,-27,757.00,326.00,0,386790
2721,-27,715.00,309.00,0,386799
2849,-27,816.00,291.00,0,386807
2980,-28,826.00,325.00,0,386817
3104,-29,809.00,326.00,0,386825
3211,-29,202.00,357.00,0,386833
3324,-29,218.00,307.00,0,386842
3446,-29,364.00,308.00,0,386850
3569,-28,368.00,308.00,0,386859
3694,-27,651.00,307.00,0,386868
3825,-24,815.00,292.00,0,386876
3965,-21,826.00,308.00,0,386885
4101,-17,826.00,325.00,0,386893
4221,-15,819.00,341.00,0,386902
4321,-11,249.00,326.00,0,386911
4433,-9,233.00,308.00,0,386919
4553,-7,558.00,308.00,0,386927
4672,-5,739.00,308.00,0,386935
4793,-3,806.00,325.00,0,386944
4919,-1,819.00,324.00,0,386952
5044,-1,798.00,342.00,0,386960
5153,1,529.00,325.00,0,386968
5255,2,69.00,325.00,0,386976
5366,3,252.00,308.00,0,386984
5481,5,413.00,325.00,0,386993
5597,7,459.00,324.00,0,387001
5715,10,618.00,325.00,0,387009
5843,13,813.00,309.00,0,387017
5976,17,825.00,309.00,0,387025
6105,22,826.00,325.00,0,387034
6221,27,804.00,325.00,0,387042
6320,31,218.00,325.00,0,387050
6431,37,273.00,308.00,0,387058
6553,41,531.00,308.00,0,387067
6671,46,732.00,308.00,0,387076
6793,51,803.00,308.00,0,387084
6918,55,821.00,341.00,0,387092
7043,59,796.00,309.00,0,387100
7156,63,678.00,308.00,0,387108
7263,65,218.00,325.00,0,387117
7379,68,284.00,341.00,0,387125
7499,71,493.00,325.00,0,387134
7618,74,577.00,308.00,0,387142
7741,78,734.00,326.00,0,387150
7867,82,816.00,325.00,0,387159
7997,87,820.00,292.00,0,387167
8123,91,824.00,325.00,0,387175
8236,95,792.00,325.00,0,387183
8341,98,320.00,342.00,0,387191
8455,101,492.00,307.00,0,387201
8579,103,633.00,309.00,0,387209
8701,106,636.00,308.00,0,387218
8827,108,807.00,321.00,0,387226
8956,109,817.00,310.00,0,387234
9081,111,800.00,308.00,0,387244
9195,111,440.00,325.00,0,387252
9311,113,398.00,325.00,0,387260
9433,114,433.00,308.00,0,387269
9555,117,406.00,325.00,0,387277
9679,120,641.00,309.00,0,387287
9807,125,803.00,307.00,0,387295
9937,131,819.00,322.00,0,387303
10067,137,804.00,325.00,0,387312
10193,142,800.00,325.00,0,387321
10308,147,488.00,325.00,0,387330
10429,151,491.00,309.00,0,387339
10557,155,552.00,308.00,0,387347
10683,159,671.00,308.00,0,387356
10812,161,805.00,308.00,0,387365
10943,162,806.00,308.00,0,387374
11072,162,794.00,324.00,0,387383
11191,162,496.00,341.00,0,387392
11311,162,489.00,325.00,0,387400
11437,163,498.00,308.00,0,387409
11563,165,445.00,325.00,0,387419
11692,169,638.00,309.00,0,387427
11823,173,804.00,325.00,0,387436
11957,179,813.00,308.00,0,387444
12087,185,805.00,326.00,0,387453
12209,191,649.00,326.00,0,387463
12328,195,531.00,325.00,0,387471
12453,199,635.00,325.00,0,387480
12579,201,636.00,325.00,0,387489
12706,204,635.00,307.00,0,387497
12835,205,802.00,325.00,0,387507
12967,205,809.00,325.00,0,387516
13094,205,795.00,325.00,0,387524
13212,205,401.00,341.00,0,387533
13335,205,521.00,324.00,0,387542
13461,206,566.00,341.00,0,387551
13587,209,533.00,325.00,0,387560
13715,213,566.00,325.00,0,387568
13847,219,803.00,308.00,0,387577
13977,226,807.00,308.00,0,387587
14105,232,803.00,325.00,0,387595
14226,237,562.00,325.00,0,387604
14349,241,565.00,325.00,0,387612
14476,243,683.00,308.00,0,387621
14602,245,662.00,315.00,0,387631
14729,247,681.00,325.00,0,387639
14859,247,806.00,325.00,0,387648
14989,247,797.00,325.00,0,387657
15114,247,756.00,325.00,0,387665
15233,247,458.00,341.00,0,387675
15359,248,503.00,308.00,0,387684
15485,251,574.00,325.00,0,387692
15611,255,587.00,308.00,0,387701
15739,261,652.00,325.00,0,387709
15871,267,799.00,308.00,0,387719
16000,273,799.00,308.00,0,387728
16125,278,791.00,308.00,0,387736
16247,281,564.00,308.00,0,387745
16373,283,544.00,325.00,0,387755
16498,285,681.00,325.00,0,387763
16625,285,688.00,308.00,0,387772
16752,285,734.00,325.00,0,387781
16882,286,788.00,325.00,0,387789
17011,287,792.00,309.00,0,387799
17134,287,681.00,308.00,0,387807
17256,289,532.00,325.00,0,387816
17381,291,435.00,325.00,0,387825
17508,295,562.00,325.00,0,387833
17635,301,648.00,324.00,0,387843
17763,307,733.00,325.00,0,387852
17894,313,783.00,323.00,0,387860
18022,318,789.00,325.00,0,387869
18145,321,733.00,325.00,0,387877
18269,323,643.00,325.00,0,387887
18395,323,464.00,325.00,0,387896
18521,323,612.00,325.00,0,387904
18647,323,709.00,342.00,0,387913
18775,324,787.00,341.00,0,387922
18905,325,786.00,308.00,0,387931
19033,327,715.00,309.00,0,387940
19156,329,645.00,308.00,0,387949
19279,332,634.00,308.00,0,387957
19405,335,572.00,325.00,0,387966
19531,340,531.00,317.00,0,387975
19659,345,664.00,307.00,0,387984
19787,350,791.00,308.00,0,387993
19916,355,800.00,309.00,0,388001
20043,358,742.00,341.00,0,388011
20167,360,682.00,308.00,0,388020
20291,361,706.00,308.00,0,388028
20418,361,624.00,325.00,0,388037
20544,362,548.00,340.00,0,388045
20671,363,663.00,309.00,0,388055
20799,365,793.00,308.00,0,388064
20929,367,802.00,308.00,0,388072
21055,371,641.00,308.00,0,388081
21179,373,614.00,320.00,0,388090
21303,376,666.00,308.00,0,388099
21429,379,603.00,308.00,0,388108
21555,383,508.00,325.00,0,388117
21682,387,638.00,326.00,0,388125
21811,391,801.00,325.00,0,388134
21939,395,803.00,324.00,0,388143
22065,397,673.00,325.00,0,388152
22189,399,606.00,330.00,0,388161
22315,399,713.00,342.00,0,388169
22441,401,683.00,325.00,0,388178
22567,401,573.00,325.00,0,388188
22695,404,632.00,308.00,0,388196
22823,407,794.00,308.00,0,388205
22951,409,804.00,308.00,0,388214
23077,412,665.00,324.00,0,388222
23201,415,558.00,313.00,0,388232
23327,417,684.00,325.00,0,388240
23453,419,651.00,325.00,0,388249
23579,422,575.00,325.00,0,388258
23706,425,582.00,325.00,0,388267
23835,429,800.00,325.00,0,388276
23963,433,798.00,308.00,0,388285
24088,435,696.00,325.00,0,388293
24212,437,536.00,309.00,0,388302
24338,437,664.00,308.00,0,388311
24465,439,676.00,325.00,0,388320
24591,441,637.00,325.00,0,388329
24717,443,548.00,324.00,0,388337
24847,447,786.00,309.00,0,388346
24975,450,801.00,325.00,0,388356
25099,453,692.00,326.00,0,388364
25224,455,587.00,325.00,0,388373
25351,456,642.00,326.00,0,388382
25477,459,673.00,325.00,0,388390
25602,461,642.00,325.00,0,388400
25729,464,633.00,308.00,0,388408
25859,467,773.00,308.00,0,388417
25986,471,786.00,308.00,0,388426
26110,473,696.00,325.00,0,388434
26235,475,607.00,324.00,0,388444
26361,477,607.00,307.00,0,388453
26488,479,669.00,325.00,0,388461
26615,481,675.00,308.00,0,388470
26741,485,648.00,325.00,0,388478
26871,487,738.00,309.00,0,388488
26998,490,789.00,325.00,0,388497
27123,492,707.00,308.00,0,388505
27248,493,649.00,325.00,0,388514
27373,495,587.00,325.00,0,388524
27499,497,664.00,325.00,0,388532
27625,499,672.00,309.00,0,388541
27753,503,689.00,325.00,0,388550
27881,506,694.00,325.00,0,388558
28009,509,728.00,308.00,0,388568
28133,512,691.00,309.00,0,388576
28259,514,650.00,308.00,0,388585
28385,517,522.00,308.00,0,388594
28511,519,638.00,325.00,0,388602
28638,521,700.00,326.00,0,388612
28765,524,732.00,308.00,0,388621
28894,527,669.00,308.00,0,388629
29020,529,708.00,325.00,0,388638
29145,530,722.00,325.00,0,388647
29270,531,693.00,325.00,0,388656
29397,533,472.00,325.00,0,388665
29523,535,621.00,341.00,0,388673
29649,538,667.00,325.00,0,388682
29777,541,754.00,309.00,0,388691
29905,545,739.00,324.00,0,388700
30031,549,647.00,308.00,0,388709
30157,552,684.00,308.00,0,388718
30282,554,719.00,325.00,0,388726
30409,556,641.00,325.00,0,388736
30535,557,590.00,308.00,0,388744
30661,559,682.00,325.00,0,388753
30789,562,768.00,309.00,0,388762
30917,564,780.00,308.00,0,388770
31043,566,694.00,325.00,0,388780
31167,567,685.00,342.00,0,388789
31293,569,728.00,325.00,0,388797
31420,572,633.00,325.00,0,388806
31546,575,569.00,325.00,0,388815
31672,578,655.00,307.00,0,388824
31800,582,785.00,309.00,0,388833
31929,585,786.00,308.00,0,388841
32054,589,601.00,326.00,0,388850
32179,591,645.00,325.00,0,388859
32305,592,730.00,308.00,0,388868
32431,593,655.00,308.00,0,388877
32557,595,539.00,308.00,0,388886
32684,597,650.00,325.00,0,388894
32812,600,797.00,308.00,0,388903
32940,603,796.00,325.00,0,388913
33065,605,631.00,341.00,0,388921
33190,607,632.00,326.00,0,388930
33317,609,740.00,342.00,0,388938
33443,611,696.00,325.00,0,388947
33569,614,569.00,308.00,0,388957
33695,617,591.00,308.00,0,388965
33823,620,791.00,324.00,0,388974
33951,623,786.00,308.00,0,388983
34077,625,632.00,325.00,0,388992
34202,627,580.00,325.00,0,389001
34328,629,703.00,308.00,0,389009
34455,631,705.00,325.00,0,389018
34581,633,602.00,308.00,0,389027
34707,637,567.00,324.00,0,389036
34835,639,783.00,325.00,0,389045
34963,642,797.00,325.00,0,389054
35089,644,664.00,308.00,0,389062
35214,645,537.00,308.00,0,389071
35340,647,685.00,325.00,0,389081
35467,649,694.00,325.00,0,389089
35593,651,614.00,325.00,0,389098
35719,655,505.00,308.00,0,389106
35847,658,756.00,308.00,0,389115
35975,661,778.00,325.00,0,389125
36100,664,673.00,308.00,0,389133
36225,666,628.00,325.00,0,389142
36351,667,654.00,308.00,0,389151
36477,669,713.00,325.00,0,389159
36603,671,661.00,308.00,0,389169
36731,674,620.00,325.00,0,389177
36859,677,751.00,325.00,0,389186
36986,679,764.00,308.00,0,389195
37111,681,681.00,308.00,0,389203
37237,683,633.00,325.00,0,389213
37363,685,617.00,308.00,0,389222
37490,687,687.00,325.00,0,389230
37615,689,661.00,325.00,0,389239
37742,693,625.00,308.00,0,389249
37871,696,689.00,309.00,0,389257
37998,699,731.00,308.00,0,389266
38123,701,699.00,325.00,0,389274
38248,703,662.00,325.00,0,389283
38375,705,596.00,325.00,0,389293
38501,707,680.00,325.00,0,389301
38627,709,700.00,325.00,0,389310
38754,712,686.00,325.00,0,389319
38882,715,667.00,325.00,0,389327
39009,718,699.00,309.00,0,389337
39135,719,702.00,309.00,0,389346
39260,721,697.00,313.00,0,389354
39387,723,541.00,326.00,0,389363
39513,725,633.00,308.00,0,389371
39639,727,675.00,309.00,0,389381
39765,730,706.00,308.00,0,389390
39894,733,709.00,308.00,0,389398
40020,736,668.00,325.00,0,389407
40145,739,708.00,325.00,0,389416
40271,741,708.00,309.00,0,389425
40398,743,501.00,341.00,0,389434
40524,745,649.00,342.00,0,389442
40650,748,694.00,308.00,0,389451
40777,751,744.00,325.00,0,389460
40906,753,728.00,325.00,0,389469
41031,755,630.00,325.00,0,389478
41157,757,684.00,308.00,0,389487
41284,758,743.00,326.00,0,389495
41410,760,644.00,308.00,0,389505
41536,763,595.00,309.00,0,389514
41663,765,679.00,325.00,0,389522
41789,769,752.00,308.00,0,389531
41917,772,747.00,325.00,0,389539
42043,775,667.00,325.00,0,389549
42169,777,679.00,308.00,0,389558
42295,778,760.00,326.00,0,389566
42421,779,674.00,325.00,0,389575
42547,781,550.00,318.00,0,389584
42673,784,641.00,308.00,0,389593
42801,787,766.00,308.00,0,389602
42929,790,749.00,308.00,0,389610
43055,792,591.00,325.00,0,389619
43180,794,647.00,308.00,0,389628
43307,795,736.00,308.00,0,389637
43433,797,691.00,324.00,0,389646
43559,799,558.00,324.00,0,389655
43685,801,625.00,308.00,0,389663
43813,805,764.00,308.00,0,389672
43941,807,791.00,342.00,0,389682
44065,810,597.00,325.00,0,389690
44191,812,635.00,341.00,0,389699
44319,814,736.00,308.00,0,389707
44445,816,706.00,309.00,0,389716
44570,818,593.00,308.00,0,389726
44697,821,592.00,309.00,0,389734
44825,823,761.00,309.00,0,389743
44952,825,756.00,308.00,0,389752
45078,827,629.00,325.00,0,389761
45203,829,586.00,324.00,0,389770
45330,831,716.00,308.00,0,389779
45457,833,725.00,326.00,0,389787
45582,835,621.00,325.00,0,389796
45707,839,556.00,308.00,0,389805
45836,841,765.00,326.00,0,389814
45963,844,766.00,308.00,0,389823
46089,847,643.00,326.00,0,389831
46214,848,547.00,325.00,0,389840
46341,849,687.00,308.00,0,389850
46467,851,700.00,324.00,0,389858
46594,854,658.00,325.00,0,389867
46719,857,501.00,308.00,0,389875
46847,859,742.00,308.00,0,389884
46975,862,762.00,308.00,0,389894
47101,864,668.00,325.00,0,389902
47227,865,618.00,308.00,0,389911
47353,867,667.00,308.00,0,389920
47479,869,710.00,325.00,0,389928
47605,871,656.00,309.00,0,389938
47731,874,626.00,325.00,0,389947
47859,877,723.00,325.00,0,389955
47987,881,738.00,309.00,0,389964
48111,883,671.00,324.00,0,389972
48237,885,643.00,325.00,0,389982
48365,887,625.00,325.00,0,389991
48491,889,695.00,308.00,0,389999
48617,891,662.00,308.00,0,390008
48743,893,613.00,308.00,0,390018
48871,896,671.00,325.00,0,390026
48998,898,731.00,325.00,0,390035
49124,900,700.00,326.00,0,390044
49249,902,687.00,326.00,0,390052
49376,904,595.00,308.00,0,390062
49503,906,691.00,342.00,0,390070
49629,909,694.00,326.00,0,390079
49755,912,676.00,325.00,0,390088
49883,915,647.00,307.00,0,390096
50009,917,678.00,308.00,0,390106
50135,919,688.00,308.00,0,390115
50261,920,684.00,308.00,0,390123
50387,921,552.00,325.00,0,390132
50515,924,655.00,325.00,0,390140
50641,927,689.00,326.00,0,390150
50766,929,682.00,309.00,0,390159
50894,933,594.00,308.00,0,390167
51021,935,677.00,326.00,0,390176
51147,937,702.00,308.00,0,390185
51273,939,736.00,308.00,0,390194
51399,940,498.00,325.00,0,390203
51525,942,633.00,308.00,0,390212
51651,944,667.00,324.00,0,390220
51778,947,719.00,325.00,0,390230
51906,949,709.00,325.00,0,390238
52032,952,586.00,319.00,0,390247
52157,954,684.00,325.00,0,390256
52284,955,718.00,309.00,0,390264
52411,957,643.00,323.00,0,390274
52537,960,649.00,325.00,0,390283
52663,963,664.00,308.00,0,390291
52790,965,758.00,326.00,0,390300
52918,968,737.00,308.00,0,390308
53043,971,649.00,342.00,0,390318
53169,973,691.00,342.00,0,390327
53297,974,759.00,325.00,0,390335
53422,975,675.00,325.00,0,390344
53548,977,565.00,325.00,0,390353
53674,979,635.00,308.00,0,390362
53802,982,750.00,324.00,0,390371
53929,985,729.00,308.00,0,390380
54055,987,542.00,324.00,0,390388
54181,989,636.00,325.00,0,390397
54307,992,743.00,308.00,0,390406
54435,994,687.00,308.00,0,390415
54560,997,549.00,309.00,0,390424
54686,999,630.00,325.00,0,390432
54813,1002,771.00,309.00,0,390441
54945,1004,754.00,309.00,0,390451
55075,1006,602.00,341.00,0,390460
55204,1007,587.00,308.00,0,390469
55334,1009,720.00,325.00,0,390478
55465,1011,721.00,325.00,0,390488
55593,1014,619.00,308.00,0,390497
55723,1017,469.00,308.00,0,390505
55855,1019,718.00,325.00,0,390514
55986,1021,721.00,308.00,0,390523
56115,1024,661.00,325.00,0,390533
56245,1026,641.00,325.00,0,390542
56375,1029,595.00,308.00,0,390551
56505,1031,687.00,325.00,0,390560
56635,1033,678.00,308.00,0,390569
56765,1037,691.00,310.00,0,390579
56897,1039,698.00,332.00,0,390587
57027,1041,625.00,309.00,0,390596
57156,1043,684.00,325.00,0,390605
57287,1044,743.00,325.00,0,390615
57416,1046,660.00,309.00,0,390624
57547,1049,584.00,342.00,0,390633
57676,1051,623.00,308.00,0,390642
57807,1055,750.00,325.00,0,390651
57939,1057,766.00,343.00,0,390661
58068,1060,600.00,310.00,0,390669
58197,1062,599.00,308.00,0,390678
58328,1063,734.00,326.00,0,390687
58458,1065,711.00,325.00,0,390696
58587,1067,638.00,308.00,0,390706
58717,1071,513.00,325.00,0,390715
58849,1073,703.00,325.00,0,390724
58979,1075,755.00,325.00,0,390733
59109,1078,695.00,326.00,0,390742
59239,1079,640.00,308.00,0,390751
59369,1081,620.00,325.00,0,390760
59499,1083,678.00,308.00,0,390769
59629,1085,683.00,325.00,0,390778
59759,1088,648.00,324.00,0,390788
59891,1091,590.00,309.00,0,390797
60020,1093,644.00,308.00,0,390806
60150,1096,698.00,325.00,0,390815
60280,1098,708.00,325.00,0,390823
60411,1100,650.00,325.00,0,390833
60540,1102,597.00,325.00,0,390842
60671,1105,665.00,341.00,0,390851
60801,1107,743.00,325.00,0,390860
60933,1110,739.00,309.00,0,390870
61061,1113,580.00,325.00,0,390879
61191,1115,642.00,342.00,0,390888
61322,1117,743.00,325.00,0,390897
61452,1118,706.00,308.00,0,390905
61581,1121,611.00,308.00,0,390915
61711,1123,539.00,325.00,0,390924
61843,1125,729.00,325.00,0,390933
61973,1127,744.00,325.00,0,390942
62102,1129,629.00,319.00,0,390951
62232,1131,598.00,325.00,0,390961
62362,1134,624.00,308.00,0,390970
62493,1137,695.00,325.00,0,390979
62623,1139,689.00,325.00,0,390987
62753,1143,664.00,325.00,0,390996
62884,1145,624.00,325.00,0,391006
63015,1147,667.00,326.00,0,391015
63144,1149,692.00,309.00,0,391024
63274,1151,743.00,325.00,0,391033
63405,1153,646.00,325.00,0,391043
63535,1155,605.00,325.00,0,391052
63664,1157,648.00,308.00,0,391061
63795,1160,760.00,325.00,0,391069
63926,1162,719.00,319.00,0,391078
64055,1165,532.00,308.00,0,391088
64185,1167,630.00,325.00,0,391097
64315,1169,731.00,325.00,0,391106
64445,1171,707.00,308.00,0,391115
64575,1174,597.00,325.00,0,391124
64705,1177,551.00,308.00,0,391134
64836,1180,756.00,342.00,0,391143
64967,1182,743.00,308.00,0,391151
65097,1183,646.00,325.00,0,391160
65226,1185,605.00,308.00,0,391170
65357,1186,675.00,358.00,0,391179
65487,1188,693.00,308.00,0,391188
65617,1191,648.00,310.00,0,391197
65747,1194,615.00,308.00,0,391206
65878,1197,655.00,324.00,0,391216
66008,1201,678.00,325.00,0,391224
66138,1203,685.00,325.00,0,391233
66268,1205,711.00,310.00,0,391242
66398,1207,493.00,309.00,0,391251
66528,1209,609.00,324.00,0,391261
66657,1211,656.00,308.00,0,391270
66789,1213,722.00,308.00,0,391279
66919,1215,720.00,342.00,0,391288
67049,1218,564.00,308.00,0,391298
67179,1221,652.00,325.00,0,391306
67311,1223,752.00,325.00,0,391315
67440,1225,710.00,325.00,0,391324
67569,1227,596.00,325.00,0,391333
67699,1229,563.00,308.00,0,391343
67830,1231,744.00,308.00,0,391352
67961,1233,743.00,341.00,0,391361
68090,1235,611.00,325.00,0,391370
68219,1237,645.00,309.00,0,391379
68351,1240,661.00,325.00,0,391388
68480,1243,716.00,341.00,0,391397
68611,1247,648.00,308.00,0,391406
68740,1249,591.00,325.00,0,391415
68872,1252,670.00,325.00,0,391425
69002,1255,705.00,326.00,0,391434
69132,1255,681.00,325.00,0,391443
69262,1257,681.00,308.00,0,391452
69392,1259,512.00,308.00,0,391461
69522,1260,624.00,325.00,0,391470
69651,1263,663.00,307.00,0,391479
69782,1265,703.00,308.00,0,391488
69913,1269,692.00,325.00,0,391497
70043,1271,650.00,325.00,0,391506
70172,1275,646.00,309.00,0,391516
70303,1277,736.00,308.00,0,391525
70434,1280,685.00,312.00,0,391534
70563,1283,576.00,325.00,0,391543
70693,1285,580.00,325.00,0,391552
70824,1287,736.00,325.00,0,391561
70955,1289,744.00,320.00,0,391570
71083,1290,620.00,325.00,0,391579
71214,1291,549.00,308.00,0,391588
71345,1294,695.00,325.00,0,391598
71475,1296,711.00,325.00,0,391607
71603,1299,643.00,325.00,0,391616
71734,1302,611.00,341.00,0,391624
71866,1305,663.00,326.00,0,391633
71996,1307,692.00,325.00,0,391643
72125,1310,669.00,308.00,0,391652
72255,1312,659.00,341.00,0,391661
72386,1314,529.00,325.00,0,391670
72517,1315,634.00,308.00,0,391680
72645,1318,661.00,325.00,0,391689
72775,1320,700.00,341.00,0,391698
72907,1323,677.00,325.00,0,391706
73037,1325,567.00,324.00,0,391715
73166,1328,679.00,308.00,0,391725
73297,1331,750.00,308.00,0,391734
73429,1333,681.00,325.00,0,391743
73557,1335,540.00,308.00,0,391752
73686,1337,590.00,325.00,0,391761
73818,1339,741.00,325.00,0,391771
73949,1341,726.00,325.00,0,391780
74078,1343,571.00,325.00,0,391788
74207,1345,544.00,308.00,0,391797
74339,1349,686.00,309.00,0,391806
74469,1352,706.00,309.00,0,391816
74599,1355,645.00,325.00,0,391825
74727,1358,612.00,325.00,0,391834
74859,1360,684.00,325.00,0,391843
74991,1361,702.00,325.00,0,391853
75119,1363,671.00,313.00,0,391862
75249,1365,659.00,309.00,0,391870
75379,1366,568.00,325.00,0,391879
75510,1369,656.00,325.00,0,391888
75639,1373,668.00,326.00,0,391898
75769,1375,695.00,308.00,0,391907
75901,1379,674.00,325.00,0,391916
76031,1381,581.00,325.00,0,391925
76160,1383,671.00,325.00,0,391934
76290,1385,733.00,308.00,0,391944
76421,1387,671.00,342.00,0,391952
76551,1389,540.00,325.00,0,391961
76680,1392,592.00,308.00,0,391970
76811,1395,753.00,325.00,0,391980
76943,1397,752.00,342.00,0,391989
77071,1399,562.00,308.00,0,391998
77202,1401,576.00,325.00,0,392007
77332,1403,719.00,325.00,0,392016
77463,1406,726.00,325.00,0,392026
77592,1408,607.00,325.00,0,392034
77721,1411,456.00,325.00,0,392043
77853,1413,690.00,308.00,0,392052
77983,1415,703.00,308.00,0,392061
78113,1417,618.00,308.00,0,392071
78242,1419,611.00,325.00,0,392080
78373,1421,587.00,308.00,0,392089
78503,1424,681.00,341.00,0,392098
78633,1427,667.00,325.00,0,392107
78763,1431,657.00,325.00,0,392116
78894,1433,551.00,325.00,0,392125
79024,1435,601.00,326.00,0,392134
79155,1437,664.00,325.00,0,392143
79285,1439,721.00,326.00,0,392153
79415,1440,652.00,325.00,0,392162
79545,1442,571.00,341.00,0,392171
79674,1444,602.00,325.00,0,392180
79805,1447,713.00,320.00,0,392188
79936,1450,717.00,325.00,0,392198
80065,1453,547.00,325.00,0,392207
80195,1456,584.00,309.00,0,392216
80325,1459,706.00,308.00,0,392225
80457,1461,714.00,308.00,0,392235
80585,1463,622.00,325.00,0,392244
80715,1465,500.00,325.00,0,392253
80847,1467,701.00,309.00,0,392262
80977,1469,720.00,325.00,0,392270
81107,1471,646.00,325.00,0,392280
81236,1473,615.00,308.00,0,392289
81367,1476,617.00,325.00,0,392298
81497,1478,668.00,325.00,0,392307
81627,1481,677.00,325.00,0,392316
81757,1483,627.00,308.00,0,392326
81888,1486,566.00,308.00,0,392335
82019,1489,614.00,325.00,0,392344
82147,1491,673.00,325.00,0,392352
82278,1493,706.00,308.00,0,392361
82408,1495,623.00,308.00,0,392371
82539,1497,617.00,325.00,0,392380
82667,1499,643.00,342.00,0,392389
82798,1503,706.00,308.00,0,392398
82929,1505,688.00,308.00,0,392408
83059,1507,532.00,325.00,0,392417
83189,1511,612.00,325.00,0,392426
83320,1513,722.00,308.00,0,392434
83451,1515,685.00,309.00,0,392443
83579,1517,576.00,308.00,0,392453
83708,1519,512.00,308.00,0,392462
83841,1521,699.00,325.00,0,392471
83971,1523,697.00,309.00,0,392480
84101,1525,619.00,326.00,0,392489
84229,1529,598.00,325.00,0,392499
84360,1532,622.00,325.00,0,392508
84491,1535,680.00,310.00,0,392516
84621,1537,658.00,325.00,0,392525
84749,1539,613.00,325.00,0,392535
84882,1541,584.00,308.00,0,392544
85012,1542,615.00,325.00,0,392553
85141,1543,648.00,325.00,0,392562
85271,1546,694.00,308.00,0,392571
85402,1549,642.00,308.00,0,392581
85532,1553,572.00,325.00,0,392589
85663,1556,646.00,325.00,0,392598
85793,1559,718.00,308.00,0,392607
85923,1561,689.00,308.00,0,392616
86053,1561,511.00,325.00,0,392626
86183,1563,595.00,325.00,0,392635
86313,1564,695.00,323.00,0,392644
86443,1566,655.00,325.00,0,392653
86573,1569,558.00,324.00,0,392663
86703,1573,528.00,325.00,0,392671
86834,1577,720.00,308.00,0,392680
86965,1581,727.00,310.00,0,392689
87095,1583,597.00,308.00,0,392698
87224,1583,577.00,308.00,0,392708
87354,1585,642.00,308.00,0,392717
87485,1585,662.00,325.00,0,392726
87614,1587,625.00,325.00,0,392735
87744,1591,576.00,325.00,0,392744
87875,1594,622.00,309.00,0,392753
88007,1598,642.00,308.00,0,392762
88135,1601,646.00,308.00,0,392771
88266,1604,675.00,308.00,0,392780
88395,1605,482.00,325.00,0,392790
88526,1607,601.00,308.00,0,392799
88655,1608,620.00,309.00,0,392808
88786,1610,686.00,325.00,0,392817
88917,1613,662.00,325.00,0,392826
89046,1615,566.00,325.00,0,392835
89177,1619,633.00,325.00,0,392844
89308,1623,729.00,325.00,0,392853
89437,1625,695.00,325.00,0,392862
89567,1627,549.00,308.00,0,392871
89696,1629,534.00,326.00,0,392881
89828,1631,700.00,308.00,0,392890
89957,1632,689.00,324.00,0,392899
90087,1634,578.00,341.00,0,392908
90217,1637,481.00,325.00,0,392916
90349,1639,642.00,307.00,0,392926
90478,1643,693.00,308.00,0,392935
90609,1647,656.00,341.00,0,392944
90738,1649,559.00,308.00,0,392953
90869,1652,621.00,308.00,0,392963
90999,1653,663.00,325.00,0,392972
91129,1655,662.00,341.00,0,392981
91259,1655,637.00,325.00,0,392990
91389,1657,487.00,325.00,0,392998
91519,1659,596.00,325.00,0,393008
91649,1663,635.00,325.00,0,393017
91779,1667,673.00,325.00,0,393026
91911,1671,665.00,325.00,0,393035
92040,1675,630.00,309.00,0,393044
92171,1677,631.00,308.00,0,393054
92301,1678,701.00,308.00,0,393063
92431,1679,638.00,309.00,0,393071
92561,1681,525.00,326.00,0,393080
92690,1684,567.00,325.00,0,393090
92821,1687,690.00,308.00,0,393099
92953,1691,703.00,325.00,0,393108
93081,1695,592.00,325.00,0,393117
93211,1697,538.00,341.00,0,393126
93342,1699,660.00,325.00,0,393136
93473,1701,692.00,325.00,0,393145
93602,1703,599.00,308.00,0,393153
93731,1705,572.00,341.00,0,393162
93863,1708,621.00,325.00,0,393171
93993,1711,650.00,325.00,0,393181
94123,1714,639.00,325.00,0,393190
94253,1717,646.00,325.00,0,393199
94383,1719,525.00,325.00,0,393208
94513,1721,630.00,325.00,0,393218
94643,1724,637.00,325.00,0,393227
94773,1726,660.00,325.00,0,393235
94905,1728,621.00,309.00,0,393244
95035,1731,516.00,325.00,0,393253
95164,1733,625.00,320.00,0,393263
95295,1736,728.00,342.00,0,393272
95425,1739,645.00,308.00,0,393281
95555,1742,502.00,308.00,0,393290
95684,1744,564.00,308.00,0,393299
95815,1745,707.00,308.00,0,393309
95946,1747,680.00,326.00,0,393317
96075,1749,508.00,325.00,0,393326
96205,1752,518.00,307.00,0,393335
96335,1755,669.00,326.00,0,393345
96467,1759,686.00,325.00,0,393354
96595,1761,591.00,308.00,0,393363
96725,1765,607.00,326.00,0,393372
96856,1767,651.00,325.00,0,393381
96987,1768,650.00,291.00,0,393391
97116,1769,615.00,325.00,0,393399
97247,1771,596.00,326.00,0,393408
97377,1774,542.00,341.00,0,393417
97507,1777,629.00,325.00,0,393426
97637,1781,616.00,325.00,0,393436
97767,1783,638.00,325.00,0,393445
97898,1786,640.00,325.00,0,393454
98028,1788,537.00,308.00,0,393463
98157,1789,605.00,308.00,0,393473
98289,1791,687.00,325.00,0,393481
98418,1794,607.00,308.00,0,393490
98548,1797,507.00,325.00,0,393499
98677,1801,566.00,308.00,0,393508
98809,1804,697.00,308.00,0,393518
98939,1807,683.00,325.00,0,393527
99069,1809,517.00,325.00,0,393536
99199,1810,535.00,325.00,0,393545
99330,1811,677.00,311.00,0,393553
99460,1813,670.00,325.00,0,393563
99589,1817,552.00,308.00,0,393572
99719,1820,432.00,310.00,0,393581
99851,1823,656.00,308.00,0,393590
99981,1827,677.00,325.00,0,393600
100111,1829,595.00,308.00,0,393609
100245,1831,581.00,308.00,0,393618
100378,1833,541.00,328.00,0,393627
100513,1835,603.00,308.00,0,393636
100645,1838,626.00,309.00,0,393647
100779,1841,653.00,308.00,0,393656
100915,1845,643.00,308.00,0,393665
101047,1847,530.00,308.00,0,393674
101181,1849,591.00,308.00,0,393683
101316,1851,711.00,341.00,0,393693
101450,1853,646.00,325.00,0,393702
101583,1855,568.00,325.00,0,393712
101716,1859,449.00,325.00,0,393721
101851,1861,646.00,308.00,0,393731
101985,1865,648.00,308.00,0,393740
102119,1867,592.00,309.00,0,393749
102253,1870,623.00,325.00,0,393758
102387,1873,490.00,310.00,0,393767
102520,1875,607.00,325.00,0,393778
102654,1877,623.00,312.00,0,393787
102789,1881,666.00,325.00,0,393796
102922,1883,648.00,308.00,0,393805
103056,1885,488.00,325.00,0,393815
103189,1887,569.00,325.00,0,393824
103324,1889,671.00,308.00,0,393833
103458,1891,671.00,310.00,0,393843
103591,1894,563.00,325.00,0,393852
103725,1897,722.00,325.00,0,393862
103859,1899,624.00,308.00,0,393871
103993,1901,620.00,308.00,0,393880
104127,1903,616.00,308.00,0,393889
104261,1905,614.00,325.00,0,393899
104394,1907,435.00,324.00,0,393909
104528,1909,549.00,325.00,0,393918
104661,1912,592.00,324.00,0,393927
104795,1915,681.00,341.00,0,393936
104931,1918,631.00,309.00,0,393946
105063,1921,504.00,325.00,0,393955
105172,1923,825.00,358.00,0,393964
105181,1925,826.00,425.00,0,393974
105092,1926,826.00,476.00,0,393984
104974,1926,807.00,509.00,0,393993
104845,1925,807.00,493.00,0,394002
104712,1924,797.00,509.00,0,394011
104576,1924,709.00,493.00,0,394020
104438,1924,640.00,509.00,0,394030
104305,1923,738.00,493.00,0,394040
104174,1922,799.00,493.00,0,394049
104040,1920,788.00,493.00,0,394058
103906,1918,779.00,493.00,0,394067
103772,1916,770.00,510.00,0,394077
103640,1914,784.00,476.00,0,394086
103506,1912,798.00,509.00,0,394095
103370,1910,785.00,493.00,0,394105
103237,1908,794.00,493.00,0,394115
103106,1905,786.00,493.00,0,394124
102972,1902,781.00,493.00,0,394133
102838,1900,805.00,510.00,0,394142
102706,1898,795.00,476.00,0,394151
102574,1896,805.00,493.00,0,394161
102441,1895,789.00,492.00,0,394171
102308,1893,790.00,493.00,0,394180
102176,1890,814.00,493.00,0,394189
102044,1886,807.00,493.00,0,394199
101910,1882,800.00,493.00,0,394208
101776,1878,798.00,493.00,0,394217
101643,1876,796.00,492.00,0,394226
101507,1874,805.00,509.00,0,394235
101371,1873,793.00,509.00,0,394246
101236,1872,804.00,493.00,0,394255
101104,1869,792.00,493.00,0,394264
100971,1866,794.00,476.00,0,394273
100836,1862,807.00,493.00,0,394283
100704,1858,811.00,493.00,0,394292
100572,1854,814.00,492.00,0,394301
100436,1852,790.00,509.00,0,394311
100301,1850,795.00,510.00,0,394320
100167,1849,804.00,493.00,0,394330
100034,1847,801.00,476.00,0,394339
99900,1844,805.00,493.00,0,394348
99770,1840,798.00,493.00,0,394357
99642,1836,803.00,493.00,0,394366
99512,1833,813.00,492.00,0,394376
99380,1831,798.00,493.00,0,394384
99248,1830,797.00,508.00,0,394393
99120,1828,797.00,493.00,0,394402
98991,1826,796.00,475.00,0,394412
98861,1824,823.00,493.00,0,394421
98733,1820,813.00,509.00,0,394430
98605,1816,811.00,493.00,0,394439
98475,1813,803.00,509.00,0,394448
98342,1810,801.00,510.00,0,394458
98212,1808,824.00,493.00,0,394466
98081,1807,796.00,493.00,0,394475
97950,1805,794.00,476.00,0,394484
97819,1802,805.00,509.00,0,394493
97690,1799,814.00,510.00,0,394503
97561,1795,818.00,493.00,0,394512
97430,1792,797.00,510.00,0,394521
97298,1789,796.00,510.00,0,394530
97169,1788,809.00,493.00,0,394540
97040,1786,807.00,493.00,0,394548
96910,1784,804.00,476.00,0,394557
96780,1780,807.00,496.00,0,394566
96652,1778,816.00,492.00,0,394575
96523,1774,825.00,510.00,0,394585
96392,1770,799.00,510.00,0,394594
96260,1768,804.00,510.00,0,394603
96130,1766,800.00,509.00,0,394612
95998,1764,795.00,493.00,0,394621
95867,1761,817.00,476.00,0,394630
95738,1758,805.00,492.00,0,394639
95608,1754,802.00,504.00,0,394648
95477,1752,799.00,493.00,0,394657
95345,1749,796.00,493.00,0,394667
95216,1747,818.00,492.00,0,394676
95087,1744,804.00,509.00,0,394685
94956,1742,797.00,492.00,0,394694
94827,1740,805.00,476.00,0,394703
94698,1736,818.00,493.00,0,394712
94570,1734,825.00,509.00,0,394721
94438,1731,800.00,508.00,0,394730
94306,1728,794.00,493.00,0,394739
94176,1725,816.00,509.00,0,394748
94046,1722,803.00,510.00,0,394758
93914,1719,798.00,509.00,0,394767
93782,1716,793.00,493.00,0,394776
93653,1714,800.00,493.00,0,394784
93523,1712,817.00,510.00,0,394793
93392,1710,792.00,509.00,0,394803
93261,1708,796.00,492.00,0,394812
93134,1704,807.00,509.00,0,394821
93004,1701,804.00,493.00,0,394830
92874,1698,826.00,510.00,0,394840
92745,1696,806.00,493.00,0,394849
92617,1694,812.00,493.00,0,394858
92486,1692,814.00,509.00,0,394866
92354,1690,801.00,493.00,0,394875
92224,1687,818.00,493.00,0,394885
92095,1684,801.00,493.00,0,394894
91964,1680,799.00,493.00,0,394903
91832,1678,806.00,509.00,0,394912
91704,1676,810.00,493.00,0,394921
91574,1674,816.00,493.00,0,394931
91442,1672,798.00,510.00,0,394940
91310,1670,794.00,492.00,0,394948
91183,1667,823.00,509.00,0,394957
91054,1664,813.00,509.00,0,394967
90924,1660,810.00,509.00,0,394976
90794,1658,807.00,493.00,0,394985
90666,1656,818.00,509.00,0,394994
90537,1655,826.00,509.00,0,395003
90406,1654,810.00,509.00,0,395013
90274,1652,806.00,493.00,0,395022
90146,1649,812.00,493.00,0,395030
90016,1646,813.00,509.00,0,395039
89884,1642,823.00,509.00,0,395048
89754,1638,806.00,493.00,0,395058
89625,1636,809.00,509.00,0,395067
89493,1634,805.00,476.00,0,395076
89360,1633,803.00,509.00,0,395085
89229,1632,816.00,510.00,0,395095
89102,1630,801.00,493.00,0,395104
88972,1627,801.00,476.00,0,395112
88842,1624,825.00,493.00,0,395121
88714,1620,823.00,492.00,0,395130
88586,1616,825.00,509.00,0,395140
88455,1614,803.00,493.00,0,395149
88322,1612,803.00,492.00,0,395158
88192,1611,822.00,492.00,0,395167
88061,1610,805.00,510.00,0,395176
87930,1608,804.00,493.00,0,395185
87800,1605,810.00,493.00,0,395194
87672,1601,820.00,509.00,0,395203
87542,1598,826.00,493.00,0,395212
87411,1594,798.00,475.00,0,395222
87279,1592,799.00,500.00,0,395231
87150,1590,813.00,509.00,0,395240
87020,1590,809.00,493.00,0,395249
86890,1588,817.00,476.00,0,395258
86760,1586,813.00,508.00,0,395267
86633,1584,822.00,494.00,0,395276
86504,1580,825.00,493.00,0,395285
86373,1576,816.00,509.00,0,395294
86242,1573,817.00,509.00,0,395303
86110,1570,801.00,500.00,0,395313
85978,1569,797.00,493.00,0,395322
85846,1568,808.00,476.00,0,395331
85716,1567,813.00,493.00,0,395340
85588,1565,815.00,508.00,0,395348
85458,1562,807.00,501.00,0,395358
85326,1558,799.00,476.00,0,395367
85198,1554,826.00,493.00,0,395376
85069,1551,814.00,509.00,0,395385
84938,1548,806.00,508.00,0,395395
84809,1547,812.00,509.00,0,395404
84680,1547,819.00,476.00,0,395413
84550,1546,826.00,493.00,0,395422
84419,1544,812.00,509.00,0,395430
84289,1542,808.00,509.00,0,395440
84160,1538,822.00,492.00,0,395449
84030,1532,817.00,509.00,0,395458
83898,1528,816.00,508.00,0,395467
83766,1526,805.00,501.00,0,395476
83636,1526,813.00,493.00,0,395486
83505,1526,817.00,509.00,0,395495
83373,1524,804.00,493.00,0,395504
83243,1523,811.00,476.00,0,395512
83116,1520,813.00,493.00,0,395522
82987,1516,810.00,492.00,0,395531
82858,1512,826.00,509.00,0,395540
82729,1508,821.00,493.00,0,395549
82602,1506,823.00,509.00,0,395558
82470,1505,813.00,476.00,0,395568
82336,1504,805.00,510.00,0,395577
82206,1504,826.00,500.00,0,395586
82076,1502,811.00,493.00,0,395594
81945,1499,805.00,493.00,0,395603
81815,1496,810.00,492.00,0,395613
81687,1492,822.00,509.00,0,395622
81558,1488,826.00,493.00,0,395631
81426,1486,809.00,509.00,0,395640
81292,1483,802.00,493.00,0,395650
81164,1482,815.00,509.00,0,395659
81032,1480,817.00,509.00,0,395667
80902,1480,815.00,493.00,0,395676
80773,1478,808.00,494.00,0,395685
80646,1476,824.00,509.00,0,395695
80518,1474,826.00,493.00,0,395704
80388,1471,826.00,493.00,0,395713
80257,1468,818.00,509.00,0,395722
80127,1464,814.00,508.00,0,395731
79996,1460,808.00,511.00,0,395741
79863,1458,826.00,493.00,0,395749
79732,1456,811.00,510.00,0,395758
79602,1455,806.00,509.00,0,395767
79470,1454,802.00,493.00,0,395777
79337,1452,796.00,493.00,0,395786
79208,1450,826.00,493.00,0,395795
79080,1446,809.00,493.00,0,395804
78951,1444,811.00,483.00,0,395813
78822,1441,822.00,493.00,0,395823
78695,1438,824.00,493.00,0,395831
78566,1436,826.00,508.00,0,395840
78435,1434,807.00,493.00,0,395849
78302,1433,809.00,509.00,0,395858
78173,1431,823.00,493.00,0,395868
78042,1428,814.00,493.00,0,395877
77911,1426,807.00,476.00,0,395886
77780,1424,813.00,494.00,0,395895
77652,1422,817.00,492.00,0,395905
77521,1420,826.00,509.00,0,395913
77390,1417,805.00,477.00,0,395922
77258,1414,810.00,509.00,0,395931
77129,1411,811.00,492.00,0,395940
76998,1408,805.00,492.00,0,395950
76868,1407,826.00,493.00,0,395959
76740,1406,818.00,493.00,0,395968
76612,1404,821.00,494.00,0,395977
76483,1404,820.00,493.00,0,395986
76352,1402,820.00,509.00,0,395995
76222,1399,826.00,476.00,0,396004
76094,1396,815.00,509.00,0,396013
75962,1392,811.00,493.00,0,396022
75831,1388,820.00,509.00,0,396032
75700,1384,819.00,476.00,0,396041
75570,1383,826.00,493.00,0,396050
75436,1382,801.00,509.00,0,396059
75304,1381,793.00,476.00,0,396068
75174,1380,824.00,508.00,0,396077
75045,1378,815.00,492.00,0,396086
74916,1376,814.00,493.00,0,396095
74788,1372,814.00,492.00,0,396104
74661,1370,823.00,493.00,0,396113
74532,1366,826.00,509.00,0,396123
74401,1363,817.00,509.00,0,396132
74269,1360,809.00,506.00,0,396141
74138,1358,805.00,493.00,0,396149
74006,1357,809.00,510.00,0,396158
73873,1356,826.00,509.00,0,396168
73743,1354,808.00,492.00,0,396177
73614,1352,819.00,509.00,0,396186
73484,1350,818.00,509.00,0,396195
73352,1346,805.00,493.00,0,396205
73224,1344,826.00,476.00,0,396214
73095,1340,810.00,493.00,0,396223
72964,1336,809.00,493.00,0,396231
72834,1334,825.00,509.00,0,396240
72706,1334,825.00,509.00,0,396250
72578,1334,826.00,493.00,0,396259
72446,1333,814.00,509.00,0,396268
72315,1332,814.00,509.00,0,396277
72187,1329,826.00,510.00,0,396286
72058,1326,819.00,493.00,0,396296
71927,1322,817.00,504.00,0,396305
71797,1318,820.00,509.00,0,396313
71668,1315,822.00,493.00,0,396322
71536,1312,826.00,509.00,0,396332
71402,1310,802.00,491.00,0,396341
71269,1309,801.00,509.00,0,396350
71139,1308,801.00,492.00,0,396359
71008,1306,812.00,509.00,0,396368
70878,1305,826.00,493.00,0,396378
70750,1303,817.00,493.00,0,396387
70625,1300,826.00,494.00,0,396395
70498,1298,826.00,493.00,0,396404
70366,1295,824.00,492.00,0,396413
70235,1292,826.00,508.00,0,396423
70105,1289,813.00,493.00,0,396432
69974,1286,807.00,509.00,0,396441
69841,1284,817.00,493.00,0,396450
69711,1282,817.00,493.00,0,396460
69582,1281,818.00,509.00,0,396469
69450,1280,800.00,476.00,0,396477
69318,1277,806.00,509.00,0,396486
69188,1274,826.00,509.00,0,396495
69060,1272,816.00,509.00,0,396505
68930,1270,817.00,493.00,0,396514
68801,1268,825.00,493.00,0,396523
68674,1266,827.00,493.00,0,396532
68546,1265,826.00,509.00,0,396541
68415,1263,820.00,509.00,0,396550
68284,1260,815.00,476.00,0,396559
68155,1258,825.00,509.00,0,396568
68024,1254,825.00,508.00,0,396577
67892,1252,826.00,510.00,0,396587
67760,1250,817.00,493.00,0,396596
67632,1248,822.00,509.00,0,396605
67501,1248,824.00,493.00,0,396614
67368,1246,810.00,475.00,0,396623
67238,1244,823.00,502.00,0,396632
67110,1241,819.00,493.00,0,396641
66980,1238,815.00,493.00,0,396650
66852,1234,826.00,493.00,0,396659
66723,1232,825.00,476.00,0,396668
66594,1230,827.00,497.00,0,396678
66464,1228,824.00,509.00,0,396687
66332,1227,817.00,508.00,0,396696
66201,1226,826.00,493.00,0,396705
66071,1224,817.00,499.00,0,396713
65938,1222,814.00,509.00,0,396723
65808,1218,817.00,493.00,0,396732
65680,1215,823.00,475.00,0,396741
65550,1212,826.00,493.00,0,396750
65416,1208,808.00,509.00,0,396760
65284,1206,803.00,493.00,0,396769
65154,1204,815.00,493.00,0,396778
65023,1202,811.00,509.00,0,396787
64893,1202,819.00,508.00,0,396795
64764,1200,819.00,493.00,0,396805
64638,1199,825.00,475.00,0,396814
64510,1197,826.00,493.00,0,396823
64380,1194,826.00,493.00,0,396832
64250,1190,826.00,500.00,0,396841
64120,1186,819.00,493.00,0,396851
63989,1183,817.00,509.00,0,396860
63856,1180,826.00,510.00,0,396869
63726,1180,818.00,493.00,0,396877
63596,1179,816.00,475.00,0,396887
63464,1178,805.00,493.00,0,396896
63332,1177,805.00,493.00,0,396905
63203,1175,827.00,477.00,0,396914
63074,1172,818.00,476.00,0,396923
62945,1169,821.00,509.00,0,396933
62817,1166,826.00,493.00,0,396942
62690,1164,826.00,509.00,0,396951
62562,1162,826.00,510.00,0,396959
62431,1160,824.00,492.00,0,396968
62298,1158,817.00,493.00,0,396978
62168,1155,826.00,492.00,0,396987
62036,1152,819.00,493.00,0,396996
61904,1150,824.00,509.00,0,397005
61772,1148,817.00,509.00,0,397015
61643,1146,821.00,492.00,0,397024
61512,1145,826.00,493.00,0,397032
61380,1143,816.00,492.00,0,397041
61250,1141,816.00,492.00,0,397050
61121,1138,817.00,509.00,0,397060
60992,1134,818.00,509.00,0,397069
60862,1132,827.00,510.00,0,397078
60732,1129,821.00,493.00,0,397087
60606,1128,825.00,509.00,0,397096
60476,1126,822.00,493.00,0,397106
60344,1125,816.00,493.00,0,397114
60212,1124,826.00,509.00,0,397123
60082,1120,814.00,508.00,0,397132
59952,1118,810.00,493.00,0,397142
59820,1115,825.00,509.00,0,397151
59692,1112,826.00,493.00,0,397160
59563,1111,826.00,509.00,0,397169
59431,1109,810.00,492.00,0,397178
59299,1108,810.00,493.00,0,397188
59169,1105,824.00,493.00,0,397196
59040,1102,820.00,509.00,0,397205
58909,1100,820.00,502.00,0,397214
58780,1098,820.00,492.00,0,397223
58652,1096,826.00,509.00,0,397233
58524,1095,770.00,492.00,0,397242
58393,1094,821.00,509.00,0,397251
58262,1092,819.00,475.00,0,397260
58134,1090,825.00,493.00,0,397270
58003,1086,817.00,493.00,0,397278
57873,1084,826.00,509.00,0,397287
57743,1080,825.00,491.00,0,397296
57614,1078,826.00,492.00,0,397305
57482,1076,826.00,509.00,0,397315
57350,1074,815.00,509.00,0,397324
57217,1072,826.00,509.00,0,397333
57086,1070,812.00,493.00,0,397342
56955,1068,808.00,509.00,0,397351
56824,1066,823.00,492.00,0,397360
56697,1065,824.00,493.00,0,397369
56570,1064,826.00,507.00,0,397378
56440,1062,824.00,492.00,0,397387
56310,1060,821.00,509.00,0,397396
56182,1057,826.00,493.00,0,397406
56052,1054,826.00,493.00,0,397415
55920,1050,826.00,509.00,0,397424
55790,1046,824.00,510.00,0,397433
55661,1044,824.00,492.00,0,397442
55530,1043,826.00,510.00,0,397451
55396,1042,815.00,509.00,0,397460
55264,1041,806.00,475.00,0,397469
55134,1039,812.00,492.00,0,397478
55002,1036,811.00,493.00,0,397488
54873,1034,826.00,509.00,0,397497
54745,1031,820.00,493.00,0,397506
54618,1029,826.00,493.00,0,397515
54490,1028,826.00,509.00,0,397523
54358,1026,825.00,509.00,0,397533
54228,1022,825.00,492.00,0,397542
54098,1020,815.00,493.00,0,397551
53966,1016,816.00,493.00,0,397560
53834,1014,826.00,509.00,0,397570
53704,1012,826.00,493.00,0,397579
53575,1010,827.00,490.00,0,397588
53442,1010,811.00,493.00,0,397596
53310,1008,803.00,494.00,0,397605
53180,1006,826.00,493.00,0,397615
53051,1002,821.00,509.00,0,397624
52921,1000,818.00,492.00,0,397633
52792,996,823.00,492.00,0,397642
52670,994,826.00,493.00,0,397650
52545,992,826.00,493.00,0,397660
52418,991,821.00,493.00,0,397669
52290,990,815.00,509.00,0,397677
52163,988,823.00,493.00,0,397686
52035,985,819.00,480.00,0,397694
51907,982,825.00,509.00,0,397704
51781,980,821.00,509.00,0,397713
51657,979,824.00,503.00,0,397721
51531,978,825.00,510.00,0,397730
51402,976,818.00,509.00,0,397740
51275,974,816.00,509.00,0,397748
51150,972,825.00,493.00,0,397757
51024,969,825.00,509.00,0,397766
50897,966,826.00,509.00,0,397774
50772,964,825.00,492.00,0,397784
50649,962,827.00,509.00,0,397792
50524,960,809.00,492.00,0,397801
50396,959,824.00,493.00,0,397810
50269,958,823.00,509.00,0,397818
50142,956,821.00,492.00,0,397828
50014,953,821.00,492.00,0,397837
49887,950,826.00,493.00,0,397845
49761,948,823.00,493.00,0,397854
49636,946,826.00,493.00,0,397862
49510,945,826.00,510.00,0,397872
49381,944,824.00,508.00,0,397881
49254,942,820.00,493.00,0,397889
49128,938,814.00,493.00,0,397898
49002,935,818.00,493.00,0,397907
48875,932,826.00,509.00,0,397916
48750,929,819.00,497.00,0,397925
48626,928,825.00,492.00,0,397934
48500,926,826.00,493.00,0,397942
48372,926,820.00,476.00,0,397952
48244,924,825.00,493.00,0,397960
48118,923,819.00,493.00,0,397969
47991,920,820.00,493.00,0,397978
47864,918,826.00,493.00,0,397986
47739,915,825.00,508.00,0,397996
47615,912,826.00,509.00,0,398005
47488,910,826.00,492.00,0,398013
47360,908,822.00,508.00,0,398022
47232,906,826.00,493.00,0,398031
47104,902,812.00,509.00,0,398040
46976,900,809.00,509.00,0,398049
46849,898,826.00,476.00,0,398057
46724,896,823.00,476.00,0,398066
46601,895,826.00,493.00,0,398075
46474,894,823.00,509.00,0,398084
46347,894,818.00,493.00,0,398093
46221,892,826.00,509.00,0,398102
46096,888,822.00,509.00,0,398110
45969,886,822.00,509.00,0,398119
45842,882,827.00,509.00,0,398128
45718,880,826.00,492.00,0,398137
45594,878,826.00,509.00,0,398146
45466,876,824.00,493.00,0,398154
45336,874,811.00,510.00,0,398163
45208,872,826.00,492.00,0,398173
45081,869,811.00,493.00,0,398181
44952,866,806.00,493.00,0,398190
44825,864,822.00,509.00,0,398199
44702,863,826.00,493.00,0,398208
44578,862,826.00,493.00,0,398217
44452,861,826.00,493.00,0,398225
44324,859,820.00,493.00,0,398234
44198,856,826.00,509.00,0,398243
44073,853,822.00,509.00,0,398252
43945,850,813.00,507.00,0,398261
43818,846,826.00,509.00,0,398270
43694,844,826.00,493.00,0,398278
43568,842,827.00,493.00,0,398287
43440,842,817.00,509.00,0,398296
43310,840,806.00,493.00,0,398305
43182,838,826.00,493.00,0,398314
43056,836,818.00,493.00,0,398322
42928,832,818.00,509.00,0,398331
42802,830,820.00,493.00,0,398341
42680,828,826.00,509.00,0,398349
42557,827,826.00,475.00,0,398358
42431,826,826.00,509.00,0,398367
42304,825,823.00,493.00,0,398375
42178,823,826.00,503.00,0,398385
42052,820,826.00,509.00,0,398393
41924,818,822.00,493.00,0,398402
41798,814,826.00,510.00,0,398411
41674,812,826.00,510.00,0,398419
41549,810,826.00,509.00,0,398429
41420,809,819.00,493.00,0,398438
41290,806,808.00,509.00,0,398446
41162,804,816.00,476.00,0,398455
41034,801,819.00,509.00,0,398465
40906,798,819.00,496.00,0,398473
40779,796,819.00,509.00,0,398482
40657,796,827.00,509.00,0,398490
40533,795,826.00,504.00,0,398499
40406,794,825.00,510.00,0,398509
40279,792,821.00,492.00,0,398517
40154,790,825.00,493.00,0,398526
40027,786,822.00,493.00,0,398535
39901,782,826.00,493.00,0,398543
39775,780,826.00,509.00,0,398553
39651,777,826.00,509.00,0,398561
39524,775,827.00,509.00,0,398570
39395,774,818.00,509.00,0,398579
39264,772,806.00,493.00,0,398587
39136,770,808.00,509.00,0,398597
39008,767,809.00,510.00,0,398606
38880,764,826.00,493.00,0,398614
38756,762,822.00,493.00,0,398623
38634,761,826.00,493.00,0,398632
38510,760,825.00,493.00,0,398641
38382,758,825.00,509.00,0,398650
38256,756,824.00,509.00,0,398658
38130,754,824.00,493.00,0,398667
38002,750,820.00,509.00,0,398676
37875,748,826.00,493.00,0,398685
37750,745,824.00,509.00,0,398694
37626,743,826.00,509.00,0,398703
37500,742,826.00,493.00,0,398711
37370,740,815.00,475.00,0,398721
37241,738,821.00,493.00,0,398729
37113,736,809.00,493.00,0,398738
36986,732,812.00,509.00,0,398747
36859,730,826.00,509.00,0,398755
36736,728,824.00,493.00,0,398765
36614,726,826.00,508.00,0,398774
36489,725,826.00,493.00,0,398782
36362,724,826.00,509.00,0,398791
36235,722,826.00,493.00,0,398800
36108,720,817.00,493.00,0,398809
35980,716,818.00,493.00,0,398818
35854,713,826.00,492.00,0,398826
35729,710,826.00,493.00,0,398835
35604,707,826.00,493.00,0,398844
35477,706,822.00,510.00,0,398853
35346,704,815.00,509.00,0,398862
35216,702,827.00,493.00,0,398871
35088,700,804.00,509.00,0,398879
34959,696,799.00,492.00,0,398888
34834,694,822.00,493.00,0,398898
34710,692,826.00,509.00,0,398906
34589,691,826.00,492.00,0,398915
34464,690,826.00,509.00,0,398923
34336,688,819.00,492.00,0,398932
34210,686,826.00,501.00,0,398942
34084,684,817.00,493.00,0,398950
33956,680,813.00,492.00,0,398959
33829,677,826.00,493.00,0,398968
33706,674,826.00,491.00,0,398977
33581,673,826.00,509.00,0,398986
33453,672,818.00,493.00,0,398994
33322,670,810.00,509.00,0,399003
33194,668,826.00,493.00,0,399012
33066,666,806.00,493.00,0,399021
32938,662,806.00,510.00,0,399030
32812,660,826.00,509.00,0,399039
32690,658,826.00,493.00,0,399047
32568,657,826.00,492.00,0,399056
32444,656,826.00,510.00,0,399066
32316,655,821.00,493.00,0,399074
32190,654,826.00,509.00,0,399083
32062,650,823.00,509.00,0,399091
31936,648,818.00,493.00,0,399100
31809,644,826.00,493.00,0,399110
31686,642,826.00,509.00,0,399118
31562,640,826.00,492.00,0,399127
31433,638,824.00,509.00,0,399136
31303,637,814.00,493.00,0,399144
31174,635,826.00,492.00,0,399154
31044,632,817.00,494.00,0,399162
30916,628,814.00,493.00,0,399171
30792,626,821.00,493.00,0,399180
30668,623,826.00,493.00,0,399188
30546,622,825.00,492.00,0,399198
30419,620,826.00,500.00,0,399207
30292,619,817.00,493.00,0,399215
30164,618,820.00,491.00,0,399224
30034,615,819.00,493.00,0,399234
29907,612,825.00,509.00,0,399242
29782,610,825.00,493.00,0,399251
29660,608,826.00,493.00,0,399259
29535,606,827.00,475.00,0,399268
29407,604,820.00,510.00,0,399278
29277,602,815.00,510.00,0,399286
29148,599,815.00,492.00,0,399295
29020,596,813.00,510.00,0,399304
28893,592,826.00,510.00,0,399312
28768,590,822.00,492.00,0,399322
28646,588,826.00,510.00,0,399331
28524,587,825.00,493.00,0,399339
28396,586,823.00,492.00,0,399348
28269,585,820.00,509.00,0,399356
28140,583,821.00,492.00,0,399366
28012,580,823.00,509.00,0,399375
27886,578,826.00,509.00,0,399383
27761,575,826.00,509.00,0,399392
27639,573,826.00,493.00,0,399401
27514,572,827.00,493.00,0,399410
27385,570,825.00,509.00,0,399419
27255,568,817.00,509.00,0,399427
27126,565,809.00,510.00,0,399436
26997,562,813.00,509.00,0,399446
26869,558,826.00,493.00,0,399454
26746,556,822.00,475.00,0,399463
26624,554,826.00,510.00,0,399472
26500,553,826.00,509.00,0,399480
26373,552,822.00,493.00,0,399490
26244,550,823.00,476.00,0,399499
26116,548,815.00,493.00,0,399507
25988,546,816.00,509.00,0,399516
25862,542,827.00,493.00,0,399524
25739,540,826.00,492.00,0,399534
25618,538,826.00,510.00,0,399543
25492,537,826.00,476.00,0,399551
25362,536,822.00,509.00,0,399560
25232,534,827.00,510.00,0,399569
25104,530,806.00,509.00,0,399578
24974,528,798.00,476.00,0,399587
24846,524,826.00,493.00,0,399596
24724,522,826.00,476.00,0,399604
24604,520,826.00,492.00,0,399613
24479,518,826.00,493.00,0,399622
24351,518,822.00,508.00,0,399631
24222,516,826.00,493.00,0,399640
24094,514,819.00,509.00,0,399648
23966,511,817.00,509.00,0,399657
23840,508,826.00,493.00,0,399667
23718,506,826.00,493.00,0,399675
23596,505,826.00,509.00,0,399684
23470,504,827.00,493.00,0,399692
23340,502,826.00,509.00,0,399702
23208,500,826.00,493.00,0,399711
23079,496,805.00,493.00,0,399719
22949,492,805.00,492.00,0,399728
22824,489,826.00,509.00,0,399737
22702,486,826.00,493.00,0,399746
22582,485,825.00,509.00,0,399755
22458,484,826.00,509.00,0,399764
22330,484,826.00,508.00,0,399772
22202,482,826.00,493.00,0,399781
22073,480,822.00,510.00,0,399790
21945,478,819.00,492.00,0,399799
21821,475,826.00,509.00,0,399808
21700,473,826.00,476.00,0,399816
21580,472,826.00,493.00,0,399825
21453,470,826.00,493.00,0,399835
21322,468,826.00,509.00,0,399843
21190,465,826.00,508.00,0,399852
21058,462,807.00,493.00,0,399860
20926,458,807.00,493.00,0,399869
20800,454,821.00,493.00,0,399879
20680,451,827.00,493.00,0,399887
20558,450,826.00,493.00,0,399896
20432,448,827.00,476.00,0,399905
20304,448,821.00,510.00,0,399913
20175,447,826.00,509.00,0,399923
20046,446,822.00,509.00,0,399932
19920,444,824.00,493.00,0,399940
19798,442,826.00,493.00,0,399949
19680,440,826.00,493.00,0,399958
19560,438,826.00,493.00,0,399967
19434,437,826.00,509.00,0,399976
19304,434,826.00,526.00,0,399984
19172,432,825.00,509.00,0,399993
19039,427,817.00,509.00,0,400003
18908,422,821.00,494.00,0,400011
18781,418,824.00,492.00,0,400020
18660,416,827.00,476.00,0,400029
18538,414,826.00,475.00,0,400037
18410,414,822.00,476.00,0,400047
18280,413,818.00,493.00,0,400055
18151,412,817.00,509.00,0,400064
18022,411,819.00,509.00,0,400073
17896,410,826.00,493.00,0,400081
17776,408,826.00,492.00,0,400091
17660,407,826.00,476.00,0,400100
17541,406,827.00,493.00,0,400108
17414,404,826.00,509.00,0,400117
17282,401,827.00,509.00,0,400125
17148,397,822.00,510.00,0,400135
17015,392,812.00,493.00,0,400144
16884,388,826.00,510.00,0,400152
16759,384,822.00,493.00,0,400161
16638,380,827.00,493.00,0,400171
16516,379,826.00,493.00,0,400179
16389,378,826.00,493.00,0,400188
16259,378,823.00,509.00,0,400197
16129,378,817.00,510.00,0,400205
16000,378,820.00,509.00,0,400215
15876,376,826.00,493.00,0,400223
15758,375,825.00,493.00,0,400232
15643,374,826.00,476.00,0,400241
15521,372,826.00,493.00,0,400249
15391,371,826.00,492.00,0,400259
15256,368,826.00,509.00,0,400268
15122,364,802.00,509.00,0,400276
14986,358,797.00,509.00,0,400285
14856,354,827.00,509.00,0,400293
14734,350,826.00,510.00,0,400303
14616,346,826.00,492.00,0,400312
14496,344,826.00,476.00,0,400320
14368,344,826.00,493.00,0,400329
14238,343,826.00,509.00,0,400338
14109,342,821.00,510.00,0,400347
13982,342,825.00,509.00,0,400356
13861,341,827.00,493.00,0,400365
13747,340,826.00,493.00,0,400373
13627,340,826.00,509.00,0,400382
13498,338,826.00,510.00,0,400391
13362,337,826.00,525.00,0,400400
13222,334,809.00,493.00,0,400409
13084,330,771.00,510.00,0,400417
12950,324,782.00,509.00,0,400427
12824,319,814.00,509.00,0,400436
12707,314,826.00,509.00,0,400444
12592,312,825.00,493.00,0,400453
12474,310,826.00,476.00,0,400462
12350,308,826.00,476.00,0,400471
12222,308,826.00,493.00,0,400480
12096,308,826.00,499.00,0,400488
11972,308,825.00,493.00,0,400497
11854,307,826.00,493.00,0,400506
11734,306,826.00,509.00,0,400515
11607,306,825.00,509.00,0,400524
11473,305,826.00,505.00,0,400533
11331,303,791.00,509.00,0,400541
11188,300,776.00,509.00,0,400550
11052,295,774.00,500.00,0,400559
10924,290,798.00,494.00,0,400568
10806,284,826.00,476.00,0,400577
10696,279,826.00,476.00,0,400585
10584,275,825.00,492.00,0,400594
10460,273,826.00,493.00,0,400604
10328,272,826.00,492.00,0,400612
10196,271,826.00,509.00,0,400621
10066,271,826.00,493.00,0,400630
9943,270,826.00,493.00,0,400638
9832,270,826.00,493.00,0,400647
9718,270,825.00,509.00,0,400656
9594,270,826.00,511.00,0,400664
9462,270,826.00,526.00,0,400672
9324,268,786.00,509.00,0,400681
9186,266,762.00,509.00,0,400690
9054,261,781.00,509.00,0,400699
8932,256,801.00,493.00,0,400707
8819,250,826.00,475.00,0,400715
8715,246,826.00,486.00,0,400724
8604,242,825.00,509.00,0,400733
8482,239,826.00,493.00,0,400741
8353,238,826.00,509.00,0,400750
8221,236,826.00,509.00,0,400758
8093,236,816.00,492.00,0,400768
7972,236,826.00,493.00,0,400776
7864,236,827.00,493.00,0,400784
7752,236,825.00,509.00,0,400793
7630,236,828.00,493.00,0,400801
7500,236,826.00,509.00,0,400809
7364,235,802.00,509.00,0,400819
7224,232,706.00,476.00,0,400827
7091,229,708.00,492.00,0,400836
6968,224,797.00,492.00,0,400844
6855,218,826.00,476.00,0,400852
6753,213,826.00,493.00,0,400862
6644,208,826.00,509.00,0,400870
6520,206,826.00,509.00,0,400879
6388,203,826.00,501.00,0,400887
6254,202,803.00,493.00,0,400896
6125,201,801.00,493.00,0,400905
6005,201,827.00,493.00,0,400913
5898,201,826.00,476.00,0,400921
5789,201,826.00,493.00,0,400930
5668,201,826.00,509.00,0,400939
5542,202,826.00,509.00,0,400948
5406,203,807.00,509.00,0,400956
5264,203,633.00,509.00,0,400964
5130,201,686.00,509.00,0,400973
5007,196,800.00,509.00,0,400982
4894,191,826.00,476.00,0,400990
4791,185,826.00,459.00,0,400999
4683,181,826.00,492.00,0,401007
4560,176,825.00,492.00,0,401016
4430,173,827.00,510.00,0,401025
4298,170,815.00,509.00,0,401033
4170,169,826.00,509.00,0,401042
4053,168,826.00,493.00,0,401050
3948,167,826.00,476.00,0,401058
3833,167,826.00,493.00,0,401068
3710,168,826.00,509.00,0,401076
3583,169,826.00,509.00,0,401085
3449,171,824.00,525.00,0,401093
3308,171,710.00,521.00,0,401101
3170,170,738.00,509.00,0,401111
3044,168,794.00,509.00,0,401119
2927,164,827.00,492.00,0,401128
2823,158,826.00,475.00,0,401136
2718,152,826.00,493.00,0,401144
2597,146,825.00,509.00,0,401154
2471,142,827.00,492.00,0,401162
2340,138,827.00,504.00,0,401170
2212,134,826.00,509.00,0,401179
2094,132,826.00,493.00,0,401187
1988,130,826.00,492.00,0,401197
1872,129,826.00,493.00,0,401205
1748,129,826.00,509.00,0,401213
1622,129,826.00,498.00,0,401222
1489,131,826.00,509.00,0,401230
1344,131,727.00,509.00,0,401239
1208,131,776.00,509.00,0,401248
1080,131,793.00,492.00,0,401256
964,129,825.00,493.00,0,401264
864,125,825.00,475.00,0,401272
763,121,826.00,509.00,0,401282
646,117,826.00,492.00,0,401290
526,113,826.00,493.00,0,401298
400,110,826.00,509.00,0,401306
272,107,812.00,509.00,0,401314
147,103,826.00,509.00,0,401323
36,100,825.00,492.00,0,401331
-40,97,0.00,442.00,0,401338
-27,95,0.00,358.00,0,401346
48,94,815.00,341.00,0,401353
138,93,825.00,325.00,0,401361
230,91,797.00,341.00,0,401370
316,91,300.00,325.00,0,401378
417,91,390.00,325.00,0,401386
529,91,673.00,342.00,0,401394
643,91,801.00,325.00,0,401402
758,91,801.00,325.00,0,401411
882,92,826.00,294.00,0,401418
1010,92,825.00,308.00,0,401427
1136,93,825.00,325.00,0,401435
1247,94,800.00,325.00,0,401443
1345,94,152.00,341.00,0,401452
1456,95,316.00,308.00,0,401460
1576,96,537.00,308.00,0,401468
1696,98,711.00,341.00,0,401476
1820,100,816.00,325.00,0,401485
1960,102,826.00,308.00,0,401494
2104,104,826.00,308.00,0,401502
2230,106,825.00,326.00,0,401511
2341,107,799.00,342.00,0,401519
2443,107,378.00,325.00,0,401528
2558,107,499.00,325.00,0,401537
2681,105,790.00,308.00,0,401545
2806,105,810.00,325.00,0,401554
2939,103,826.00,308.00,0,401562
3068,101,809.00,308.00,0,401570
3185,100,793.00,325.00,0,401580
3292,99,304.00,325.00,0,401588
3404,99,153.00,325.00,0,401596
3522,99,506.00,325.00,0,401604
3642,101,659.00,324.00,0,401613
3768,105,798.00,308.00,0,401622
3902,108,826.00,308.00,0,401630
4042,111,825.00,307.00,0,401639
4176,115,826.00,325.00,0,401647
4294,118,814.00,326.00,0,401655
4396,121,276.00,325.00,0,401665
4509,122,471.00,325.00,0,401673
4631,123,798.00,340.00,0,401682
4754,123,795.00,308.00,0,401690
4882,123,814.00,309.00,0,401698
5013,122,813.00,308.00,0,401708
5135,121,808.00,325.00,0,401716
5243,120,290.00,325.00,0,401724
5344,119,825.00,341.00,0,401733
5420,119,826.00,358.00,0,401741
5470,119,825.00,391.00,0,401751
5498,120,825.00,408.00,0,401759
5506,124,825.00,409.00,0,401767
5496,126,825.00,409.00,0,401776
5468,130,825.00,425.00,0,401784
5422,132,826.00,442.00,0,401794
5362,134,825.00,459.00,0,401802
5288,134,826.00,475.00,0,401810
5206,133,825.00,475.00,0,401819
5122,130,827.00,475.00,0,401827
5042,125,826.00,474.00,0,401836
4968,120,825.00,459.00,0,401845
4907,115,826.00,459.00,0,401853
4858,110,826.00,456.00,0,401862
4822,107,825.00,425.00,0,401870
4798,104,826.00,410.00,0,401879
4786,103,825.00,409.00,0,401888
4784,103,826.00,409.00,0,401896
4793,104,825.00,407.00,0,401904
4809,108,825.00,391.00,0,401913
4835,110,826.00,392.00,0,401922
4869,114,825.00,375.00,0,401931
4909,116,826.00,366.00,0,401939
4953,117,826.00,375.00,0,401947
4997,118,825.00,375.00,0,401956
5037,118,826.00,391.00,0,401965
5070,117,826.00,391.00,0,401973
5093,115,825.00,391.00,0,401982
5104,112,826.00,409.00,0,401990
5102,110,825.00,408.00,0,401999
5088,109,825.00,425.00,0,402008
5066,109,826.00,425.00,0,402016
5038,108,825.00,425.00,0,402025
5008,108,825.00,425.00,0,402033
4980,108,826.00,425.00,0,402042
4958,109,826.00,426.00,0,402051
4942,110,826.00,425.00,0,402059
4933,112,826.00,408.00,0,402068
4932,112,826.00,409.00,0,402076
4939,112,826.00,408.00,0,402084
4953,112,825.00,391.00,0,402094
4970,111,826.00,392.00,0,402102
4989,111,826.00,391.00,0,402111
5009,109,826.00,392.00,0,402119
5025,109,826.00,409.00,0,402127
5039,108,825.00,408.00,0,402137
5045,108,826.00,409.00,0,402145
5045,108,826.00,409.00,0,402153
5039,108,825.00,409.00,0,402162
5029,108,825.00,409.00,0,402170
5016,109,825.00,408.00,0,402180
5003,110,826.00,409.00,0,402188
4991,110,825.00,425.00,0,402196
4981,110,825.00,408.00,0,402205
4975,110,825.00,408.00,0,402213
4973,110,826.00,409.00,0,402222
4975,109,825.00,408.00,0,402231
4981,108,826.00,409.00,0,402239
4988,108,825.00,408.00,0,402248
4997,107,825.00,409.00,0,402256
5005,107,826.00,391.00,0,402265
5013,107,826.00,408.00,0,402274
5018,107,826.00,409.00,0,402282
5019,107,825.00,409.00,0,402290
5018,107,826.00,409.00,0,402299
5014,107,826.00,409.00,0,402308
5009,108,825.00,408.00,0,402317
5003,109,826.00,408.00,0,402325
4997,109,826.00,425.00,0,402333
4993,109,825.00,409.00,0,402342
4991,109,826.00,408.00,0,402351
4990,109,826.00,409.00,0,402360
4990,109,826.00,409.00,0,402368
4993,108,826.00,409.00,0,402376
4996,108,826.00,391.00,0,402385
5000,108,826.00,409.00,0,402394
5002,108,826.00,409.00,0,402402
5005,108,825.00,409.00,0,402411
5006,108,826.00,409.00,0,402419
5006,108,825.00,408.00,0,402428
5005,108,826.00,408.00,0,402437
5003,108,825.00,408.00,0,402445
5001,108,825.00,408.00,0,402454
5001,108,826.00,409.00,0,402462
4999,108,826.00,409.00,0,402470
4999,108,826.00,409.00,0,402480
4999,108,825.00,409.00,0,402488
5000,107,826.00,408.00,0,402497
5000,107,826.00,408.00,0,402505
5001,107,825.00,408.00,0,402513
5001,107,825.00,409.00,0,402523
5001,107,825.00,408.00,0,402531
5001,107,826.00,409.00,0,402539
5001,107,825.00,408.00,0,402548
5001,107,826.00,409.00,0,402556
5001,107,826.00,408.00,0,402566
5001,107,825.00,409.00,0,402574
5001,107,826.00,409.00,0,402582
5001,107,825.00,409.00,0,402591
5001,107,826.00,409.00,0,402599
5001,106,825.00,408.00,0,402609
5001,106,826.00,408.00,0,402617
5001,106,826.00,409.00,0,402625
5001,106,825.00,409.00,0,402634
5001,106,825.00,409.00,0,402642
5001,106,826.00,408.00,0,402651
5001,106,825.00,409.00,0,402660
5001,106,825.00,409.00,0,402668
5001,106,826.00,408.00,0,402677
5001,106,825.00,408.00,0,402685
5001,106,825.00,409.00,0,402694
5001,106,825.00,408.00,0,402703
5001,106,825.00,408.00,0,402711
5001,106,826.00,409.00,0,402719
5001,106,825.00,408.00,0,402728
5001,106,826.00,408.00,0,402737
5001,106,825.00,408.00,0,402746
5001,106,825.00,409.00,0,402754
5001,106,826.00,409.00,0,402762
5001,106,825.00,408.00,0,402771
5001,106,826.00,408.00,0,402780
5001,106,826.00,409.00,0,402788
5001,106,825.00,408.00,0,402797
5001,106,826.00,408.00,0,402805
5001,106,825.00,408.00,0,402814
5001,106,826.00,409.00,0,402823
5001,106,825.00,409.00,0,402831
5001,106,825.00,409.00,0,402840
5001,106,826.00,409.00,0,402848
5001,106,826.00,409.00,0,402857
5001,106,825.00,409.00,0,402866
5001,106,825.00,408.00,0,402874
5001,106,826.00,409.00,0,402883
5001,106,826.00,409.00,0,402891
5001,106,826.00,409.00,0,402899
5001,106,825.00,409.00,0,402909
5001,106,825.00,408.00,0,402917
5001,106,826.00,409.00,0,402926
5001,106,825.00,408.00,0,402934
5001,106,826.00,409.00,0,402942
5001,106,825.00,409.00,0,402952
5001,106,826.00,408.00,0,402960
5001,106,826.00,409.00,0,402968
5001,106,826.00,408.00,0,402977
5001,106,825.00,409.00,0,402985
5001,105,825.00,408.00,0,402995
5001,105,826.00,408.00,0,403003
5001,105,826.00,408.00,0,403011
5001,105,825.00,408.00,0,403020
5001,105,826.00,409.00,0,403028
5001,105,825.00,409.00,0,403037
5001,105,826.00,408.00,0,403046
5001,105,826.00,409.00,0,403054
5001,105,825.00,408.00,0,403063
5001,105,826.00,408.00,0,403072
5001,105,825.00,408.00,0,403080
5001,105,825.00,409.00,0,403089
5001,105,826.00,409.00,0,403097
5001,105,826.00,408.00,0,403105
5001,105,826.00,408.00,0,403115
5001,105,826.00,409.00,0,403123
5001,105,825.00,409.00,0,403132
5001,105,826.00,408.00,0,403140
5001,105,825.00,408.00,0,403148
5001,105,825.00,409.00,0,403158
5001,105,826.00,409.00,0,403166
5001,105,826.00,408.00,0,403175
5001,105,825.00,408.00,0,403183
5001,105,826.00,408.00,0,403191
5001,105,825.00,408.00,0,403201
5001,105,826.00,409.00,0,403209
5001,105,826.