1,-2.93,0,37314
0,-1,0.51,-7.81,0,37320
0,-1,0.51,-2.93,0,37327
0,-1,0.51,-7.81,0,37334
0,-1,0.51,-7.81,0,37341
0,-1,0.51,-7.81,0,37347
0,-1,0.51,-2.93,0,37353
0,-1,0.51,-2.93,0,37360
0,-1,0.51,-7.81,0,37366
0,-1,0.51,-7.81,0,37372
0,-1,0.51,-2.93,0,37380
0,-1,0.51,-7.81,0,37386
0,-1,0.51,-2.93,0,37392
0,-1,0.51,-2.93,0,37399
0,-1,0.51,-2.93,0,37405
0,-1,0.51,-7.81,0,37411
0,-1,0.51,-2.93,0,37419
0,-1,0.51,-2.93,0,37425
0,-1,0.51,-2.93,0,37431
0,-1,0.51,-7.81,0,37438
0,-1,0.51,-2.93,0,37444
0,-1,0.51,-7.81,0,37450
0,-1,0.51,-7.81,0,37457
0,-1,0.51,-7.81,0,37464
0,-1,0.51,-7.81,0,37470
0,-1,0.51,-7.81,0,37477
0,-1,0.51,-2.93,0,37483
0,-1,0.51,-2.93,0,37490
0,-1,0.51,-7.81,0,37496
0,-1,0.51,-2.93,0,37502
0,-1,0.51,-2.93,0,37510
0,-1,0.51,-7.81,0,37516
0,-1,0.51,-7.81,0,37522
0,-1,0.51,-2.93,0,37529
0,-1,0.51,-2.93,0,37535
0,-1,0.51,-2.93,0,37541
0,-1,0.51,-2.93,0,37549
0,-1,0.51,-7.81,0,37555
0,-1,0.51,-2.93,0,37561
0,-1,0.51,-7.81,0,37568
0,-1,0.51,-7.81,0,37574
0,-1,0.51,-7.81,0,37580
0,-1,0.51,-2.93,0,37587
0,-1,0.51,-7.81,0,37594
0,-1,0.51,-7.81,0,37600
0,-1,0.51,-2.93,0,37607
0,-1,0.51,-7.81,0,37613
0,-1,0.51,-2.93,0,37619
0,-1,0.51,-2.93,0,37626
0,-1,0.51,-2.93,0,37633
0,-1,0.51,-7.81,0,37640
0,-1,0.51,-7.81,0,37646
0,-1,0.51,-2.93,0,37652
0,-1,0.51,-2.93,0,37659
0,-1,0.51,-7.81,0,37665
0,-1,0.51,-7.81,0,37671
0,-1,0.51,-2.93,0,37679
0,-1,0.51,-2.93,0,37685
0,-1,0.51,-7.81,0,37691
0,-1,0.51,-2.93,0,37698
0,-1,0.51,-7.81,0,37704
0,-1,0.51,-7.81,0,37710
0,-1,0.51,-7.81,0,37718
0,-1,0.51,-2.93,0,37724
0,-1,0.51,-2.93,0,37730
0,-1,0.51,-7.81,0,37737
0,-1,0.51,-2.93,0,37743
0,-1,0.51,-2.93,0,37749
0,-1,0.51,-7.81,0,37756
0,-1,0.51,-7.81,0,37763
0,-1,0.51,-7.81,0,37769
0,-1,0.51,-7.81,0,37776
0,-1,0.51,-2.93,0,37782
0,-1,0.51,-2.93,0,37789
0,-1,0.51,-7.81,0,37795
0,-1,0.51,-7.81,0,37801
0,-1,0.51,-2.93,0,37809
0,-1,0.51,-7.81,0,37815
0,-1,0.51,-2.93,0,37821
0,-1,0.51,-2.93,0,37828
0,-1,0.51,-2.93,0,37834
0,-1,0.51,-7.81,0,37840
0,-1,0.51,-7.81,0,37848
0,-1,0.51,-2.93,0,37854
0,-1,0.51,-2.93,0,37860
0,-1,0.51,-7.81,0,37867
0,-1,0.51,-7.81,0,37873
0,-1,0.51,-2.93,0,37879
0,-1,0.51,-7.81,0,37886
0,-1,0.51,-2.93,0,37893
0,-1,0.51,-2.93,0,37899
0,-1,0.51,-2.93,0,37906
0,-1,0.51,-7.81,0,37912
0,-1,0.51,-2.93,0,37918
0,-1,0.51,-2.93,0,37925
0,-1,0.51,-7.81,0,37932
0,-1,0.51,-2.93,0,37939
0,-1,0.51,-7.81,0,37945
0,-1,0.51,-2.93,0,37951
0,-1,0.51,-7.81,0,37958
0,-1,0.51,-2.93,0,37964
0,-1,0.51,-7.81,0,37970
0,-1,0.51,-2.93,0,37978
0,-1,0.51,-7.81,0,37984
0,-1,0.51,-2.93,0,37990
0,-1,0.51,-2.93,0,37997
0,-1,0.51,-7.81,0,38003
0,-1,0.51,-2.93,0,38009
0,-1,0.51,-7.81,0,38017
0,-1,0.51,-2.93,0,38023
0,-1,0.51,-2.93,0,38029
0,-1,0.51,-7.81,0,38036
0,-1,0.51,-2.93,0,38042
0,-1,0.51,-2.93,0,38048
0,-1,0.51,-7.81,0,38055
0,-1,0.51,-2.93,0,38062
0,-1,0.51,-2.93,0,38068
0,-1,0.51,-7.81,0,38075
0,-1,0.51,-2.93,0,38081
0,-1,0.51,-2.93,0,38088
0,-1,0.51,-7.81,0,38094
0,-1,0.51,-2.93,0,38100
0,-1,0.51,-2.93,0,38108
0,-1,0.51,-2.93,0,38114
0,-1,0.51,-7.81,0,38120
0,-1,0.51,1.95,0,38126
0,-1,0.51,-7.81,0,38133
0,-1,0.51,-2.93,0,38139
0,-1,0.51,-2.93,0,38146
0,-1,0.51,-7.81,0,38153
0,-1,0.51,-7.81,0,38159
0,-1,0.51,-2.93,0,38165
0,-1,0.51,-7.81,0,38172
0,-1,0.51,-2.93,0,38178
0,-1,0.51,-2.93,0,38184
0,-1,0.51,-7.81,0,38192
0,-1,0.51,-7.81,0,38198
0,-1,0.51,-2.93,0,38205
0,-1,0.51,-2.93,0,38211
0,-1,0.51,-2.93,0,38217
0,-1,0.51,-2.93,0,38224
0,-1,0.51,-2.93,0,38231
0,-1,0.51,-2.93,0,38237
0,-1,0.51,-2.93,0,38244
0,-1,0.51,-2.93,0,38250
0,-1,0.51,-2.93,0,38256
0,-1,0.51,-2.93,0,38263
0,-1,0.51,-2.93,0,38269
0,-1,0.51,-7.81,0,38276
0,-1,0.51,-2.93,0,38283
0,-1,0.51,-7.81,0,38289
0,-1,0.51,-2.93,0,38295
0,-1,0.51,-7.81,0,38302
0,-1,0.51,-2.93,0,38308
0,-1,0.51,-7.81,0,38315
0,-1,0.51,-7.81,0,38322
0,-1,0.51,-2.93,0,38328
0,-1,0.51,-7.81,0,38334
0,-1,0.51,-7.81,0,38341
0,-1,0.51,-2.93,0,38347
0,-1,0.51,-2.93,0,38354
0,-1,0.51,-7.81,0,38361
0,-1,0.51,-2.93,0,38367
0,-1,0.51,-2.93,0,38374
0,-1,0.51,-7.81,0,38380
0,-1,0.51,-2.93,0,38386
0,-1,0.51,-2.93,0,38393
0,-1,0.51,-7.81,0,38400
0,-1,0.51,-2.93,0,38406
0,-1,0.51,-2.93,0,38413
0,-1,0.51,-2.93,0,38419
0,-1,0.51,-2.93,0,38425
0,-1,0.51,-7.81,0,38432
0,-1,0.51,-7.81,0,38438
0,-1,0.51,-2.93,0,38445
0,-1,0.51,-7.81,0,38452
0,-1,0.51,-2.93,0,38458
0,-1,0.51,-2.93,0,38464
0,-1,0.51,-7.81,0,38471
0,-1,0.51,-2.93,0,38477
0,-1,0.51,-7.81,0,38483
0,-1,0.51,-7.81,0,38491
0,-1,0.51,-7.81,0,38497
0,-1,0.51,-2.93,0,38504
0,-1,0.51,-2.93,0,38510
0,-1,0.51,-7.81,0,38516
0,-1,0.51,-7.81,0,38523
0,-1,0.51,-2.93,0,38530
0,-1,0.51,-2.93,0,38536
0,-1,0.51,-7.81,0,38543
0,-1,0.51,-2.93,0,38549
0,-1,0.51,-2.93,0,38555
0,-1,0.51,-2.93,0,38562
0,-1,0.51,-2.93,0,38568
0,-1,0.51,-2.93,0,38575
0,-1,0.51,-7.81,0,38582
0,-1,0.51,-2.93,0,38588
0,-1,0.51,-2.93,0,38594
0,-1,0.51,-2.93,0,38601
0,-1,0.51,-2.93,0,38607
0,-1,0.51,-7.81,0,38614
0,-1,0.51,-7.81,0,38621
0,-1,0.51,-2.93,0,38627
0,-1,0.51,-7.81,0,38633
0,-1,0.51,-7.81,0,38640
0,-1,0.51,-2.93,0,38646
0,-1,0.51,-7.81,0,38653
0,-1,0.51,-7.81,0,38660
0,-1,0.51,-2.93,0,38666
0,-1,0.51,-2.93,0,38673
0,-1,0.51,-7.81,0,38679
0,-1,0.51,-2.93,0,38685
0,-1,0.51,-2.93,0,38692
0,-1,0.51,-2.93,0,38699
0,-1,0.51,-2.93,0,38705
0,-1,0.51,-2.93,0,38712
0,-1,0.51,-7.81,0,38718
0,-1,0.51,-2.93,0,38724
0,-1,0.51,-2.93,0,38731
0,-1,0.51,-7.81,0,38737
0,-1,0.51,-2.93,0,38744
0,-1,0.51,-2.93,0,38751
0,-1,0.51,-2.93,0,38757
0,-1,0.51,-2.93,0,38763
0,-1,0.51,-7.81,0,38770
0,-1,0.51,-7.81,0,38776
0,-1,0.51,-7.81,0,38782
0,-1,0.51,-2.93,0,38790
0,-1,0.51,-7.81,0,38796
0,-1,0.51,-7.81,0,38803
0,-1,0.51,-2.93,0,38809
0,-1,0.51,-7.81,0,38815
0,-1,0.51,-2.93,0,38822
0,-1,0.51,-2.93,0,38829
0,-1,0.51,-7.81,0,38835
0,-1,0.51,-2.93,0,38842
0,-1,0.51,-2.93,0,38848
0,-1,0.51,-2.93,0,38854
0,-1,0.51,-2.93,0,38861
0,-1,0.51,-7.81,0,38867
0,-1,0.51,-2.93,0,38874
0,-1,0.51,-2.93,0,38881
0,-1,0.51,-7.81,0,38887
0,-1,0.51,-2.93,0,38893
0,-1,0.51,-7.81,0,38900
0,-1,0.51,-2.93,0,38906
0,-1,0.51,-2.93,0,38913
0,-1,0.51,-7.81,0,38920
0,-1,0.51,-2.93,0,38926
0,-1,0.51,-2.93,0,38932
0,-1,0.51,-7.81,0,38939
0,-1,0.51,-2.93,0,38945
0,-1,0.51,-2.93,0,38952
0,-1,0.51,-7.81,0,38959
0,-1,0.51,-7.81,0,38965
0,-1,0.51,-2.93,0,38972
0,-1,0.51,-7.81,0,38978
0,-1,0.51,-2.93,0,38984
0,-1,0.51,-2.93,0,38991
0,-1,0.51,-7.81,0,38998
0,-1,0.51,-7.81,0,39004
0,-1,0.51,-2.93,0,39011
0,-1,0.51,-7.81,0,39017
0,-1,0.51,-2.93,0,39023
0,-1,0.51,-7.81,0,39030
0,-1,0.51,-2.93,0,39036
0,-1,0.51,-2.93,0,39043
0,-1,0.51,-2.93,0,39050
0,-1,0.51,-7.81,0,39056
0,-1,0.51,-2.93,0,39062
0,-1,0.51,-7.81,0,39069
0,-1,0.51,-2.93,0,39075
0,-1,0.51,-2.93,0,39081
0,-1,0.51,-7.81,0,39089
0,-1,0.51,-2.93,0,39095
0,-1,0.51,-2.93,0,39102
0,-1,0.51,-2.93,0,39108
0,-1,0.51,-7.81,0,39114
0,-1,0.51,-7.81,0,39121
0,-1,0.51,-2.93,0,39128
0,-1,0.51,-2.93,0,39134
0,-1,0.51,-7.81,0,39141
0,-1,0.51,-2.93,0,39147
0,-1,0.51,-7.81,0,39153
0,-1,0.51,-2.93,0,39160
0,-1,0.51,-2.93,0,39166
0,-1,0.51,-2.93,0,39173
0,-1,0.51,-2.93,0,39180
0,-1,0.51,-2.93,0,39186
0,-1,0.51,-2.93,0,39192
0,-1,0.51,-7.81,0,39199
0,-1,0.51,-2.93,0,39205
0,-1,0.51,-2.93,0,39212
0,-1,0.51,-7.81,0,39219
0,-1,0.51,-2.93,0,39225
0,-1,0.51,-2.93,0,39231
0,-1,0.51,-7.81,0,39238
0,-1,0.51,-2.93,0,39244
0,-1,0.51,-2.93,0,39250
0,-1,0.51,-7.81,0,39258
0,-1,0.51,-2.93,0,39264
0,-1,0.51,-2.93,0,39271
0,-1,0.51,-7.81,0,39277
0,-1,0.51,-7.81,0,39283
0,-1,0.51,-2.93,0,39290
0,-1,0.51,-2.93,0,39297
0,-1,0.51,-7.81,0,39303
0,-1,0.51,-2.93,0,39310
0,-1,0.51,-2.93,0,39316
0,-1,0.51,-7.81,0,39322
0,-1,0.51,-7.81,0,39329
0,-1,0.51,-2.93,0,39335
0,-1,0.51,-7.81,0,39342
0,-1,0.51,-7.81,0,39349
0,-1,0.51,-7.81,0,39355
0,-1,0.51,-2.93,0,39361
0,-1,0.51,-7.81,0,39368
0,-1,0.51,-7.81,0,39374
0,-1,0.51,-7.81,0,39380
0,-1,0.51,-7.81,0,39388
0,-1,0.51,-2.93,0,39394
0,-1,0.51,-2.93,0,39400
0,-1,0.51,-7.81,0,39407
0,-1,0.51,-7.81,0,39413
0,-1,0.51,-7.81,0,39420
0,-1,0.51,-2.93,0,39427
0,-1,0.51,-2.93,0,39433
0,-1,0.51,-2.93,0,39440
0,-1,0.51,-7.81,0,39446
0,-1,0.51,-2.93,0,39452
0,-1,0.51,-7.81,0,39459
0,-1,0.51,-7.81,0,39465
0,-1,0.51,-2.93,0,39472
0,-1,0.51,-2.93,0,39479
0,-1,0.51,-7.81,0,39485
0,-1,0.51,-2.93,0,39491
0,-1,0.51,-7.81,0,39498
0,-1,0.51,-2.93,0,39504
0,-1,0.51,-2.93,0,39511
0,-1,0.51,-7.81,0,39518
0,-1,0.51,-2.93,0,39524
0,-1,0.51,-2.93,0,39530
0,-1,0.51,-7.81,0,39537
0,-1,0.51,-2.93,0,39543
0,-1,0.51,-2.93,0,39549
0,-1,0.51,-7.81,0,39557
0,-1,0.51,-2.93,0,39563
0,-1,0.51,-7.81,0,39570
0,-1,0.51,-7.81,0,39576
0,-1,0.51,-2.93,0,39582
0,-1,0.51,-2.93,0,39589
0,-1,0.51,-7.81,0,39596
0,-1,0.51,-2.93,0,39602
0,-1,0.51,-2.93,0,39609
0,-1,0.51,-7.81,0,39615
0,-1,0.51,-7.81,0,39621
0,-1,0.51,-2.93,0,39628
0,-1,0.51,-7.81,0,39634
0,-1,0.51,-2.93,0,39641
0,-1,0.51,-2.93,0,39648
0,-1,0.51,-7.81,0,39654
0,-1,0.51,-7.81,0,39660
0,-1,0.51,-2.93,0,39667
0,-1,0.51,-2.93,0,39673
0,-1,0.51,-2.93,0,39680
0,-1,0.51,-2.93,0,39687
0,-1,0.51,-7.81,0,39693
0,-1,0.51,-7.81,0,39699
0,-1,0.51,-7.81,0,39706
0,-1,0.51,-7.81,0,39712
0,-1,0.51,-7.81,0,39719
0,-1,0.51,-2.93,0,39726
0,-1,0.51,-2.93,0,39732
0,-1,0.51,-7.81,0,39739
0,-1,0.51,-2.93,0,39745
0,-1,0.51,-2.93,0,39751
0,-1,0.51,-2.93,0,39758
0,-1,0.51,-2.93,0,39764
0,-1,0.51,-7.81,0,39771
0,-1,0.51,-2.93,0,39778
0,-1,0.51,-2.93,0,39784
0,-1,0.51,-2.93,0,39790
0,-1,0.51,-7.81,0,39797
0,-1,0.51,-2.93,0,39803
0,-1,0.51,-7.81,0,39810
0,-1,0.51,-7.81,0,39817
0,-1,0.51,-2.93,0,39823
0,-1,0.51,-2.93,0,39829
0,-1,0.51,-7.81,0,39836
0,-1,0.51,-2.93,0,39842
0,-1,0.51,-2.93,0,39848
0,-1,0.51,-7.81,0,39856
0,-1,0.51,-2.93,0,39862
0,-1,0.51,-2.93,0,39869
0,-1,0.51,-7.81,0,39875
0,-1,0.51,-7.81,0,39881
0,-1,0.51,-2.93,0,39888
0,-1,0.51,-7.81,0,39895
0,-1,0.51,-2.93,0,39901
0,-1,0.51,-2.93,0,39908
0,-1,0.51,-7.81,0,39914
0,-1,0.51,-7.81,0,39920
0,-1,0.51,-2.93,0,39927
0,-1,0.51,-7.81,0,39933
0,-1,0.51,-7.81,0,39940
0,-1,0.51,-2.93,0,39947
0,-1,0.51,-7.81,0,39953
0,-1,0.51,-7.81,0,39959
0,-1,0.51,-7.81,0,39966
0,-1,0.51,-2.93,0,39972
0,-1,0.51,-7.81,0,39979
0,-1,0.51,-7.81,0,39986
0,-1,0.51,-7.81,0,39992
0,-1,0.51,-7.81,0,39998
0,-1,0.51,-2.93,0,40005
0,-1,0.51,-7.81,0,40011
0,-1,0.51,-7.81,0,40018
0,-1,0.51,-7.81,0,40025
0,-1,0.51,-2.93,0,40031
0,-1,0.51,-2.93,0,40038
0,-1,0.51,-7.81,0,40044
0,-1,0.51,-2.93,0,40050
0,-1,0.51,-7.81,0,40057
0,-1,0.51,-2.93,0,40064
0,-1,0.51,-2.93,0,40070
0,-1,0.51,-7.81,0,40077
0,-1,0.51,-2.93,0,40083
0,-1,0.51,-2.93,0,40089
0,-1,0.51,-2.93,0,40096
0,-1,0.51,-7.81,0,40102
0,-1,0.51,-7.81,0,40109
0,-1,0.51,-7.81,0,40116
0,-1,0.51,-7.81,0,40122
0,-1,0.51,-7.81,0,40128
0,-1,0.51,-2.93,0,40135
0,-1,0.51,-7.81,0,40141
0,-1,0.51,-7.81,0,40147
0,-1,0.51,-7.81,0,40155
0,-1,0.51,-7.81,0,40161
0,-1,0.51,-7.81,0,40168
0,-1,0.51,-7.81,0,40174
0,-1,0.51,-7.81,0,40180
0,-1,0.51,-2.93,0,40187
0,-1,0.51,-7.81,0,40194
0,-1,0.51,-7.81,0,40200
0,-1,0.51,-7.81,0,40207
0,-1,0.51,-7.81,0,40213
0,-1,0.51,-7.81,0,40219
0,-1,0.51,-7.81,0,40226
0,-1,0.51,-7.81,0,40232
0,-1,0.51,-7.81,0,40239
0,-1,0.51,-7.81,0,40246
0,-1,0.51,-2.93,0,40252
0,-1,0.51,-7.81,0,40258
0,-1,0.51,-7.81,0,40265
0,-1,0.51,-7.81,0,40271
0,-1,0.51,-7.81,0,40278
0,-1,0.51,-7.81,0,40285
0,-1,0.51,-2.93,0,40291
0,-1,0.51,-7.81,0,40297
0,-1,0.51,-2.93,0,40304
0,-1,0.51,-7.81,0,40310
0,-1,0.51,-7.81,0,40317
0,-1,0.51,-7.81,0,40324
0,-1,0.51,-7.81,0,40330
0,-1,0.51,-7.81,0,40337
0,-1,0.51,-7.81,0,40343
0,-1,0.51,-7.81,0,40349
0,-1,0.51,-7.81,0,40356
0,-1,0.51,-7.81,0,40363
0,-1,0.51,-7.81,0,40369
0,-1,0.51,-7.81,0,40376
0,-1,0.51,-7.81,0,40382
0,-1,0.51,-7.81,0,40388
0,-1,0.51,-7.81,0,40395
0,-1,0.51,-7.81,0,40401
0,-1,0.51,-7.81,0,40408
0,-1,0.51,-7.81,0,40415
0,-1,0.51,-2.93,0,40421
0,-1,0.51,-2.93,0,40427
0,-1,0.51,-7.81,0,40434
0,-1,0.51,-2.93,0,40440
0,-1,0.51,-7.81,0,40446
0,-1,0.51,-7.81,0,40454
0,-1,0.51,-7.81,0,40460
0,-1,0.51,-7.81,0,40467
0,-1,0.51,-7.81,0,40473
0,-1,0.51,-7.81,0,40479
0,-1,0.51,-2.93,0,40486
0,-1,0.51,-7.81,0,40493
0,-1,0.51,-2.93,0,40499
0,-1,0.51,-2.93,0,40506
0,-1,0.51,-2.93,0,40512
0,-1,0.51,-7.81,0,40518
0,-1,0.51,-2.93,0,40525
0,-1,0.51,-7.81,0,40531
0,-1,0.51,-7.81,0,40538
0,-1,0.51,-2.93,0,40545
0,-1,0.51,-7.81,0,40551
0,-1,0.51,-7.81,0,40557
0,-1,0.51,-7.81,0,40564
0,-1,0.51,-7.81,0,40570
0,-1,0.51,-7.81,0,40577
0,-1,0.51,-7.81,0,40584
0,-1,0.51,-2.93,0,40590
0,-1,0.51,-2.93,0,40596
0,-1,0.51,-7.81,0,40603
0,-1,0.51,-7.81,0,40609
0,-1,0.51,-7.81,0,40616
0,-1,0.51,-2.93,0,40623
0,-1,0.51,-7.81,0,40629
0,-1,0.51,-7.81,0,40636
0,-1,0.51,-7.81,0,40642
0,-1,0.51,-7.81,0,40648
0,-1,0.51,-7.81,0,40655
0,-1,0.51,-2.93,0,40662
0,-1,0.51,-2.93,0,40668
0,-1,0.51,-7.81,0,40675
0,-1,0.51,-7.81,0,40681
0,-1,0.51,-7.81,0,40687
0,-1,0.51,-7.81,0,40694
0,-1,0.51,-7.81,0,40700
0,-1,0.51,-2.93,0,40707
0,-1,0.51,-7.81,0,40714
0,-1,0.51,-7.81,0,40720
0,-1,0.51,-2.93,0,40726
0,-1,0.51,-7.81,0,40733
0,-1,0.51,-7.81,0,40739
0,-1,0.51,-7.81,0,40745
0,-1,0.51,-7.81,0,40753
0,-1,0.51,-7.81,0,40759
0,-1,0.51,-7.81,0,40766
0,-1,0.51,-7.81,0,40772
0,-1,0.51,-7.81,0,40778
0,-1,0.51,-2.93,0,40785
0,-1,0.51,-7.81,0,40792
0,-1,0.51,-7.81,0,40798
0,-1,0.51,-2.93,0,40805
0,-1,0.51,-7.81,0,40811
0,-1,0.51,-7.81,0,40817
0,-1,0.51,-7.81,0,40824
0,-1,0.51,-2.93,0,40830
0,-1,0.51,-7.81,0,40837
0,-1,0.51,-2.93,0,40844
0,-1,0.51,-2.93,0,40850
0,-1,0.51,-7.81,0,40856
0,-1,0.51,-7.81,0,40863
0,-1,0.51,-7.81,0,40869
0,-1,0.51,-2.93,0,40876
0,-1,0.51,-7.81,0,40883
0,-1,0.51,-7.81,0,40889
0,-1,0.51,-7.81,0,40895
0,-1,0.51,-7.81,0,40902
0,-1,0.51,-7.81,0,40908
0,-1,0.51,-7.81,0,40914
0,-1,0.51,-7.81,0,40922
0,-1,0.51,-7.81,0,40928
0,-1,0.51,-7.81,0,40935
0,-1,0.51,-7.81,0,40941
0,-1,0.51,-2.93,0,40947
0,-1,0.51,-7.81,0,40954
0,-1,0.51,-7.81,0,40961
0,-1,0.51,-2.93,0,40967
0,-1,0.51,-7.81,0,40974
0,-1,0.51,-7.81,0,40980
0,-1,0.51,-2.93,0,40986
0,-1,0.51,-7.81,0,40993
0,-1,0.51,-7.81,0,40999
0,-1,0.51,-2.93,0,41006
0,-1,0.51,-7.81,0,41013
0,-1,0.51,-7.81,0,41019
0,-1,0.51,-2.93,0,41025
0,-1,0.51,-7.81,0,41032
0,-1,0.51,-7.81,0,41038
0,-1,0.51,-7.81,0,41044
0,-1,0.51,-7.81,0,41052
0,-1,0.51,-2.93,0,41058
0,-1,0.51,-7.81,0,41064
0,-1,0.51,-7.81,0,41071
0,-1,0.51,-7.81,0,41077
0,-1,0.51,-7.81,0,41084
0,-1,0.51,-7.81,0,41091
0,-1,0.51,-7.81,0,41097
0,-1,0.51,-7.81,0,41104
0,-1,0.51,-7.81,0,41110
0,-1,0.51,-7.81,0,41116
0,-1,0.51,-2.93,0,41123
0,-1,0.51,-7.81,0,41129
0,-1,0.51,-2.93,0,41136
0,-1,0.51,-2.93,0,41143
0,-1,0.51,-7.81,0,41149
2,-1,-0.50,-7.81,0,41156
30,-1,0.51,-168.95,0,41163
58,-1,0.51,-90.82,0,41170
74,-1,0.51,-85.94,0,41177
78,-1,-0.50,-7.81,0,41184
102,-1,-0.50,-247.07,0,41192
170,-1,-0.50,-334.96,0,41200
272,-1,-0.50,-417.97,0,41207
384,0,0.02,-496.09,0,41214
482,0,-0.18,-496.09,0,41223
590,2,0.42,-496.09,0,41230
700,4,0.47,-496.09,0,41237
820,6,0.51,-574.22,0,41244
945,8,0.51,-496.09,0,41251
1056,10,0.51,-413.09,0,41260
1163,10,0.51,-330.08,0,41267
1258,12,0.32,-408.20,0,41275
1347,12,-0.50,-413.09,0,41283
1456,12,-0.17,-334.96,0,41291
1572,12,0.29,-500.98,0,41298
1683,12,0.34,-413.09,0,41307
1800,10,0.48,-559.57,0,41315
1923,10,0.51,-496.09,0,41322
2042,10,0.51,-496.09,0,41330
2146,9,0.29,-334.96,0,41337
2236,9,-0.50,-413.09,0,41346
2342,9,-0.50,-417.97,0,41353
2454,10,0.01,-496.09,0,41361
2568,11,0.31,-413.09,0,41369
2682,14,0.43,-496.09,0,41376
2804,17,0.51,-413.09,0,41384
2930,19,0.51,-496.09,0,41392
3053,21,0.51,-496.09,0,41400
3164,23,0.50,-334.96,0,41408
3259,25,0.03,-413.09,0,41415
3352,25,-0.50,-413.09,0,41423
3466,27,-0.07,-496.09,0,41432
3582,27,0.34,-413.09,0,41440
3694,27,0.33,-500.98,0,41447
3810,27,0.49,-427.73,0,41455
3930,27,0.50,-496.09,0,41462
4044,27,0.47,-413.09,0,41470
4142,27,-0.37,-334.96,0,41479
4248,27,-0.50,-334.96,0,41487
4362,27,-0.26,-417.97,0,41495
4478,29,-0.10,-330.08,0,41503
4596,30,0.28,-496.09,0,41510
4712,31,0.46,-496.09,0,41519
4834,33,0.50,-413.09,0,41526
4958,35,0.51,-413.09,0,41534
5074,38,0.51,-413.09,0,41542
5174,39,0.10,-408.20,0,41549
5270,41,-0.50,-403.32,0,41558
5382,43,-0.31,-413.09,0,41566
5496,45,-0.10,-334.96,0,41574
5613,46,0.25,-413.09,0,41582
5728,47,0.46,-417.97,0,41589
5846,49,0.48,-574.22,0,41597
5966,51,0.48,-413.09,0,41605
6074,53,0.46,-413.09,0,41613
6172,54,-0.40,-417.97,0,41621
6280,57,-0.50,-417.97,0,41629
6396,59,-0.22,-413.09,0,41637
6513,62,-0.24,-496.09,0,41645
6630,66,0.26,-417.97,0,41653
6748,71,0.48,-330.08,0,41661
6870,75,0.51,-496.09,0,41668
6992,80,0.48,-496.09,0,41676
7107,85,0.49,-413.09,0,41684
7206,90,0.02,-334.96,0,41692
7304,95,-0.50,-496.09,0,41700
7416,101,-0.08,-417.97,0,41708
7536,106,0.14,-496.09,0,41716
7652,111,0.18,-496.09,0,41724
7771,116,0.47,-496.09,0,41733
7892,121,0.49,-491.21,0,41741
8012,124,0.46,-413.09,0,41749
8121,127,0.23,-256.84,0,41756
8226,129,-0.29,-334.96,0,41765
8344,131,-0.40,-496.09,0,41774
8463,132,-0.02,-496.09,0,41782
8582,134,0.23,-413.09,0,41790
8700,135,0.40,-413.09,0,41798
8822,137,0.48,-496.09,0,41805
8947,140,0.49,-500.98,0,41814
9066,142,0.49,-496.09,0,41822
9174,143,0.20,-413.09,0,41830
9278,146,-0.35,-334.96,0,41838
9394,149,-0.10,-334.96,0,41846
9514,151,-0.05,-413.09,0,41854
9634,155,0.25,-496.09,0,41863
9752,158,0.46,-496.09,0,41871
9872,161,0.48,-496.09,0,41879
9990,165,0.44,-413.09,0,41887
10101,168,0.28,-330.08,0,41895
10212,171,-0.24,-496.09,0,41904
10334,175,-0.24,-413.09,0,41913
10456,177,0.05,-413.09,0,41921
10576,181,0.19,-422.85,0,41929
10698,184,0.34,-496.09,0,41937
10822,187,0.48,-496.09,0,41946
10948,191,0.48,-496.09,0,41954
11068,193,0.47,-417.97,0,41962
11180,195,-0.04,-417.97,0,41971
11296,197,-0.21,-422.85,0,41979
11417,199,0.10,-496.09,0,41988
11536,201,0.07,-496.09,0,41996
11656,204,0.18,-408.20,0,42005
11778,207,0.47,-437.50,0,42013
11902,209,0.47,-491.21,0,42021
12022,211,0.43,-413.09,0,42030
12134,213,-0.05,-496.09,0,42038
12252,216,-0.01,-417.97,0,42047
12376,218,-0.03,-413.09,0,42055
12498,221,-0.02,-486.33,0,42064
12622,225,0.26,-496.09,0,42073
12744,228,0.46,-496.09,0,42081
12868,232,0.48,-505.86,0,42089
12992,235,0.44,-496.09,0,42097
13108,239,0.38,-413.09,0,42105
13219,241,-0.11,-496.09,0,42115
13340,243,-0.26,-427.73,0,42123
13462,246,0.08,-496.09,0,42131
13582,248,0.25,-334.96,0,42139
13702,251,0.36,-481.45,0,42147
13826,253,0.46,-496.09,0,42156
13948,256,0.47,-496.09,0,42165
14064,258,0.36,-413.09,0,42173
14178,259,-0.15,-496.09,0,42181
14298,261,0.02,-413.09,0,42189
14418,263,0.11,-413.09,0,42198
14536,267,0.03,-413.09,0,42206
14656,270,0.13,-413.09,0,42215
14780,273,0.47,-408.20,0,42223
14903,277,0.48,-413.09,0,42231
15022,281,0.43,-413.09,0,42240
15136,283,0.04,-496.09,0,42248
15252,285,0.08,-413.09,0,42256
15370,288,0.05,-496.09,0,42264
15490,290,0.19,-413.09,0,42272
15608,293,0.23,-461.91,0,42281
15730,295,0.44,-496.09,0,42290
15852,298,0.45,-413.09,0,42298
15972,301,0.41,-496.09,0,42306
16088,303,0.24,-496.09,0,42314
16204,304,0.05,-413.09,0,42322
16322,306,-0.05,-413.09,0,42332
16445,308,0.11,-486.33,0,42340
16564,311,0.16,-496.09,0,42348
16684,313,0.24,-491.21,0,42356
16806,317,0.46,-496.09,0,42364
16928,321,0.47,-413.09,0,42373
17046,323,0.34,-413.09,0,42381
17160,326,-0.08,-413.09,0,42390
17282,328,0.14,-496.09,0,42398
17400,330,0.15,-491.21,0,42406
17520,333,0.03,-330.08,0,42415
17640,335,0.22,-413.09,0,42423
17762,338,0.46,-496.09,0,42431
17884,341,0.47,-413.09,0,42439
18002,343,0.29,-417.97,0,42448
18118,345,0.18,-413.09,0,42457
18234,347,0.15,-452.15,0,42465
18352,348,-0.19,-417.97,0,42473
18476,350,0.07,-413.09,0,42481
18594,353,0.24,-500.98,0,42489
18716,355,0.33,-500.98,0,42499
18838,359,0.38,-496.09,0,42507
18958,362,0.44,-413.09,0,42515
19076,365,0.29,-413.09,0,42523
19190,367,0.02,-413.09,0,42531
19308,369,0.10,-413.09,0,42540
19428,371,0.18,-496.09,0,42548
19546,373,0.14,-413.09,0,42556
19666,375,0.07,-334.96,0,42565
19788,379,0.46,-413.09,0,42573
19910,381,0.47,-496.09,0,42582
20028,384,0.25,-413.09,0,42590
20144,385,0.07,-330.08,0,42598
20262,387,0.25,-413.09,0,42606
20380,389,0.08,-413.09,0,42614
20498,391,0.04,-330.08,0,42622
20618,393,0.23,-500.98,0,42632
20739,396,0.44,-491.21,0,42640
20860,399,0.43,-413.09,0,42648
20980,402,0.33,-496.09,0,42656
21097,405,0.25,-496.09,0,42664
21214,407,0.15,-496.09,0,42673
21332,409,-0.03,-496.09,0,42682
21454,411,0.16,-413.09,0,42690
21574,413,0.22,-496.09,0,42698
21694,417,0.20,-413.09,0,42706
21816,419,0.42,-413.09,0,42715
21936,422,0.46,-334.96,0,42723
22054,425,0.24,-491.21,0,42731
22170,426,0.17,-496.09,0,42739
22288,427,0.25,-417.97,0,42748
22408,429,0.19,-442.38,0,42757
22526,431,-0.01,-413.09,0,42765
22648,433,0.13,-413.09,0,42773
22770,437,0.46,-413.09,0,42781
22891,440,0.46,-496.09,0,42789
23010,443,0.12,-496.09,0,42799
23126,445,0.18,-417.97,0,42807
23244,447,0.26,-417.97,0,42815
23362,449,0.10,-417.97,0,42823
23482,451,0.09,-413.09,0,42831
23601,454,0.27,-334.96,0,42840
23722,457,0.38,-413.09,0,42848
23843,459,0.26,-496.09,0,42856
23962,462,0.33,-408.20,0,42865
24080,463,0.30,-413.09,0,42873
24196,465,0.08,-491.21,0,42882
24316,467,0.11,-471.68,0,42890
24434,469,0.23,-330.08,0,42898
24554,471,0.15,-481.45,0,42906
24672,473,-0.03,-491.21,0,42915
24798,477,0.44,-413.09,0,42924
24918,480,0.46,-408.20,0,42932
25036,483,0.20,-496.09,0,42940
25153,485,0.07,-413.09,0,42948
25272,486,0.30,-413.09,0,42956
25390,488,0.19,-413.09,0,42964
25508,490,-0.03,-413.09,0,42974
25632,493,0.17,-413.09,0,42982
25752,495,0.45,-413.09,0,42990
25874,498,0.45,-334.96,0,42998
25992,501,0.19,-413.09,0,43006
26110,502,0.25,-413.09,0,43015
26228,503,0.32,-330.08,0,43023
26346,505,-0.12,-417.97,0,43032
26468,507,0.14,-413.09,0,43040
26588,509,0.24,-496.09,0,43048
26707,512,0.29,-413.09,0,43057
26828,515,0.32,-496.09,0,43065
26948,518,0.40,-496.09,0,43073
27066,520,0.24,-496.09,0,43082
27182,522,0.09,-413.09,0,43090
27302,524,0.16,-496.09,0,43099
27420,526,0.22,-413.09,0,43107
27539,528,0.12,-334.96,0,43115
27658,531,0.10,-417.97,0,43123
27780,534,0.45,-413.09,0,43131
27900,537,0.42,-496.09,0,43140
28018,539,0.14,-413.09,0,43149
28136,541,0.16,-500.98,0,43157
28254,543,0.35,-413.09,0,43165
28374,544,0.20,-334.96,0,43173
28492,545,0.06,-413.09,0,43182
28610,548,0.25,-413.09,0,43190
28730,551,0.40,-413.09,0,43198
28852,553,0.36,-496.09,0,43206
28970,557,0.27,-500.98,0,43215
29088,559,0.27,-447.27,0,43224
29206,561,0.17,-413.09,0,43232
29324,563,0.03,-413.09,0,43240
29444,565,0.23,-417.97,0,43248
29562,567,0.20,-496.09,0,43256
29682,570,0.17,-496.09,0,43265
29804,573,0.39,-413.09,0,43273
29924,575,0.44,-496.09,0,43282
30040,577,0.22,-413.09,0,43290
30158,579,0.07,-505.86,0,43298
30278,580,0.30,-491.21,0,43307
30396,581,0.27,-417.97,0,43315
30515,583,0.03,-417.97,0,43323
30634,585,0.18,-413.09,0,43331
30754,589,0.44,-413.09,0,43339
30875,591,0.42,-413.09,0,43348
30994,593,0.14,-413.09,0,43357
31112,595,0.23,-496.09,0,43365
31230,597,0.31,-334.96,0,43373
31348,599,-0.10,-413.09,0,43381
31470,601,0.12,-413.09,0,43389
31590,605,0.24,-413.09,0,43399
31709,607,0.24,-496.09,0,43407
31830,610,0.26,-413.09,0,43415
31950,613,0.39,-413.09,0,43423
32068,615,0.24,-413.09,0,43431
32186,615,0.16,-349.61,0,43440
32304,617,0.24,-413.09,0,43448
32424,619,0.25,-496.09,0,43456
32542,621,0.16,-334.96,0,43465
32660,623,0.05,-496.09,0,43473
32782,626,0.45,-496.09,0,43482
32902,629,0.42,-413.09,0,43490
33020,631,0.09,-408.20,0,43498
33138,633,0.17,-496.09,0,43506
33256,635,0.31,-496.09,0,43514
33376,637,0.21,-471.68,0,43523
33494,639,0.10,-417.97,0,43532
33613,641,0.27,-413.09,0,43540
33732,645,0.37,-413.09,0,43548
33854,647,0.32,-413.09,0,43556
33972,649,0.25,-413.09,0,43565
34090,651,0.27,-496.09,0,43573
34208,653,0.27,-413.09,0,43581
34328,655,0.10,-496.09,0,43589
34446,656,0.22,-413.09,0,43598
34565,659,0.21,-422.85,0,43607
34684,661,0.18,-413.09,0,43615
34805,665,0.40,-496.09,0,43623
34926,667,0.43,-413.09,0,43631
35042,669,0.23,-496.09,0,43639
35160,671,0.08,-413.09,0,43648
35280,673,0.30,-413.09,0,43656
35398,674,0.24,-496.09,0,43665
35518,677,0.05,-334.96,0,43673
35636,679,0.15,-500.98,0,43681
35756,682,0.42,-496.09,0,43689
35876,685,0.38,-500.98,0,43698
35996,687,0.28,-496.09,0,43706
36114,689,0.24,-447.27,0,43714
36232,691,0.32,-496.09,0,43722
36352,692,-0.07,-417.97,0,43731
36474,694,0.17,-334.96,0,43740
36592,696,0.26,-413.09,0,43748
36712,699,0.27,-500.98,0,43756
36832,701,0.29,-330.08,0,43764
36952,704,0.36,-413.09,0,43772
37070,706,0.24,-500.98,0,43782
37188,708,0.12,-496.09,0,43790
37306,709,0.19,-496.09,0,43798
37426,712,0.28,-417.97,0,43806
37544,714,0.15,-417.97,0,43814
37663,717,0.04,-334.96,0,43823
37784,720,0.42,-496.09,0,43831
37904,723,0.44,-413.09,0,43839
38022,725,0.12,-413.09,0,43848
38140,726,0.16,-413.09,0,43856
38260,727,0.33,-417.97,0,43865
38378,729,0.21,-496.09,0,43873
38496,731,0.11,-334.96,0,43881
38616,733,0.23,-413.09,0,43889
38735,735,0.37,-496.09,0,43897
38856,739,0.30,-413.09,0,43906
38974,741,0.23,-417.97,0,43915
39092,743,0.27,-496.09,0,43923
39210,745,0.22,-496.09,0,43931
39330,747,0.09,-413.09,0,43939
39449,749,0.22,-481.45,0,43948
39568,751,0.23,-496.09,0,43956
39686,754,0.17,-413.09,0,43964
39806,757,0.36,-413.09,0,43972
39928,759,0.40,-413.09,0,43981
40044,761,0.17,-432.62,0,43990
40162,763,0.07,-413.09,0,43998
40282,763,0.32,-496.09,0,44006
40402,765,0.28,-471.68,0,44014
40520,767,0.04,-413.09,0,44022
40638,770,0.16,-427.73,0,44030
40758,773,0.43,-413.09,0,44039
40880,775,0.38,-413.09,0,44048
40998,777,0.22,-447.27,0,44056
41116,779,0.27,-417.97,0,44064
41234,781,0.33,-417.97,0,44072
41352,782,-0.11,-334.96,0,44081
41476,785,0.16,-413.09,0,44089
41594,787,0.25,-413.09,0,44098
41714,790,0.25,-452.15,0,44106
41834,793,0.22,-496.09,0,44114
41954,796,0.32,-447.27,0,44123
42072,798,0.24,-496.09,0,44131
42190,799,0.14,-413.09,0,44139
42310,801,0.26,-413.09,0,44147
42428,802,0.29,-413.09,0,44155
42547,804,0.13,-457.03,0,44165
42665,807,0.03,-334.96,0,44173
42786,809,0.41,-413.09,0,44181
42906,811,0.41,-413.09,0,44189
43024,813,0.12,-496.09,0,44197
43142,815,0.16,-339.84,0,44206
43262,817,0.33,-496.09,0,44214
43380,819,0.21,-496.09,0,44222
43498,821,0.05,-334.96,0,44231
43618,825,0.23,-413.09,0,44239
43738,827,0.36,-496.09,0,44248
43858,829,0.27,-496.09,0,44256
43976,831,0.20,-334.96,0,44264
44094,833,0.27,-413.09,0,44272
44214,834,0.25,-413.09,0,44280
44332,835,0.10,-413.09,0,44289
44452,837,0.24,-417.97,0,44298
44570,839,0.21,-496.09,0,44306
44688,843,0.14,-413.09,0,44314
44810,845,0.35,-330.08,0,44322
44930,848,0.39,-413.09,0,44331
45047,851,0.18,-496.09,0,44339
45165,852,0.05,-334.96,0,44347
45284,853,0.30,-413.09,0,44355
45404,855,0.28,-417.97,0,44364
45522,857,0.07,-417.97,0,44372
45640,859,0.15,-417.97,0,44381
45761,863,0.43,-413.09,0,44389
45882,865,0.37,-413.09,0,44397
46000,867,0.16,-413.09,0,44405
46118,869,0.24,-496.09,0,44413
46237,870,0.33,-413.09,0,44422
46356,871,0.20,-417.97,0,44431
46474,873,0.15,-408.20,0,44439
46594,876,0.21,-496.09,0,44447
46712,879,0.24,-500.98,0,44455
46832,881,0.25,-334.96,0,44464
46952,884,0.32,-413.09,0,44472
47070,886,0.27,-413.09,0,44480
47188,887,0.16,-496.09,0,44488
47308,889,0.21,-408.20,0,44497
47427,891,0.28,-496.09,0,44506
47546,893,0.15,-413.09,0,44514
47664,895,0.00,-413.09,0,44522
47784,898,0.36,-496.09,0,44530
47904,901,0.38,-413.09,0,44538
48022,903,0.07,-496.09,0,44547
48140,904,0.17,-413.09,0,44555
48260,905,0.34,-496.09,0,44564
48379,907,0.25,-413.09,0,44572
48498,909,0.11,-334.96,0,44580
48616,912,0.23,-413.09,0,44589
48736,915,0.35,-496.09,0,44597
48856,917,0.28,-500.98,0,44605
48974,919,0.18,-413.09,0,44613
49094,921,0.26,-413.09,0,44621
49212,923,0.23,-496.09,0,44631
49330,925,0.05,-417.97,0,44639
49450,927,0.26,-496.09,0,44647
49568,929,0.20,-413.09,0,44655
49687,932,0.17,-403.32,0,44663
49808,935,0.34,-496.09,0,44672
49928,937,0.40,-496.09,0,44680
50046,939,0.16,-491.21,0,44688
50164,941,0.05,-413.09,0,44697
50284,941,0.33,-496.09,0,44705
50402,943,0.28,-417.97,0,44713
50520,945,0.06,-500.98,0,44722
50640,948,0.14,-486.33,0,44730
50760,951,0.40,-496.09,0,44738
50880,953,0.35,-413.09,0,44746
50998,956,0.18,-334.96,0,44754
51116,957,0.25,-496.09,0,44764
51236,959,0.30,-496.09,0,44772
51354,961,0.21,-417.97,0,44780
51472,962,0.18,-422.85,0,44788
51592,965,0.22,-500.98,0,44796
51710,967,0.20,-413.09,0,44805
51830,969,0.23,-413.09,0,44813
51950,972,0.28,-496.09,0,44821
52068,974,0.23,-491.21,0,44830
52186,975,0.15,-413.09,0,44838
52306,977,0.24,-496.09,0,44847
52426,979,0.29,-447.27,0,44855
52544,981,0.12,-496.09,0,44863
52662,985,0.03,-491.21,0,44871
52784,987,0.39,-496.09,0,44879
52903,989,0.38,-496.09,0,44888
53020,991,0.11,-334.96,0,44897
53140,992,0.17,-496.09,0,44905
53258,993,0.33,-413.09,0,44913
53377,995,0.21,-496.09,0,44921
53496,997,0.04,-491.21,0,44930
53614,1000,0.21,-496.09,0,44938
53738,1003,0.36,-500.98,0,44947
53862,1006,0.25,-496.09,0,44955
53984,1008,0.11,-413.09,0,44964
54106,1010,0.25,-500.98,0,44973
54229,1011,0.35,-422.85,0,44981
54352,1013,-0.05,-413.09,0,44990
54478,1015,0.15,-413.09,0,44998
54600,1017,0.24,-496.09,0,45007
54724,1019,0.28,-496.09,0,45016
54848,1023,0.23,-496.09,0,45024
54970,1025,0.19,-417.97,0,45033
55092,1027,0.23,-413.09,0,45041
55214,1029,0.24,-413.09,0,45050
55336,1030,0.01,-496.09,0,45059
55460,1032,0.23,-496.09,0,45067
55582,1035,0.24,-413.09,0,45076
55704,1037,0.18,-413.09,0,45084
55830,1040,0.23,-496.09,0,45093
55952,1043,0.30,-413.09,0,45102
56074,1045,0.21,-413.09,0,45110
56196,1046,0.19,-496.09,0,45119
56320,1047,0.12,-491.21,0,45127
56442,1049,0.28,-413.09,0,45135
56564,1051,0.18,-413.09,0,45145
56686,1053,0.11,-413.09,0,45153
56810,1056,0.33,-413.09,0,45162
56934,1059,0.37,-330.08,0,45170
57056,1061,0.18,-413.09,0,45178
57178,1063,0.15,-413.09,0,45188
57302,1065,0.22,-413.09,0,45196
57424,1067,0.26,-496.09,0,45204
57546,1069,0.11,-496.09,0,45213
57668,1071,-0.03,-417.97,0,45221
57796,1074,0.35,-496.09,0,45231
57920,1077,0.35,-413.09,0,45239
58040,1079,0.14,-413.09,0,45248
58164,1080,0.05,-413.09,0,45256
58287,1081,0.35,-496.09,0,45264
58410,1083,0.28,-413.09,0,45274
58532,1085,0.07,-496.09,0,45282
58654,1088,0.03,-413.09,0,45290
58778,1090,0.38,-413.09,0,45299
58902,1092,0.35,-500.98,0,45307
59022,1094,0.04,-413.09,0,45317
59145,1096,0.13,-413.09,0,45325
59268,1098,0.29,-413.09,0,45333
59390,1101,0.27,-413.09,0,45342
59514,1103,0.04,-413.09,0,45350
59636,1105,0.16,-496.09,0,45360
59760,1109,0.35,-496.09,0,45368
59884,1111,0.33,-496.09,0,45376
60005,1112,0.03,-413.09,0,45385
60128,1113,0.20,-496.09,0,45393
60250,1115,0.36,-413.09,0,45402
60373,1117,0.22,-334.96,0,45411
60496,1119,0.19,-496.09,0,45419
60618,1121,0.18,-496.09,0,45428
60742,1124,0.34,-413.09,0,45436
60866,1127,0.28,-413.09,0,45445
60988,1129,0.08,-413.09,0,45454
61110,1131,0.25,-408.20,0,45462
61232,1133,0.30,-413.09,0,45470
61354,1134,0.20,-500.98,0,45479
61476,1136,0.15,-413.09,0,45488
61600,1138,0.22,-413.09,0,45497
61722,1141,0.25,-413.09,0,45505
61846,1143,0.04,-496.09,0,45513
61970,1145,0.21,-417.97,0,45522
62092,1147,0.23,-413.09,0,45531
62214,1149,0.26,-496.09,0,45539
62336,1151,0.07,-500.98,0,45548
62460,1154,0.25,-417.97,0,45556
62582,1156,0.27,-330.08,0,45565
62704,1158,0.17,-413.09,0,45574
62828,1161,0.21,-496.09,0,45582
62951,1162,0.28,-496.09,0,45591
63072,1164,0.17,-496.09,0,45599
63195,1166,0.15,-413.09,0,45608
63318,1168,0.10,-417.97,0,45617
63441,1171,0.26,-413.09,0,45625
63564,1173,0.23,-496.09,0,45634
63686,1176,0.12,-413.09,0,45642
63810,1179,0.31,-413.09,0,45650
63934,1181,0.36,-413.09,0,45660
64055,1183,0.20,-496.09,0,45668
64178,1185,0.13,-496.09,0,45677
64300,1186,0.26,-417.97,0,45685
64424,1187,0.28,-496.09,0,45693
64546,1189,0.12,-496.09,0,45703
64667,1192,-0.03,-496.09,0,45711
64796,1195,0.34,-413.09,0,45720
64918,1197,0.37,-417.97,0,45728
65040,1199,0.16,-334.96,0,45736
65162,1201,0.02,-413.09,0,45746
65286,1204,0.32,-413.09,0,45754
65409,1206,0.26,-413.09,0,45763
65531,1208,0.09,-413.09,0,45771
65653,1211,0.01,-413.09,0,45779
65777,1213,0.33,-496.09,0,45789
65900,1215,0.32,-491.21,0,45797
66022,1217,0.06,-413.09,0,45805
66144,1219,0.12,-413.09,0,45814
66268,1221,0.38,-330.08,0,45822
66390,1223,0.29,-413.09,0,45832
66514,1225,-0.00,-413.09,0,45840
66638,1227,0.11,-496.09,0,45849
66763,1229,0.39,-417.97,0,45857
66886,1231,0.31,-413.09,0,45865
67008,1233,-0.01,-413.09,0,45875
67134,1235,0.15,-496.09,0,45883
67257,1238,0.31,-496.09,0,45892
67380,1240,0.21,-496.09,0,45900
67502,1243,0.02,-496.09,0,45910
67624,1245,0.17,-500.98,0,45918
67748,1247,0.39,-413.09,0,45926
67872,1249,0.31,-330.08,0,45935
67994,1251,0.05,-491.21,0,45943
68116,1253,0.18,-413.09,0,45952
68239,1255,0.30,-408.20,0,45961
68362,1257,0.17,-500.98,0,45969
68484,1259,0.09,-500.98,0,45978
68606,1262,0.19,-496.09,0,45986
68730,1265,0.28,-496.09,0,45995
68854,1267,0.26,-496.09,0,46004
68976,1269,0.14,-413.09,0,46012
69098,1271,0.24,-496.09,0,46020
69220,1272,0.27,-413.09,0,46029
69344,1273,-0.03,-417.97,0,46038
69470,1276,0.18,-413.09,0,46047
69592,1279,0.21,-496.09,0,46055
69715,1282,0.20,-496.09,0,46064
69839,1285,0.10,-417.97,0,46072
69962,1287,0.24,-417.97,0,46081
70084,1289,0.23,-496.09,0,46090
70206,1291,0.23,-413.09,0,46098
70329,1293,0.08,-417.97,0,46107
70452,1294,0.26,-408.20,0,46115
70574,1297,0.19,-413.09,0,46124
70696,1299,0.12,-496.09,0,46133
70820,1302,0.18,-496.09,0,46141
70944,1305,0.28,-496.09,0,46149
71066,1307,0.19,-496.09,0,46158
71188,1308,0.13,-413.09,0,46167
71310,1310,0.19,-334.96,0,46176
71434,1311,0.27,-413.09,0,46184
71556,1313,0.15,-496.09,0,46192
71678,1316,0.19,-413.09,0,46201
71802,1319,0.26,-417.97,0,46210
71926,1321,0.31,-413.09,0,46218
72048,1324,0.13,-413.09,0,46227
72170,1327,0.19,-417.97,0,46235
72294,1329,0.32,-496.09,0,46244
72416,1331,0.30,-413.09,0,46253
72538,1333,0.13,-413.09,0,46261
72660,1335,-0.01,-496.09,0,46270
72788,1337,0.34,-417.97,0,46278
72912,1339,0.35,-413.09,0,46287
73033,1341,0.06,-413.09,0,46296
73156,1343,0.06,-413.09,0,46304
73278,1345,0.32,-413.09,0,46313
73402,1348,0.25,-496.09,0,46321
73524,1351,0.06,-408.20,0,46330
73646,1353,0.10,-334.96,0,46339
73770,1356,0.37,-417.97,0,46347
73892,1358,0.32,-496.09,0,46356
74014,1360,0.00,-417.97,0,46364
74137,1361,0.14,-417.97,0,46373
74260,1363,0.32,-496.09,0,46382
74384,1365,0.24,-496.09,0,46390
74506,1367,-0.01,-413.09,0,46399
74632,1369,0.13,-413.09,0,46407
74754,1371,0.32,-452.15,0,46416
74878,1373,0.25,-417.97,0,46425
75000,1376,0.09,-413.09,0,46433
75122,1378,0.18,-413.09,0,46442
75246,1380,0.31,-413.09,0,46450
75368,1383,0.16,-496.09,0,46459
75492,1385,0.20,-417.97,0,46468
75614,1387,0.17,-417.97,0,46476
75736,1389,0.26,-496.09,0,46485
75860,1391,0.23,-417.97,0,46493
75982,1393,0.08,-486.33,0,46501
76104,1395,0.22,-413.09,0,46511
76228,1397,0.30,-496.09,0,46519
76350,1399,-0.10,-349.61,0,46528
76476,1402,0.16,-334.96,0,46536
76598,1405,0.21,-417.97,0,46545
76722,1407,0.22,-496.09,0,46554
76846,1409,0.02,-457.03,0,46562
76968,1411,0.18,-496.09,0,46571
77090,1413,0.21,-417.97,0,46579
77212,1414,0.19,-496.09,0,46587
77336,1417,0.01,-413.09,0,46597
77458,1419,0.18,-413.09,0,46605
77580,1422,0.24,-413.09,0,46614
77702,1425,0.14,-496.09,0,46622
77827,1427,0.13,-496.09,0,46630
77950,1429,0.26,-413.09,0,46640
78072,1431,0.16,-496.09,0,46648
78194,1432,0.09,-496.09,0,46657
78318,1433,0.13,-417.97,0,46665
78440,1436,0.23,-500.98,0,46673
78562,1439,0.19,-413.09,0,46683
78684,1441,0.06,-334.96,0,46691
78808,1445,0.27,-334.96,0,46699
78932,1447,0.32,-496.09,0,46708
79054,1449,0.14,-413.09,0,46716
79176,1451,0.14,-413.09,0,46726
79300,1453,0.21,-496.09,0,46734
79422,1455,0.27,-496.09,0,46742
79544,1457,0.12,-496.09,0,46751
79666,1459,-0.05,-496.09,0,46759
79794,1462,0.30,-413.09,0,46769
79918,1465,0.31,-496.09,0,46777
80039,1467,0.07,-417.97,0,46785
80162,1469,0.01,-417.97,0,46794
80286,1471,0.30,-413.09,0,46802
80408,1473,0.26,-496.09,0,46812
80530,1475,0.03,-413.09,0,46820
80652,1477,0.01,-496.09,0,46828
80776,1480,0.30,-496.09,0,46837
80900,1483,0.29,-491.21,0,46845
81022,1485,0.04,-413.09,0,46854
81144,1487,0.10,-417.97,0,46863
81266,1489,0.33,-496.09,0,46871
81390,1491,0.26,-413.09,0,46880
81512,1493,-0.03,-413.09,0,46888
81638,1496,0.09,-413.09,0,46898
81762,1499,0.31,-417.97,0,46906
81885,1501,0.25,-413.09,0,46914
82006,1503,-0.02,-413.09,0,46923
82133,1505,0.13,-496.09,0,46931
82256,1507,0.32,-413.09,0,46941
82380,1509,0.21,-413.09,0,46949
82502,1511,0.04,-496.09,0,46958
82624,1513,0.16,-334.96,0,46966
82746,1514,0.31,-330.08,0,46974
82870,1516,0.23,-413.09,0,46984
82992,1518,-0.05,-491.21,0,46992
83118,1521,0.20,-413.09,0,47001
83242,1523,0.27,-496.09,0,47009
83364,1527,0.17,-413.09,0,47017
83487,1529,0.06,-413.09,0,47027
83610,1531,0.19,-413.09,0,47035
83732,1533,0.25,-413.09,0,47044
83856,1535,0.20,-491.21,0,47052
83978,1537,0.09,-334.96,0,47060
84100,1539,0.21,-413.09,0,47070
84223,1541,0.24,-496.09,0,47078
84346,1543,-0.07,-496.09,0,47087
84472,1545,0.11,-496.09,0,47095
84594,1549,0.19,-500.98,0,47104
84718,1551,0.17,-413.09,0,47113
84842,1553,0.05,-496.09,0,47121
84964,1555,0.14,-413.09,0,47130
85086,1557,0.19,-496.09,0,47138
85208,1559,0.22,-334.96,0,47147
85332,1561,0.06,-403.32,0,47156
85454,1563,0.20,-417.97,0,47164
85576,1565,0.19,-496.09,0,47173
85699,1568,0.09,-417.97,0,47181
85823,1571,0.15,-500.98,0,47190
85946,1573,0.22,-496.09,0,47199
86068,1575,0.16,-413.09,0,47207
86190,1577,0.10,-496.09,0,47215
86314,1579,0.15,-447.27,0,47224
86436,1581,0.28,-334.96,0,47233
86558,1583,0.15,-413.09,0,47242
86680,1585,0.12,-496.09,0,47250
86804,1587,0.26,-413.09,0,47258
86928,1589,0.28,-413.09,0,47267
87050,1591,0.11,-496.09,0,47276
87172,1595,-0.06,-413.09,0,47285
87298,1597,0.21,-496.09,0,47293
87422,1599,0.22,-413.09,0,47301
87544,1601,0.11,-496.09,0,47310
87666,1603,-0.06,-496.09,0,47319
87794,1605,0.29,-413.09,0,47328
87917,1607,0.31,-413.09,0,47336
88038,1609,0.04,-496.09,0,47345
88160,1611,0.01,-413.09,0,47353
88284,1613,0.29,-496.09,0,47362
88408,1615,0.25,-496.09,0,47371
88530,1619,0.01,-408.20,0,47379
88652,1621,0.01,-496.09,0,47387
88776,1624,0.33,-496.09,0,47396
88900,1627,0.29,-496.09,0,47405
89020,1629,0.01,-413.09,0,47414
89143,1630,0.12,-413.09,0,47422
89266,1631,0.34,-413.09,0,47430
89389,1633,0.18,-496.09,0,47439
89512,1636,-0.04,-496.09,0,47448
89638,1639,0.08,-442.38,0,47457
89761,1641,0.28,-491.21,0,47465
89884,1644,0.25,-491.21,0,47474
90006,1647,-0.05,-496.09,0,47482
90132,1649,0.13,-413.09,0,47492
90256,1650,0.29,-413.09,0,47500
90378,1652,0.18,-413.09,0,47508
90500,1655,0.03,-496.09,0,47517
90622,1657,0.14,-334.96,0,47525
90746,1659,0.29,-413.09,0,47534
90870,1661,0.24,-491.21,0,47543
90992,1663,-0.03,-496.09,0,47551
91118,1665,0.18,-413.09,0,47560
91242,1667,0.28,-413.09,0,47568
91364,1669,0.11,-496.09,0,47578
91486,1671,0.04,-496.09,0,47586
91608,1674,0.16,-413.09,0,47594
91732,1677,0.22,-413.09,0,47603
91855,1679,0.17,-491.21,0,47611
91978,1681,0.08,-330.08,0,47620
92100,1683,0.17,-496.09,0,47629
92222,1685,0.21,-496.09,0,47637
92346,1687,-0.08,-413.09,0,47646
92472,1689,0.15,-496.09,0,47654
92594,1692,0.17,-413.09,0,47664
92717,1694,0.16,-413.09,0,47672
92840,1696,0.01,-496.09,0,47680
92964,1699,0.13,-432.62,0,47689
93086,1701,0.19,-457.03,0,47697
93208,1702,0.19,-330.08,0,47707
93330,1704,0.01,-417.97,0,47715
93454,1707,0.20,-413.09,0,47723
93576,1709,0.16,-413.09,0,47732
93698,1713,0.04,-496.09,0,47740
93822,1715,0.13,-496.09,0,47749
93946,1718,0.22,-417.97,0,47758
94068,1721,0.12,-417.97,0,47766
94190,1722,0.06,-496.09,0,47775
94314,1724,0.14,-491.21,0,47783
94436,1725,0.26,-330.08,0,47792
94558,1727,0.09,-496.09,0,47801
94680,1730,0.12,-496.09,0,47809
94804,1733,0.22,-413.09,0,47817
94928,1736,0.26,-413.09,0,47826
95049,1739,0.08,-417.97,0,47835
95172,1741,-0.09,-491.21,0,47844
95298,1743,0.20,-413.09,0,47852
95422,1745,0.21,-496.09,0,47861
95544,1747,0.05,-413.09,0,47869
95664,1749,-0.13,-334.96,0,47879
95792,1751,0.23,-496.09,0,47887
95916,1753,0.26,-413.09,0,47895
96038,1757,0.07,-413.09,0,47904
96160,1759,-0.03,-496.09,0,47912
96288,1761,0.28,-413.09,0,47922
96410,1763,0.26,-413.09,0,47930
96532,1765,0.02,-413.09,0,47939
96654,1767,-0.05,-496.09,0,47947
96782,1769,0.25,-496.09,0,47956
96906,1772,0.24,-413.09,0,47965
97028,1775,-0.03,-417.97,0,47974
97154,1777,0.00,-496.09,0,47982
97276,1780,0.23,-500.98,0,47990
97400,1782,0.20,-496.09,0,48000
97522,1784,-0.00,-413.09,0,48008
97648,1786,0.01,-417.97,0,48017
97772,1787,0.30,-413.09,0,48025
97894,1790,0.27,-413.09,0,48033
98016,1793,-0.06,-496.09,0,48043
98143,1795,0.07,-413.09,0,48051
98266,1799,0.31,-496.09,0,48060
98390,1801,0.19,-413.09,0,48068
98512,1803,-0.05,-496.09,0,48077
98638,1805,0.03,-496.09,0,48086
98761,1807,0.26,-500.98,0,48095
98884,1809,0.23,-496.09,0,48103
99006,1811,-0.08,-413.09,0,48112
99132,1813,0.09,-496.09,0,48120
99256,1817,0.29,-413.09,0,48129
99378,1820,0.17,-496.09,0,48138
99500,1823,-0.04,-413.09,0,48146
99626,1827,0.10,-413.09,0,48155
99750,1829,0.28,-496.09,0,48163
99874,1831,0.22,-334.96,0,48173
99996,1833,0.19,-413.09,0,48181
100118,1833,0.13,-413.09,0,48190
100244,1835,0.25,-500.98,0,48198
100372,1838,0.11,-334.96,0,48207
100498,1841,0.06,-334.96,0,48216
100624,1845,0.10,-496.09,0,48225
100750,1849,0.27,-496.09,0,48234
100878,1851,0.20,-496.09,0,48242
101004,1853,-0.04,-413.09,0,48251
101134,1855,0.09,-491.21,0,48261
101260,1857,0.24,-496.09,0,48269
101386,1859,0.13,-496.09,0,48278
101513,1861,-0.08,-417.97,0,48287
101642,1864,0.01,-413.09,0,48296
101770,1867,0.29,-334.96,0,48305
101897,1870,0.27,-413.09,0,48314
102022,1873,-0.06,-413.09,0,48323
102152,1875,-0.00,-496.09,0,48332
102284,1877,0.24,-413.09,0,48340
102410,1879,0.23,-413.09,0,48350
102536,1882,0.01,-413.09,0,48359
102662,1884,-0.08,-496.09,0,48367
102792,1887,0.24,-496.09,0,48376
102920,1889,0.24,-496.09,0,48386
103045,1891,0.03,-413.09,0,48394
103172,1893,-0.13,-496.09,0,48403
103302,1896,0.14,-413.09,0,48412
103428,1899,0.19,-413.09,0,48421
103554,1901,0.10,-496.09,0,48430
103680,1905,0.05,-496.09,0,48439
103808,1907,0.17,-496.09,0,48447
103934,1910,0.23,-334.96,0,48456
104060,1912,0.09,-413.09,0,48465
104186,1913,0.01,-413.09,0,48474
104314,1915,0.14,-413.09,0,48483
104440,1918,0.20,-496.09,0,48492
104566,1921,0.08,-496.09,0,48500
104692,1923,-0.00,-496.09,0,48509
104824,1927,0.09,-496.09,0,48519
104950,1929,0.19,-413.09,0,48527
105076,1932,0.12,-413.09,0,48536
105182,1934,0.51,-251.95,0,48545
105203,1936,0.51,75.20,0,48553
105138,1937,0.51,319.34,0,48562
105035,1937,0.50,407.23,0,48571
104923,1937,0.48,402.34,0,48579
104805,1936,0.49,485.35,0,48587
104683,1936,0.44,402.34,0,48596
104559,1936,0.43,485.35,0,48605
104431,1935,0.30,480.47,0,48613
104305,1934,0.40,397.46,0,48622
104184,1932,0.45,402.34,0,48630
104063,1930,0.43,402.34,0,48640
103940,1929,0.43,485.35,0,48648
103817,1927,0.47,407.23,0,48656
103695,1926,0.43,324.22,0,48665
103575,1924,0.44,485.35,0,48673
103451,1922,0.44,407.23,0,48681
103327,1921,0.44,402.34,0,48691
103205,1919,0.44,402.34,0,48699
103083,1916,0.44,485.35,0,48708
102961,1914,0.45,485.35,0,48716
102839,1912,0.47,407.23,0,48724
102717,1910,0.43,319.34,0,48734
102597,1908,0.45,407.23,0,48742
102475,1905,0.48,402.34,0,48750
102352,1902,0.46,485.35,0,48759
102231,1900,0.45,402.34,0,48768
102111,1898,0.48,402.34,0,48777
101989,1896,0.47,485.35,0,48785
101867,1894,0.46,485.35,0,48793
101743,1893,0.46,485.35,0,48802
101622,1891,0.47,485.35,0,48811
101501,1888,0.50,490.23,0,48820
101377,1886,0.46,480.47,0,48828
101253,1882,0.45,485.35,0,48836
101131,1879,0.49,407.23,0,48845
101009,1876,0.46,402.34,0,48854
100885,1874,0.44,324.22,0,48862
100761,1872,0.44,319.34,0,48871
100639,1870,0.45,402.34,0,48879
100517,1869,0.48,407.23,0,48888
100395,1866,0.46,485.35,0,48897
100273,1863,0.46,407.23,0,48905
100151,1859,0.51,407.23,0,48914
100031,1856,0.47,407.23,0,48922
99907,1854,0.45,402.34,0,48930
99787,1852,0.47,407.23,0,48939
99669,1850,0.48,485.35,0,48947
99551,1849,0.47,402.34,0,48956
99431,1846,0.47,485.35,0,48964
99310,1844,0.46,407.23,0,48972
99191,1840,0.48,402.34,0,48980
99074,1836,0.47,490.23,0,48989
98955,1832,0.47,407.23,0,48997
98835,1831,0.51,436.52,0,49005
98717,1830,0.47,402.34,0,49013
98602,1829,0.49,402.34,0,49022
98487,1828,0.51,402.34,0,49031
98369,1826,0.49,480.47,0,49039
98249,1822,0.49,436.52,0,49047
98132,1818,0.51,402.34,0,49055
98013,1814,0.48,407.23,0,49063
97891,1810,0.46,402.34,0,49072
97768,1808,0.46,485.35,0,49080
97647,1808,0.48,485.35,0,49089
97527,1808,0.48,485.35,0,49097
97407,1806,0.45,333.98,0,49105
97285,1804,0.45,485.35,0,49114
97169,1800,0.51,407.23,0,49122
97051,1796,0.48,319.34,0,49130
96933,1791,0.47,485.35,0,49138
96815,1788,0.51,485.35,0,49146
96697,1786,0.47,319.34,0,49156
96581,1786,0.50,407.23,0,49164
96463,1786,0.51,485.35,0,49172
96345,1786,0.49,407.23,0,49180
96227,1784,0.50,407.23,0,49188
96109,1780,0.51,485.35,0,49197
95990,1776,0.50,319.34,0,49205
95869,1771,0.48,485.35,0,49213
95747,1768,0.46,402.34,0,49222
95627,1766,0.47,485.35,0,49230
95505,1766,0.48,402.34,0,49239
95383,1766,0.44,485.35,0,49247
95261,1766,0.44,402.34,0,49255
95143,1763,0.50,485.35,0,49263
95025,1759,0.47,402.34,0,49271
94907,1754,0.46,402.34,0,49280
94787,1748,0.48,480.47,0,49289
94670,1745,0.48,402.34,0,49297
94553,1744,0.47,324.22,0,49305
94432,1744,0.46,446.29,0,49313
94311,1744,0.47,490.23,0,49321
94193,1742,0.48,402.34,0,49330
94077,1740,0.47,402.34,0,49338
93959,1736,0.49,485.35,0,49346
93839,1732,0.51,470.70,0,49355
93721,1727,0.47,485.35,0,49363
93603,1724,0.48,397.46,0,49372
93483,1723,0.51,485.35,0,49380
93361,1723,0.46,485.35,0,49388
93241,1723,0.46,319.34,0,49396
93123,1722,0.49,407.23,0,49404
93007,1720,0.49,485.35,0,49413
92889,1718,0.49,490.23,0,49422
92772,1713,0.50,402.34,0,49430
92657,1708,0.51,402.34,0,49438
92541,1704,0.51,485.35,0,49446
92425,1702,0.51,485.35,0,49455
92304,1702,0.50,485.35,0,49463
92183,1702,0.51,402.34,0,49471
92065,1702,0.50,485.35,0,49479
91943,1700,0.48,397.46,0,49488
91821,1698,0.51,402.34,0,49497
91701,1694,0.48,485.35,0,49505
91583,1690,0.48,485.35,0,49513
91461,1685,0.50,485.35,0,49521
91339,1682,0.48,402.34,0,49529
91219,1680,0.46,402.34,0,49538
91099,1678,0.46,402.34,0,49546
90980,1678,0.47,402.34,0,49555
90861,1677,0.48,485.35,0,49563
90743,1676,0.48,485.35,0,49571
90630,1673,0.51,402.34,0,49580
90515,1670,0.51,402.34,0,49588
90399,1666,0.51,485.35,0,49596
90279,1663,0.50,402.34,0,49604
90161,1660,0.51,402.34,0,49612
90040,1658,0.49,485.35,0,49622
89918,1658,0.47,402.34,0,49630
89795,1656,0.49,490.23,0,49638
89675,1656,0.46,480.47,0,49646
89555,1654,0.46,490.23,0,49654
89434,1652,0.47,485.35,0,49662
89313,1648,0.46,402.34,0,49671
89193,1644,0.48,402.34,0,49679
89075,1641,0.46,397.46,0,49688
88955,1638,0.46,485.35,0,49696
88835,1636,0.50,480.47,0,49704
88717,1636,0.46,319.34,0,49713
88601,1636,0.48,490.23,0,49721
88483,1635,0.51,402.34,0,49729
88365,1634,0.49,485.35,0,49737
88248,1631,0.49,402.34,0,49745
88133,1628,0.51,485.35,0,49755
88015,1624,0.50,485.35,0,49763
87897,1620,0.50,485.35,0,49771
87777,1618,0.50,485.35,0,49779
87657,1616,0.49,319.34,0,49787
87537,1615,0.49,460.94,0,49796
87417,1615,0.48,485.35,0,49804
87295,1614,0.47,416.99,0,49812
87175,1613,0.50,319.34,0,49821
87057,1610,0.47,402.34,0,49829
86939,1607,0.49,485.35,0,49838
86821,1603,0.51,485.35,0,49846
86703,1600,0.49,485.35,0,49854
86589,1596,0.51,402.34,0,49862
86471,1595,0.51,402.34,0,49870
86352,1594,0.50,485.35,0,49879
86231,1594,0.50,485.35,0,49888
86113,1592,0.51,485.35,0,49896
85993,1591,0.49,412.11,0,49904
85873,1588,0.49,412.11,0,49912
85753,1586,0.48,407.23,0,49921
85635,1583,0.50,402.34,0,49929
85515,1580,0.51,485.35,0,49937
85395,1577,0.48,485.35,0,49945
85273,1574,0.46,402.34,0,49954
85153,1572,0.51,402.34,0,49963
85035,1571,0.48,485.35,0,49971
84915,1570,0.47,485.35,0,49979
84797,1568,0.50,407.23,0,49987
84679,1566,0.50,485.35,0,49995
84565,1564,0.51,485.35,0,50003
84449,1562,0.51,485.35,0,50012
84331,1560,0.51,480.47,0,50021
84213,1556,0.51,480.47,0,50029
84095,1554,0.50,319.34,0,50037
83974,1552,0.51,485.35,0,50045
83852,1549,0.50,485.35,0,50054
83731,1548,0.48,475.59,0,50062
83611,1546,0.49,485.35,0,50070
83489,1544,0.51,324.22,0,50078
83367,1543,0.45,402.34,0,50087
83245,1541,0.45,480.47,0,50096
83127,1539,0.50,485.35,0,50104
83007,1536,0.48,402.34,0,50112
82889,1534,0.47,485.35,0,50120
82769,1531,0.48,480.47,0,50128
82653,1528,0.50,402.34,0,50137
82537,1526,0.51,412.11,0,50145
82419,1524,0.49,402.34,0,50154
82299,1522,0.49,407.23,0,50162
82181,1520,0.51,402.34,0,50170
82063,1520,0.49,402.34,0,50179
81944,1518,0.49,412.11,0,50187
81825,1516,0.51,407.23,0,50195
81705,1514,0.49,402.34,0,50203
81589,1512,0.50,485.35,0,50211
81469,1510,0.51,314.45,0,50221
81349,1506,0.49,407.23,0,50229
81227,1504,0.47,485.35,0,50237
81109,1500,0.49,402.34,0,50245
80987,1498,0.48,319.34,0,50253
80867,1496,0.47,485.35,0,50262
80747,1496,0.46,407.23,0,50270
80629,1494,0.49,402.34,0,50278
80513,1493,0.51,402.34,0,50287
80395,1491,0.49,402.34,0,50295
80275,1488,0.49,490.23,0,50304
80159,1486,0.51,407.23,0,50312
80041,1482,0.49,490.23,0,50320
79922,1480,0.49,485.35,0,50328
79803,1478,0.51,402.34,0,50336
79683,1476,0.49,407.23,0,50344
79565,1474,0.48,470.70,0,50354
79445,1472,0.50,402.34,0,50362
79325,1471,0.48,314.45,0,50370
79205,1469,0.48,402.34,0,50378
79087,1467,0.48,407.23,0,50386
78968,1464,0.48,402.34,0,50395
78849,1462,0.51,485.35,0,50403
78731,1461,0.49,485.35,0,50411
78617,1460,0.50,407.23,0,50420
78503,1458,0.51,407.23,0,50428
78385,1456,0.51,485.35,0,50437
78267,1454,0.51,402.34,0,50445
78151,1450,0.51,402.34,0,50453
78031,1447,0.51,402.34,0,50461
77911,1444,0.50,485.35,0,50469
77789,1442,0.51,402.34,0,50478
77669,1442,0.50,480.47,0,50487
77549,1442,0.50,402.34,0,50495
77429,1440,0.49,324.22,0,50503
77307,1440,0.49,485.35,0,50511
77186,1436,0.51,407.23,0,50520
77068,1433,0.49,402.34,0,50528
76949,1428,0.49,407.23,0,50536
76829,1424,0.51,407.23,0,50544
76710,1421,0.49,402.34,0,50553
76595,1420,0.50,397.46,0,50562
76477,1419,0.51,407.23,0,50570
76357,1419,0.50,402.34,0,50578
76237,1418,0.50,485.35,0,50586
76119,1417,0.51,485.35,0,50594
76001,1414,0.51,407.23,0,50603
75881,1411,0.50,485.35,0,50611
75761,1407,0.50,319.34,0,50620
75643,1404,0.51,465.82,0,50628
75523,1401,0.51,480.47,0,50636
75403,1400,0.49,480.47,0,50644
75280,1398,0.47,402.34,0,50653
75161,1398,0.51,485.35,0,50661
75041,1396,0.48,485.35,0,50669
74923,1394,0.48,407.23,0,50677
74804,1392,0.51,324.22,0,50686
74687,1390,0.50,480.47,0,50695
74575,1388,0.51,241.21,0,50703
74459,1386,0.51,460.94,0,50711
74341,1383,0.51,485.35,0,50719
74222,1380,0.51,407.23,0,50727
74103,1378,0.51,402.34,0,50736
73983,1376,0.51,402.34,0,50744
73861,1374,0.51,485.35,0,50753
73741,1374,0.49,402.34,0,50761
73621,1372,0.50,480.47,0,50769
73499,1372,0.51,407.23,0,50778
73377,1370,0.48,485.35,0,50786
73255,1368,0.47,485.35,0,50794
73137,1366,0.50,319.34,0,50802
73017,1362,0.48,480.47,0,50810
72897,1359,0.47,485.35,0,50820
72778,1356,0.49,480.47,0,50828
72661,1353,0.50,402.34,0,50836
72543,1351,0.51,485.35,0,50844
72425,1350,0.50,485.35,0,50852
72305,1348,0.49,485.35,0,50861
72187,1348,0.51,402.34,0,50869
72069,1346,0.50,407.23,0,50877
71951,1344,0.49,319.34,0,50886
71831,1341,0.51,402.34,0,50894
71713,1338,0.49,402.34,0,50903
71595,1336,0.50,319.34,0,50911
71477,1334,0.51,407.23,0,50919
71355,1332,0.49,480.47,0,50927
71235,1329,0.48,402.34,0,50935
71115,1326,0.49,407.23,0,50944
70995,1324,0.49,402.34,0,50953
70875,1322,0.48,451.17,0,50961
70757,1320,0.49,402.34,0,50969
70641,1320,0.50,407.23,0,50977
70525,1318,0.51,485.35,0,50985
70409,1318,0.51,319.34,0,50994
70291,1316,0.51,485.35,0,51002
70175,1314,0.51,402.34,0,51010
70057,1312,0.51,402.34,0,51019
69939,1308,0.51,480.47,0,51027
69819,1306,0.51,485.35,0,51036
69701,1302,0.51,480.47,0,51044
69581,1300,0.51,485.35,0,51052
69461,1298,0.51,402.34,0,51060
69338,1297,0.50,402.34,0,51068
69216,1296,0.50,485.35,0,51077
69096,1294,0.49,402.34,0,51086
68975,1292,0.49,402.34,0,51094
68855,1290,0.51,485.35,0,51102
68737,1288,0.49,485.35,0,51110
68621,1286,0.50,407.23,0,51119
68505,1284,0.51,485.35,0,51127
68388,1282,0.51,407.23,0,51135
68269,1279,0.51,407.23,0,51143
68151,1276,0.51,402.34,0,51152
68031,1274,0.51,402.34,0,51161
67911,1272,0.49,402.34,0,51169
67789,1270,0.51,485.35,0,51177
67669,1269,0.51,485.35,0,51185
67551,1268,0.51,485.35,0,51193
67429,1266,0.49,407.23,0,51202
67307,1264,0.48,485.35,0,51210
67185,1262,0.50,402.34,0,51219
67067,1258,0.48,485.35,0,51227
66947,1255,0.48,485.35,0,51235
66827,1252,0.51,402.34,0,51244
66709,1250,0.49,402.34,0,51252
66595,1248,0.50,402.34,0,51260
66478,1248,0.51,402.34,0,51268
66361,1246,0.51,402.34,0,51276
66241,1246,0.50,319.34,0,51286
66125,1244,0.51,480.47,0,51294
66006,1241,0.51,402.34,0,51302
65887,1239,0.50,402.34,0,51310
65767,1237,0.50,402.34,0,51318
65649,1236,0.51,485.35,0,51326
65531,1234,0.51,382.81,0,51335
65411,1234,0.50,402.34,0,51343
65289,1232,0.49,402.34,0,51352
65169,1229,0.51,397.46,0,51360
65049,1225,0.49,407.23,0,51368
64928,1221,0.48,402.34,0,51377
64807,1218,0.50,485.35,0,51385
64687,1216,0.49,402.34,0,51393
64569,1214,0.50,402.34,0,51401
64451,1214,0.50,402.34,0,51409
64329,1214,0.49,407.23,0,51419
64211,1214,0.50,402.34,0,51427
64095,1211,0.50,402.34,0,51435
63976,1208,0.50,402.34,0,51443
63858,1204,0.51,402.34,0,51451
63741,1202,0.50,319.34,0,51460
63623,1198,0.51,402.34,0,51468
63505,1196,0.51,402.34,0,51476
63385,1195,0.49,402.34,0,51485
63263,1194,0.48,319.34,0,51493
63143,1192,0.51,485.35,0,51502
63024,1190,0.50,402.34,0,51510
62904,1188,0.49,402.34,0,51518
62785,1185,0.50,402.34,0,51526
62669,1183,0.51,402.34,0,51534
62553,1182,0.51,314.45,0,51543
62437,1180,0.51,402.34,0,51552
62319,1180,0.51,407.23,0,51560
62201,1178,0.51,402.34,0,51568
62083,1176,0.51,407.23,0,51576
61963,1172,0.51,475.59,0,51585
61843,1170,0.51,485.35,0,51593
61723,1167,0.50,402.34,0,51601
61605,1164,0.51,485.35,0,51609
61485,1163,0.51,407.23,0,51618
61363,1162,0.50,402.34,0,51627
61241,1161,0.49,407.23,0,51635
61121,1160,0.51,480.47,0,51643
61003,1158,0.50,402.34,0,51651
60883,1156,0.51,485.35,0,51659
60765,1154,0.50,470.70,0,51667
60651,1152,0.51,407.23,0,51676
60537,1151,0.51,480.47,0,51685
60421,1150,0.51,475.59,0,51693
60303,1148,0.51,407.23,0,51701
60185,1144,0.51,397.46,0,51709
60065,1141,0.51,485.35,0,51718
59945,1138,0.51,402.34,0,51726
59823,1135,0.51,402.34,0,51734
59703,1134,0.50,402.34,0,51742
59582,1133,0.51,485.35,0,51751
59460,1132,0.51,485.35,0,51760
59337,1132,0.49,402.34,0,51768
59215,1130,0.49,402.34,0,51776
59095,1128,0.48,319.34,0,51784
58975,1124,0.48,402.34,0,51792
58855,1120,0.50,407.23,0,51801
58737,1116,0.49,402.34,0,51809
58619,1113,0.50,485.35,0,51818
58503,1112,0.51,490.23,0,51826
58385,1111,0.50,407.23,0,51834
58265,1110,0.50,402.34,0,51843
58146,1110,0.51,402.34,0,51851
58027,1108,0.50,485.35,0,51859
57909,1106,0.49,319.34,0,51867
57789,1103,0.51,407.23,0,51875
57671,1101,0.50,397.46,0,51885
57555,1100,0.50,319.34,0,51893
57435,1098,0.51,407.23,0,51901
57315,1097,0.50,485.35,0,51909
57195,1094,0.51,490.23,0,51917
57075,1092,0.49,402.34,0,51926
56955,1088,0.48,485.35,0,51934
56835,1085,0.51,407.23,0,51942
56715,1083,0.49,402.34,0,51951
56599,1082,0.50,485.35,0,51959
56480,1081,0.51,485.35,0,51968
56360,1080,0.50,402.34,0,51976
56241,1080,0.49,324.22,0,51984
56123,1078,0.51,407.23,0,51992
56005,1076,0.51,407.23,0,52000
55887,1072,0.50,319.34,0,52008
55769,1070,0.51,485.35,0,52018
55653,1067,0.51,397.46,0,52026
55535,1064,0.51,402.34,0,52034
55415,1062,0.50,407.23,0,52042
55293,1061,0.49,485.35,0,52050
55173,1060,0.51,485.35,0,52059
55053,1057,0.48,319.34,0,52067
54931,1055,0.48,485.35,0,52075
54811,1053,0.51,480.47,0,52084
54694,1051,0.50,402.34,0,52092
54579,1050,0.51,407.23,0,52101
54463,1048,0.51,402.34,0,52109
54345,1047,0.51,319.34,0,52117
54227,1045,0.51,485.35,0,52125
54109,1042,0.51,402.34,0,52133
53989,1040,0.51,485.35,0,52142
53869,1037,0.51,485.35,0,52151
53749,1035,0.51,407.23,0,52159
53631,1033,0.51,402.34,0,52167
53513,1032,0.51,324.22,0,52175
53391,1030,0.50,402.34,0,52184
53269,1029,0.50,485.35,0,52192
53150,1026,0.51,402.34,0,52200
53031,1024,0.50,402.34,0,52208
52910,1022,0.49,485.35,0,52217
52791,1020,0.51,402.34,0,52226
52675,1018,0.51,485.35,0,52234
52560,1017,0.51,485.35,0,52242
52445,1016,0.51,402.34,0,52250
52326,1015,0.51,485.35,0,52258
52207,1013,0.51,485.35,0,52267
52089,1010,0.51,485.35,0,52275
51971,1007,0.51,319.34,0,52284
51849,1004,0.51,402.34,0,52292
51729,1000,0.50,485.35,0,52300
51611,998,0.51,485.35,0,52308
51493,997,0.51,490.23,0,52317
51373,996,0.48,485.35,0,52324
51253,996,0.48,485.35,0,52332
51137,994,0.50,324.22,0,52340
51019,992,0.48,485.35,0,52348
50901,990,0.47,485.35,0,52357
50786,986,0.49,402.34,0,52365
50673,984,0.50,407.23,0,52373
50561,982,0.50,480.47,0,52381
50449,981,0.51,402.34,0,52388
50333,980,0.50,402.34,0,52397
50219,978,0.51,407.23,0,52405
50105,976,0.51,402.34,0,52413
49989,973,0.51,402.34,0,52421
49873,970,0.51,407.23,0,52429
49759,968,0.50,485.35,0,52438
49645,966,0.51,485.35,0,52445
49530,965,0.51,407.23,0,52453
49413,964,0.50,407.23,0,52461
49295,964,0.49,402.34,0,52469
49179,962,0.51,319.34,0,52477
49063,960,0.49,485.35,0,52486
48947,957,0.49,402.34,0,52494
48831,954,0.51,485.35,0,52502
48719,952,0.51,402.34,0,52509
48607,951,0.51,402.34,0,52517
48497,950,0.51,480.47,0,52526
48383,948,0.51,485.35,0,52534
48267,946,0.51,485.35,0,52542
48153,944,0.51,485.35,0,52550
48037,940,0.51,407.23,0,52558
47921,938,0.50,407.23,0,52567
47803,936,0.51,402.34,0,52574
47687,934,0.51,485.35,0,52582
47573,933,0.51,402.34,0,52590
47455,932,0.51,485.35,0,52598
47337,932,0.50,485.35,0,52606
47220,930,0.49,407.23,0,52615
47105,928,0.50,485.35,0,52623
46989,924,0.50,485.35,0,52631
46873,921,0.50,402.34,0,52638
46761,918,0.50,402.34,0,52646
46649,915,0.51,407.23,0,52655
46539,914,0.51,402.34,0,52663
46427,912,0.51,402.34,0,52671
46311,912,0.51,485.35,0,52679
46195,910,0.51,446.29,0,52687
46081,909,0.51,485.35,0,52695
45963,907,0.51,397.46,0,52703
45847,904,0.51,319.34,0,52711
45730,902,0.51,402.34,0,52719
45615,900,0.51,485.35,0,52727
45499,898,0.51,407.23,0,52736
45381,898,0.49,485.35,0,52744
45261,896,0.49,480.47,0,52752
45145,894,0.51,485.35,0,52759
45027,891,0.49,402.34,0,52767
44910,888,0.47,402.34,0,52775
44793,886,0.49,402.34,0,52784
44681,884,0.50,319.34,0,52792
44569,883,0.50,407.23,0,52800
44457,882,0.51,402.34,0,52808
44343,882,0.51,485.35,0,52816
44227,880,0.51,402.34,0,52824
44115,878,0.51,485.35,0,52832
44000,875,0.51,485.35,0,52840
43885,872,0.51,407.23,0,52848
43770,868,0.51,485.35,0,52856
43657,866,0.51,485.35,0,52865
43543,865,0.51,485.35,0,52873
43426,864,0.51,485.35,0,52881
43307,863,0.49,402.34,0,52888
43189,862,0.51,402.34,0,52896
43071,860,0.49,402.34,0,52904
42953,857,0.47,407.23,0,52913
42835,854,0.51,485.35,0,52921
42721,852,0.49,402.34,0,52929
42608,849,0.50,485.35,0,52937
42495,847,0.51,402.34,0,52944
42379,846,0.50,485.35,0,52953
42261,844,0.49,319.34,0,52961
42147,842,0.51,485.35,0,52969
42031,841,0.50,485.35,0,52977
41915,839,0.48,402.34,0,52985
41801,837,0.51,402.34,0,52994
41687,835,0.50,402.34,0,53002
41575,834,0.50,407.23,0,53009
41462,833,0.51,402.34,0,53017
41347,832,0.51,402.34,0,53025
41231,830,0.51,485.35,0,53033
41117,828,0.51,324.22,0,53042
41001,825,0.51,402.34,0,53050
40885,822,0.51,407.23,0,53058
40771,818,0.51,485.35,0,53066
40659,816,0.51,324.22,0,53073
40548,814,0.51,402.34,0,53082
40435,813,0.51,485.35,0,53090
40319,812,0.51,402.34,0,53098
40202,811,0.51,402.34,0,53106
40085,810,0.51,485.35,0,53114
39969,807,0.51,475.59,0,53123
39851,805,0.51,490.23,0,53131
39735,803,0.50,402.34,0,53138
39621,802,0.51,480.47,0,53146
39505,800,0.51,412.11,0,53154
39389,800,0.51,402.34,0,53163
39271,798,0.50,402.34,0,53171
39155,796,0.51,485.35,0,53179
39039,794,0.49,407.23,0,53187
38923,790,0.50,402.34,0,53194
38807,788,0.51,319.34,0,53202
38693,785,0.51,480.47,0,53211
38583,783,0.51,402.34,0,53219
38471,782,0.51,402.34,0,53227
38357,780,0.51,402.34,0,53235
38241,778,0.51,402.34,0,53243
38124,776,0.51,407.23,0,53252
38007,774,0.50,407.23,0,53259
37890,772,0.50,480.47,0,53267
37773,770,0.51,480.47,0,53275
37659,768,0.51,402.34,0,53283
37545,767,0.51,402.34,0,53292
37428,766,0.51,485.35,0,53300
37309,766,0.49,485.35,0,53308
37191,764,0.51,480.47,0,53316
37075,761,0.49,485.35,0,53323
36959,758,0.49,402.34,0,53331
36843,754,0.51,485.35,0,53340
36729,750,0.50,485.35,0,53348
36617,748,0.51,485.35,0,53356
36507,746,0.51,480.47,0,53364
36393,746,0.51,485.35,0,53372
36276,744,0.51,402.34,0,53381
36161,744,0.51,480.47,0,53388
36045,742,0.51,412.11,0,53396
35929,740,0.50,407.23,0,53404
35812,737,0.51,402.34,0,53412
35699,735,0.51,402.34,0,53421
35585,734,0.51,402.34,0,53429
35471,732,0.51,485.35,0,53437
35353,730,0.50,485.35,0,53444
35234,729,0.49,402.34,0,53452
35117,727,0.50,319.34,0,53460
34999,724,0.49,412.11,0,53469
34881,721,0.48,490.23,0,53477
34765,718,0.48,319.34,0,53485
34651,716,0.51,485.35,0,53493
34539,714,0.51,402.34,0,53501
34425,714,0.51,412.11,0,53509
34309,713,0.50,485.35,0,53517
34193,712,0.51,480.47,0,53525
34079,710,0.50,402.34,0,53533
33963,708,0.50,402.34,0,53541
33849,704,0.51,407.23,0,53550
33735,702,0.51,485.35,0,53558
33625,700,0.51,402.34,0,53566
33511,698,0.51,402.34,0,53573
33396,697,0.51,480.47,0,53581
33279,696,0.51,470.70,0,53590
33161,694,0.51,319.34,0,53598
33045,692,0.50,407.23,0,53606
32927,689,0.50,485.35,0,53614
32811,686,0.51,397.46,0,53622
32697,684,0.51,402.34,0,53630
32587,682,0.51,480.47,0,53638
32475,680,0.51,407.23,0,53646
32359,678,0.51,402.34,0,53654
32243,677,0.51,353.52,0,53662
32127,675,0.51,402.34,0,53670
32009,673,0.50,402.34,0,53679
31892,670,0.50,402.34,0,53687
31775,668,0.51,402.34,0,53695
31663,666,0.51,480.47,0,53702
31549,664,0.51,402.34,0,53710
31433,664,0.51,485.35,0,53719
31313,662,0.50,407.23,0,53727
31197,661,0.50,402.34,0,53735
31079,658,0.48,407.23,0,53743
30961,656,0.48,407.23,0,53751
30845,652,0.51,485.35,0,53758
30733,650,0.49,402.34,0,53767
30623,648,0.50,402.34,0,53775
30513,646,0.51,407.23,0,53783
30399,646,0.51,485.35,0,53791
30283,645,0.51,485.35,0,53799
30169,644,0.51,407.23,0,53808
30053,642,0.51,402.34,0,53816
29937,639,0.50,319.34,0,53823
29821,636,0.51,485.35,0,53831
29709,634,0.51,402.34,0,53839
29597,633,0.51,407.23,0,53848
29483,632,0.51,441.41,0,53856
29367,630,0.51,485.35,0,53864
29247,629,0.50,402.34,0,53872
29129,626,0.51,402.34,0,53880
29011,624,0.50,485.35,0,53888
28891,620,0.48,314.45,0,53896
28775,617,0.49,407.23,0,53904
28661,614,0.51,407.23,0,53912
28549,612,0.51,407.23,0,53920
28433,612,0.50,319.34,0,53928
28317,610,0.49,407.23,0,53937
28200,610,0.51,402.34,0,53945
28085,608,0.49,402.34,0,53952
27969,606,0.49,485.35,0,53960
27853,604,0.51,485.35,0,53968
27741,602,0.51,412.11,0,53977
27631,600,0.51,402.34,0,53985
27521,599,0.51,402.34,0,53993
27407,598,0.51,475.59,0,54001
27291,596,0.51,485.35,0,54008
27173,594,0.51,402.34,0,54017
27057,591,0.50,480.47,0,54025
26939,588,0.50,485.35,0,54033
26821,584,0.51,402.34,0,54041
26709,582,0.51,407.23,0,54049
26597,580,0.51,402.34,0,54057
26485,580,0.51,485.35,0,54066
26371,579,0.51,407.23,0,54073
26253,578,0.51,397.46,0,54081
26137,577,0.51,407.23,0,54089
26019,575,0.51,402.34,0,54097
25901,572,0.51,480.47,0,54106
25789,570,0.51,407.23,0,54114
25677,568,0.51,485.35,0,54122
25565,566,0.51,402.34,0,54130
25451,564,0.51,485.35,0,54137
25335,563,0.51,402.34,0,54146
25215,561,0.51,485.35,0,54154
25098,559,0.50,485.35,0,54162
24979,556,0.49,402.34,0,54170
24861,554,0.51,485.35,0,54178
24747,551,0.51,485.35,0,54187
24637,549,0.51,402.34,0,54195
24527,548,0.51,402.34,0,54202
24413,547,0.51,402.34,0,54210
24297,546,0.51,402.34,0,54218
24180,545,0.51,402.34,0,54226
24063,542,0.50,407.23,0,54235
23945,540,0.50,485.35,0,54243
23829,537,0.51,407.23,0,54251
23715,534,0.51,402.34,0,54258
23605,532,0.51,407.23,0,54266
23491,531,0.51,402.34,0,54275
23374,530,0.51,319.34,0,54283
23255,528,0.50,412.11,0,54291
23135,526,0.51,485.35,0,54299
23015,524,0.48,407.23,0,54307
22897,521,0.47,407.23,0,54316
22781,518,0.49,480.47,0,54323
22671,516,0.51,402.34,0,54331
22561,514,0.51,402.34,0,54339
22451,514,0.51,485.35,0,54347
22337,513,0.51,407.23,0,54355
22219,512,0.51,485.35,0,54364
22103,510,0.51,407.23,0,54372
21985,506,0.50,402.34,0,54380
21869,504,0.51,402.34,0,54387
21755,501,0.51,402.34,0,54395
21645,498,0.51,402.34,0,54404
21534,497,0.51,485.35,0,54412
21419,496,0.51,402.34,0,54420
21299,494,0.51,402.34,0,54428
21179,493,0.51,480.47,0,54436
21059,491,0.47,407.23,0,54445
20939,488,0.46,402.34,0,54452
20821,486,0.51,402.34,0,54460
20708,483,0.51,319.34,0,54468
20597,481,0.51,407.23,0,54476
20485,480,0.51,402.34,0,54484
20371,478,0.51,485.35,0,54493
20253,477,0.49,485.35,0,54501
20135,476,0.51,407.23,0,54508
20017,473,0.49,480.47,0,54516
19901,470,0.49,402.34,0,54524
19787,468,0.51,407.23,0,54533
19677,466,0.51,402.34,0,54541
19569,464,0.51,402.34,0,54549
19459,463,0.51,402.34,0,54557
19343,462,0.51,402.34,0,54565
19225,460,0.51,485.35,0,54573
19107,459,0.51,485.35,0,54581
18987,456,0.51,485.35,0,54589
18870,454,0.51,485.35,0,54597
18757,450,0.51,485.35,0,54605
18649,448,0.51,402.34,0,54614
18541,447,0.51,319.34,0,54622
18429,446,0.51,407.23,0,54630
18310,445,0.51,319.34,0,54637
18191,444,0.51,485.35,0,54645
18069,442,0.50,485.35,0,54653
17949,439,0.49,485.35,0,54662
17831,436,0.51,485.35,0,54670
17717,434,0.51,412.11,0,54678
17607,432,0.51,485.35,0,54686
17496,430,0.51,402.34,0,54694
17381,430,0.51,397.46,0,54702
17262,428,0.51,485.35,0,54710
17143,427,0.51,485.35,0,54718
17025,425,0.50,490.23,0,54726
16909,422,0.50,490.23,0,54734
16795,420,0.51,407.23,0,54743
16689,418,0.51,407.23,0,54751
16583,416,0.51,319.34,0,54758
16471,416,0.51,480.47,0,54766
16351,414,0.51,490.23,0,54774
16229,412,0.51,402.34,0,54782
16107,410,0.48,402.34,0,54791
15984,408,0.48,412.11,0,54799
15865,404,0.50,485.35,0,54807
15751,402,0.51,480.47,0,54815
15643,400,0.51,485.35,0,54822
15534,398,0.51,407.23,0,54831
15421,396,0.51,485.35,0,54839
15303,395,0.51,485.35,0,54847
15185,394,0.51,485.35,0,54855
15065,392,0.49,490.23,0,54863
14945,390,0.49,407.23,0,54872
14831,388,0.51,485.35,0,54880
14723,386,0.51,402.34,0,54887
14618,384,0.51,402.34,0,54895
14509,383,0.51,485.35,0,54903
14393,382,0.51,480.47,0,54912
14273,380,0.51,485.35,0,54920
14150,379,0.51,485.35,0,54928
14027,376,0.49,485.35,0,54936
13907,374,0.49,485.35,0,54944
13791,370,0.51,319.34,0,54951
13683,367,0.51,480.47,0,54960
13577,364,0.51,402.34,0,54968
13467,362,0.51,485.35,0,54976
13351,361,0.51,407.23,0,54984
13231,360,0.51,412.11,0,54992
13111,358,0.50,485.35,0,55001
12991,356,0.50,407.23,0,55008
12875,354,0.51,402.34,0,55016
12766,352,0.51,402.34,0,55024
12663,350,0.51,402.34,0,55032
12553,350,0.51,402.34,0,55041
12435,349,0.51,485.35,0,55049
12311,348,0.50,319.34,0,55057
12185,346,0.50,402.34,0,55065
12061,344,0.44,402.34,0,55072
11939,342,0.45,480.47,0,55080
11823,339,0.51,402.34,0,55089
11715,336,0.51,402.34,0,55097
11613,334,0.51,407.23,0,55105
11507,332,0.51,402.34,0,55113
11394,330,0.51,485.35,0,55121
11275,328,0.51,485.35,0,55130
11153,326,0.51,480.47,0,55137
11033,324,0.50,490.23,0,55145
10915,322,0.50,407.23,0,55153
10805,320,0.51,319.34,0,55161
10703,318,0.51,319.34,0,55170
10594,316,0.51,402.34,0,55178
10475,316,0.51,451.17,0,55186
10351,314,0.51,480.47,0,55194
10224,314,0.46,480.47,0,55201
10097,312,0.40,485.35,0,55209
9973,310,0.44,485.35,0,55218
9860,307,0.49,485.35,0,55225
9755,304,0.51,397.46,0,55233
9659,302,0.51,402.34,0,55241
9559,299,0.51,402.34,0,55248
9452,298,0.51,402.34,0,55257
9337,296,0.51,485.35,0,55265
9219,294,0.51,485.35,0,55272
9101,292,0.48,407.23,0,55280
8984,290,0.49,485.35,0,55287
8874,288,0.51,319.34,0,55296
8773,286,0.51,407.23,0,55304
8675,284,0.51,402.34,0,55311
8565,282,0.51,485.35,0,55319
8449,282,0.51,485.35,0,55327
8329,281,0.50,485.35,0,55334
8205,280,0.46,407.23,0,55343
8083,278,0.37,402.34,0,55350
7963,276,0.44,402.34,0,55358
7853,273,0.50,319.34,0,55366
7753,270,0.51,407.23,0,55373
7659,268,0.51,402.34,0,55382
7555,266,0.51,402.34,0,55389
7443,264,0.51,402.34,0,55397
7325,262,0.51,485.35,0,55405
7205,260,0.48,490.23,0,55412
7085,259,0.45,407.23,0,55420
6971,257,0.49,402.34,0,55429
6865,255,0.51,407.23,0,55436
6771,254,0.51,236.33,0,55444
6670,252,0.51,485.35,0,55451
6557,252,0.51,470.70,0,55459
6441,251,0.51,485.35,0,55468
6318,250,0.49,485.35,0,55475
6193,250,0.46,485.35,0,55483
6071,248,0.34,407.23,0,55490
5955,246,0.44,402.34,0,55498
5849,243,0.51,407.23,0,55506
5753,240,0.51,324.22,0,55514
5659,238,0.51,402.34,0,55522
5549,235,0.51,485.35,0,55530
5435,232,0.51,485.35,0,55537
5313,231,0.49,485.35,0,55545
5191,229,0.48,485.35,0,55553
5073,228,0.45,480.47,0,55561
4963,226,0.50,485.35,0,55569
4863,224,0.51,402.34,0,55576
4769,223,0.51,304.69,0,55584
4663,222,0.51,407.23,0,55592
4549,221,0.51,480.47,0,55600
4433,220,0.51,485.35,0,55608
4311,220,0.49,407.23,0,55615
4187,218,0.48,402.34,0,55623
4067,217,0.44,485.35,0,55631
3953,215,0.48,402.34,0,55639
3851,213,0.51,324.22,0,55647
3757,210,0.51,319.34,0,55654
3657,208,0.51,475.59,0,55662
3543,206,0.51,407.23,0,55670
3425,204,0.51,485.35,0,55677
3301,202,0.47,480.47,0,55686
3179,200,0.49,485.35,0,55694
3063,198,0.46,407.23,0,55701
2955,196,0.51,402.34,0,55709
2861,194,0.51,319.34,0,55716
2765,192,0.51,402.34,0,55725
2655,190,0.51,485.35,0,55733
2543,190,0.51,402.34,0,55740
2427,189,0.51,485.35,0,55748
2305,188,0.50,485.35,0,55755
2183,188,0.50,480.47,0,55763
2061,186,0.44,319.34,0,55772
1949,185,0.49,407.23,0,55779
1849,183,0.51,402.34,0,55787
1755,181,0.51,402.34,0,55795
1651,178,0.51,480.47,0,55802
1535,176,0.51,407.23,0,55811
1415,174,0.51,402.34,0,55818
1291,172,0.45,402.34,0,55826
1169,170,0.48,426.76,0,55834
1053,168,0.46,402.34,0,55841
948,166,0.51,407.23,0,55849
860,164,0.51,324.22,0,55857
767,162,0.51,407.23,0,55864
660,161,0.51,402.34,0,55872
551,160,0.51,480.47,0,55879
441,160,0.51,485.35,0,55886
322,160,0.50,485.35,0,55895
199,160,0.45,485.35,0,55902
77,160,0.12,402.34,0,55909
-21,159,-0.50,236.33,0,55917
-57,158,-0.50,-7.81,0,55924
-16,157,-0.50,-251.95,0,55932
68,156,0.48,-413.09,0,55940
145,154,-0.06,-334.96,0,55948
232,152,-0.50,-374.02,0,55956
336,150,-0.28,-413.09,0,55964
446,148,0.16,-413.09,0,55972
556,147,0.32,-413.09,0,55980
668,146,0.45,-496.09,0,55988
788,146,0.51,-496.09,0,55996
916,146,0.51,-579.10,0,56003
1042,146,0.51,-496.09,0,56011
1160,147,0.51,-413.09,0,56019
1263,148,0.49,-413.09,0,56028
1356,149,-0.50,-413.09,0,56036
1466,150,-0.14,-496.09,0,56044
1585,150,0.42,-496.09,0,56052
1700,152,0.43,-500.98,0,56060
1822,152,0.50,-413.09,0,56069
1952,152,0.51,-574.22,0,56077
2078,152,0.51,-496.09,0,56084
2190,152,0.49,-413.09,0,56092
2288,151,-0.16,-413.09,0,56100
2393,150,-0.44,-413.09,0,56110
2512,150,0.14,-417.97,0,56117
2630,149,0.46,-496.09,0,56125
2748,149,0.49,-496.09,0,56133
2874,149,0.51,-579.10,0,56141
3002,149,0.51,-413.09,0,56150
3122,149,0.51,-496.09,0,56158
3228,150,0.47,-330.08,0,56166
3324,151,-0.50,-417.97,0,56174
3436,151,-0.09,-496.09,0,56182
3556,153,0.30,-496.09,0,56190
3672,155,0.30,-413.09,0,56199
3792,156,0.48,-496.09,0,56206
3916,157,0.51,-496.09,0,56214
4040,159,0.49,-413.09,0,56222
4152,159,0.48,-413.09,0,56230
4254,160,-0.22,-417.97,0,56239
4364,161,-0.50,-334.96,0,56247
4484,161,0.16,-432.62,0,56255
4600,163,0.40,-413.09,0,56263
4716,163,0.45,-413.09,0,56271
4840,165,0.49,-496.09,0,56280
4966,165,0.51,-496.09,0,56288
5086,166,0.50,-496.09,0,56296
5193,167,0.28,-413.09,0,56303
5294,167,-0.38,-417.97,0,56312
5410,167,-0.08,-432.62,0,56321
5528,168,0.10,-417.97,0,56329
5644,169,0.33,-413.09,0,56336
5760,171,0.51,-496.09,0,56344
5882,172,0.51,-413.09,0,56352
6004,174,0.51,-413.09,0,56360
6118,175,0.51,-413.09,0,56369
6218,177,0.51,-330.08,0,56377
6300,177,0.51,-168.95,0,56385
6362,179,0.51,-247.07,0,56393
6408,180,0.51,-168.95,0,56400
6436,181,0.51,-90.82,0,56409
6448,183,0.51,-7.81,0,56416
6450,184,0.51,-7.81,0,56424
6439,185,0.51,-7.81,0,56431
6417,186,0.51,163.09,0,56439
6382,187,0.51,158.20,0,56446
6338,187,0.51,236.33,0,56455
6284,187,0.51,236.33,0,56463
6221,185,0.51,236.33,0,56470
6154,183,0.51,314.45,0,56478
6085,180,0.51,236.33,0,56485
6017,177,0.51,236.33,0,56494
5955,173,0.51,236.33,0,56502
5902,170,0.51,158.20,0,56509
5859,167,0.51,89.84,0,56517
5828,165,0.51,75.20,0,56524
5809,165,0.51,75.20,0,56531
5800,165,0.51,-2.93,0,56540
5798,166,0.51,-7.81,0,56547
5808,168,0.51,-90.82,0,56555
5828,170,0.51,-144.53,0,56563
5856,172,0.51,-173.83,0,56570
5892,174,0.51,-173.83,0,56579
5933,176,0.51,-251.95,0,56587
5977,176,0.51,-168.95,0,56595
6020,176,0.51,-168.95,0,56603
6059,176,0.51,-90.82,0,56611
6091,174,0.51,-164.06,0,56619
6116,172,0.51,-90.82,0,56627
6130,170,0.51,-51.76,0,56635
6134,168,0.51,-7.81,0,56642
6128,167,0.51,-7.81,0,56649
6115,166,0.51,75.20,0,56657
6094,166,0.51,158.20,0,56665
6068,166,0.51,75.20,0,56673
6042,166,0.51,75.20,0,56680
6015,166,0.51,75.20,0,56687
5990,168,0.51,158.20,0,56695
5970,169,0.51,31.25,0,56702
5956,170,0.51,75.20,0,56711
5947,170,0.51,-7.81,0,56718
5944,170,0.51,-7.81,0,56726
5947,170,0.51,-7.81,0,56733
5956,170,0.51,-12.70,0,56741
5970,169,0.51,-90.82,0,56749
5988,168,0.51,-90.82,0,56757
6006,167,0.51,-90.82,0,56764
6025,166,0.51,-90.82,0,56772
6042,165,0.51,-7.81,0,56779
6054,165,0.51,-90.82,0,56787
6062,165,0.51,-90.82,0,56796
6066,165,0.51,-7.81,0,56803
6066,165,0.51,-7.81,0,56810
6060,165,0.51,31.25,0,56818
6050,166,0.51,-7.81,0,56825
6040,167,0.51,75.20,0,56833
6027,167,0.51,-7.81,0,56841
6016,167,0.51,-7.81,0,56848
6004,167,0.51,-2.93,0,56855
5996,167,0.51,-7.81,0,56863
5992,167,0.51,-7.81,0,56870
5989,165,0.51,-7.81,0,56879
5990,165,0.51,-90.82,0,56886
5995,165,0.51,-7.81,0,56894
6001,164,0.51,-51.76,0,56901
6009,163,0.51,-7.81,0,56909
6017,163,0.51,-90.82,0,56916
6025,163,0.51,-81.05,0,56925
6032,163,0.51,-7.81,0,56932
6037,163,0.51,-7.81,0,56940
6039,163,0.51,-7.81,0,56947
6040,163,0.51,-7.81,0,56954
6038,164,0.51,75.20,0,56963
6034,165,0.51,-7.81,0,56970
6030,165,0.51,-7.81,0,56977
6024,165,0.51,-7.81,0,56985
6019,165,0.51,-7.81,0,56992
6014,165,0.51,75.20,0,56999
6011,165,0.51,-2.93,0,57008
6009,165,0.51,-2.93,0,57015
6008,164,0.51,-7.81,0,57022
6008,163,0.51,-7.81,0,57030
6010,163,0.51,-2.93,0,57037
6013,163,0.51,-7.81,0,57046
6016,163,0.51,-90.82,0,57053
6020,163,0.51,-7.81,0,57061
6022,163,0.51,-2.93,0,57068
6024,163,0.51,-7.81,0,57075
6025,163,0.51,-2.93,0,57083
6026,163,0.51,-7.81,0,57091
6026,163,0.51,-7.81,0,57098
6024,163,0.51,-7.81,0,57106
6023,163,0.51,-7.81,0,57113
6022,163,0.51,-2.93,0,57120
6020,163,0.51,-7.81,0,57128
6018,162,0.51,-7.81,0,57136
6018,162,0.51,-7.81,0,57144
6018,161,0.51,-7.81,0,57151
6018,161,0.51,-7.81,0,57158
6019,161,0.51,-7.81,0,57166
6019,161,0.51,-7.81,0,57174
6020,161,0.51,-7.81,0,57181
6021,161,0.51,-7.81,0,57189
6021,161,0.51,-7.81,0,57196
6021,161,0.51,-7.81,0,57203
6021,161,0.51,-7.81,0,57211
6021,161,0.51,-2.93,0,57219
6020,161,0.51,-7.81,0,57227
6020,161,0.51,-7.81,0,57234
6020,161,0.51,-7.81,0,57241
6020,161,0.51,-7.81,0,57249
6020,161,0.51,-2.93,0,57256
6020,161,0.51,-7.81,0,57264
6020,160,0.51,-7.81,0,57272
6020,160,0.51,-7.81,0,57279
6020,160,0.51,-7.81,0,57286
6020,160,0.51,-7.81,0,57294
6020,160,0.51,-7.81,0,57302
6020,160,0.51,-7.81,0,57310
6020,160,0.51,-7.81,0,57317
6020,160,0.51,-7.81,0,57324
6020,160,0.51,-7.81,0,57332
6020,160,0.51,-7.81,0,57339
6020,160,0.51,-7.81,0,57347
6020,160,0.51,-7.81,0,57355
6020,160,0.51,-7.81,0,57362
6020,160,0.51,-7.81,0,57369
6020,160,0.51,-7.81,0,57377
6020,160,0.51,-7.81,0,57384
6020,159,0.51,-7.81,0,57393
6020,159,0.51,-7.81,0,57400
6020,159,0.51,-7.81,0,57407
6020,159,0.51,-7.81,0,57415
6020,159,0.51,-7.81,0,57422
6020,159,0.51,-7.81,0,57430
6020,159,0.51,-7.81,0,57438
6020,159,0.51,-7.81,0,57445
6020,159,0.51,-7.81,0,57452
6020,159,0.51,-7.81,0,57460
6020,159,0.51,-7.81,0,57467
6020,159,0.51,-7.81,0,57476
6020,159,0.51,-7.81,0,57483
6020,159,0.51,-7.81,0,57490
6020,159,0.51,-7.81,0,57498
6020,159,0.51,-7.81,0,57505
6020,159,0.51,-7.81,0,57512
6020,159,0.51,-7.81,0,57521
6020,159,0.51,-7.81,0,57528
6020,159,0.51,-7.81,0,57535
6020,159,0.51,-7.81,0,57543
6020,159,0.51,-2.93,0,57550
6020,159,0.51,-7.81,0,57559
6020,159,0.51,-7.81,0,57566
6020,159,0.51,-7.81,0,57573
6020,159,0.51,-7.81,0,57581
6020,159,0.51,-7.81,0,57588
6020,159,0.51,-7.81,0,57595
6020,159,0.51,-7.81,0,57604
6020,159,0.51,-7.81,0,57611
6020,159,0.51,-7.81,0,57618
6020,159,0.51,-7.81,0,57626
6020,159,0.51,-7.81,0,57633
6020,159,0.51,-7.81,0,57641
6020,159,0.51,-7.81,0,57649
6020,159,0.51,-7.81,0,57656
6020,159,0.51,-2.93,0,57664
6020,159,0.51,-7.81,0,57671
6020,159,0.51,-2.93,0,57678
6020,159,0.51,-7.81,0,57687
6020,159,0.51,-7.81,0,57694
6020,159,0.51,-7.81,0,57701
6020,159,0.51,-7.81,0,57709
6020,159,0.51,-7.81,0,57716
6020,159,0.51,-7.81,0,57724
6020,159,0.51,-7.81,0,57732
6020,159,0.51,-7.81,0,57739
6020,159,0.51,-7.81,0,57747
6020,159,0.51,-7.81,0,57754
6020,159,0.51,-7.81,0,57761
6020,159,0.51,-7.81,0,57769
6020,159,0.51,-2.93,0,57777
6020,159,0.51,-7.81,0,57784
6020,159,0.51,-7.81,0,57792
6020,159,0.51,-7.81,0,57799
6020,159,0.51,-7.81,0,57807
6020,159,0.51,-7.81,0,57815
6020,159,0.51,-7.81,0,57822
6020,159,0.51,-2.93,0,57830
6020,159,0.51,-7.81,0,57837
6020,159,0.51,-7.81,0,57844
6020,159,0.51,-7.81,0,57852
6020,159,0.51,-7.81,0,57860
6020,159,0.51,-7.81,0,57867
6020,159,0.51,-7.81,0,57875
6020,159,0.51,-7.81,0,57882
6020,159,0.51,-7.81,0,57890
6020,159,0.51,-7.81,0,57897
6020,159,0.51,-7.81,0,57905
6020,159,0.51,-7.81,0,57913
6020,159,0.51,-7.81,0,57920
6020,159,0.51,-7.81,0,57927
6020,159,0.51,-7.81,0,5793