,-8,825.00,408.00,0,12997
-2,-8,826.00,409.00,0,13004
-2,-8,826.00,409.00,0,13012
-2,-8,825.00,409.00,0,13020
-2,-8,826.00,409.00,0,13027
-2,-8,825.00,409.00,0,13035
-2,-8,826.00,409.00,0,13042
-2,-8,826.00,408.00,0,13050
-2,-8,825.00,408.00,0,13058
-2,-8,826.00,409.00,0,13065
-2,-8,826.00,409.00,0,13073
-2,-8,826.00,408.00,0,13080
-2,-8,826.00,408.00,0,13087
-2,-8,825.00,409.00,0,13095
-2,-8,826.00,409.00,0,13103
-2,-8,825.00,408.00,0,13110
-2,-8,825.00,408.00,0,13118
-2,-8,826.00,409.00,0,13125
-2,-8,826.00,409.00,0,13133
-2,-8,825.00,409.00,0,13140
-2,-8,825.00,408.00,0,13148
-2,-8,825.00,409.00,0,13156
-2,-8,825.00,409.00,0,13163
-2,-8,826.00,409.00,0,13170
-2,-8,826.00,408.00,0,13178
-2,-8,826.00,408.00,0,13186
-2,-8,826.00,409.00,0,13193
-2,-8,825.00,408.00,0,13201
-2,-8,826.00,409.00,0,13208
-2,-8,826.00,409.00,0,13216
-2,-8,825.00,408.00,0,13223
-2,-8,826.00,408.00,0,13231
-2,-8,826.00,409.00,0,13239
-2,-8,826.00,409.00,0,13246
-2,-8,826.00,408.00,0,13253
-2,-8,826.00,408.00,0,13261
-2,-8,826.00,409.00,0,13268
-2,-8,825.00,408.00,0,13276
-2,-8,825.00,408.00,0,13284
-2,-8,826.00,408.00,0,13291
-2,-8,826.00,409.00,0,13299
-2,-8,825.00,409.00,0,13306
-2,-8,826.00,408.00,0,13314
-2,-8,826.00,409.00,0,13322
-2,-8,825.00,408.00,0,13329
-2,-8,826.00,409.00,0,13336
-2,-8,826.00,409.00,0,13344
-2,-8,825.00,409.00,0,13351
-2,-8,826.00,409.00,0,13359
-2,-8,826.00,408.00,0,13367
-2,-8,825.00,409.00,0,13374
-2,-8,826.00,409.00,0,13382
-2,-8,825.00,408.00,0,13389
-2,-8,826.00,409.00,0,13396
-2,-8,826.00,409.00,0,13405
-2,-8,825.00,409.00,0,13412
-2,-8,825.00,409.00,0,13419
-2,-8,826.00,409.00,0,13427
-2,-8,825.00,409.00,0,13434
-2,-8,826.00,408.00,0,13442
-2,-8,826.00,408.00,0,13450
-2,-8,826.00,408.00,0,13457
-2,-8,826.00,408.00,0,13465
-2,-8,825.00,409.00,0,13472
-2,-8,826.00,409.00,0,13479
-2,-8,826.00,409.00,0,13488
-2,-8,825.00,409.00,0,13495
-2,-8,826.00,409.00,0,13502
-2,-8,826.00,408.00,0,13510
-2,-8,825.00,409.00,0,13517
-2,-8,826.00,408.00,0,13524
-2,-8,826.00,409.00,0,13533
-2,-8,826.00,409.00,0,13540
-2,-8,826.00,409.00,0,13548
-2,-8,825.00,408.00,0,13555
-2,-8,826.00,409.00,0,13562
-2,-8,826.00,408.00,0,13571
-2,-8,825.00,409.00,0,13578
-2,-8,826.00,409.00,0,13585
-2,-8,825.00,409.00,0,13593
-2,-8,825.00,409.00,0,13600
-2,-8,826.00,409.00,0,13607
-2,-8,825.00,409.00,0,13616
-2,-8,826.00,409.00,0,13623
-2,-8,825.00,409.00,0,13630
-2,-8,825.00,408.00,0,13638
-2,-8,826.00,408.00,0,13645
-2,-8,826.00,408.00,0,13654
-2,-8,825.00,409.00,0,13661
-2,-8,826.00,408.00,0,13668
-2,-8,826.00,408.00,0,13676
-2,-8,825.00,409.00,0,13683
-2,-8,826.00,408.00,0,13690
-2,-8,826.00,409.00,0,13699
-2,-9,826.00,409.00,0,13706
-2,-9,826.00,409.00,0,13713
-2,-9,825.00,408.00,0,13721
-2,-9,826.00,409.00,0,13728
-2,-9,826.00,409.00,0,13736
-2,-9,825.00,408.00,0,13744
-2,-9,826.00,409.00,0,13751
-2,-9,826.00,409.00,0,13759
-2,-9,825.00,409.00,0,13766
-2,-9,826.00,409.00,0,13773
-2,-9,826.00,409.00,0,13782
-2,-9,826.00,409.00,0,13789
-2,-9,826.00,409.00,0,13796
-2,-9,825.00,408.00,0,13804
-2,-9,826.00,409.00,0,13811
-2,-9,826.00,409.00,0,13819
-2,-9,825.00,408.00,0,13827
-2,-9,826.00,409.00,0,13834
-2,-9,826.00,409.00,0,13842
-2,-9,825.00,409.00,0,13849
-2,-9,826.00,408.00,0,13856
-2,-9,826.00,409.00,0,13864
-2,-9,826.00,409.00,0,13872
-2,-9,826.00,409.00,0,13879
-2,-9,826.00,408.00,0,13887
-2,-9,825.00,408.00,0,13894
-2,-9,826.00,409.00,0,13902
-2,-9,825.00,408.00,0,13910
-2,-9,825.00,409.00,0,13917
-2,-9,826.00,408.00,0,13925
-2,-9,826.00,409.00,0,13932
-2,-9,826.00,408.00,0,13939
-2,-9,826.00,408.00,0,13947
-2,-9,826.00,409.00,0,13955
-2,-9,826.00,408.00,0,13962
-2,-9,826.00,408.00,0,13970
-2,-9,826.00,409.00,0,13977
-2,-9,826.00,409.00,0,13985
-2,-9,825.00,408.00,0,13992
-2,-9,826.00,409.00,0,14000
-2,-9,826.00,409.00,0,14008
-2,-9,825.00,409.00,0,14015
-2,-9,826.00,408.00,0,14022
-2,-9,826.00,408.00,0,14030
-2,-9,826.00,408.00,0,14038
-2,-9,826.00,409.00,0,14045
-2,-9,825.00,408.00,0,14053
-2,-9,826.00,409.00,0,14060
-2,-9,826.00,409.00,0,14068
-2,-9,825.00,408.00,0,14075
-2,-9,826.00,409.00,0,14083
-2,-9,826.00,409.00,0,14091
-2,-9,825.00,408.00,0,14098
-2,-9,826.00,408.00,0,14105
-2,-9,826.00,408.00,0,14113
-2,-9,826.00,409.00,0,14120
-2,-9,826.00,408.00,0,14128
-2,-9,826.00,409.00,0,14136
-2,-9,826.00,408.00,0,14143
-2,-9,826.00,409.00,0,14151
-2,-9,825.00,408.00,0,14158
-2,-9,825.00,409.00,0,14166
-2,-9,826.00,408.00,0,14174
-2,-9,825.00,408.00,0,14181
-2,-9,826.00,408.00,0,14188
-2,-9,826.00,409.00,0,14196
-2,-9,826.00,408.00,0,14203
-2,-9,826.00,408.00,0,14211
-2,-9,826.00,408.00,0,14219
-2,-9,826.00,409.00,0,14226
-2,-9,826.00,409.00,0,14234
-2,-9,825.00,408.00,0,14241
-2,-9,825.00,408.00,0,14248
-2,-9,826.00,408.00,0,14257
-2,-9,825.00,409.00,0,14264
-2,-9,826.00,409.00,0,14271
-2,-9,826.00,409.00,0,14279
-2,-9,826.00,409.00,0,14286
-2,-9,826.00,409.00,0,14294
-2,-9,826.00,409.00,0,14302
-2,-9,825.00,409.00,0,14309
-2,-9,825.00,409.00,0,14317
-2,-9,826.00,408.00,0,14324
-2,-9,826.00,409.00,0,14331
-2,-9,826.00,409.00,0,14340
-2,-9,825.00,408.00,0,14347
-2,-9,826.00,409.00,0,14354
-2,-9,826.00,409.00,0,14362
-2,-9,825.00,409.00,0,14369
-2,-9,826.00,409.00,0,14376
-2,-9,826.00,409.00,0,14385
-2,-9,825.00,409.00,0,14392
-2,-9,826.00,409.00,0,14400
-2,-9,825.00,408.00,0,14407
-2,-9,825.00,408.00,0,14414
-2,-9,826.00,409.00,0,14423
-2,-9,825.00,409.00,0,14430
-2,-9,826.00,409.00,0,14437
-2,-9,826.00,409.00,0,14445
-2,-9,825.00,409.00,0,14452
-2,-9,826.00,409.00,0,14459
-2,-9,826.00,408.00,0,14468
-2,-9,825.00,409.00,0,14475
-2,-9,827.00,409.00,0,14483
-2,-9,826.00,408.00,0,14490
-2,-10,826.00,409.00,0,14498
-2,-10,825.00,408.00,0,14505
-2,-10,826.00,409.00,0,14514
-2,-10,826.00,409.00,0,14521
-2,-10,826.00,408.00,0,14529
-2,-10,826.00,409.00,0,14537
-2,-10,825.00,409.00,0,14544
-2,-10,826.00,408.00,0,14553
-2,-10,826.00,409.00,0,14560
-2,-10,826.00,408.00,0,14568
-2,-10,826.00,409.00,0,14576
-2,-10,826.00,409.00,0,14583
-2,-10,826.00,409.00,0,14592
-2,-10,826.00,409.00,0,14600
-2,-10,825.00,408.00,0,14607
-2,-10,826.00,409.00,0,14615
-2,-10,826.00,409.00,0,14622
-2,-10,826.00,409.00,0,14630
-2,-10,826.00,409.00,0,14639
-3,-10,825.00,409.00,0,14646
-3,-10,826.00,409.00,0,14654
-3,-10,826.00,409.00,0,14661
-3,-10,826.00,408.00,0,14669
-3,-10,826.00,409.00,0,14678
-3,-10,826.00,409.00,0,14685
-3,-10,825.00,409.00,0,14693
-3,-10,827.00,409.00,0,14701
-3,-10,825.00,408.00,0,14708
-3,-10,825.00,408.00,0,14716
-3,-10,826.00,409.00,0,14724
-3,-10,826.00,409.00,0,14732
-3,-10,826.00,408.00,0,14740
-3,-10,825.00,409.00,0,14747
-3,-10,826.00,409.00,0,14755
-3,-10,826.00,409.00,0,14764
-3,-10,826.00,408.00,0,14771
-3,-10,825.00,409.00,0,14779
-3,-10,826.00,409.00,0,14786
-3,-10,826.00,409.00,0,14794
-3,-10,825.00,409.00,0,14802
-3,-10,825.00,409.00,0,14810
-3,-10,826.00,409.00,0,14818
-3,-10,826.00,409.00,0,14825
-3,-10,826.00,408.00,0,14833
-3,-10,826.00,409.00,0,14841
-3,-10,825.00,408.00,0,14849
-3,-10,825.00,409.00,0,14857
-3,-10,826.00,409.00,0,14865
-3,-10,825.00,409.00,0,14872
-3,-10,825.00,408.00,0,14880
-3,-10,826.00,409.00,0,14887
-3,-10,826.00,409.00,0,14896
-3,-10,826.00,409.00,0,14904
-3,-10,825.00,408.00,0,14911
-3,-10,827.00,409.00,0,14919
-3,-10,826.00,408.00,0,14926
-3,-10,825.00,408.00,0,14935
-3,-10,826.00,409.00,0,14943
-3,-10,826.00,408.00,0,14950
-3,-10,825.00,409.00,0,14958
-3,-10,826.00,409.00,0,14966
-3,-10,825.00,408.00,0,14973
-3,-10,826.00,409.00,0,14982
-3,-10,826.00,409.00,0,14989
-3,-10,825.00,409.00,0,14997
-3,-10,826.00,409.00,0,15005
-3,-10,825.00,409.00,0,15012
-3,-10,826.00,409.00,0,15021
-3,-10,826.00,409.00,0,15028
-3,-10,825.00,408.00,0,15036
-3,-10,826.00,408.00,0,15044
-3,-10,826.00,409.00,0,15051
-3,-10,826.00,409.00,0,15059
-3,-10,826.00,409.00,0,15068
-3,-10,825.00,408.00,0,15075
-3,-10,826.00,409.00,0,15083
-3,-10,826.00,409.00,0,15090
-3,-10,826.00,408.00,0,15098
-3,-10,826.00,409.00,0,15107
-3,-10,825.00,408.00,0,15114
-3,-10,826.00,409.00,0,15122
-3,-10,826.00,408.00,0,15130
-3,-10,825.00,408.00,0,15137
-3,-10,825.00,409.00,0,15145
-3,-10,825.00,408.00,0,15153
-3,-10,826.00,409.00,0,15161
-3,-10,825.00,409.00,0,15169
-3,-10,826.00,408.00,0,15176
-3,-10,826.00,409.00,0,15184
-3,-10,826.00,409.00,0,15192
-3,-10,826.00,409.00,0,15200
-3,-10,825.00,409.00,0,15208
-3,-10,825.00,408.00,0,15215
-3,-10,826.00,409.00,0,15223
-3,-10,825.00,408.00,0,15232
-3,-10,825.00,409.00,0,15239
-3,-10,826.00,409.00,0,15247
-3,-10,826.00,408.00,0,15254
-3,-10,826.00,408.00,0,15262
-3,-10,825.00,409.00,0,15270
-3,-10,825.00,409.00,0,15278
-3,-10,826.00,409.00,0,15286
-3,-10,826.00,408.00,0,15293
-3,-10,826.00,408.00,0,15301
-3,-10,826.00,409.00,0,15309
-3,-10,826.00,409.00,0,15316
-3,-10,826.00,409.00,0,15325
-3,-10,825.00,409.00,0,15333
-3,-10,825.00,409.00,0,15340
-3,-10,825.00,408.00,0,15348
-3,-10,825.00,408.00,0,15355
-3,-10,826.00,408.00,0,15364
-3,-10,826.00,409.00,0,15372
-3,-10,825.00,409.00,0,15379
-3,-10,826.00,409.00,0,15387
-3,-10,826.00,409.00,0,15395
-3,-10,825.00,409.00,0,15403
-3,-10,826.00,409.00,0,15411
-3,-10,826.00,409.00,0,15418
-3,-10,826.00,408.00,0,15426
-3,-10,825.00,409.00,0,15434
-3,-10,825.00,409.00,0,15441
-3,-10,826.00,409.00,0,15450
-3,-10,826.00,408.00,0,15457
-3,-10,826.00,408.00,0,15465
-3,-10,825.00,409.00,0,15473
-3,-10,826.00,409.00,0,15480
-3,-10,825.00,409.00,0,15489
-3,-10,826.00,409.00,0,15497
-3,-10,825.00,408.00,0,15504
-3,-10,826.00,409.00,0,15512
-3,-10,826.00,409.00,0,15519
-3,-10,826.00,408.00,0,15527
-3,-10,826.00,409.00,0,15536
-3,-10,825.00,408.00,0,15543
-3,-10,826.00,408.00,0,15551
-3,-10,826.00,409.00,0,15558
-3,-10,826.00,409.00,0,15566
-3,-10,825.00,409.00,0,15575
-3,-10,826.00,409.00,0,15582
-3,-10,826.00,409.00,0,15590
-3,-10,826.00,409.00,0,15598
-3,-10,825.00,409.00,0,15605
-3,-10,826.00,409.00,0,15613
-3,-10,825.00,408.00,0,15621
-3,-10,825.00,408.00,0,15629
-3,-10,825.00,409.00,0,15637
-3,-10,825.00,408.00,0,15644
-3,-10,826.00,409.00,0,15652
-3,-10,825.00,409.00,0,15660
-3,-10,825.00,409.00,0,15668
-3,-10,826.00,409.00,0,15676
-3,-10,825.00,409.00,0,15683
-3,-10,825.00,409.00,0,15691
-3,-10,826.00,409.00,0,15699
-3,-10,825.00,408.00,0,15707
-3,-10,826.00,409.00,0,15715
-3,-10,825.00,409.00,0,15722
-3,-10,825.00,408.00,0,15730
-3,-10,825.00,408.00,0,15738
-3,-10,825.00,409.00,0,15746
-3,-10,826.00,408.00,0,15754
-3,-10,826.00,409.00,0,15762
-3,-10,825.00,408.00,0,15769
-3,-10,825.00,408.00,0,15777
-3,-10,825.00,408.00,0,15784
-3,-10,825.00,408.00,0,15793
-3,-10,826.00,409.00,0,15801
-3,-10,825.00,408.00,0,15808
-3,-10,826.00,408.00,0,15816
-3,-10,826.00,409.00,0,15823
-3,-10,825.00,408.00,0,15832
-3,-10,826.00,408.00,0,15840
-3,-10,825.00,408.00,0,15847
-3,-10,825.00,409.00,0,15855
-3,-10,826.00,409.00,0,15863
-3,-10,825.00,408.00,0,15870
-3,-10,826.00,409.00,0,15879
-3,-10,825.00,409.00,0,15886
-3,-10,826.00,409.00,0,15894
-3,-10,826.00,408.00,0,15902
-3,-10,825.00,409.00,0,15909
-3,-10,826.00,409.00,0,15918
-3,-10,825.00,409.00,0,15925
-3,-10,825.00,408.00,0,15933
-3,-10,826.00,409.00,0,15941
-3,-10,825.00,409.00,0,15948
-3,-10,826.00,408.00,0,15956
-3,-10,826.00,409.00,0,15965
-3,-10,825.00,408.00,0,15972
-3,-10,826.00,408.00,0,15980
-3,-10,826.00,409.00,0,15987
-3,-10,826.00,409.00,0,15995
-3,-10,826.00,408.00,0,16004
-3,-10,825.00,409.00,0,16011
-3,-10,826.00,409.00,0,16019
-3,-10,825.00,409.00,0,16026
-3,-10,825.00,408.00,0,16034
-3,-10,826.00,408.00,0,16043
-3,-10,825.00,409.00,0,16050
-3,-10,826.00,409.00,0,16058
-3,-10,826.00,408.00,0,16066
-3,-10,825.00,408.00,0,16073
-3,-10,825.00,409.00,0,16081
-3,-10,826.00,408.00,0,16089
-3,-10,825.00,409.00,0,16097
-3,-10,826.00,409.00,0,16105
-3,-10,825.00,408.00,0,16112
-3,-10,826.00,408.00,0,16120
-3,-10,825.00,408.00,0,16129
-3,-10,825.00,408.00,0,16136
-3,-10,826.00,408.00,0,16144
-3,-10,825.00,409.00,0,16151
-3,-10,826.00,408.00,0,16159
-3,-10,825.00,408.00,0,16167
-3,-10,825.00,409.00,0,16175
-3,-10,825.00,408.00,0,16183
-3,-10,826.00,408.00,0,16190
-3,-10,825.00,409.00,0,16198
-3,-10,826.00,409.00,0,16206
-3,-10,825.00,409.00,0,16214
-3,-10,826.00,409.00,0,16222
-3,-10,826.00,408.00,0,16230
-3,-10,825.00,408.00,0,16237
-3,-10,826.00,408.00,0,16245
-3,-10,826.00,408.00,0,16252
-3,-10,825.00,408.00,0,16261
-3,-10,826.00,408.00,0,16269
-3,-10,825.00,408.00,0,16276
-3,-10,826.00,408.00,0,16284
-3,-10,826.00,408.00,0,16291
-3,-10,826.00,409.00,0,16300
-3,-10,826.00,409.00,0,16308
-3,-10,825.00,408.00,0,16315
-3,-10,826.00,409.00,0,16323
-3,-10,825.00,409.00,0,16331
-3,-10,825.00,408.00,0,16338
-3,-10,825.00,408.00,0,16347
-3,-10,825.00,409.00,0,16354
-3,-10,826.00,408.00,0,16362
-3,-10,825.00,409.00,0,16370
-3,-10,825.00,408.00,0,16377
-3,-10,826.00,408.00,0,16386
-3,-10,826.00,408.00,0,16394
-3,-10,825.00,408.00,0,16401
-3,-10,826.00,408.00,0,16409
-3,-10,826.00,408.00,0,16416
-3,-10,826.00,408.00,0,16424
-3,-10,826.00,408.00,0,16433
-3,-10,825.00,408.00,0,16440
-3,-10,825.00,408.00,0,16448
-3,-10,826.00,408.00,0,16455
-3,-10,825.00,408.00,0,16463
-3,-10,826.00,408.00,0,16472
-3,-10,825.00,408.00,0,16479
-3,-10,825.00,408.00,0,16487
-3,-10,826.00,408.00,0,16495
-3,-10,825.00,408.00,0,16502
-3,-10,826.00,408.00,0,16510
-3,-10,826.00,409.00,0,16518
-3,-10,826.00,408.00,0,16526
-3,-10,826.00,409.00,0,16534
-3,-10,825.00,408.00,0,16541
-3,-10,826.00,408.00,0,16549
-3,-10,825.00,408.00,0,16557
-3,-10,826.00,408.00,0,16565
-3,-10,825.00,408.00,0,16573
-3,-10,826.00,408.00,0,16580
-3,-10,825.00,408.00,0,16588
-3,-10,826.00,409.00,0,16596
-3,-10,825.00,408.00,0,16604
-3,-10,826.00,408.00,0,16612
-3,-10,826.00,409.00,0,16619
-3,-10,826.00,408.00,0,16627
-3,-10,826.00,408.00,0,16635
-3,-10,825.00,408.00,0,16643
-3,-10,825.00,408.00,0,16651
-3,-10,825.00,408.00,0,16658
-3,-10,825.00,408.00,0,16666
-3,-10,825.00,408.00,0,16674
-3,-10,826.00,408.00,0,16681
-3,-10,826.00,408.00,0,16690
-3,-10,826.00,408.00,0,16698
-3,-10,825.00,408.00,0,16705
-3,-10,826.00,408.00,0,16713
-3,-10,825.00,409.00,0,16720
-3,-10,825.00,408.00,0,16729
-3,-10,826.00,409.00,0,16737
-3,-10,826.00,408.00,0,16744
-3,-10,825.00,408.00,0,16752
-3,-10,826.00,409.00,0,16760
-3,-10,825.00,408.00,0,16768
-3,-10,825.00,408.00,0,16776
-3,-10,825.00,409.00,0,16783
-3,-10,826.00,408.00,0,16791
-3,-10,826.00,408.00,0,16799
-3,-10,825.00,408.00,0,16806
-3,-10,825.00,409.00,0,16815
-3,-10,826.00,409.00,0,16822
-3,-10,826.00,408.00,0,16830
-3,-10,825.00,409.00,0,16838
-3,-10,826.00,408.00,0,16845
-3,-10,826.00,408.00,0,16854
-3,-10,826.00,408.00,0,16862
-3,-10,825.00,408.00,0,16869
-3,-10,825.00,408.00,0,16877
-3,-10,825.00,408.00,0,16884
-3,-10,825.00,408.00,0,16892
-3,-10,826.00,408.00,0,16901
-3,-10,825.00,408.00,0,16908
-3,-10,826.00,408.00,0,16916
-4,-10,826.00,409.00,0,16923
-4,-10,825.00,408.00,0,16931
-4,-10,826.00,409.00,0,16940
-4,-11,825.00,408.00,0,16947
-4,-11,825.00,408.00,0,16955
-4,-11,825.00,408.00,0,16963
-4,-11,825.00,408.00,0,16970
-4,-11,825.00,408.00,0,16978
-4,-11,825.00,408.00,0,16986
-4,-11,825.00,408.00,0,16994
-4,-11,825.00,408.00,0,17002
-4,-11,825.00,408.00,0,17009
-4,-11,826.00,408.00,0,17017
-4,-11,825.00,409.00,0,17025
-4,-11,825.00,408.00,0,17033
-4,-11,825.00,408.00,0,17041
-4,-11,826.00,408.00,0,17048
-4,-11,825.00,408.00,0,17056
-4,-11,826.00,408.00,0,17064
-4,-11,825.00,408.00,0,17072
-4,-11,825.00,408.00,0,17080
-4,-11,825.00,408.00,0,17087
-4,-11,825.00,408.00,0,17095
-4,-11,825.00,409.00,0,17103
-4,-11,825.00,408.00,0,17111
-4,-11,826.00,408.00,0,17119
-4,-11,825.00,409.00,0,17127
-4,-11,825.00,408.00,0,17134
-4,-11,825.00,408.00,0,17142
-4,-11,826.00,408.00,0,17149
-4,-11,825.00,408.00,0,17158
-4,-11,825.00,408.00,0,17166
-4,-11,825.00,408.00,0,17173
-4,-11,825.00,408.00,0,17181
-4,-11,825.00,408.00,0,17188
-4,-11,825.00,408.00,0,17197
-4,-11,825.00,408.00,0,17205
-4,-11,825.00,408.00,0,17212
-4,-11,826.00,408.00,0,17220
-4,-11,825.00,408.00,0,17228
-4,-11,825.00,408.00,0,17235
-4,-11,826.00,408.00,0,17244
-4,-11,825.00,408.00,0,17251
-2,-11,0.00,408.00,0,17259
41,-11,0.00,374.00,0,17266
125,-11,60.00,341.00,0,17273
229,-11,362.00,325.00,0,17282
330,-11,44.00,341.00,0,17290
437,-11,209.00,341.00,0,17298
556,-9,549.00,308.00,0,17305
672,-8,792.00,301.00,0,17313
796,-7,825.00,325.00,0,17320
932,-5,826.00,291.00,0,17329
1056,-2,826.00,307.00,0,17337
1170,1,826.00,325.00,0,17345
1270,2,811.00,324.00,0,17352
1360,4,226.00,325.00,0,17360
1458,5,267.00,324.00,0,17368
1568,7,512.00,324.00,0,17376
1678,8,659.00,325.00,0,17384
1791,9,797.00,308.00,0,17391
1908,11,810.00,308.00,0,17399
2026,13,787.00,308.00,0,17408
2131,15,397.00,324.00,0,17416
2236,17,26.00,324.00,0,17423
2345,19,125.00,324.00,0,17431
2458,23,142.00,324.00,0,17439
2580,27,454.00,308.00,0,17447
2702,31,782.00,308.00,0,17456
2830,35,825.00,307.00,0,17464
2968,40,825.00,292.00,0,17472
3096,45,825.00,320.00,0,17480
3210,49,826.00,325.00,0,17487
3311,53,774.00,324.00,0,17496
3405,55,212.00,342.00,0,17504
3515,58,473.00,307.00,0,17512
3629,59,726.00,325.00,0,17520
3742,61,685.00,324.00,0,17528
3860,62,800.00,308.00,0,17537
3977,63,801.00,308.00,0,17545
4087,64,541.00,341.00,0,17552
4194,65,194.00,324.00,0,17560
4307,66,302.00,308.00,0,17568
4422,68,346.00,324.00,0,17576
4540,71,489.00,308.00,0,17585
4660,75,758.00,307.00,0,17593
4780,79,808.00,308.00,0,17601
4910,83,825.00,308.00,0,17609
5040,87,824.00,310.00,0,17616
5164,92,825.00,307.00,0,17625
5273,95,812.00,335.00,0,17633
5370,99,285.00,325.00,0,17641
5474,101,365.00,307.00,0,17649
5593,102,663.00,308.00,0,17657
5710,103,630.00,341.00,0,17666
5830,104,804.00,324.00,0,17675
5952,105,803.00,307.00,0,17683
6068,106,631.00,324.00,0,17691
6180,107,349.00,307.00,0,17699
6296,109,408.00,308.00,0,17708
6414,111,389.00,324.00,0,17716
6534,115,550.00,308.00,0,17724
6657,121,736.00,325.00,0,17732
6780,127,805.00,324.00,0,17741
6912,132,825.00,308.00,0,17750
7044,137,823.00,307.00,0,17758
7172,141,826.00,307.00,0,17766
7287,144,813.00,325.00,0,17774
7390,146,324.00,324.00,0,17782
7497,147,419.00,324.00,0,17790
7616,147,680.00,308.00,0,17799
7734,147,672.00,308.00,0,17808
7854,147,804.00,326.00,0,17816
7975,147,800.00,326.00,0,17824
8090,149,646.00,325.00,0,17832
8203,150,346.00,324.00,0,17841
8320,153,466.00,307.00,0,17849
8438,156,491.00,325.00,0,17857
8559,161,477.00,325.00,0,17865
8681,167,722.00,308.00,0,17874
8805,173,805.00,307.00,0,17883
8934,178,819.00,308.00,0,17891
9064,183,815.00,325.00,0,17899
9187,185,820.00,325.00,0,17907
9300,187,803.00,324.00,0,17915
9405,187,403.00,325.00,0,17924
9518,188,475.00,308.00,0,17932
9638,188,692.00,308.00,0,17941
9756,188,723.00,308.00,0,17949
9876,188,788.00,341.00,0,17957
9996,189,789.00,308.00,0,17966
10111,191,613.00,324.00,0,17974
10229,193,436.00,324.00,0,17983
10351,197,462.00,308.00,0,17991
10474,203,561.00,325.00,0,17999
10598,209,642.00,325.00,0,18009
10724,215,731.00,309.00,0,18017
10851,221,808.00,308.00,0,18026
10982,225,813.00,324.00,0,18034
11112,228,814.00,309.00,0,18042
11232,229,802.00,341.00,0,18052
11344,229,479.00,324.00,0,18060
11461,228,533.00,341.00,0,18068
11584,227,609.00,325.00,0,18077
11706,227,577.00,308.00,0,18085
11830,227,797.00,308.00,0,18095
11956,229,799.00,307.00,0,18103
12077,232,657.00,324.00,0,18111
12195,236,453.00,308.00,0,18120
12316,240,586.00,342.00,0,18128
12438,245,586.00,325.00,0,18137
12562,250,540.00,325.00,0,18146
12686,256,697.00,325.00,0,18154
12812,262,802.00,308.00,0,18163
12942,265,806.00,308.00,0,18171
13069,267,795.00,308.00,0,18180
13192,268,793.00,325.00,0,18189
13306,268,614.00,325.00,0,18197
13424,266,469.00,308.00,0,18205
13546,266,524.00,324.00,0,18214
13668,266,638.00,325.00,0,18223
13792,268,797.00,342.00,0,18232
13918,271,799.00,341.00,0,18240
14040,275,747.00,325.00,0,18248
14160,280,609.00,325.00,0,18257
14280,285,601.00,325.00,0,18266
14403,290,567.00,325.00,0,18275
14526,296,582.00,326.00,0,18283
14650,300,728.00,308.00,0,18291
14774,304,792.00,308.00,0,18300
14902,306,799.00,325.00,0,18309
15028,308,786.00,308.00,0,18317
15150,308,793.00,324.00,0,18326
15268,308,625.00,325.00,0,18334
15387,306,385.00,307.00,0,18343
15509,306,564.00,308.00,0,18352
15631,306,636.00,325.00,0,18360
15755,310,693.00,325.00,0,18369
15880,314,731.00,324.00,0,18377
16004,320,762.00,325.00,0,18385
16124,324,663.00,308.00,0,18395
16245,330,573.00,324.00,0,18403
16367,334,548.00,326.00,0,18412
16490,338,658.00,324.00,0,18420
16614,340,676.00,326.00,0,18428
16737,343,677.00,325.00,0,18438
16864,344,798.00,325.00,0,18446
16990,345,797.00,308.00,0,18454
17113,345,799.00,325.00,0,18463
17230,345,565.00,342.00,0,18471
17351,344,566.00,325.00,0,18481
17472,344,631.00,325.00,0,18489
17594,346,565.00,308.00,0,18497
17718,350,529.00,308.00,0,18506
17841,355,792.00,325.00,0,18514
17966,360,792.00,308.00,0,18524
18087,366,657.00,324.00,0,18532
18207,370,524.00,341.00,0,18540
18329,372,680.00,325.00,0,18549
18452,375,663.00,324.00,0,18557
18575,377,605.00,308.00,0,18566
18698,379,619.00,308.00,0,18575
18824,380,799.00,309.00,0,18583
18950,382,801.00,309.00,0,18592
19073,382,755.00,325.00,0,18600
19192,382,584.00,315.00,0,18609
19312,382,668.00,329.00,0,18618
19434,384,631.00,325.00,0,18626
19556,386,500.00,324.00,0,18634
19680,390,616.00,325.00,0,18643
19804,394,795.00,325.00,0,18652
19928,398,791.00,324.00,0,18661
20050,403,599.00,309.00,0,18669
20172,406,636.00,308.00,0,18677
20294,409,713.00,309.00,0,18686
20416,412,642.00,325.00,0,18695
20538,414,568.00,309.00,0,18703
20662,416,704.00,308.00,0,18712
20786,418,796.00,309.00,0,18720
20912,420,798.00,308.00,0,18729
21036,422,730.00,325.00,0,18738
21156,422,688.00,309.00,0,18746
21276,424,681.00,325.00,0,18755
21398,424,627.00,341.00,0,18763
21520,426,587.00,308.00,0,18772
21643,428,660.00,325.00,0,18781
21766,432,731.00,325.00,0,18789
21891,436,726.00,308.00,0,18798
22014,440,699.00,321.00,0,18806
22136,444,689.00,324.00,0,18814
22258,446,657.00,308.00,0,18824
22380,448,521.00,325.00,0,18832
22502,450,647.00,325.00,0,18841
22626,453,705.00,325.00,0,18849
22748,456,717.00,325.00,0,18857
22874,458,755.00,325.00,0,18867
22998,460,791.00,325.00,0,18875
23120,460,732.00,325.00,0,18883
23240,462,608.00,325.00,0,18892
23362,462,573.00,325.00,0,18900
23484,464,640.00,324.00,0,18910
23606,466,628.00,307.00,0,18918
23730,470,635.00,341.00,0,18926
23854,474,778.00,341.00,0,18935
23978,478,791.00,325.00,0,18944
24099,482,676.00,308.00,0,18952
24221,484,613.00,341.00,0,18961
24344,486,654.00,325.00,0,18969
24466,488,680.00,325.00,0,18978
24589,490,631.00,326.00,0,18987
24712,492,568.00,325.00,0,18995
24837,494,792.00,308.00,0,19004
24962,497,792.00,309.00,0,19012
25083,498,713.00,341.00,0,19020
25204,500,557.00,325.00,0,19030
25326,501,694.00,308.00,0,19038
25448,503,655.00,325.00,0,19047
25570,506,552.00,325.00,0,19055
25693,509,593.00,325.00,0,19063
25818,512,781.00,308.00,0,19073
25942,516,789.00,324.00,0,19081
26064,520,617.00,342.00,0,19090
26185,522,623.00,308.00,0,19098
26308,524,722.00,324.00,0,19106
26430,526,645.00,308.00,0,19116
26552,528,526.00,308.00,0,19124
26676,530,642.00,325.00,0,19132
26800,533,796.00,325.00,0,19141
26925,536,792.00,308.00,0,19149
27047,538,627.00,308.00,0,19159
27168,539,669.00,325.00,0,19167
27290,540,735.00,308.00,0,19175
27412,542,625.00,308.00,0,19184
27535,544,567.00,325.00,0,19192
27657,546,664.00,325.00,0,19201
27781,550,762.00,308.00,0,19210
27905,553,737.00,308.00,0,19218
28028,556,635.00,308.00,0,19227
28149,559,687.00,307.00,0,19235
28271,561,715.00,342.00,0,19244
28394,563,470.00,325.00,0,19253
28516,565,628.00,308.00,0,19261
28639,568,698.00,325.00,0,19269
28763,570,738.00,308.00,0,19278
28888,573,665.00,308.00,0,19287
29011,575,727.00,325.00,0,19296
29132,576,712.00,325.00,0,19304
29254,577,680.00,308.00,0,19312
29376,578,567.00,341.00,0,19321
29498,580,656.00,325.00,0,19330
29620,582,669.00,325.00,0,19339
29744,585,635.00,325.00,0,19347
29868,588,704.00,325.00,0,19355
29992,592,739.00,308.00,0,19364
30113,595,664.00,308.00,0,19373
30235,598,619.00,325.00,0,19381
30357,600,640.00,325.00,0,19390
30480,602,699.00,324.00,0,19398
30602,604,662.00,325.00,0,19407
30725,607,641.00,325.00,0,19416
30850,610,766.00,324.00,0,19424
30974,612,794.00,308.00,0,19433
31096,614,687.00,325.00,0,19441
31217,614,601.00,308.00,0,19449
31340,616,683.00,325.00,0,19459
31462,618,685.00,325.00,0,19467
31584,620,608.00,325.00,0,19476
31707,622,559.00,324.00,0,19484
31832,626,773.00,308.00,0,19492
31955,629,788.00,325.00,0,19502
32077,632,613.00,308.00,0,19510
32199,634,569.00,308.00,0,19518
32322,636,714.00,308.00,0,19527
32444,638,680.00,308.00,0,19535
32566,641,591.00,324.00,0,19545
32689,644,616.00,308.00,0,19553
32814,646,789.00,325.00,0,19561
32938,649,799.00,342.00,0,19570
33060,650,621.00,308.00,0,19578
33181,652,632.00,308.00,0,19587
33304,653,729.00,309.00,0,19596
33426,654,658.00,308.00,0,19604
33548,656,529.00,325.00,0,19613
33670,660,633.00,325.00,0,19621
33794,664,777.00,308.00,0,19630
33919,666,765.00,308.00,0,19639
34041,670,659.00,341.00,0,19647
34162,672,676.00,325.00,0,19656
34285,674,730.00,307.00,0,19664
34408,676,640.00,325.00,0,19673
34530,678,591.00,325.00,0,19682
34654,680,677.00,325.00,0,19690
34776,683,754.00,308.00,0,19698
34901,686,735.00,308.00,0,19707
35023,688,670.00,325.00,0,19716
35146,690,705.00,325.00,0,19725
35267,691,713.00,311.00,0,19733
35390,692,513.00,309.00,0,19741
35513,694,643.00,325.00,0,19750
35635,697,667.00,325.00,0,19759
35758,700,670.00,308.00,0,19767
35882,703,653.00,317.00,0,19776
36005,706,700.00,325.00,0,19784
36126,708,707.00,325.00,0,19793
36248,710,678.00,341.00,0,19802
36371,712,591.00,325.00,0,19810
36495,714,684.00,325.00,0,19819
36617,717,663.00,308.00,0,19827
36740,720,624.00,322.00,0,19835
36864,722,701.00,308.00,0,19845
36988,724,755.00,325.00,0,19853
37109,726,682.00,326.00,0,19862
37231,727,632.00,314.00,0,19870
37354,728,651.00,308.00,0,19878
37476,730,696.00,325.00,0,19888
37598,733,630.00,325.00,0,19896
37721,736,483.00,324.00,0,19905
37846,740,735.00,321.00,0,19913
37969,742,764.00,310.00,0,19921
38090,745,649.00,325.00,0,19931
38212,747,541.00,308.00,0,19939
38335,749,710.00,325.00,0,19947
38458,751,728.00,325.00,0,19956
38580,753,613.00,325.00,0,19964
38703,756,566.00,325.00,0,19974
38827,758,779.00,325.00,0,19982
38951,760,780.00,326.00,0,19990
39073,762,629.00,322.00,0,19999
39195,764,610.00,325.00,0,20007
39318,766,724.00,308.00,0,20016
39440,767,683.00,308.00,0,20025
39562,770,567.00,326.00,0,20033
39684,772,623.00,325.00,0,20042
39808,775,782.00,325.00,0,20050
39933,778,766.00,317.00,0,20059
40055,780,576.00,308.00,0,20068
40176,782,640.00,325.00,0,20076
40300,784,727.00,309.00,0,20084
40422,786,662.00,325.00,0,20093
40544,788,535.00,308.00,0,20102
40667,792,686.00,341.00,0,20111
40790,794,782.00,325.00,0,20119
40914,796,746.00,307.00,0,20127
41036,798,608.00,326.00,0,20136
41159,800,704.00,325.00,0,20145
41282,801,715.00,308.00,0,20153
41404,802,624.00,307.00,0,20162
41526,804,586.00,325.00,0,20170
41648,807,670.00,325.00,0,20179
41771,810,721.00,325.00,0,20188
41896,814,706.00,325.00,0,20196
42018,816,654.00,325.00,0,20205
42141,818,679.00,308.00,0,20213
42263,820,717.00,308.00,0,20222
42386,822,527.00,326.00,0,20231
42508,824,640.00,308.00,0,20239
42630,826,680.00,325.00,0,20248
42754,828,682.00,308.00,0,20256
42878,831,656.00,325.00,0,20264
43001,834,727.00,341.00,0,20274
43122,836,700.00,325.00,0,20282
43245,838,669.00,325.00,0,20291
43368,839,599.00,308.00,0,20299
43490,841,690.00,325.00,0,20307
43613,844,662.00,325.00,0,20317
43735,846,616.00,308.00,0,20325
43859,849,687.00,308.00,0,20333
43982,852,741.00,308.00,0,20342
44104,854,669.00,341.00,0,20350
44226,856,619.00,308.00,0,20360
44349,857,677.00,325.00,0,20368
44472,860,712.00,325.00,0,20376
44594,862,657.00,325.00,0,20385
44717,865,511.00,324.00,0,20393
44841,868,753.00,325.00,0,20402
44965,870,764.00,308.00,0,20411
45086,871,650.00,308.00,0,20419
45208,872,565.00,342.00,0,20428
45332,874,728.00,308.00,0,20436
45454,876,712.00,325.00,0,20445
45576,878,590.00,325.00,0,20454
45698,882,575.00,325.00,0,20462
45822,885,768.00,325.00,0,20471
45946,888,758.00,324.00,0,20480
46068,890,587.00,325.00,0,20488
46190,892,621.00,325.00,0,20497
46313,893,746.00,342.00,0,20505
46435,894,698.00,325.00,0,20513
46558,897,553.00,308.00,0,20523
46680,900,639.00,308.00,0,20531
46804,902,772.00,325.00,0,20540
46928,905,755.00,308.00,0,20548
47050,908,586.00,325.00,0,20556
47172,910,661.00,325.00,0,20566
47296,911,764.00,325.00,0,20574
47418,912,681.00,308.00,0,20582
47540,914,599.00,324.00,0,20591
47662,917,659.00,308.00,0,20599
47786,920,746.00,325.00,0,20609
47910,922,705.00,325.00,0,20617
48032,924,589.00,308.00,0,20625
48154,926,674.00,325.00,0,20634
48276,928,724.00,309.00,0,20642
48399,930,652.00,324.00,0,20651
48521,932,622.00,341.00,0,20660
48644,935,698.00,325.00,0,20668
48767,938,711.00,309.00,0,20677
48891,940,592.00,324.00,0,20685
49014,942,666.00,324.00,0,20694
49136,943,692.00,325.00,0,20703
49258,944,686.00,325.00,0,20711
49381,946,554.00,324.00,0,20720
49504,948,671.00,308.00,0,20728
49626,951,671.00,324.00,0,20737
49748,954,654.00,341.00,0,20746
49872,956,664.00,308.00,0,20754
49996,959,717.00,325.00,0,20762
50118,960,657.00,325.00,0,20771
50240,962,631.00,308.00,0,20780
50363,964,605.00,326.00,0,20789
50485,966,679.00,325.00,0,20797
50608,968,643.00,308.00,0,20805
50730,972,614.00,308.00,0,20814
50854,974,719.00,325.00,0,20823
50978,977,766.00,341.00,0,20831
51100,980,666.00,308.00,0,20840
51222,981,616.00,325.00,0,20848
51345,982,693.00,325.00,0,20857
51468,984,724.00,324.00,0,20866
51590,986,627.00,309.00,0,20874
51712,988,503.00,325.00,0,20883
51836,990,742.00,325.00,0,20891
51960,992,757.00,315.00,0,20899
52081,995,628.00,326.00,0,20909
52204,998,566.00,324.00,0,20917
52328,1000,717.00,308.00,0,20926
52454,1002,705.00,308.00,0,20934
52579,1004,621.00,324.00,0,20943
52704,1008,557.00,325.00,0,20953
52833,1010,761.00,341.00,0,20961
52960,1012,771.00,310.00,0,20970
53086,1013,643.00,325.00,0,20979
53212,1014,538.00,308.00,0,20987
53338,1016,706.00,325.00,0,20997
53465,1018,711.00,326.00,0,21006
53591,1020,625.00,313.00,0,21014
53716,1023,487.00,308.00,0,21023
53844,1026,734.00,325.00,0,21031
53972,1028,733.00,322.00,0,21041
54098,1031,648.00,308.00,0,21050
54223,1034,617.00,322.00,0,21058
54349,1036,654.00,325.00,0,21067
54476,1038,713.00,308.00,0,21076
54602,1040,663.00,340.00,0,21085
54728,1042,625.00,358.00,0,21094
54856,1044,706.00,325.00,0,21103
54983,1046,740.00,325.00,0,21111
55109,1048,658.00,308.00,0,21121
55234,1050,614.00,325.00,0,21129
55361,1051,629.00,325.00,0,21138
55488,1053,687.00,325.00,0,21147
55614,1056,646.00,308.00,0,21155
55740,1059,612.00,308.00,0,21165
55868,1062,668.00,325.00,0,21174
55995,1065,703.00,324.00,0,21182
56120,1068,688.00,325.00,0,21191
56246,1070,664.00,325.00,0,21199
56373,1071,589.00,308.00,0,21209
56499,1072,670.00,308.00,0,21218
56625,1075,684.00,341.00,0,21226
56752,1078,668.00,342.00,0,21235
56880,1080,626.00,312.00,0,21244
57006,1082,686.00,325.00,0,21253
57132,1084,686.00,308.00,0,21262
57258,1086,685.00,325.00,0,21271
57385,1088,534.00,308.00,0,21279
57512,1090,639.00,325.00,0,21288
57638,1092,672.00,308.00,0,21297
57763,1095,682.00,308.00,0,21306
57891,1098,719.00,326.00,0,21315
58017,1100,624.00,325.00,0,21323
58143,1102,677.00,308.00,0,21332
58269,1104,720.00,325.00,0,21342
58396,1106,477.00,325.00,0,21350
58522,1108,626.00,341.00,0,21359
58648,1110,670.00,307.00,0,21368
58776,1114,710.00,308.00,0,21377
58903,1116,678.00,308.00,0,21386
59029,1118,609.00,327.00,0,21394
59155,1121,686.00,317.00,0,21403
59282,1122,734.00,326.00,0,21412
59408,1124,635.00,325.00,0,21421
59534,1126,579.00,315.00,0,21430
59660,1128,640.00,325.00,0,21439
59786,1130,722.00,308.00,0,21447
59914,1132,706.00,325.00,0,21456
60040,1135,630.00,325.00,0,21465
60166,1138,662.00,325.00,0,21474
60293,1140,741.00,325.00,0,21483
60419,1142,670.00,325.00,0,21491
60545,1146,539.00,308.00,0,21500
60672,1148,647.00,325.00,0,21510
60799,1150,757.00,310.00,0,21518
60926,1152,726.00,309.00,0,21527
61052,1154,571.00,325.00,0,21536
61178,1155,618.00,308.00,0,21544
61304,1156,740.00,308.00,0,21554
61432,1158,676.00,308.00,0,21562
61558,1161,540.00,325.00,0,21571
61683,1164,603.00,325.00,0,21580
61810,1167,764.00,341.00,0,21588
61938,1170,752.00,342.00,0,21598
62064,1172,574.00,325.00,0,21607
62190,1175,615.00,325.00,0,21615
62316,1176,732.00,308.00,0,21624
62442,1178,696.00,324.00,0,21633
62568,1180,574.00,308.00,0,21642
62694,1184,572.00,308.00,0,21651
62822,1186,749.00,325.00,0,21659
62950,1188,750.00,308.00,0,21668
63076,1190,592.00,321.00,0,21678
63202,1192,571.00,308.00,0,21686
63328,1194,722.00,309.00,0,21695
63454,1196,721.00,326.00,0,21704
63580,1198,625.00,342.00,0,21712
63706,1202,548.00,325.00,0,21722
63834,1204,743.00,325.00,0,21730
63961,1207,749.00,308.00,0,21739
64086,1209,610.00,324.00,0,21748
64212,1210,533.00,324.00,0,21756
64340,1212,687.00,325.00,0,21766
64466,1214,702.00,309.00,0,21775
64592,1216,604.00,307.00,0,21783
64717,1220,464.00,308.00,0,21792
64846,1222,697.00,325.00,0,21801
64974,1224,729.00,308.00,0,21810
65098,1226,658.00,325.00,0,21819
65224,1228,618.00,325.00,0,21827
65350,1230,667.00,325.00,0,21836
65478,1232,720.00,342.00,0,21846
65604,1235,654.00,342.00,0,21854
65729,1237,606.00,325.00,0,21863
65857,1240,684.00,308.00,0,21872
65984,1242,697.00,308.00,0,21880
66109,1244,652.00,326.00,0,21890
66235,1246,608.00,308.00,0,21898
66362,1249,611.00,324.00,0,21907
66489,1252,690.00,325.00,0,21916
66615,1254,660.00,325.00,0,21924
66742,1256,609.00,325.00,0,21934
66870,1258,653.00,325.00,0,21943
66996,1260,699.00,325.00,0,21951
67121,1262,674.00,308.00,0,21960
67247,1264,667.00,308.00,0,21969
67374,1266,596.00,320.00,0,21978
67500,1268,682.00,342.00,0,21987
67626,1271,683.00,341.00,0,21995
67752,1273,651.00,325.00,0,22004
67880,1276,591.00,307.00,0,22013
68007,1278,646.00,312.00,0,22022
68132,1280,655.00,308.00,0,22031
68259,1283,689.00,308.00,0,22040
68386,1286,531.00,324.00,0,22048
68512,1288,641.00,325.00,0,22057
68638,1291,664.00,325.00,0,22066
68765,1293,683.00,308.00,0,22075
68892,1295,550.00,308.00,0,22084
69018,1296,624.00,325.00,0,22092
69144,1298,683.00,308.00,0,22102
69271,1300,720.00,325.00,0,22111
69397,1302,646.00,308.00,0,22119
69524,1305,609.00,325.00,0,22128
69650,1308,656.00,308.00,0,22137
69776,1311,718.00,325.00,0,22146
69904,1314,685.00,325.00,0,22155
70030,1316,562.00,325.00,0,22163
70156,1318,659.00,308.00,0,22172
70282,1318,710.00,308.00,0,22181
70409,1320,636.00,325.00,0,22190
70535,1322,605.00,317.00,0,22199
70661,1325,640.00,308.00,0,22208
70788,1328,721.00,308.00,0,22216
70916,1332,715.00,325.00,0,22225
71041,1334,630.00,326.00,0,22235
71167,1336,670.00,341.00,0,22243
71294,1338,752.00,308.00,0,22252
71421,1339,668.00,308.00,0,22260
71546,1340,540.00,325.00,0,22269
71672,1342,607.00,325.00,0,22279
71799,1344,726.00,325.00,0,22287
71927,1347,698.00,312.00,0,22296
72052,1350,514.00,325.00,0,22305
72179,1352,612.00,308.00,0,22313
72306,1356,733.00,325.00,0,22323
72432,1358,682.00,325.00,0,22331
72558,1361,566.00,314.00,0,22340
72684,1363,608.00,325.00,0,22349
72811,1365,750.00,325.00,0,22358
72939,1367,722.00,325.00,0,22367
73064,1368,566.00,325.00,0,22376
73190,1370,601.00,325.00,0,22384
73317,1372,721.00,308.00,0,22393
73444,1374,684.00,308.00,0,22403
73570,1377,572.00,325.00,0,22411
73696,1380,546.00,325.00,0,22420
73823,1383,732.00,326.00,0,22428
73950,1386,729.00,308.00,0,22437
74076,1388,581.00,325.00,0,22447
74202,1390,567.00,308.00,0,22455
74329,1392,710.00,326.00,0,22464
74455,1394,692.00,324.00,0,22473
74582,1396,605.00,325.00,0,22481
74708,1399,518.00,325.00,0,22491
74835,1402,726.00,341.00,0,22499
74962,1404,718.00,309.00,0,22508
75088,1406,623.00,325.00,0,22517
75214,1408,642.00,325.00,0,22525
75341,1410,669.00,308.00,0,22535
75468,1413,712.00,325.00,0,22544
75594,1415,628.00,324.00,0,22552
75719,1418,458.00,308.00,0,22561
75847,1420,690.00,313.00,0,22571
75974,1422,705.00,308.00,0,22579
76099,1424,612.00,325.00,0,22588
76225,1426,595.00,309.00,0,22596
76352,1428,644.00,325.00,0,22605
76478,1430,697.00,326.00,0,22615
76605,1434,648.00,341.00,0,22623
76730,1436,597.00,341.00,0,22632
76858,1439,671.00,308.00,0,22641
76986,1442,692.00,307.00,0,22649
77112,1443,655.00,325.00,0,22659
77238,1444,608.00,324.00,0,22668
77364,1446,596.00,307.00,0,22676
77490,1448,683.00,309.00,0,22685
77616,1450,633.00,308.00,0,22693
77742,1452,585.00,325.00,0,22703
77870,1456,624.00,309.00,0,22712
77996,1459,681.00,325.00,0,22720
78122,1462,663.00,307.00,0,22729
78248,1464,651.00,325.00,0,22738
78375,1466,578.00,325.00,0,22747
78502,1468,661.00,335.00,0,22756
78628,1470,674.00,325.00,0,22764
78754,1471,633.00,325.00,0,22773
78881,1474,573.00,309.00,0,22782
79008,1476,628.00,324.00,0,22791
79134,1479,665.00,325.00,0,22800
79261,1482,688.00,309.00,0,22809
79388,1484,509.00,308.00,0,22817
79514,1486,636.00,308.00,0,22827
79640,1488,656.00,308.00,0,22836
79766,1490,651.00,308.00,0,22844
79892,1492,655.00,326.00,0,22853
80020,1494,591.00,308.00,0,22861
80146,1496,660.00,325.00,0,22871
80272,1499,708.00,325.00,0,22880
80399,1502,635.00,324.00,0,22888
80525,1505,591.00,308.00,0,22897
80651,1508,656.00,325.00,0,22906
80778,1510,688.00,322.00,0,22915
80906,1512,656.00,308.00,0,22924
81031,1514,543.00,325.00,0,22933
81158,1516,646.00,307.00,0,22941
81284,1518,722.00,325.00,0,22950
81411,1520,640.00,309.00,0,22959
81536,1522,651.00,308.00,0,22968
81662,1524,633.00,325.00,0,22977
81789,1527,715.00,325.00,0,22985
81916,1530,698.00,342.00,0,22994
82042,1532,607.00,342.00,0,23004
82168,1536,647.00,324.00,0,23012
82295,1538,734.00,325.00,0,23021
82422,1540,649.00,325.00,0,23029
82548,1542,520.00,308.00,0,23038
82674,1544,601.00,325.00,0,23048
82802,1546,702.00,308.00,0,23056
82928,1548,680.00,308.00,0,23065
83054,1550,532.00,324.00,0,23074
83180,1553,607.00,308.00,0,23083
83308,1556,725.00,308.00,0,23092
83434,1558,693.00,308.00,0,23101
83560,1561,541.00,325.00,0,23109
83685,1563,589.00,309.00,0,23118
83813,1565,734.00,325.00,0,23127
83940,1566,714.00,325.00,0,23136
84065,1568,538.00,325.00,0,23145
84192,1570,581.00,325.00,0,23153
84318,1573,711.00,325.00,0,23162
84446,1576,676.00,309.00,0,23172
84572,1578,555.00,308.00,0,23180
84698,1581,533.00,325.00,0,23189
84825,1584,725.00,325.00,0,23197
84952,1586,714.00,308.00,0,23206
85078,1588,571.00,308.00,0,23216
85204,1590,545.00,308.00,0,23224
85330,1592,697.00,325.00,0,23233
85457,1594,694.00,325.00,0,23242
85582,1596,600.00,324.00,0,23250
85708,1599,503.00,335.00,0,23260
85836,1602,715.00,308.00,0,23269
85964,1604,700.00,308.00,0,23277
86089,1606,581.00,308.00,0,23286
86215,1608,489.00,308.00,0,23294
86341,1610,653.00,308.00,0,23304
86468,1612,673.00,308.00,0,23313
86594,1615,600.00,308.00,0,23321
86720,1618,618.00,308.00,0,23330
86848,1621,675.00,308.00,0,23340
86974,1624,705.00,325.00,0,23348
87100,1626,634.00,307.00,0,23357
87226,1628,587.00,325.00,0,23366
87354,1630,646.00,342.00,0,23374
87480,1632,696.00,342.00,0,23384
87606,1634,632.00,341.00,0,23392
87732,1636,568.00,325.00,0,23401
87860,1638,635.00,308.00,0,23410
87986,1641,667.00,308.00,0,23418
88112,1643,622.00,325.00,0,23428
88238,1645,600.00,324.00,0,23437
88364,1648,571.00,308.00,0,23445
88492,1650,667.00,325.00,0,23454
88618,1653,638.00,314.00,0,23462
88744,1656,589.00,308.00,0,23472
88871,1658,604.00,325.00,0,23481
88997,1659,659.00,325.00,0,23489
89122,1660,634.00,325.00,0,23498
89250,1662,632.00,308.00,0,23507
89376,1664,552.00,325.00,0,23516
89503,1666,641.00,325.00,0,23525
89629,1670,641.00,308.00,0,23534
89755,1674,609.00,309.00,0,23542
89881,1676,546.00,308.00,0,23552
90008,1679,631.00,325.00,0,23560
90133,1681,631.00,325.00,0,23569
90260,1682,668.00,313.00,0,23578
90386,1684,481.00,307.00,0,23586
90512,1686,604.00,308.00,0,23596
90638,1689,644.00,308.00,0,23605
90764,1692,656.00,308.00,0,23613
90892,1696,658.00,325.00,0,23622
91018,1698,604.00,341.00,0,23631
91144,1701,678.00,341.00,0,23640
91271,1702,708.00,308.00,0,23649
91398,1704,638.00,324.00,0,23657
91524,1706,569.00,325.00,0,23666
91650,1708,612.00,325.00,0,23675
91776,1712,675.00,325.00,0,23684
91904,1714,642.00,308.00,0,23693
92030,1718,534.00,324.00,0,23702
92156,1720,624.00,308.00,0,23710
92284,1721,705.00,309.00,0,23719
92410,1722,612.00,325.00,0,23728
92534,1724,550.00,308.00,0,23737
92660,1726,609.00,325.00,0,23746
92788,1729,683.00,308.00,0,23754
92916,1732,664.00,325.00,0,23763
93042,1736,553.00,308.00,0,23773
93168,1738,626.00,325.00,0,23781
93295,1741,721.00,325.00,0,23790
93422,1743,644.00,325.00,0,23799
93548,1744,514.00,325.00,0,23808
93672,1746,579.00,325.00,0,23817
93800,1748,692.00,324.00,0,23825
93928,1750,651.00,309.00,0,23834
94053,1752,493.00,308.00,0,23843
94180,1756,587.00,325.00,0,23852
94306,1758,711.00,308.00,0,23861
94432,1762,662.00,307.00,0,23870
94558,1764,514.00,325.00,0,23878
94684,1767,574.00,325.00,0,23887
94812,1769,715.00,325.00,0,23896
94939,1770,680.00,308.00,0,23905
95064,1772,534.00,324.00,0,23914
95190,1774,565.00,308.00,0,23922
95318,1777,672.00,308.00,0,23931
95444,1780,675.00,325.00,0,23941
95570,1782,545.00,325.00,0,23949
95696,1786,520.00,325.00,0,23958
95824,1788,698.00,325.00,0,23967
95951,1791,696.00,307.00,0,23975
96076,1793,537.00,308.00,0,23985
96202,1795,515.00,325.00,0,23993
96329,1798,676.00,325.00,0,24002
96456,1800,681.00,325.00,0,24011
96581,1803,587.00,341.00,0,24019
96707,1806,491.00,342.00,0,24029
96835,1808,672.00,325.00,0,24038
96962,1811,685.00,308.00,0,24046
97088,1814,578.00,325.00,0,24055
97214,1816,597.00,308.00,0,24065
97341,1818,644.00,308.00,0,24073
97468,1821,665.00,308.00,0,24082
97594,1823,580.00,325.00,0,24090
97719,1826,405.00,325.00,0,24099
97847,1828,657.00,308.00,0,24109
97973,1830,683.00,308.00,0,24117
98098,1834,588.00,325.00,0,24126
98225,1836,585.00,325.00,0,24135
98352,1838,619.00,341.00,0,24143
98479,1840,659.00,308.00,0,24153
98604,1842,613.00,325.00,0,24161
98730,1845,544.00,325.00,0,24170
98858,1848,608.00,308.00,0,24179
98986,1850,644.00,308.00,0,24187
99111,1852,614.00,325.00,0,24197
99237,1855,578.00,325.00,0,24206
99364,1856,575.00,308.00,0,24214
99490,1858,644.00,325.00,0,24223
99616,1860,600.00,325.00,0,24232
99742,1862,540.00,324.00,0,24241
99869,1864,575.00,308.00,0,24250
99996,1867,642.00,325.00,0,24258
100122,1870,629.00,325.00,0,24267
100252,1874,632.00,325.00,0,24276
100383,1876,474.00,325.00,0,24286
100513,1878,592.00,308.00,0,24295
100642,1880,625.00,342.00,0,24304
100772,1882,649.00,325.00,0,24313
100904,1884,614.00,325.00,0,24323
101034,1886,506.00,325.00,0,24332
101164,1890,613.00,342.00,0,24340
101294,1892,703.00,308.00,0,24349
101425,1895,633.00,308.00,0,24358
101554,1897,497.00,325.00,0,24368
101683,1898,541.00,308.00,0,24377
101814,1900,669.00,325.00,0,24386
101946,1902,641.00,325.00,0,24395
102075,1904,523.00,324.00,0,24404
102204,1906,496.00,325.00,0,24413
102335,1909,648.00,325.00,0,24422
102465,1912,635.00,308.00,0,24431
102596,1914,576.00,310.00,0,24440
102724,1916,534.00,307.00,0,24450
102856,1918,593.00,308.00,0,24459
102987,1920,627.00,325.00,0,24468
103116,1923,589.00,323.00,0,24477
103246,1926,609.00,308.00,0,24486
103377,1928,515.00,325.00,0,24495
103507,1931,592.00,326.00,0,24504
103636,1933,603.00,325.00,0,24513
103766,1935,621.00,316.00,0,24522
103898,1937,606.00,325.00,0,24531
104027,1938,495.00,309.00,0,24541
104158,1941,593.00,308.00,0,24550
104288,1944,671.00,341.00,0,24559
104418,1946,589.00,308.00,0,24568
104548,1948,486.00,326.00,0,24577
104678,1952,536.00,308.00,0,24586
104808,1954,675.00,308.00,0,24595
104940,1956,650.00,316.00,0,24604
105069,1958,487.00,308.00,0,24613
105175,1960,826.00,358.00,0,24623
105188,1962,826.00,425.00,0,24632
105108,1962,826.00,493.00,0,24641
104992,1962,807.00,492.00,0,24650
104866,1961,811.00,509.00,0,24658
104735,1960,752.00,509.00,0,24668
104603,1960,667.00,509.00,0,24677
104472,1960,694.00,509.00,0,24686
104343,1960,773.00,493.00,0,24695
104215,1958,806.00,509.00,0,24705
104087,1957,783.00,492.00,0,24714
103956,1956,762.00,492.00,0,24723
103825,1954,776.00,509.00,0,24732
103695,1952,789.00,476.00,0,24740
103567,1950,799.00,509.00,0,24750
103437,1948,783.00,492.00,0,24759
103307,1946,787.00,509.00,0,24768
103181,1945,811.00,509.00,0,24777
103053,1944,794.00,493.00,0,24786
102925,1942,801.00,492.00,0,24796
102799,1940,815.00,492.00,0,24805
102674,1938,822.00,475.00,0,24814
102547,1936,826.00,493.00,0,24822
102419,1934,822.00,492.00,0,24832
102288,1930,817.00,493.00,0,24841
102159,1928,826.00,503.00,0,24850
102027,1925,820.00,493.00,0,24859
101893,1923,816.00,509.00,0,24868
101759,1920,797.00,493.00,0,24878
101627,1918,796.00,493.00,0,24887
101493,1916,797.00,493.00,0,24896
101359,1912,792.00,509.00,0,24904
101229,1909,798.00,492.00,0,24913
101099,1906,789.00,493.00,0,24923
100969,1902,791.00,492.00,0,24932
100839,1900,810.00,510.00,0,24941
100711,1899,806.00,509.00,0,24950
100583,1897,808.00,509.00,0,24960
100453,1894,797.00,492.00,0,24969
100323,1892,794.00,509.00,0,24977
100195,1888,826.00,475.00,0,24986
100067,1884,808.00,493.00,0,24995
99935,1882,798.00,492.00,0,25005
99808,1880,803.00,509.00,0,25014
99683,1879,815.00,509.00,0,25022
99558,1878,819.00,492.00,0,25031
99431,1876,804.00,509.00,0,25039
99305,1873,802.00,509.00,0,25049
99180,1870,826.00,510.00,0,25058
99055,1866,817.00,492.00,0,25066
98928,1862,805.00,492.00,0,25075
98801,1858,806.00,493.00,0,25084
98676,1857,810.00,475.00,0,25093
98549,1856,826.00,493.00,0,25102
98422,1854,808.00,508.00,0,25110
98297,1852,815.00,492.00,0,25119
98173,1849,826.00,492.00,0,25128
98049,1845,826.00,492.00,0,25137
97921,1841,816.00,493.00,0,25146
97792,1838,804.00,510.00,0,25155
97665,1834,809.00,509.00,0,25163
97535,1833,824.00,509.00,0,25172
97406,1832,789.00,476.00,0,25182
97277,1830,796.00,508.00,0,25190
97152,1828,812.00,505.00,0,25199
97027,1826,817.00,492.00,0,25207
96901,1822,814.00,492.00,0,25217
96775,1818,807.00,509.00,0,25226
96650,1814,812.00,493.00,0,25234
96523,1812,826.00,509.00,0,25243
96395,1809,797.00,509.00,0,25252
96266,1808,795.00,509.00,0,25261
96141,1806,804.00,509.00,0,25270
96014,1804,799.00,492.00,0,25278
95887,1800,811.00,508.00,0,25287
95761,1797,798.00,493.00,0,25296
95637,1794,801.00,509.00,0,25305
95510,1791,813.00,509.00,0,25314
95381,1789,808.00,492.00,0,25323
95254,1788,801.00,493.00,0,25331
95129,1786,806.00,493.00,0,25340
95004,1783,806.00,493.00,0,25350
94877,1780,826.00,509.00,0,25358
94752,1776,805.00,509.00,0,25367
94627,1773,812.00,493.00,0,25375
94501,1770,824.00,509.00,0,25384
94373,1769,812.00,492.00,0,25394
94246,1768,809.00,493.00,0,25402
94121,1766,806.00,494.00,0,25411
93995,1763,804.00,493.00,0,25420
93867,1760,824.00,509.00,0,25428
93741,1756,800.00,493.00,0,25438
93615,1753,804.00,492.00,0,25447
93487,1750,805.00,493.00,0,25455
93359,1749,800.00,493.00,0,25464
93231,1748,807.00,493.00,0,25473
93107,1746,809.00,492.00,0,25482
92981,1744,807.00,509.00,0,25491
92855,1741,826.00,509.00,0,25499
92730,1738,812.00,492.00,0,25508
92605,1734,815.00,509.00,0,25518
92479,1731,809.00,509.00,0,25526
92350,1729,799.00,493.00,0,25535
92223,1728,814.00,492.00,0,25543
92097,1726,807.00,509.00,0,25552
91971,1724,800.00,509.00,0,25562
91843,1722,813.00,493.00,0,25570
91718,1718,812.00,492.00,0,25579
91593,1715,805.00,493.00,0,25588
91465,1712,809.00,509.00,0,25596
91337,1709,800.00,509.00,0,25606
91211,1707,821.00,493.00,0,25615
91085,1706,799.00,492.00,0,25623
90957,1704,802.00,509.00,0,25632
90831,1701,809.00,493.00,0,25640
90705,1698,817.00,509.00,0,25650
90580,1695,811.00,510.00,0,25659
90453,1692,798.00,492.00,0,25667
90325,1690,799.00,509.00,0,25676
90199,1688,826.00,493.00,0,25686
90073,1686,801.00,492.00,0,25694
89945,1684,798.00,493.00,0,25703
89819,1682,806.00,492.00,0,25712
89695,1680,822.00,492.00,0,25720
89570,1678,822.00,492.00,0,25730
89444,1674,810.00,509.00,0,25738
89316,1671,805.00,492.00,0,25747
89190,1668,826.00,509.00,0,25756
89064,1666,811.00,509.00,0,25764
88937,1664,806.00,509.00,0,25774
88809,1663,810.00,493.00,0,25783
88685,1662,818.00,492.00,0,25791
88559,1660,826.00,509.00,0,25800
88433,1658,807.00,493.00,0,25808
88305,1656,804.00,509.00,0,25818
88181,1652,826.00,492.00,0,25827
88055,1648,812.00,493.00,0,25835
87927,1645,808.00,507.00,0,25844
87799,1643,806.00,493.00,0,25853
87673,1642,814.00,492.00,0,25862
87547,1640,825.00,492.00,0,25871
87419,1640,801.00,509.00,0,25880
87291,1638,803.00,492.00,0,25888
87167,1636,826.00,510.00,0,25897
87043,1633,826.00,509.00,0,25906
86918,1630,822.00,509.00,0,25915
86793,1626,821.00,492.00,0,25924
86668,1623,824.00,509.00,0,25932
86542,1620,826.00,509.00,0,25942
86413,1618,809.00,509.00,0,25951
86284,1617,799.00,509.00,0,25959
86156,1615,814.00,509.00,0,25968
86029,1614,816.00,493.00,0,25976
85901,1611,816.00,491.00,0,25986
85776,1609,811.00,510.00,0,25995
85653,1606,820.00,477.00,0,26003
85527,1603,826.00,509.00,0,26012
85399,1600,816.00,509.00,0,26021
85271,1597,807.00,509.00,0,26030
85145,1594,816.00,493.00,0,26039
85019,1593,818.00,492.00,0,26048
84891,1592,819.00,492.00,0,26056
84765,1590,807.00,509.00,0,26065
84641,1589,816.00,493.00,0,26074
84515,1587,825.00,493.00,0,26083
84387,1584,808.00,492.00,0,26092
84261,1580,808.00,491.00,0,26100
84135,1577,809.00,475.00,0,26109
84007,1574,811.00,493.00,0,26119
83878,1571,821.00,509.00,0,26127
83751,1570,807.00,509.00,0,26136
83625,1568,806.00,493.00,0,26145
83498,1568,813.00,492.00,0,26153
83370,1566,809.00,509.00,0,26163
83245,1564,810.00,492.00,0,26171
83121,1560,820.00,509.00,0,26180
82998,1556,817.00,493.00,0,26189
82873,1553,826.00,493.00,0,26198
82747,1551,819.00,492.00,0,26207
82624,1550,825.00,509.00,0,26216
82497,1550,825.00,491.00,0,26224
82373,1548,826.00,509.00,0,26233
82249,1547,826.00,492.00,0,26242
82125,1544,826.00,509.00,0,26251
82000,1541,826.00,492.00,0,26260
81873,1537,826.00,493.00,0,26268
81745,1533,825.00,509.00,0,26277
81620,1530,826.00,509.00,0,26287
81493,1528,825.00,509.00,0,26295
81363,1528,822.00,492.00,0,26304
81236,1526,826.00,509.00,0,26313
81109,1526,823.00,509.00,0,26321
80982,1524,821.00,509.00,0,26331
80855,1521,826.00,492.00,0,26339
80729,1518,825.00,493.00,0,26348
80605,1515,826.00,509.00,0,26357
80477,1512,826.00,509.00,0,26365
80347,1508,817.00,493.00,0,26375
80219,1506,826.00,493.00,0,26384
80091,1504,808.00,492.00,0,26392
79963,1503,810.00,509.00,0,26401
79835,1502,821.00,509.00,0,26409
79709,1500,820.00,493.00,0,26419
79585,1497,824.00,493.00,0,26428
79459,1494,822.00,493.00,0,26436
79331,1491,812.00,492.00,0,26445
79206,1488,826.00,492.00,0,26455
79081,1486,820.00,510.00,0,26463
78955,1484,822.00,509.00,0,26472
78829,1482,827.00,492.00,0,26481
78705,1481,825.00,492.00,0,26489
78582,1480,826.00,509.00,0,26499
78458,1478,826.00,506.00,0,26507
78331,1476,826.00,492.00,0,26516
78206,1473,826.00,493.00,0,26525
78079,1470,826.00,509.00,0,26533
77951,1466,823.00,493.00,0,26543
77823,1464,825.00,492.00,0,26552
77695,1462,826.00,492.00,0,26560
77567,1460,826.00,492.00,0,26569
77437,1459,813.00,509.00,0,26578
77307,1458,804.00,492.00,0,26587
77181,1456,826.00,493.00,0,26596
77059,1454,826.00,492.00,0,26604
76941,1452,826.00,492.00,0,26613
76823,1448,826.00,485.00,0,26622
76701,1446,825.00,476.00,0,26631
76580,1444,826.00,493.00,0,26640
76453,1442,826.00,492.00,0,26649
76323,1439,826.00,509.00,0,26657
76193,1436,826.00,505.00,0,26667
76061,1435,825.00,492.00,0,26675
75929,1433,815.00,509.00,0,26684
75796,1432,810.00,492.00,0,26693
75667,1430,808.00,493.00,0,26701
75537,1428,827.00,492.00,0,26711
75407,1425,796.00,509.00,0,26720
75279,1422,791.00,475.00,0,26728
75153,1418,816.00,509.00,0,26737
75027,1415,825.00,509.00,0,26746
74902,1412,823.00,509.00,0,26755
74777,1412,819.00,492.00,0,26764
74655,1410,822.00,476.00,0,26772
74531,1410,826.00,492.00,0,26781
74406,1408,824.00,475.00,0,26790
74280,1406,821.00,475.00,0,26799
74155,1403,826.00,493.00,0,26808
74029,1400,826.00,476.00,0,26817
73902,1396,825.00,508.00,0,26825
73774,1393,820.00,509.00,0,26834
73647,1390,819.00,493.00,0,26844
73519,1388,826.00,509.00,0,26852
73388,1386,809.00,492.00,0,26861
73259,1385,803.00,493.00,0,26869
73133,1384,814.00,493.00,0,26878
73007,1382,816.00,492.00,0,26888
72881,1380,826.00,492.00,0,26896
72757,1378,822.00,493.00,0,26905
72636,1376,825.00,509.00,0,26914
72512,1375,825.00,509.00,0,26923
72386,1373,826.00,493.00,0,26932
72260,1370,826.00,508.00,0,26940
72135,1366,826.00,492.00,0,26949
72009,1363,826.00,493.00,0,26958
71889,1360,825.00,492.00,0,26967
71775,1358,826.00,509.00,0,26976
71653,1356,826.00,493.00,0,26985
71523,1356,825.00,509.00,0,26993
71389,1356,826.00,492.00,0,27002
71257,1354,826.00,505.00,0,27012
71125,1352,824.00,508.00,0,27020
70994,1348,819.00,509.00,0,27029
70863,1344,826.00,493.00,0,27037
70734,1341,807.00,492.00,0,27046
70605,1338,807.00,493.00,0,27056
70475,1336,798.00,493.00,0,27064
70346,1334,795.00,509.00,0,27073
70217,1334,811.00,476.00,0,27082
70091,1333,791.00,459.00,0,27090
69966,1331,803.00,475.00,0,27100
69841,1329,822.00,493.00,0,27108
69719,1326,822.00,509.00,0,27117
69597,1324,826.00,508.00,0,27126
69473,1320,827.00,508.00,0,27134
69347,1316,823.00,492.00,0,27144
69222,1314,826.00,493.00,0,27153
69096,1312,824.00,509.00,0,27161
68969,1310,818.00,493.00,0,27170
68841,1310,826.00,493.00,0,27180
68715,1310,825.00,492.00,0,27188
68589,1308,826.00,510.00,0,27197
68461,1306,822.00,492.00,0,27205
68333,1303,819.00,492.00,0,27214
68206,1300,826.00,509.00,0,27224
68079,1296,814.00,509.00,0,27232
67950,1292,803.00,509.00,0,27241
67821,1290,810.00,493.00,0,27250
67695,1288,818.00,491.00,0,27258
67569,1288,822.00,493.00,0,27268
67441,1287,813.00,509.00,0,27277
67313,1286,805.00,501.00,0,27285
67189,1284,826.00,493.00,0,27294
67065,1281,823.00,493.00,0,27302
66941,1278,824.00,491.00,0,27312
66817,1276,826.00,493.00,0,27321
66693,1272,825.00,493.00,0,27329
66569,1270,826.00,509.00,0,27338
66443,1268,826.00,493.00,0,27347
66313,1266,822.00,509.00,0,27356
66185,1264,826.00,509.00,0,27365
66057,1262,817.00,509.00,0,27373
65927,1260,806.00,509.00,0,27382
65800,1258,807.00,492.00,0,27392
65674,1256,817.00,492.00,0,27400
65548,1254,826.00,509.00,0,27409
65420,1252,810.00,503.00,0,27418
65293,1250,811.00,509.00,0,27426
65167,1246,826.00,509.00,0,27436
65042,1244,819.00,494.00,0,27445
64916,1240,822.00,509.00,0,27453
64790,1239,817.00,493.00,0,27462
64667,1238,826.00,509.00,0,27470
64541,1238,826.00,492.00,0,27480
64414,1236,817.00,508.00,0,27489
64287,1234,815.00,493.00,0,27497
64161,1231,826.00,509.00,0,27506
64035,1228,826.00,508.00,0,27515
63907,1224,819.00,509.00,0,27524
63780,1221,815.00,476.00,0,27533
63654,1220,821.00,492.00,0,27541
63527,1218,825.00,509.00,0,27550
63397,1216,811.00,509.00,0,27559
63269,1215,803.00,493.00,0,27568
63144,1212,820.00,509.00,0,27577
63018,1210,820.00,493.00,0,27586
62892,1208,826.00,509.00,0,27594
62767,1205,822.00,493.00,0,27603
62644,1204,827.00,493.00,0,27613
62519,1203,825.00,492.00,0,27621
62393,1202,822.00,493.00,0,27630
62266,1200,824.00,509.00,0,27638
62141,1198,826.00,492.00,0,27648
62015,1196,826.00,510.00,0,27657
61888,1192,826.00,493.00,0,27665
61761,1188,825.00,493.00,0,27674
61637,1186,823.00,492.00,0,27683
61509,1184,826.00,476.00,0,27692
61379,1182,822.00,509.00,0,27701
61249,1180,813.00,492.00,0,27710
61123,1180,812.00,493.00,0,27718
60995,1178,815.00,493.00,0,27727
60869,1176,826.00,509.00,0,27736
60745,1175,823.00,506.00,0,27745
60623,1174,826.00,509.00,0,27754
60498,1172,825.00,507.00,0,27762
60372,1170,826.00,493.00,0,27771
60246,1166,826.00,509.00,0,27781
60121,1162,826.00,505.00,0,27789
59993,1158,824.00,493.00,0,27798
59865,1154,826.00,509.00,0,27806
59737,1152,824.00,508.00,0,27815
59610,1151,820.00,492.00,0,27825
59481,1151,824.00,509.00,0,27833
59351,1150,815.00,509.00,0,27842
59223,1148,823.00,493.00,0,27851
59098,1146,816.00,509.00,0,27859
58972,1142,814.00,493.00,0,27869
58847,1138,826.00,509.00,0,27878
58722,1134,825.00,509.00,0,27886
58599,1132,826.00,493.00,0,27895
58472,1131,822.00,509.00,0,27904
58343,1130,819.00,509.00,0,27913
58217,1130,825.00,492.00,0,27922
58090,1128,824.00,508.00,0,27930
57963,1125,817.00,509.00,0,27939
57835,1122,826.00,493.00,0,27949
57710,1120,823.00,492.00,0,27957
57585,1118,826.00,492.00,0,27966
57459,1115,826.00,510.00,0,27975
57331,1113,816.00,509.00,0,27983
57204,1110,826.00,509.00,0,27993
57077,1108,818.00,509.00,0,28001
56951,1105,815.00,493.00,0,28010
56825,1104,826.00,509.00,0,28019
56701,1102,825.00,492.00,0,28027
56577,1102,826.00,509.00,0,28037
56453,1101,826.00,493.00,0,28046
56327,1100,826.00,491.00,0,28054
56203,1097,826.00,492.00,0,28063
56079,1094,826.00,493.00,0,28071
55953,1090,825.00,509.00,0,28081
55827,1088,826.00,493.00,0,28090
55700,1085,826.00,510.00,0,28098
55573,1083,826.00,492.00,0,28107
55443,1081,822.00,493.00,0,28116
55313,1080,816.00,509.00,0,28125
55183,1078,826.00,509.00,0,28134
55055,1075,812.00,493.00,0,28143
54926,1073,809.00,492.00,0,28151
54799,1072,824.00,509.00,0,28161
54675,1070,823.00,476.00,0,28169
54551,1069,826.00,493.00,0,28178
54424,1068,823.00,493.00,0,28187
54297,1065,821.00,509.00,0,28195
54172,1062,826.00,492.00,0,28205
54045,1059,822.00,493.00,0,28214
53918,1056,820.00,492.00,0,28222
53792,1054,824.00,509.00,0,28231
53667,1052,826.00,509.00,0,28239
53541,1051,826.00,493.00,0,28249
53413,1050,820.00,509.00,0,28258
53285,1048,815.00,509.00,0,28266
53159,1046,826.00,509.00,0,28275
53034,1043,822.00,493.00,0,28284
52908,1040,826.00,505.00,0,28293
52783,1038,825.00,493.00,0,28302
52660,1036,826.00,509.00,0,28311
52535,1036,825.00,509.00,0,28319
52409,1034,826.00,493.00,0,28328
52283,1032,826.00,493.00,0,28337
52157,1030,825.00,492.00,0,28346
52029,1028,826.00,476.00,0,28355
51901,1024,825.00,509.00,0,28363
51775,1021,826.00,508.00,0,28372
51649,1018,825.00,509.00,0,28382
51521,1017,826.00,500.00,0,28390
51391,1016,819.00,509.00,0,28399
51262,1014,814.00,509.00,0,28408
51136,1013,819.00,492.00,0,28417
51009,1012,819.00,476.00,0,28426
50882,1010,826.00,509.00,0,28434
50758,1008,824.00,492.00,0,28443
50637,1006,826.00,476.00,0,28452
50513,1004,825.00,493.00,0,28461
50387,1002,826.00,509.00,0,28470
50261,998,826.00,493.00,0,28478
50139,994,826.00,493.00,0,28487
50014,991,826.00,492.00,0,28495
49889,988,826.00,509.00,0,28504
49764,986,822.00,492.00,0,28513
49641,986,825.00,493.00,0,28521
49517,986,826.00,509.00,0,28530
49391,984,813.00,493.00,0,28538
49265,982,806.00,493.00,0,28547
49144,980,821.00,493.00,0,28556
49021,976,821.00,493.00,0,28564
48899,972,826.00,493.00,0,28572
48777,969,821.00,492.00,0,28581
48658,966,826.00,509.00,0,28590
48537,966,825.00,493.00,0,28599
48413,964,821.00,498.00,0,28607
48289,964,813.00,492.00,0,28615
48166,962,826.00,507.00,0,28624
48042,960,823.00,509.00,0,28633
47917,958,816.00,509.00,0,28642
47795,955,817.00,506.00,0,28650
47675,953,824.00,492.00,0,28658
47554,952,826.00,509.00,0,28667
47430,950,819.00,492.00,0,28676
47305,948,814.00,509.00,0,28684
47183,946,826.00,503.00,0,28693
47061,942,823.00,492.00,0,28701
46939,939,822.00,493.00,0,28710
46816,936,826.00,491.00,0,28719
46695,934,826.00,491.00,0,28727
46575,934,826.00,493.00,0,28736
46451,934,826.00,493.00,0,28744
46327,932,821.00,493.00,0,28752
46203,930,826.00,509.00,0,28762
46081,928,821.00,510.00,0,28770
45957,925,820.00,509.00,0,28779
45833,922,825.00,493.00,0,28787
45711,920,825.00,509.00,0,28795
45590,918,822.00,492.00,0,28805
45467,916,826.00,476.00,0,28813
45341,915,817.00,492.00,0,28821
45217,913,827.00,492.00,0,28830
45095,910,818.00,509.00,0,28838
44972,908,820.00,509.00,0,28848
44850,906,825.00,492.00,0,28856
44732,904,826.00,493.00,0,28864
44614,904,826.00,493.00,0,28873
44493,902,826.00,492.00,0,28881
44370,901,826.00,493.00,0,28891
44246,898,826.00,492.00,0,28899
44124,896,826.00,509.00,0,28907
44000,893,825.00,493.00,0,28916
43876,890,825.00,492.00,0,28924
43753,888,826.00,509.00,0,28933
43631,888,825.00,492.00,0,28942
43509,886,826.00,492.00,0,28950
43383,885,826.00,493.00,0,28959
43258,883,824.00,509.00,0,28967
43135,880,821.00,493.00,0,28976
43013,877,822.00,509.00,0,28985
42890,874,826.00,493.00,0,28993
42767,872,825.00,493.00,0,29001
42649,870,826.00,492.00,0,29010
42528,869,825.00,492.00,0,29019
42405,868,826.00,475.00,0,29028
42281,868,824.00,491.00,0,29036
42159,866,826.00,509.00,0,29044
42037,863,827.00,509.00,0,29053
41913,860,825.00,492.00,0,29062
41790,857,825.00,493.00,0,29070
41670,854,825.00,492.00,0,29079
41548,852,826.00,509.00,0,29087
41423,850,826.00,492.00,0,29096
41297,848,818.00,509.00,0,29105
41172,846,826.00,493.00,0,29113
41047,843,815.00,492.00,0,29122
40923,840,819.00,511.00,0,29130
40801,839,820.00,493.00,0,29138
40681,838,825.00,492.00,0,29148
40560,838,826.00,492.00,0,29156
40437,836,824.00,493.00,0,29165
40314,834,821.00,493.00,0,29173
40191,832,825.00,493.00,0,29181
40069,828,824.00,509.00,0,29191
39945,824,820.00,509.00,0,29199
39822,820,825.00,493.00,0,29208
39701,818,825.00,492.00,0,29216
39578,816,824.00,493.00,0,29224
39453,816,821.00,509.00,0,29234
39328,814,810.00,492.00,0,29242
39203,812,826.00,493.00,0,29250
39079,810,812.00,508.00,0,29259
38957,807,816.00,509.00,0,29267
38835,804,826.00,493.00,0,29277
38717,803,825.00,491.00,0,29285
38599,802,826.00,509.00,0,29293
38477,801,825.00,493.00,0,29302
38355,800,826.00,492.00,0,29310
38233,798,825.00,492.00,0,29319
38109,796,826.00,509.00,0,29328
37986,792,826.00,492.00,0,29336
37863,790,826.00,509.00,0,29345
37740,786,822.00,475.00,0,29353
37620,784,825.00,492.00,0,29362
37496,782,826.00,509.00,0,29371
37369,780,820.00,492.00,0,29379
37243,778,818.00,509.00,0,29387
37119,776,807.00,492.00,0,29396
36994,774,810.00,493.00,0,29405
36871,772,826.00,509.00,0,29414
36751,770,821.00,492.00,0,29422
36633,770,826.00,493.00,0,29430
36514,769,826.00,509.00,0,29440
36391,768,826.00,509.00,0,29448
36270,766,826.00,493.00,0,29457
36148,763,825.00,507.00,0,29465
36025,760,826.00,493.00,0,29473
35901,756,826.00,509.00,0,29483
35779,752,825.00,493.00,0,29491
35658,750,826.00,475.00,0,29499
35535,748,826.00,508.00,0,29508
35407,747,820.00,474.00,0,29516
35281,746,817.00,493.00,0,29526
35155,744,819.00,509.00,0,29534
35032,742,819.00,492.00,0,29542
34909,740,819.00,493.00,0,29551
34788,738,822.00,508.00,0,29559
34671,736,827.00,493.00,0,29568
34555,735,826.00,509.00,0,29577
34437,734,826.00,509.00,0,29585
34318,732,826.00,493.00,0,29594
34198,730,825.00,493.00,0,29602
34076,728,826.00,492.00,0,29611
33952,724,826.00,493.00,0,29620
33827,720,826.00,509.00,0,29628
33704,718,826.00,492.00,0,29636
33581,716,826.00,508.00,0,29645
33454,715,826.00,509.00,0,29654
33325,714,817.00,492.00,0,29663
33197,712,826.00,493.00,0,29671
33071,710,811.00,492.00,0,29679
32946,708,812.00,492.00,0,29688
32824,706,822.00,475.00,0,29697
32705,704,827.00,493.00,0,29706
32589,702,825.00,492.00,0,29714
32470,702,825.00,475.00,0,29722
32349,700,826.00,509.00,0,29731
32226,698,825.00,493.00,0,29740
32104,696,826.00,493.00,0,29748
31980,692,826.00,509.00,0,29757
31856,689,826.00,507.00,0,29765
31733,686,827.00,487.00,0,29774
31612,684,825.00,509.00,0,29783
31487,684,826.00,509.00,0,29791
31359,682,824.00,509.00,0,29800
31232,680,825.00,508.00,0,29808
31107,677,814.00,509.00,0,29816
30983,674,818.00,492.00,0,29826
30863,670,825.00,492.00,0,29834
30745,668,825.00,492.00,0,29843
30629,666,825.00,504.00,0,29851
30510,665,826.00,475.00,0,29859
30387,664,826.00,493.00,0,29869
30263,664,825.00,504.00,0,29877
30139,662,826.00,509.00,0,29885
30013,658,826.00,509.00,0,29894
29887,656,826.00,508.00,0,29902
29764,652,826.00,509.00,0,29912
29641,650,825.00,509.00,0,29920
29518,648,826.00,508.00,0,29928
29391,646,817.00,509.00,0,29937
29265,644,808.00,504.00,0,29945
29144,642,826.00,505.00,0,29955
29027,638,825.00,492.00,0,29963
28912,635,826.00,492.00,0,29971
28799,633,825.00,492.00,0,29980
28685,632,826.00,509.00,0,29988
28561,631,825.00,493.00,0,29997
28435,630,826.00,509.00,0,30006
28305,630,826.00,509.00,0,30014
28176,628,826.00,475.00,0,30023
28045,625,818.00,509.00,0,30031
27915,622,802.00,492.00,0,30040
27789,618,806.00,509.00,0,30049
27667,616,818.00,509.00,0,30057
27544,615,827.00,492.00,0,30065
27419,614,803.00,509.00,0,30074
27293,612,801.00,509.00,0,30083
27170,610,819.00,493.00,0,30092
27049,608,821.00,509.00,0,30100
26933,605,826.00,510.00,0,30108
26821,602,826.00,492.00,0,30117
26714,600,825.00,493.00,0,30126
26597,600,826.00,509.00,0,30134
26473,599,825.00,492.00,0,30143
26343,598,826.00,493.00,0,30151
26213,596,825.00,493.00,0,30160
26084,593,817.00,508.00,0,30169
25955,590,804.00,509.00,0,30177
25827,587,811.00,493.00,0,30186
25703,584,822.00,509.00,0,30194
25582,582,825.00,509.00,0,30202
25457,581,811.00,508.00,0,30212
25331,580,800.00,509.00,0,30220
25207,578,826.00,493.00,0,30229
25083,576,805.00,509.00,0,30237
24963,572,817.00,509.00,0,30245
24843,570,826.00,475.00,0,30255
24729,568,825.00,493.00,0,30263
24615,567,826.00,476.00,0,30272
24499,566,825.00,492.00,0,30280
24377,565,827.00,493.00,0,30288
24254,564,826.00,509.00,0,30298
24130,561,825.00,509.00,0,30306
24004,558,826.00,492.00,0,30314
23877,554,826.00,492.00,0,30323
23755,552,826.00,509.00,0,30331
23633,550,826.00,493.00,0,30341
23509,549,825.00,492.00,0,30349
23381,548,825.00,509.00,0,30357
23253,546,813.00,509.00,0,30366
23126,544,803.00,492.00,0,30374
23001,542,806.00,492.00,0,30383
22879,539,826.00,509.00,0,30392
22762,536,825.00,476.00,0,30400
22647,536,826.00,492.00,0,30409
22532,534,825.00,475.00,0,30417
22411,534,826.00,493.00,0,30426
22288,532,826.00,509.00,0,30435
22163,530,826.00,493.00,0,30443
22039,527,826.00,509.00,0,30451
21913,524,826.00,492.00,0,30460
21789,520,826.00,493.00,0,30469
21670,518,826.00,493.00,0,30478
21547,516,826.00,509.00,0,30486
21421,514,826.00,509.00,0,30494
21293,512,811.00,509.00,0,30503
21165,510,816.00,508.00,0,30512
21039,508,810.00,492.00,0,30521
20915,505,814.00,493.00,0,30529
20796,502,825.00,492.00,0,30537
20682,501,826.00,493.00,0,30546
20567,500,825.00,493.00,0,30555
20449,500,826.00,475.00,0,30563
20325,498,826.00,509.00,0,30572
20201,497,825.00,493.00,0,30580
20076,494,826.00,509.00,0,30589
19950,491,825.00,492.00,0,30598
19826,488,826.00,494.00,0,30606
19705,484,826.00,492.00,0,30615
19585,482,825.00,493.00,0,30623
19460,480,826.00,509.00,0,30631
19331,478,814.00,509.00,0,30641
19203,476,826.00,509.00,0,30649
19075,474,801.00,509.00,0,30658
18951,472,804.00,492.00,0,30666
18830,470,825.00,492.00,0,30674
18715,468,826.00,492.00,0,30684
18603,468,825.00,474.00,0,30692
18487,468,825.00,493.00,0,30700
18365,468,826.00,475.00,0,30709
18241,466,826.00,492.00,0,30717
18117,464,826.00,493.00,0,30727
17991,460,825.00,493.00,0,30735
17866,456,825.00,493.00,0,30743
17745,453,826.00,494.00,0,30752
17626,450,826.00,493.00,0,30760
17504,448,826.00,509.00,0,30770
17375,446,826.00,508.00,0,30778
17246,444,817.00,509.00,0,30786
17117,442,799.00,476.00,0,30795
16989,440,806.00,509.00,0,30803
16867,438,826.00,493.00,0,30812
16750,436,826.00,492.00,0,30821
16639,436,826.00,475.00,0,30829
16524,436,826.00,492.00,0,30838
16404,436,825.00,493.00,0,30846
16279,434,826.00,493.00,0,30855
16153,432,827.00,493.00,0,30864
16025,429,825.00,502.00,0,30872
15899,425,826.00,505.00,0,30880
15777,422,826.00,496.00,0,30889
15657,418,826.00,475.00,0,30898
15537,416,826.00,497.00,0,30907
15411,414,825.00,509.00,0,30915
15281,412,808.00,478.00,0,30923
15153,410,815.00,492.00,0,30932
15029,408,822.00,492.00,0,30941
14907,406,826.00,485.00,0,30949
14793,405,825.00,492.00,0,30958
14683,404,826.00,493.00,0,30966
14567,404,825.00,493.00,0,30976
14442,404,825.00,492.00,0,30984
14313,404,826.00,493.00,0,30992
14183,403,826.00,509.00,0,31001
14052,400,809.00,509.00,0,31009
13923,396,811.00,493.00,0,31017
13800,392,819.00,492.00,0,31027
13683,388,826.00,477.00,0,31035
13565,386,826.00,509.00,0,31044
13443,384,826.00,508.00,0,31052
13317,382,822.00,492.00,0,31060
13191,380,826.00,492.00,0,31070
13067,379,822.00,492.00,0,31078
12948,377,826.00,475.00,0,31087
12836,376,826.00,492.00,0,31095
12726,375,826.00,493.00,0,31104
12606,375,827.00,509.00,0,31113
12479,375,825.00,509.00,0,31121
12347,375,823.00,509.00,0,31129
12213,374,826.00,526.00,0,31138
12079,370,787.00,510.00,0,31147
11950,366,788.00,509.00,0,31156
11826,362,811.00,509.00,0,31164
11709,358,826.00,492.00,0,31172
11597,355,826.00,492.00,0,31181
11479,352,826.00,493.00,0,31190
11355,350,826.00,509.00,0,31198
11229,348,826.00,492.00,0,31207
11105,347,825.00,491.00,0,31215
10987,346,825.00,493.00,0,31224
10875,344,825.00,492.00,0,31233
10764,344,826.00,493.00,0,31241
10644,344,826.00,493.00,0,31250
10517,344,826.00,509.00,0,31258
10386,344,826.00,509.00,0,31266
10251,344,803.00,510.00,0,31276
10117,342,775.00,509.00,0,31284
9985,338,782.00,492.00,0,31292
9864,334,823.00,493.00,0,31300
9751,330,826.00,492.00,0,31309
9643,326,825.00,493.00,0,31318
9533,322,826.00,476.00,0,31326
9418,320,826.00,509.00,0,31334
9297,318,826.00,509.00,0,31342
9176,316,826.00,492.00,0,31350
9057,314,826.00,493.00,0,31358
8946,312,826.00,493.00,0,31367
8839,311,825.00,492.00,0,31376
8724,311,826.00,493.00,0,31384
8603,311,826.00,492.00,0,31392
8479,311,826.00,509.00,0,31400
8348,311,818.00,509.00,0,31409
8215,311,814.00,526.00,0,31417
8083,309,737.00,509.00,0,31425
7958,305,784.00,509.00,0,31433
7841,301,825.00,509.00,0,31442
7733,297,825.00,475.00,0,31451
7629,293,826.00,492.00,0,31459
7519,289,826.00,492.00,0,31467
7401,285,826.00,509.00,0,31475
7277,283,826.00,509.00,0,31483
7153,280,826.00,509.00,0,31492
7035,278,826.00,492.00,0,31500
6925,277,826.00,492.00,0,31509
6819,277,825.00,507.00,0,31517
6701,277,826.00,511.00,0,31525
6579,278,827.00,509.00,0,31534
6453,279,826.00,510.00,0,31542
6321,280,805.00,509.00,0,31550
6187,280,804.00,509.00,0,31558
6058,278,775.00,509.00,0,31566
5935,276,793.00,507.00,0,31576
5823,271,825.00,475.00,0,31584
5720,267,825.00,476.00,0,31592
5615,263,826.00,476.00,0,31600
5499,260,826.00,493.00,0,31608
5375,256,826.00,493.00,0,31617
5247,254,816.00,509.00,0,31625
5122,251,812.00,508.00,0,31633
5005,249,826.00,509.00,0,31642
4903,248,826.00,492.00,0,31650
4795,248,826.00,508.00,0,31659
4677,248,826.00,494.00,0,31667
4555,249,826.00,493.00,0,31675
4429,250,826.00,509.00,0,31683
4297,250,800.00,509.00,0,31691
4165,250,800.00,509.00,0,31699
4038,248,794.00,492.00,0,31709
3920,246,819.00,492.00,0,31717
3813,242,826.00,487.00,0,31725
3713,238,826.00,492.00,0,31733
3599,234,827.00,493.00,0,31741
3475,231,826.00,493.00,0,31750
3346,228,818.00,509.00,0,31758
3217,224,822.00,493.00,0,31766
3096,222,817.00,492.00,0,31775
2987,220,826.00,493.00,0,31783
2887,218,826.00,475.00,0,31792
2773,218,827.00,493.00,0,31800
2654,218,826.00,493.00,0,31808
2533,219,826.00,509.00,0,31816
2407,220,826.00,493.00,0,31824
2277,221,813.00,509.00,0,31833
2147,222,807.00,509.00,0,31842
2022,222,815.00,492.00,0,31850
1909,220,826.00,475.00,0,31858
1806,218,826.00,479.00,0,31866
1698,214,826.00,476.00,0,31875
1577,210,826.00,509.00,0,31883
1449,207,826.00,510.00,0,31891
1317,204,800.00,509.00,0,31899
1187,200,813.00,509.00,0,31908
1067,196,825.00,509.00,0,31917
962,194,826.00,475.00,0,31925
867,192,825.00,493.00,0,31932
757,192,826.00,492.00,0,31940
641,191,826.00,509.00,0,31948
525,191,826.00,505.00,0,31956
403,193,826.00,509.00,0,31965
275,194,801.00,509.00,0,31973
143,195,743.00,526.00,0,31981
20,195,792.00,493.00,0,31988
-75,195,0.00,458.00,0,31996
-100,193,0.00,391.00,0,32004
-48,191,384.00,341.00,0,32012
42,188,803.00,325.00,0,32020
127,185,759.00,342.00,0,32028
214,181,86.00,331.00,0,32035
313,179,426.00,325.00,0,32044
423,177,536.00,326.00,0,32052
536,176,610.00,308.00,0,32060
652,176,795.00,325.00,0,32068
772,176,813.00,325.00,0,32076
902,178,825.00,308.00,0,32083
1036,180,825.00,308.00,0,32093
1162,182,825.00,308.00,0,32101
1276,184,823.00,325.00,0,32109
1377,184,528.00,341.00,0,32117
1479,184,364.00,358.00,0,32125
1594,184,634.00,325.00,0,32134
1712,184,689.00,325.00,0,32142
1832,184,811.00,325.00,0,32150
1960,184,820.00,308.00,0,32159
2086,183,818.00,308.00,0,32167
2201,182,782.00,326.00,0,32176
2305,182,363.00,325.00,0,32184
2417,182,402.00,308.00,0,32192
2538,182,619.00,308.00,0,32200
2659,184,791.00,308.00,0,32208
2783,185,811.00,308.00,0,32217
2914,187,826.00,308.00,0,32226
3046,189,825.00,308.00,0,32234
3171,190,826.00,325.00,0,32242
3284,190,826.00,325.00,0,32250
3386,190,826.00,341.00,0,32259
3470,190,826.00,341.00,0,32267
3540,189,826.00,358.00,0,32275
3598,188,826.00,375.00,0,32283
3649,188,825.00,374.00,0,32292
3696,188,825.00,375.00,0,32301
3742,188,826.00,375.00,0,32309
3788,190,825.00,375.00,0,32317
3838,190,825.00,375.00,0,32325
3890,191,825.00,358.00,0,32333
3942,192,826.00,375.00,0,32342
3992,192,826.00,359.00,0,32350
4037,192,825.00,375.00,0,32359
4074,192,825.00,391.00,0,32367
4100,191,825.00,392.00,0,32375
4115,190,826.00,408.00,0,32384
4118,190,826.00,408.00,0,32392
4108,190,825.00,425.00,0,32400
4088,190,825.00,443.00,0,32408
4060,190,826.00,425.00,0,32416
4030,191,826.00,425.00,0,32425
3999,191,824.00,442.00,0,32434
3971,192,826.00,442.00,0,32442
3946,192,826.00,426.00,0,32450
3928,192,826.00,425.00,0,32458
3916,192,826.00,425.00,0,32466
3910,192,825.00,408.00,0,32475
3911,191,825.00,408.00,0,32483
3918,190,825.00,408.00,0,32492
3931,190,825.00,391.00,0,32500
3948,190,826.00,391.00,0,32508
3967,190,826.00,392.00,0,32517
3987,190,826.00,391.00,0,32525
4005,190,825.00,408.00,0,32533
4019,190,825.00,391.00,0,32541
4031,190,825.00,409.00,0,32549
4037,190,825.00,408.00,0,32559
4038,190,825.00,408.00,0,32567
4034,190,825.00,409.00,0,32575
4026,190,826.00,409.00,0,32583
4014,190,826.00,425.00,0,32591
4002,190,825.00,425.00,0,32600
3990,190,825.00,426.00,0,32608
3979,190,826.00,425.00,0,32616
3972,190,825.00,408.00,0,32625
3966,190,825.00,425.00,0,32633
3965,190,825.00,408.00,0,32642
3966,190,826.00,408.00,0,32650
3971,190,826.00,407.00,0,32658
3977,190,826.00,409.00,0,32666
3985,190,825.00,408.00,0,32674
3993,190,825.00,409.00,0,32683
4000,190,825.00,409.00,0,32692
4005,190,825.00,406.00,0,32700
4009,190,825.00,408.00,0,32708
4011,190,825.00,408.00,0,32716
4011,190,826.00,409.00,0,32724
4007,190,825.00,408.00,0,32733
4003,190,826.00,410.00,0,32741
3997,190,825.00,409.00,0,32749
3993,190,825.00,408.00,0,32758
3989,190,825.00,408.00,0,32766
3986,190,825.00,408.00,0,32775
3985,190,826.00,408.00,0,32783
3984,190,826.00,409.00,0,32791
3986,190,825.00,408.00,0,32799
3988,190,825.00,409.00,0,32807
3991,190,825.00,391.00,0,32816
3994,190,825.00,395.00,0,32825
3996,190,825.00,409.00,0,32833
3998,190,825.00,391.00,0,32841
3999,190,826.00,391.00,0,32849
3999,190,825.00,409.00,0,32858
3999,190,826.00,409.00,0,32866
3997,190,826.00,408.00,0,32874
3995,190,826.00,409.00,0,32882
3995,190,825.00,408.00,0,32891
3993,190,825.00,409.00,0,32900
3993,190,826.00,408.00,0,32908
3993,190,825.00,408.00,0,32916
3993,189,826.00,408.00,0,32924
3994,189,826.00,408.00,0,32932
3995,189,826.00,408.00,0,32941
3995,189,825.00,408.00,0,32949
3995,189,825.00,408.00,0,32958
3995,189,825.00,409.00,0,32966
3995,189,826.00,409.00,0,32974
3995,189,825.00,409.00,0,32983
3995,189,825.00,409.00,0,32991
3995,189,826.00,409.00,0,32999
3994,189,825.00,409.00,0,33007
3994,189,825.00,409.00,0,33015
3994,189,825.00,408.00,0,33025
3994,189,825.00,409.00,0,33033
3994,189,825.00,409.00,0,33041
3994,189,825.00,408.00,0,33049
3994,189,825.00,408.00,0,33057
3994,189,825.00,409.00,0,33065
3994,189,826.00,408.00,0,33074
3994,189,825.00,408.00,0,33082
3994,189,825.00,409.00,0,33091
3994,189,825.00,408.00,0,33099
3994,189,826.00,408.00,0,33107
3994,189,825.00,409.00,0,33116
3994,189,825.00,409.00,0,33124
3994,188,826.00,409.00,0,33132
3994,188,826.00,409.00,0,33140
3994,188,825.00,409.00,0,33148
3994,188,825.00,408.00,0,33158
3994,188,825.00,408.00,0,33166
3994,188,825.00,409.00,0,33174
3994,188,826.00,409.00,0,33182
3994,188,826.00,408.00,0,33190
3994,188,825.00,408.00,0,33199
3994,188,826.00,409.00,0,33207
3994,188,825.00,408.00,0,33215
3994,188,825.00,408.00,0,33224
3994,188,825.00,409.00,0,33232
3994,188,826.00,409.00,0,33241
3994,188,825.00,408.00,0,33249
3994,188,826.00,409.00,0,33257
3994,188,826.00,408.00,0,33265
3994,188,825.00,408.00,0,33273
3994,188,826.00,409.00,0,33282
3994,188,825.00,408.00,0,33291
3994,188,825.00,408.00,0,33299
3994,188,825.00,408.00,0,33307
3994,188,825.00,409.00,0,33315
3994,188,826.00,408.00,0,33324
3994,188,826.00,409.00,0,33332
3994,188,825.00,409.00,0,33340
3994,188,825.00,409.00,0,33348
3994,188,825.00,408.00,0,33357
3994,188,825.00,408.00,0,33366
3994,188,825.00,409.00,0,33374
3994,188,825.00,408.00,0,33382
3994,188,826.00,408.00,0,33390
3994,188,825.00,408.00,0,33398
3994,188,825.00,408.00,0,33406
3994,188,826.00,408.00,0,33415
3994,188,825.00,408.00,0,33424
3994,188,825.00,408.00,0,33432
3994,188,825.00,408.00,0,33440
3994,188,825.00,409.00,0,33448
3994,188,826.00,408.00,0,33457
3994,188,825.00,409.00,0,33465
3994,188,825.00,408.00,0,33473
3994,188,825.00,409.00,0,33481
3994,188,825.00,409.00,0,33490
3994,188,825.00,409.00,0,33499
3994,188,826.00,408.00,0,33507
3994,188,825.00,409.00,0,33515
3994,188,825.00,408.00,0,33523
3994,188,826.00,408.00,0,33531
3994,188,825.00,408.00,0,33540
3994,188,825.00,409.00,0,33548
3994,188,825.00,408.00,0,33557
3994,188,825.00,408.00,0,33565
3994,188,825.00,409.00,0,33573
3994,188,826.00,408.00,0,33582
39