826.00,409.00,0,12232
2,0,826.00,408.00,0,12239
2,0,826.00,409.00,0,12247
2,0,826.00,409.00,0,12254
2,0,825.00,408.00,0,12260
2,0,825.00,408.00,0,12267
2,0,826.00,408.00,0,12274
2,0,825.00,408.00,0,12281
2,0,826.00,408.00,0,12289
2,0,826.00,408.00,0,12296
2,0,826.00,409.00,0,12303
2,0,825.00,409.00,0,12309
2,0,826.00,408.00,0,12316
2,0,826.00,409.00,0,12323
2,0,826.00,408.00,0,12331
2,0,826.00,409.00,0,12338
2,0,826.00,409.00,0,12345
2,0,825.00,408.00,0,12352
2,0,825.00,408.00,0,12358
2,0,826.00,409.00,0,12365
2,0,825.00,408.00,0,12372
2,0,825.00,408.00,0,12380
2,0,826.00,409.00,0,12387
2,0,826.00,408.00,0,12394
2,0,825.00,408.00,0,12401
2,0,825.00,408.00,0,12407
2,0,826.00,408.00,0,12414
2,0,826.00,409.00,0,12422
2,0,826.00,408.00,0,12429
2,0,826.00,409.00,0,12436
2,0,826.00,409.00,0,12443
2,0,825.00,408.00,0,12450
2,0,825.00,408.00,0,12456
2,0,826.00,409.00,0,12464
2,0,826.00,409.00,0,12471
2,0,826.00,408.00,0,12478
2,0,826.00,409.00,0,12485
2,0,826.00,408.00,0,12492
2,0,826.00,408.00,0,12498
2,0,825.00,408.00,0,12506
2,0,825.00,409.00,0,12513
2,0,825.00,409.00,0,12520
2,0,826.00,408.00,0,12527
2,0,826.00,408.00,0,12534
2,0,826.00,409.00,0,12541
2,0,825.00,408.00,0,12548
2,0,825.00,408.00,0,12555
2,0,826.00,408.00,0,12562
2,0,826.00,408.00,0,12569
2,0,826.00,408.00,0,12576
2,0,826.00,409.00,0,12583
2,0,825.00,409.00,0,12591
2,0,825.00,408.00,0,12597
2,0,826.00,408.00,0,12604
2,0,825.00,408.00,0,12611
2,0,825.00,408.00,0,12618
2,0,826.00,409.00,0,12625
2,0,825.00,408.00,0,12633
2,0,826.00,408.00,0,12640
2,0,825.00,409.00,0,12646
2,0,826.00,409.00,0,12653
2,0,825.00,409.00,0,12660
2,0,826.00,409.00,0,12667
2,0,826.00,408.00,0,12675
2,0,826.00,408.00,0,12682
2,0,826.00,408.00,0,12689
2,0,825.00,408.00,0,12695
2,0,825.00,408.00,0,12702
2,0,825.00,408.00,0,12709
2,0,826.00,408.00,0,12717
2,0,826.00,408.00,0,12724
2,0,826.00,409.00,0,12731
2,0,826.00,408.00,0,12738
2,0,825.00,408.00,0,12744
2,0,825.00,408.00,0,12751
2,0,825.00,409.00,0,12759
2,0,826.00,408.00,0,12766
2,0,826.00,408.00,0,12773
2,0,826.00,409.00,0,12780
2,0,825.00,408.00,0,12787
2,0,825.00,408.00,0,12793
2,0,825.00,408.00,0,12801
2,0,826.00,408.00,0,12808
2,0,826.00,408.00,0,12815
2,0,826.00,408.00,0,12822
2,0,826.00,408.00,0,12829
2,0,826.00,408.00,0,12836
2,0,826.00,408.00,0,12843
2,0,826.00,408.00,0,12850
2,0,825.00,409.00,0,12857
2,0,826.00,408.00,0,12864
2,0,826.00,408.00,0,12871
2,0,825.00,408.00,0,12878
2,0,825.00,409.00,0,12886
2,0,825.00,408.00,0,12892
2,0,826.00,408.00,0,12899
2,0,826.00,408.00,0,12906
2,0,826.00,408.00,0,12913
2,0,826.00,409.00,0,12920
2,0,826.00,409.00,0,12928
2,0,826.00,408.00,0,12935
2,0,826.00,408.00,0,12941
2,0,825.00,408.00,0,12948
2,0,825.00,409.00,0,12955
2,0,826.00,409.00,0,12962
2,0,826.00,408.00,0,12969
2,0,825.00,408.00,0,12977
2,0,825.00,408.00,0,12984
2,0,825.00,408.00,0,12990
2,0,825.00,408.00,0,12997
2,0,826.00,408.00,0,13004
2,0,826.00,408.00,0,13011
2,0,825.00,408.00,0,13019
2,0,825.00,409.00,0,13026
2,0,825.00,408.00,0,13033
2,0,825.00,408.00,0,13039
2,0,825.00,409.00,0,13046
2,0,825.00,408.00,0,13053
2,0,826.00,408.00,0,13061
2,0,825.00,408.00,0,13068
2,0,826.00,408.00,0,13075
2,0,825.00,409.00,0,13082
2,0,825.00,408.00,0,13088
2,0,826.00,409.00,0,13095
2,0,826.00,408.00,0,13103
2,0,826.00,408.00,0,13110
2,0,826.00,408.00,0,13117
2,0,825.00,409.00,0,13124
2,0,825.00,409.00,0,13130
2,0,826.00,408.00,0,13137
2,0,826.00,408.00,0,13145
2,0,825.00,408.00,0,13152
2,0,826.00,409.00,0,13159
2,0,826.00,408.00,0,13166
2,0,826.00,409.00,0,13173
2,0,825.00,408.00,0,13179
2,0,826.00,408.00,0,13187
2,0,825.00,409.00,0,13194
2,0,826.00,409.00,0,13201
2,0,826.00,409.00,0,13208
2,0,825.00,408.00,0,13215
2,0,825.00,409.00,0,13222
2,0,825.00,408.00,0,13229
2,0,826.00,408.00,0,13236
2,0,826.00,408.00,0,13243
2,0,825.00,409.00,0,13250
2,0,825.00,409.00,0,13257
2,0,825.00,408.00,0,13264
2,0,826.00,409.00,0,13272
2,0,825.00,408.00,0,13278
2,0,825.00,409.00,0,13285
2,0,826.00,409.00,0,13292
2,0,826.00,409.00,0,13299
2,0,825.00,408.00,0,13306
2,0,825.00,408.00,0,13314
2,0,825.00,409.00,0,13321
2,0,825.00,408.00,0,13327
2,0,825.00,408.00,0,13334
2,0,826.00,408.00,0,13341
2,0,826.00,409.00,0,13348
2,0,825.00,409.00,0,13356
2,0,826.00,409.00,0,13363
2,0,826.00,409.00,0,13370
2,0,825.00,408.00,0,13376
2,0,825.00,408.00,0,13383
2,0,825.00,408.00,0,13390
2,0,825.00,409.00,0,13398
2,0,826.00,409.00,0,13405
2,0,825.00,408.00,0,13412
2,0,825.00,408.00,0,13419
2,0,825.00,409.00,0,13425
2,0,825.00,408.00,0,13432
2,0,826.00,409.00,0,13440
2,0,826.00,408.00,0,13447
2,0,826.00,408.00,0,13454
2,0,825.00,409.00,0,13461
2,0,826.00,408.00,0,13468
2,0,825.00,408.00,0,13474
2,0,826.00,408.00,0,13481
2,0,826.00,409.00,0,13489
2,0,826.00,408.00,0,13496
2,0,826.00,408.00,0,13503
2,0,826.00,408.00,0,13510
2,0,825.00,408.00,0,13517
2,0,825.00,408.00,0,13523
2,0,825.00,408.00,0,13531
2,0,826.00,409.00,0,13538
2,0,826.00,409.00,0,13545
2,0,825.00,409.00,0,13552
2,0,825.00,409.00,0,13559
2,0,825.00,408.00,0,13566
2,0,825.00,408.00,0,13573
2,0,826.00,408.00,0,13580
2,0,825.00,408.00,0,13587
2,0,825.00,408.00,0,13594
2,0,825.00,408.00,0,13601
2,0,826.00,408.00,0,13608
2,0,825.00,409.00,0,13616
2,0,825.00,408.00,0,13622
2,0,825.00,408.00,0,13629
2,0,826.00,409.00,0,13636
2,0,826.00,409.00,0,13643
2,0,825.00,408.00,0,13650
2,0,825.00,408.00,0,13658
2,0,825.00,409.00,0,13665
2,0,825.00,408.00,0,13671
2,0,826.00,408.00,0,13678
2,0,825.00,409.00,0,13685
2,0,825.00,409.00,0,13692
2,0,825.00,408.00,0,13700
2,0,825.00,408.00,0,13707
2,0,825.00,409.00,0,13713
2,0,825.00,408.00,0,13720
2,0,826.00,408.00,0,13727
2,0,825.00,408.00,0,13734
2,0,826.00,408.00,0,13742
2,0,826.00,408.00,0,13749
2,0,825.00,408.00,0,13756
2,0,825.00,408.00,0,13762
2,0,825.00,408.00,0,13769
2,0,826.00,408.00,0,13776
2,0,826.00,409.00,0,13784
2,0,826.00,408.00,0,13791
2,0,826.00,409.00,0,13798
2,0,825.00,408.00,0,13805
2,0,825.00,409.00,0,13811
2,0,825.00,408.00,0,13818
2,0,826.00,408.00,0,13826
2,0,825.00,409.00,0,13833
2,0,825.00,409.00,0,13840
2,0,825.00,409.00,0,13847
2,0,826.00,408.00,0,13854
2,0,825.00,408.00,0,13860
2,0,825.00,408.00,0,13868
2,0,826.00,408.00,0,13875
2,0,826.00,408.00,0,13882
2,0,826.00,408.00,0,13889
2,0,826.00,409.00,0,13896
2,0,826.00,408.00,0,13903
2,0,825.00,408.00,0,13910
2,0,825.00,408.00,0,13917
2,0,826.00,408.00,0,13924
2,0,826.00,408.00,0,13931
2,0,826.00,408.00,0,13938
2,0,826.00,409.00,0,13945
2,0,826.00,408.00,0,13953
2,0,825.00,408.00,0,13959
2,0,825.00,409.00,0,13966
2,0,826.00,408.00,0,13973
2,0,826.00,408.00,0,13980
2,0,825.00,409.00,0,13987
2,0,825.00,409.00,0,13995
2,0,825.00,409.00,0,14002
2,0,825.00,408.00,0,14008
2,0,826.00,408.00,0,14015
2,0,826.00,408.00,0,14022
2,0,826.00,408.00,0,14029
2,0,826.00,408.00,0,14036
2,0,826.00,408.00,0,14044
2,0,826.00,408.00,0,14051
2,0,825.00,408.00,0,14057
2,0,826.00,408.00,0,14064
2,0,826.00,409.00,0,14071
2,0,826.00,408.00,0,14078
2,0,826.00,408.00,0,14086
2,0,825.00,408.00,0,14093
2,0,825.00,409.00,0,14100
2,0,825.00,408.00,0,14106
2,0,826.00,408.00,0,14113
2,0,825.00,409.00,0,14120
2,0,826.00,408.00,0,14128
2,0,825.00,409.00,0,14135
2,0,826.00,408.00,0,14142
2,0,826.00,408.00,0,14149
2,0,825.00,408.00,0,14155
2,0,826.00,409.00,0,14162
2,0,825.00,409.00,0,14170
2,0,826.00,409.00,0,14177
2,0,826.00,408.00,0,14184
2,0,825.00,408.00,0,14191
2,0,826.00,408.00,0,14198
2,0,825.00,408.00,0,14204
2,0,826.00,408.00,0,14212
2,0,826.00,408.00,0,14219
2,0,826.00,408.00,0,14226
2,0,825.00,409.00,0,14233
2,0,826.00,409.00,0,14240
2,0,826.00,408.00,0,14247
2,0,825.00,408.00,0,14254
2,0,825.00,409.00,0,14261
2,0,826.00,409.00,0,14268
2,0,826.00,408.00,0,14275
2,0,826.00,409.00,0,14282
2,0,825.00,409.00,0,14289
2,0,826.00,408.00,0,14296
2,0,825.00,408.00,0,14303
2,0,826.00,408.00,0,14310
2,0,826.00,409.00,0,14317
2,0,826.00,409.00,0,14324
2,0,826.00,409.00,0,14331
2,0,825.00,409.00,0,14339
2,0,826.00,408.00,0,14345
2,0,825.00,408.00,0,14352
2,0,826.00,409.00,0,14359
2,0,826.00,408.00,0,14366
2,0,825.00,409.00,0,14373
2,0,826.00,408.00,0,14381
2,0,826.00,408.00,0,14388
2,0,825.00,409.00,0,14394
2,0,826.00,409.00,0,14401
2,0,826.00,408.00,0,14408
2,0,826.00,409.00,0,14415
2,0,826.00,409.00,0,14423
2,0,826.00,408.00,0,14430
2,0,825.00,408.00,0,14437
2,0,825.00,409.00,0,14443
2,0,825.00,408.00,0,14450
2,0,825.00,409.00,0,14457
2,0,826.00,408.00,0,14465
2,0,825.00,408.00,0,14472
2,0,826.00,408.00,0,14479
2,0,825.00,408.00,0,14486
2,0,825.00,408.00,0,14492
2,0,826.00,408.00,0,14499
2,0,826.00,408.00,0,14507
2,0,826.00,408.00,0,14514
2,0,826.00,408.00,0,14521
2,0,826.00,408.00,0,14528
2,0,825.00,408.00,0,14535
2,0,825.00,408.00,0,14541
2,0,825.00,408.00,0,14548
2,0,825.00,408.00,0,14556
2,0,825.00,408.00,0,14563
2,0,825.00,408.00,0,14570
2,0,826.00,408.00,0,14577
2,0,825.00,408.00,0,14584
2,0,825.00,408.00,0,14590
2,0,825.00,408.00,0,14598
2,0,825.00,409.00,0,14605
2,0,826.00,408.00,0,14612
2,0,826.00,408.00,0,14619
2,0,825.00,408.00,0,14626
2,0,825.00,408.00,0,14633
2,0,825.00,408.00,0,14640
2,0,825.00,408.00,0,14647
2,0,826.00,408.00,0,14654
2,0,825.00,408.00,0,14661
2,0,825.00,408.00,0,14668
2,0,825.00,408.00,0,14675
2,0,825.00,408.00,0,14683
2,0,825.00,408.00,0,14689
2,0,825.00,408.00,0,14696
2,0,826.00,408.00,0,14703
2,0,825.00,408.00,0,14710
2,0,826.00,408.00,0,14717
2,0,825.00,408.00,0,14725
2,0,825.00,408.00,0,14732
2,0,825.00,408.00,0,14738
2,0,825.00,408.00,0,14745
2,0,826.00,408.00,0,14752
2,0,825.00,408.00,0,14759
2,0,825.00,408.00,0,14767
2,0,825.00,408.00,0,14774
2,0,825.00,408.00,0,14781
2,0,825.00,408.00,0,14787
2,0,825.00,408.00,0,14794
2,0,826.00,408.00,0,14801
2,0,825.00,408.00,0,14809
2,0,826.00,408.00,0,14816
2,0,826.00,408.00,0,14823
2,0,825.00,408.00,0,14830
2,0,825.00,408.00,0,14836
2,0,826.00,408.00,0,14843
2,0,826.00,408.00,0,14851
2,0,825.00,408.00,0,14858
2,0,826.00,408.00,0,14865
2,0,825.00,408.00,0,14872
2,0,825.00,408.00,0,14879
2,0,825.00,408.00,0,14885
2,0,825.00,409.00,0,14893
2,0,826.00,408.00,0,14900
2,0,825.00,408.00,0,14907
2,0,825.00,408.00,0,14914
2,0,826.00,408.00,0,14921
2,0,825.00,408.00,0,14927
2,0,825.00,408.00,0,14935
2,0,825.00,408.00,0,14942
2,0,825.00,408.00,0,14949
2,0,825.00,408.00,0,14956
2,0,825.00,408.00,0,14963
2,0,825.00,408.00,0,14970
2,0,825.00,408.00,0,14977
2,0,826.00,408.00,0,14984
2,0,826.00,408.00,0,14991
2,0,825.00,408.00,0,14998
2,0,825.00,408.00,0,15005
2,0,826.00,408.00,0,15012
2,0,827.00,408.00,0,15020
2,0,825.00,408.00,0,15026
2,0,825.00,408.00,0,15033
2,0,825.00,408.00,0,15040
2,0,825.00,408.00,0,15047
2,0,826.00,408.00,0,15054
2,0,825.00,408.00,0,15062
2,0,825.00,408.00,0,15069
2,0,825.00,408.00,0,15075
2,0,825.00,408.00,0,15082
2,0,825.00,409.00,0,15089
2,0,826.00,408.00,0,15096
2,0,825.00,409.00,0,15104
2,0,825.00,408.00,0,15111
2,0,825.00,408.00,0,15118
2,0,825.00,408.00,0,15124
2,0,825.00,408.00,0,15131
2,0,825.00,408.00,0,15138
2,0,826.00,408.00,0,15145
2,0,825.00,408.00,0,15153
2,0,826.00,408.00,0,15160
2,0,825.00,408.00,0,15167
2,0,825.00,408.00,0,15173
2,0,826.00,408.00,0,15180
2,0,826.00,408.00,0,15187
2,0,825.00,408.00,0,15195
2,0,825.00,408.00,0,15202
2,0,826.00,408.00,0,15209
2,0,826.00,408.00,0,15216
2,0,825.00,408.00,0,15222
2,0,826.00,408.00,0,15229
2,0,826.00,408.00,0,15237
2,0,825.00,408.00,0,15244
2,0,826.00,408.00,0,15251
2,0,826.00,408.00,0,15258
2,0,826.00,408.00,0,15265
2,0,825.00,408.00,0,15271
2,0,826.00,408.00,0,15279
2,0,826.00,408.00,0,15286
2,0,826.00,408.00,0,15293
2,0,826.00,408.00,0,15300
2,0,825.00,408.00,0,15307
2,0,825.00,408.00,0,15314
2,0,825.00,408.00,0,15321
2,0,825.00,408.00,0,15328
2,0,826.00,408.00,0,15335
2,0,826.00,408.00,0,15342
2,0,826.00,408.00,0,15349
2,0,826.00,408.00,0,15356
2,0,825.00,408.00,0,15364
2,0,825.00,408.00,0,15370
2,0,826.00,408.00,0,15377
2,0,826.00,408.00,0,15384
2,0,826.00,408.00,0,15391
2,0,825.00,408.00,0,15398
2,0,825.00,408.00,0,15406
2,0,825.00,408.00,0,15413
2,0,825.00,408.00,0,15419
2,0,826.00,408.00,0,15426
2,0,826.00,408.00,0,15433
2,0,825.00,409.00,0,15440
2,0,826.00,408.00,0,15448
2,0,826.00,408.00,0,15455
2,0,825.00,408.00,0,15462
2,0,825.00,408.00,0,15468
2,0,825.00,408.00,0,15475
2,0,825.00,408.00,0,15482
2,0,826.00,408.00,0,15490
2,0,826.00,408.00,0,15497
2,0,825.00,408.00,0,15504
2,0,825.00,408.00,0,15510
2,0,825.00,408.00,0,15517
2,0,826.00,408.00,0,15524
2,0,826.00,408.00,0,15532
2,0,825.00,409.00,0,15539
2,0,825.00,408.00,0,15546
2,0,825.00,408.00,0,15553
2,0,825.00,408.00,0,15559
2,0,826.00,408.00,0,15566
2,0,826.00,408.00,0,15574
2,0,826.00,408.00,0,15581
2,0,825.00,408.00,0,15588
2,0,826.00,408.00,0,15595
2,0,826.00,408.00,0,15602
2,0,825.00,409.00,0,15608
2,0,826.00,408.00,0,15616
7,0,0.00,391.00,0,15623
48,0,0.00,341.00,0,15629
130,0,253.00,324.00,0,15637
237,0,804.00,324.00,0,15644
335,1,616.00,323.00,0,15651
435,2,594.00,341.00,0,15660
541,4,671.00,324.00,0,15667
648,5,786.00,324.00,0,15674
758,7,803.00,308.00,0,15682
870,7,816.00,309.00,0,15689
984,5,812.00,308.00,0,15697
1096,3,820.00,307.00,0,15705
1204,1,811.00,325.00,0,15713
1306,1,597.00,324.00,0,15720
1410,2,476.00,324.00,0,15728
1522,6,583.00,341.00,0,15736
1634,10,769.00,325.00,0,15745
1750,14,801.00,325.00,0,15752
1870,14,808.00,308.00,0,15760
1992,12,802.00,308.00,0,15768
2111,7,815.00,308.00,0,15776
2220,2,806.00,309.00,0,15783
2322,0,544.00,325.00,0,15792
2429,0,585.00,324.00,0,15800
2542,3,678.00,325.00,0,15807
2654,7,776.00,325.00,0,15815
2766,11,808.00,324.00,0,15823
2886,13,811.00,307.00,0,15832
3006,13,798.00,324.00,0,15839
3122,10,807.00,324.00,0,15847
3232,8,775.00,325.00,0,15855
3338,6,495.00,325.00,0,15863
3447,6,653.00,307.00,0,15870
3559,8,690.00,308.00,0,15879
3671,12,696.00,307.00,0,15887
3788,15,807.00,308.00,0,15895
3910,17,816.00,310.00,0,15902
4030,17,798.00,324.00,0,15910
4146,14,807.00,307.00,0,15919
4258,11,799.00,325.00,0,15927
4366,9,401.00,308.00,0,15935
4474,9,670.00,325.00,0,15942
4587,10,742.00,307.00,0,15950
4702,14,726.00,304.00,0,15959
4820,17,807.00,307.00,0,15967
4940,18,808.00,324.00,0,15975
5056,18,801.00,325.00,0,15983
5169,16,725.00,307.00,0,15990
5279,14,664.00,324.00,0,15998
5392,14,611.00,325.00,0,16007
5508,14,644.00,308.00,0,16015
5623,18,774.00,341.00,0,16023
5739,21,794.00,308.00,0,16031
5858,22,801.00,307.00,0,16039
5979,23,806.00,324.00,0,16048
6098,22,811.00,307.00,0,16055
6211,19,805.00,324.00,0,16063
6320,18,631.00,325.00,0,16071
6432,18,632.00,325.00,0,16079
6546,20,662.00,324.00,0,16088
6662,23,734.00,325.00,0,16096
6778,26,803.00,325.00,0,16104
6897,27,810.00,308.00,0,16112
7015,27,784.00,311.00,0,16119
7131,26,800.00,325.00,0,16128
7241,25,680.00,325.00,0,16136
7352,25,486.00,325.00,0,16144
7467,26,683.00,308.00,0,16152
7582,29,747.00,324.00,0,16160
7698,33,733.00,307.00,0,16168
7817,35,803.00,307.00,0,16176
7936,37,810.00,326.00,0,16184
8056,37,803.00,291.00,0,16192
8172,35,800.00,308.00,0,16200
8283,33,786.00,325.00,0,16208
8392,32,580.00,340.00,0,16217
8506,33,612.00,308.00,0,16225
8622,36,768.00,323.00,0,16233
8738,40,794.00,324.00,0,16240
8856,42,800.00,332.00,0,16248
8974,43,808.00,307.00,0,16257
9090,43,802.00,308.00,0,16265
9202,41,678.00,307.00,0,16273
9313,40,641.00,341.00,0,16281
9428,40,676.00,325.00,0,16289
9542,42,634.00,308.00,0,16297
9658,46,720.00,324.00,0,16305
9775,50,800.00,308.00,0,16313
9894,51,806.00,324.00,0,16321
10014,52,793.00,324.00,0,16329
10134,50,808.00,308.00,0,16337
10250,48,796.00,324.00,0,16347
10364,48,473.00,324.00,0,16355
10480,48,671.00,307.00,0,16363
10599,52,765.00,324.00,0,16371
10718,56,726.00,324.00,0,16379
10840,58,798.00,308.00,0,16388
10962,60,805.00,308.00,0,16396
11082,60,800.00,341.00,0,16404
11198,59,691.00,324.00,0,16413
11313,57,641.00,308.00,0,16421
11432,57,693.00,310.00,0,16430
11550,59,627.00,309.00,0,16438
11670,63,693.00,325.00,0,16446
11791,65,807.00,325.00,0,16454
11914,67,810.00,308.00,0,16462
12036,67,794.00,307.00,0,16471
12155,65,800.00,308.00,0,16480
12270,64,772.00,324.00,0,16488
12386,63,580.00,307.00,0,16496
12504,64,633.00,325.00,0,16504
12622,66,764.00,340.00,0,16513
12742,70,784.00,325.00,0,16521
12864,73,774.00,307.00,0,16529
12986,74,797.00,325.00,0,16537
13105,74,802.00,325.00,0,16546
13220,73,671.00,324.00,0,16555
13336,72,593.00,308.00,0,16563
13454,72,704.00,308.00,0,16571
13574,75,695.00,324.00,0,16579
13693,79,584.00,308.00,0,16587
13815,82,804.00,308.00,0,16595
13938,84,807.00,325.00,0,16604
14058,84,798.00,308.00,0,16613
14176,84,761.00,324.00,0,16621
14291,82,732.00,325.00,0,16629
14408,82,648.00,320.00,0,16637
14526,84,588.00,325.00,0,16646
14645,87,727.00,325.00,0,16654
14764,90,803.00,325.00,0,16662
14888,93,805.00,308.00,0,16670
15009,94,788.00,325.00,0,16679
15126,94,786.00,324.00,0,16688
15241,93,677.00,323.00,0,16696
15359,93,541.00,324.00,0,16704
15478,94,690.00,324.00,0,16712
15597,97,728.00,325.00,0,16720
15716,101,708.00,308.00,0,16730
15842,105,797.00,308.00,0,16738
15968,105,801.00,324.00,0,16746
16092,106,802.00,325.00,0,16755
16211,104,686.00,324.00,0,16763
16331,104,652.00,341.00,0,16772
16452,104,715.00,308.00,0,16781
16576,106,679.00,308.00,0,16789
16698,110,547.00,325.00,0,16798
16824,114,802.00,308.00,0,16806
16949,116,807.00,308.00,0,16815
17071,116,787.00,308.00,0,16824
17190,116,551.00,323.00,0,16832
17311,115,712.00,325.00,0,16840
17434,115,728.00,324.00,0,16849
17556,117,643.00,308.00,0,16858
17679,120,640.00,324.00,0,16867
17805,123,803.00,307.00,0,16875
17931,125,806.00,307.00,0,16883
18054,126,791.00,307.00,0,16892
18174,126,664.00,325.00,0,16901
18295,124,730.00,307.00,0,16910
18417,124,703.00,324.00,0,16918
18538,125,600.00,324.00,0,16926
18661,129,680.00,308.00,0,16935
18786,132,801.00,325.00,0,16944
18911,135,807.00,308.00,0,16952
19035,135,730.00,325.00,0,16961
19154,135,675.00,307.00,0,16969
19276,135,744.00,325.00,0,16978
19398,135,683.00,307.00,0,16987
19520,137,584.00,340.00,0,16995
19642,139,714.00,325.00,0,17004
19767,143,805.00,325.00,0,17012
19893,145,804.00,325.00,0,17020
20017,147,782.00,324.00,0,17030
20138,147,746.00,308.00,0,17038
20258,147,735.00,325.00,0,17047
20380,147,650.00,308.00,0,17055
20502,148,636.00,324.00,0,17063
20624,150,723.00,325.00,0,17073
20748,154,795.00,341.00,0,17081
20874,157,792.00,325.00,0,17089
20998,158,782.00,325.00,0,17098
21119,159,753.00,308.00,0,17106
21240,159,705.00,325.00,0,17116
21362,159,551.00,307.00,0,17124
21484,160,679.00,325.00,0,17132
21606,162,710.00,308.00,0,17141
21730,166,744.00,324.00,0,17149
21856,168,760.00,325.00,0,17158
21980,170,787.00,308.00,0,17167
22101,170,784.00,341.00,0,17175
22222,170,665.00,324.00,0,17184
22344,170,621.00,308.00,0,17192
22466,170,714.00,308.00,0,17201
22588,173,674.00,324.00,0,17210
22711,176,661.00,307.00,0,17218
22836,180,781.00,307.00,0,17227
22961,182,798.00,324.00,0,17235
23082,182,742.00,325.00,0,17244
23202,182,632.00,324.00,0,17253
23326,182,682.00,326.00,0,17261
23448,183,712.00,321.00,0,17269
23570,186,663.00,307.00,0,17278
23693,188,568.00,325.00,0,17287
23818,192,797.00,312.00,0,17296
23943,194,802.00,308.00,0,17304
24065,194,750.00,324.00,0,17312
24184,194,591.00,325.00,0,17321
24307,194,741.00,308.00,0,17330
24430,194,725.00,309.00,0,17338
24552,196,608.00,324.00,0,17347
24674,200,610.00,321.00,0,17355
24799,203,802.00,308.00,0,17364
24924,206,803.00,308.00,0,17373
25046,207,675.00,308.00,0,17381
25167,207,654.00,324.00,0,17390
25288,207,754.00,321.00,0,17398
25411,208,697.00,307.00,0,17406
25534,210,561.00,307.00,0,17416
25656,213,677.00,309.00,0,17424
25782,216,799.00,308.00,0,17433
25906,218,799.00,309.00,0,17441
26029,220,688.00,323.00,0,17449
26149,220,680.00,307.00,0,17459
26271,220,770.00,341.00,0,17467
26394,220,700.00,324.00,0,17476
26516,221,646.00,324.00,0,17484
26638,224,686.00,308.00,0,17492
26762,228,796.00,325.00,0,17502
26888,230,786.00,308.00,0,17510
27010,232,694.00,307.00,0,17518
27131,232,703.00,308.00,0,17527
27253,233,746.00,323.00,0,17536
27376,234,676.00,325.00,0,17545
27498,235,647.00,325.00,0,17553
27620,238,730.00,325.00,0,17561
27744,240,758.00,308.00,0,17570
27869,243,679.00,326.00,0,17579
27992,245,763.00,307.00,0,17587
28114,246,735.00,325.00,0,17596
28235,246,700.00,307.00,0,17604
28357,246,582.00,308.00,0,17613
28480,247,678.00,324.00,0,17622
28602,250,713.00,323.00,0,17630
28724,252,695.00,308.00,0,17639
28850,256,736.00,307.00,0,17647
28973,258,787.00,325.00,0,17655
29095,259,722.00,308.00,0,17665
29216,260,648.00,325.00,0,17673
29339,260,647.00,325.00,0,17682
29462,261,697.00,308.00,0,17690
29584,263,692.00,324.00,0,17698
29706,266,659.00,341.00,0,17708
29831,268,781.00,341.00,0,17716
29955,270,796.00,324.00,0,17725
30077,272,727.00,308.00,0,17733
30198,272,619.00,325.00,0,17741
30321,273,706.00,308.00,0,17751
30444,274,713.00,307.00,0,17759
30566,276,642.00,325.00,0,17767
30688,279,578.00,324.00,0,17776
30812,282,801.00,341.00,0,17784
30936,284,800.00,324.00,0,17794
31058,285,668.00,325.00,0,17802
31180,286,592.00,325.00,0,17810
31302,286,738.00,307.00,0,17819
31425,288,717.00,325.00,0,17827
31547,290,591.00,308.00,0,17836
31670,292,612.00,308.00,0,17845
31794,295,800.00,325.00,0,17853
31918,298,800.00,325.00,0,17862
32040,299,673.00,341.00,0,17870
32162,300,661.00,308.00,0,17879
32285,300,765.00,325.00,0,17888
32408,300,678.00,306.00,0,17896
32530,302,554.00,308.00,0,17904
32652,305,655.00,325.00,0,17913
32776,308,790.00,325.00,0,17922
32900,310,789.00,325.00,0,17931
33022,312,649.00,324.00,0,17939
33143,313,696.00,341.00,0,17947
33266,314,754.00,308.00,0,17956
33390,315,665.00,308.00,0,17965
33511,316,654.00,308.00,0,17973
33634,319,691.00,307.00,0,17982
33758,322,769.00,308.00,0,17990
33882,324,759.00,308.00,0,17999
34004,326,677.00,325.00,0,18008
34126,328,728.00,325.00,0,18016
34248,328,738.00,325.00,0,18025
34370,329,525.00,325.00,0,18033
34494,330,644.00,325.00,0,18042
34615,332,687.00,324.00,0,18051
34738,336,718.00,325.00,0,18059
34862,338,670.00,325.00,0,18068
34986,340,716.00,307.00,0,18076
35107,342,712.00,325.00,0,18084
35230,343,693.00,308.00,0,18094
35352,344,604.00,341.00,0,18102
35474,346,692.00,325.00,0,18111
35598,348,683.00,308.00,0,18119
35720,350,671.00,325.00,0,18127
35844,353,716.00,308.00,0,18137
35968,355,754.00,324.00,0,18145
36090,356,698.00,325.00,0,18153
36211,358,644.00,307.00,0,18162
36334,358,670.00,311.00,0,18170
36458,360,727.00,341.00,0,18180
36579,362,673.00,325.00,0,18188
36702,365,647.00,308.00,0,18196
36826,367,759.00,317.00,0,18205
36950,370,768.00,319.00,0,18213
37071,371,673.00,322.00,0,18222
37193,372,539.00,325.00,0,18231
37316,373,709.00,325.00,0,18239
37438,374,728.00,325.00,0,18248
37560,376,632.00,324.00,0,18256
37683,380,570.00,324.00,0,18265
37807,382,789.00,325.00,0,18274
37932,385,799.00,308.00,0,18282
38053,386,644.00,325.00,0,18291
38175,387,612.00,325.00,0,18299
38298,388,735.00,308.00,0,18308
38420,389,710.00,308.00,0,18317
38542,390,577.00,324.00,0,18325
38665,393,619.00,324.00,0,18333
38788,396,797.00,325.00,0,18342
38912,398,781.00,308.00,0,18351
39035,400,589.00,307.00,0,18360
39156,402,653.00,308.00,0,18368
39280,404,754.00,325.00,0,18376
39402,405,676.00,325.00,0,18385
39524,407,567.00,324.00,0,18394
39647,410,667.00,324.00,0,18402
39771,412,793.00,341.00,0,18411
39895,414,767.00,326.00,0,18419
40016,416,704.00,324.00,0,18428
40139,417,697.00,307.00,0,18437
40262,418,740.00,308.00,0,18445
40384,419,660.00,325.00,0,18454
40506,420,595.00,324.00,0,18462
40628,423,672.00,308.00,0,18470
40752,426,748.00,325.00,0,18480
40876,428,718.00,325.00,0,18488
40998,431,664.00,325.00,0,18497
41120,432,710.00,307.00,0,18505
41244,434,726.00,324.00,0,18513
41366,435,535.00,325.00,0,18523
41488,436,647.00,308.00,0,18531
41610,438,683.00,324.00,0,18540
41734,441,678.00,324.00,0,18548
41858,444,654.00,325.00,0,18556
41981,446,725.00,341.00,0,18566
42102,448,719.00,341.00,0,18574
42224,449,678.00,324.00,0,18582
42348,450,617.00,324.00,0,18591
42470,452,699.00,307.00,0,18599
42592,454,667.00,324.00,0,18609
42715,456,624.00,324.00,0,18617
42840,459,717.00,325.00,0,18625
42962,461,743.00,308.00,0,18634
43084,463,677.00,308.00,0,18642
43206,464,616.00,325.00,0,18651
43329,466,684.00,325.00,0,18660
43452,468,719.00,324.00,0,18668
43574,470,655.00,324.00,0,18677
43696,473,502.00,307.00,0,18685
43821,476,742.00,307.00,0,18694
43945,478,772.00,325.00,0,18703
44066,479,653.00,325.00,0,18711
44188,480,544.00,325.00,0,18719
44312,482,722.00,325.00,0,18728
44434,484,728.00,325.00,0,18737
44556,486,600.00,308.00,0,18746
44678,488,563.00,308.00,0,18754
44803,491,768.00,308.00,0,18762
44926,494,772.00,307.00,0,18771
45048,495,599.00,307.00,0,18780
45170,496,614.00,308.00,0,18789
45293,498,735.00,325.00,0,18797
45416,500,686.00,325.00,0,18805
45538,502,568.00,308.00,0,18814
45660,504,628.00,307.00,0,18823
45784,507,759.00,308.00,0,18831
45908,510,765.00,325.00,0,18840
46030,512,586.00,325.00,0,18848
46152,514,658.00,325.00,0,18857
46275,515,749.00,309.00,0,18866
46397,516,666.00,308.00,0,18874
46520,518,596.00,341.00,0,18883
46642,520,664.00,308.00,0,18891
46765,523,762.00,308.00,0,18899
46890,526,734.00,308.00,0,18909
47012,528,603.00,324.00,0,18917
47134,530,680.00,308.00,0,18926
47256,532,745.00,324.00,0,18934
47380,533,648.00,326.00,0,18942
47502,534,617.00,325.00,0,18952
47624,536,689.00,340.00,0,18960
47747,539,731.00,308.00,0,18968
47871,542,676.00,324.00,0,18977
47994,544,651.00,325.00,0,18985
48116,546,682.00,308.00,0,18995
48238,548,700.00,324.00,0,19003
48361,549,547.00,307.00,0,19011
48483,551,653.00,308.00,0,19020
48606,553,683.00,324.00,0,19028
48728,556,672.00,341.00,0,19037
48852,558,678.00,341.00,0,19046
48975,560,715.00,325.00,0,19054
49098,562,684.00,325.00,0,19063
49220,564,638.00,308.00,0,19072
49342,566,608.00,325.00,0,19080
49466,568,684.00,325.00,0,19089
49587,570,661.00,325.00,0,19097
49710,573,620.00,307.00,0,19106
49834,576,712.00,325.00,0,19115
49958,578,753.00,325.00,0,19123
50078,580,677.00,308.00,0,19132
50201,580,618.00,324.00,0,19140
50325,582,671.00,308.00,0,19148
50448,584,708.00,325.00,0,19158
50569,586,620.00,324.00,0,19166
50692,589,508.00,324.00,0,19175
50816,592,743.00,320.00,0,19183
50940,594,755.00,311.00,0,19191
51061,597,632.00,325.00,0,19201
51182,598,580.00,317.00,0,19209
51306,600,719.00,325.00,0,19217
51429,602,709.00,310.00,0,19226
51552,604,570.00,325.00,0,19234
51673,606,566.00,311.00,0,19244
51798,608,754.00,321.00,0,19252
51921,611,755.00,316.00,0,19260
52043,614,604.00,308.00,0,19269
52165,616,624.00,341.00,0,19277
52288,618,747.00,321.00,0,19286
52411,620,693.00,325.00,0,19295
52534,622,545.00,309.00,0,19303
52655,624,608.00,308.00,0,19312
52780,626,756.00,318.00,0,19320
52904,628,741.00,324.00,0,19329
53025,630,558.00,323.00,0,19338
53147,632,660.00,308.00,0,19346
53270,634,754.00,341.00,0,19354
53392,637,647.00,307.00,0,19363
53514,640,593.00,317.00,0,19372
53638,642,668.00,324.00,0,19381
53761,644,730.00,307.00,0,19389
53885,646,687.00,307.00,0,19397
54007,648,595.00,326.00,0,19406
54129,650,682.00,325.00,0,19415
54252,652,711.00,325.00,0,19424
54374,654,492.00,325.00,0,19432
54497,656,619.00,307.00,0,19440
54619,658,658.00,308.00,0,19449
54742,661,693.00,324.00,0,19458
54866,664,590.00,307.00,0,19466
54989,667,660.00,324.00,0,19475
55111,669,676.00,325.00,0,19483
55233,670,674.00,308.00,0,19492
55356,672,552.00,324.00,0,19501
55478,674,673.00,324.00,0,19509
55600,676,681.00,325.00,0,19518
55723,678,616.00,307.00,0,19526
55847,680,639.00,326.00,0,19534
55971,684,708.00,325.00,0,19544
56092,686,661.00,325.00,0,19552
56215,688,638.00,324.00,0,19561
56338,690,635.00,325.00,0,19569
56460,693,698.00,307.00,0,19577
56583,695,670.00,341.00,0,19587
56704,697,608.00,324.00,0,19595
56828,699,699.00,308.00,0,19603
56952,701,748.00,325.00,0,19612
57074,702,619.00,324.00,0,19620
57196,704,632.00,325.00,0,19630
57319,706,671.00,308.00,0,19638
57442,710,685.00,325.00,0,19646
57564,712,611.00,307.00,0,19655
57686,716,527.00,325.00,0,19663
57810,718,737.00,325.00,0,19673
57934,722,758.00,324.00,0,19681
58056,724,598.00,308.00,0,19689
58178,725,566.00,308.00,0,19698
58302,726,723.00,325.00,0,19706
58424,728,680.00,308.00,0,19715
58546,730,559.00,324.00,0,19724
58668,733,563.00,325.00,0,19732
58792,736,756.00,325.00,0,19741
58916,738,747.00,342.00,0,19749
59038,741,558.00,308.00,0,19758
59160,744,625.00,324.00,0,19767
59284,746,750.00,325.00,0,19775
59406,748,657.00,307.00,0,19783
59528,750,535.00,324.00,0,19792
59650,752,613.00,308.00,0,19801
59774,755,735.00,325.00,0,19810
59898,757,718.00,324.00,0,19818
60020,759,631.00,341.00,0,19826
60142,761,646.00,325.00,0,19835
60264,763,721.00,308.00,0,19844
60388,765,626.00,325.00,0,19852
60510,768,564.00,324.00,0,19861
60632,770,647.00,307.00,0,19869
60756,774,706.00,307.00,0,19878
60880,776,689.00,324.00,0,19887
61002,780,610.00,307.00,0,19895
61124,782,691.00,341.00,0,19904
61246,784,710.00,308.00,0,19912
61369,786,492.00,325.00,0,19921
61492,787,612.00,308.00,0,19930
61614,789,654.00,308.00,0,19938
61737,792,644.00,308.00,0,19947
61861,794,574.00,307.00,0,19955
61984,796,652.00,324.00,0,19963
62106,799,672.00,307.00,0,19973
62228,802,649.00,341.00,0,19981
62350,804,580.00,324.00,0,19990
62474,806,678.00,324.00,0,19998
62596,808,631.00,324.00,0,20006
62718,812,585.00,307.00,0,20016
62842,814,656.00,306.00,0,20024
62966,816,690.00,308.00,0,20032
63088,819,646.00,324.00,0,20041
63210,821,601.00,308.00,0,20049
63334,824,638.00,307.00,0,20059
63456,825,698.00,341.00,0,20067
63578,828,632.00,308.00,0,20075
63700,830,606.00,324.00,0,20084
63824,832,701.00,325.00,0,20092
63948,835,716.00,324.00,0,20101
64069,838,601.00,307.00,0,20110
64192,840,641.00,299.00,0,20118
64314,844,681.00,324.00,0,20127
64438,846,684.00,307.00,0,20135
64560,849,596.00,325.00,0,20144
64682,852,535.00,324.00,0,20153
64806,854,736.00,308.00,0,20161
64930,856,731.00,318.00,0,20170
65052,858,556.00,307.00,0,20178
65174,860,576.00,308.00,0,20187
65296,862,699.00,307.00,0,20196
65420,864,674.00,324.00,0,20204
65541,866,556.00,325.00,0,20212
65663,870,599.00,324.00,0,20221
65787,873,735.00,325.00,0,20230
65911,876,726.00,324.00,0,20239
66033,879,535.00,324.00,0,20247
66155,881,616.00,325.00,0,20255
66279,883,710.00,308.00,0,20264
66401,885,647.00,312.00,0,20273
66523,886,534.00,324.00,0,20281
66646,889,629.00,341.00,0,20290
66769,892,741.00,339.00,0,20298
66893,894,688.00,339.00,0,20307
67014,896,538.00,312.00,0,20316
67138,899,649.00,310.00,0,20324
67260,902,710.00,325.00,0,20333
67383,904,617.00,307.00,0,20341
67506,906,566.00,325.00,0,20349
67628,908,632.00,308.00,0,20359
67750,911,700.00,326.00,0,20367
67874,914,656.00,324.00,0,20376
67997,916,602.00,325.00,0,20384
68119,918,657.00,308.00,0,20392
68242,920,667.00,308.00,0,20402
68365,922,500.00,307.00,0,20410
68488,925,623.00,324.00,0,20418
68609,927,643.00,324.00,0,20427
68732,930,629.00,308.00,0,20435
68856,932,595.00,324.00,0,20445
68978,936,675.00,341.00,0,20453
69100,938,656.00,307.00,0,20461
69223,942,633.00,308.00,0,20470
69346,944,585.00,307.00,0,20478
69470,946,661.00,308.00,0,20488
69592,949,625.00,324.00,0,20496
69714,951,572.00,308.00,0,20504
69838,953,638.00,308.00,0,20513
69960,956,699.00,325.00,0,20521
70082,958,630.00,341.00,0,20530
70204,960,575.00,307.00,0,20539
70328,962,635.00,309.00,0,20547
70451,966,688.00,325.00,0,20556
70573,968,596.00,325.00,0,20564
70696,972,450.00,308.00,0,20573
70820,975,683.00,308.00,0,20582
70943,978,704.00,308.00,0,20590
71064,980,587.00,307.00,0,20598
71186,982,531.00,341.00,0,20608
71310,984,691.00,307.00,0,20616
71432,986,694.00,324.00,0,20625
71555,988,563.00,307.00,0,20633
71677,991,520.00,324.00,0,20641
71800,994,720.00,325.00,0,20651
71924,996,698.00,325.00,0,20659
72046,998,536.00,308.00,0,20667
72168,1001,588.00,324.00,0,20676
72295,1004,701.00,325.00,0,20685
72422,1007,656.00,308.00,0,20694
72548,1010,538.00,325.00,0,20703
72673,1014,539.00,325.00,0,20712
72801,1017,710.00,308.00,0,20720
72929,1020,726.00,324.00,0,20729
73054,1022,540.00,323.00,0,20739
73180,1022,542.00,324.00,0,20747
73306,1024,696.00,325.00,0,20756
73432,1025,661.00,324.00,0,20764
73558,1028,576.00,324.00,0,20773
73684,1030,487.00,324.00,0,20783
73812,1034,703.00,324.00,0,20791
73940,1038,703.00,308.00,0,20800
74066,1042,585.00,307.00,0,20809
74192,1045,630.00,308.00,0,20817
74318,1048,667.00,325.00,0,20827
74446,1050,667.00,325.00,0,20836
74570,1052,588.00,307.00,0,20844
74696,1053,429.00,324.00,0,20853
74824,1056,666.00,324.00,0,20861
74951,1058,683.00,318.00,0,20871
75077,1061,598.00,324.00,0,20880
75202,1064,582.00,308.00,0,20888
75330,1068,631.00,325.00,0,20897
75456,1071,680.00,341.00,0,20907
75582,1074,618.00,341.00,0,20915
75708,1076,567.00,325.00,0,20924
75836,1078,627.00,324.00,0,20932
75963,1080,659.00,325.00,0,20941
76088,1082,593.00,325.00,0,20951
76214,1085,572.00,307.00,0,20959
76341,1088,559.00,308.00,0,20968
76468,1092,641.00,307.00,0,20977
76594,1096,623.00,319.00,0,20985
76720,1100,570.00,324.00,0,20995
76848,1102,594.00,308.00,0,21004
76974,1104,652.00,308.00,0,21012
77100,1106,625.00,308.00,0,21021
77226,1108,611.00,307.00,0,21029
77352,1109,532.00,324.00,0,21039
77478,1111,629.00,325.00,0,21048
77605,1114,625.00,324.00,0,21056
77732,1118,611.00,325.00,0,21065
77858,1121,538.00,307.00,0,21074
77985,1125,609.00,308.00,0,21083
78111,1128,631.00,325.00,0,21092
78238,1131,646.00,319.00,0,21100
78364,1134,483.00,324.00,0,21109
78491,1136,604.00,325.00,0,21118
78616,1138,607.00,325.00,0,21127
78743,1141,619.00,307.00,0,21136
78870,1144,668.00,322.00,0,21145
78997,1146,568.00,324.00,0,21153
79122,1150,654.00,324.00,0,21163
79249,1152,690.00,325.00,0,21172
79376,1156,618.00,307.00,0,21180
79502,1160,566.00,307.00,0,21189
79628,1162,626.00,324.00,0,21197
79755,1166,667.00,325.00,0,21207
79882,1168,616.00,307.00,0,21216
80009,1170,510.00,308.00,0,21224
80134,1172,601.00,308.00,0,21233
80262,1174,670.00,325.00,0,21242
80388,1178,594.00,325.00,0,21251
80514,1181,571.00,325.00,0,21260
80640,1184,589.00,325.00,0,21269
80766,1188,691.00,307.00,0,21277
80894,1192,679.00,341.00,0,21286
81020,1196,576.00,341.00,0,21295
81146,1198,633.00,341.00,0,21304
81273,1200,712.00,307.00,0,21313
81399,1202,604.00,307.00,0,21321
81526,1205,489.00,324.00,0,21330
81651,1207,571.00,324.00,0,21340
81778,1210,685.00,324.00,0,21348
81906,1212,652.00,325.00,0,21357
82031,1216,470.00,308.00,0,21365
82157,1219,580.00,308.00,0,21374
82285,1222,685.00,325.00,0,21384
82411,1226,629.00,324.00,0,21392
82537,1230,515.00,308.00,0,21401
82663,1234,559.00,325.00,0,21410
82790,1236,718.00,326.00,0,21419
82918,1238,678.00,308.00,0,21428
83043,1240,499.00,307.00,0,21437
83170,1242,550.00,307.00,0,21445
83296,1244,681.00,325.00,0,21454
83422,1247,643.00,323.00,0,21463
83548,1250,509.00,324.00,0,21472
83674,1254,499.00,324.00,0,21481
83802,1257,676.00,324.00,0,21489
83929,1260,686.00,325.00,0,21498
84054,1264,524.00,308.00,0,21508
84181,1266,518.00,308.00,0,21516
84307,1269,657.00,325.00,0,21525
84434,1272,658.00,324.00,0,21533
84560,1274,557.00,325.00,0,21542
84686,1278,481.00,325.00,0,21552
84814,1281,683.00,325.00,0,21560
84941,1284,680.00,324.00,0,21569
85066,1286,555.00,324.00,0,21578
85192,1289,467.00,307.00,0,21586
85319,1292,626.00,307.00,0,21596
85446,1294,649.00,307.00,0,21605
85571,1297,565.00,307.00,0,21613
85697,1299,397.00,324.00,0,21622
85826,1302,625.00,325.00,0,21630
85952,1305,660.00,324.00,0,21640
86077,1308,582.00,325.00,0,21649
86203,1312,550.00,324.00,0,21657
86330,1315,616.00,324.00,0,21666
86458,1318,642.00,325.00,0,21676
86583,1322,611.00,325.00,0,21684
86709,1325,541.00,324.00,0,21693
86837,1328,613.00,324.00,0,21702
86964,1330,645.00,324.00,0,21710
87089,1332,587.00,324.00,0,21720
87216,1334,559.00,325.00,0,21728
87342,1336,538.00,307.00,0,21737
87468,1339,607.00,324.00,0,21746
87594,1342,587.00,307.00,0,21754
87721,1346,537.00,325.00,0,21764
87848,1350,573.00,324.00,0,21773
87974,1354,606.00,307.00,0,21781
88100,1357,609.00,324.00,0,21790
88227,1360,609.00,341.00,0,21798
88354,1362,515.00,325.00,0,21808
88480,1364,608.00,325.00,0,21817
88606,1366,591.00,324.00,0,21825
88732,1370,562.00,324.00,0,21834
88860,1372,512.00,308.00,0,21843
88986,1376,578.00,308.00,0,21852
89112,1380,596.00,325.00,0,21861
89239,1384,645.00,307.00,0,21870
89366,1387,466.00,324.00,0,21878
89492,1390,576.00,325.00,0,21888
89618,1392,598.00,309.00,0,21896
89744,1395,622.00,324.00,0,21905
89871,1398,573.00,325.00,0,21914
89998,1400,544.00,324.00,0,21922
90124,1403,605.00,324.00,0,21932
90250,1406,653.00,324.00,0,21941
90377,1410,599.00,324.00,0,21949
90504,1413,539.00,325.00,0,21958
90629,1416,570.00,308.00,0,21966
90756,1419,620.00,325.00,0,21976
90884,1422,599.00,308.00,0,21985
91010,1425,488.00,317.00,0,21993
91136,1428,598.00,325.00,0,22002
91262,1430,669.00,325.00,0,22011
91388,1433,568.00,323.00,0,22020
91514,1436,554.00,324.00,0,22029
91640,1439,573.00,324.00,0,22038
91768,1442,656.00,307.00,0,22046
91895,1446,630.00,341.00,0,22055
92020,1448,530.00,308.00,0,22064
92147,1451,575.00,324.00,0,22073
92273,1454,659.00,309.00,0,22082
92400,1456,587.00,324.00,0,22090
92526,1458,463.00,307.00,0,22099
92652,1462,525.00,325.00,0,22109
92780,1464,640.00,308.00,0,22117
92906,1467,620.00,308.00,0,22126
93032,1470,457.00,308.00,0,22135
93158,1474,557.00,324.00,0,22144
93286,1477,660.00,308.00,0,22153
93411,1480,615.00,324.00,0,22161
93537,1483,470.00,308.00,0,22170
93662,1486,512.00,325.00,0,22179
93790,1488,658.00,324.00,0,22188
93918,1490,631.00,325.00,0,22197
94044,1492,469.00,324.00,0,22206
94170,1495,511.00,307.00,0,22214
94296,1498,632.00,324.00,0,22223
94423,1502,605.00,324.00,0,22232
94550,1506,475.00,307.00,0,22241
94676,1510,466.00,324.00,0,22250
94803,1514,662.00,308.00,0,22258
94930,1518,646.00,308.00,0,22267
95056,1520,499.00,308.00,0,22277
95182,1522,483.00,325.00,0,22285
95308,1524,642.00,324.00,0,22294
95434,1526,605.00,307.00,0,22303
95560,1530,533.00,324.00,0,22311
95686,1533,432.00,341.00,0,22321
95814,1537,621.00,307.00,0,22329
95941,1540,644.00,308.00,0,22338
96066,1544,527.00,324.00,0,22347
96193,1546,568.00,324.00,0,22355
96320,1548,595.00,308.00,0,22365
96446,1551,593.00,308.00,0,22374
96572,1554,532.00,325.00,0,22382
96698,1557,348.00,325.00,0,22391
96826,1561,605.00,307.00,0,22401
96952,1564,622.00,307.00,0,22409
97078,1568,534.00,308.00,0,22418
97204,1571,529.00,308.00,0,22426
97332,1574,582.00,341.00,0,22435
97458,1576,600.00,325.00,0,22445
97584,1579,578.00,341.00,0,22453
97709,1582,502.00,308.00,0,22462
97837,1584,542.00,308.00,0,22471
97964,1588,596.00,324.00,0,22479
98090,1591,546.00,324.00,0,22489
98216,1594,538.00,325.00,0,22497
98343,1598,516.00,324.00,0,22506
98469,1601,578.00,307.00,0,22515
98596,1604,561.00,325.00,0,22523
98722,1608,517.00,325.00,0,22533
98849,1611,546.00,325.00,0,22542
98975,1614,578.00,324.00,0,22550
99100,1616,567.00,325.00,0,22559
99228,1620,582.00,324.00,0,22568
99354,1622,462.00,325.00,0,22577
99481,1626,565.00,324.00,0,22586
99608,1630,559.00,308.00,0,22594
99733,1634,532.00,307.00,0,22603
99861,1638,473.00,314.00,0,22612
99988,1642,541.00,324.00,0,22621
100113,1645,562.00,324.00,0,22630
100244,1648,597.00,308.00,0,22639
100374,1650,383.00,341.00,0,22648
100504,1653,498.00,309.00,0,22658
100633,1656,533.00,308.00,0,22667
100764,1660,602.00,307.00,0,22676
100895,1664,606.00,324.00,0,22685
101024,1668,463.00,307.00,0,22693
101154,1672,544.00,308.00,0,22703
101285,1675,657.00,325.00,0,22712
101415,1678,592.00,325.00,0,22721
101545,1682,468.00,307.00,0,22730
101674,1684,436.00,313.00,0,22739
101805,1687,621.00,307.00,0,22749
101936,1690,628.00,324.00,0,22758
102066,1694,492.00,325.00,0,22767
102196,1696,519.00,307.00,0,22775
102326,1700,558.00,324.00,0,22785
102456,1703,603.00,324.00,0,22794
102585,1706,540.00,325.00,0,22803
102716,1709,465.00,307.00,0,22812
102847,1712,526.00,308.00,0,22821
102977,1715,559.00,325.00,0,22831
103107,1718,557.00,307.00,0,22840
103237,1722,576.00,324.00,0,22848
103368,1726,397.00,325.00,0,22857
103498,1729,519.00,325.00,0,22866
103627,1732,552.00,324.00,0,22876
103757,1734,581.00,308.00,0,22885
103889,1737,547.00,324.00,0,22894
104018,1739,566.00,332.00,0,22903
104148,1742,533.00,325.00,0,22913
104278,1745,615.00,308.00,0,22922
104409,1748,539.00,325.00,0,22930
104538,1752,424.00,324.00,0,22939
104668,1755,452.00,341.00,0,22948
104800,1758,613.00,308.00,0,22958
104930,1762,602.00,308.00,0,22967
105058,1764,463.00,324.00,0,22976
105167,1768,826.00,358.00,0,22985
105180,1770,826.00,425.00,0,22994
105098,1770,826.00,493.00,0,23004
104978,1770,795.00,493.00,0,23012
104848,1769,738.00,492.00,0,23021
104720,1767,667.00,492.00,0,23030
104592,1766,697.00,493.00,0,23040
104460,1765,658.00,509.00,0,23049
104331,1764,764.00,493.00,0,23058
104203,1764,783.00,493.00,0,23067
104075,1763,736.00,509.00,0,23076
103943,1762,667.00,492.00,0,23086
103813,1759,781.00,492.00,0,23094
103685,1756,791.00,509.00,0,23103
103556,1754,761.00,509.00,0,23112
103424,1750,670.00,476.00,0,23121
103294,1748,763.00,492.00,0,23131
103166,1745,804.00,492.00,0,23140
103037,1742,783.00,493.00,0,23149
102906,1740,748.00,509.00,0,23158
102774,1738,769.00,509.00,0,23168
102646,1735,786.00,491.00,0,23176
102516,1732,803.00,508.00,0,23185
102384,1728,741.00,503.00,0,23194
102254,1722,756.00,509.00,0,23203
102126,1717,789.00,493.00,0,23213
101994,1712,792.00,509.00,0,23222
101864,1709,785.00,493.00,0,23231
101733,1706,769.00,509.00,0,23240
101604,1704,778.00,492.00,0,23249
101474,1700,780.00,492.00,0,23258
101342,1697,785.00,475.00,0,23267
101213,1693,792.00,493.00,0,23276
101085,1688,786.00,492.00,0,23285
100954,1684,779.00,492.00,0,23294
100824,1680,792.00,509.00,0,23304
100694,1676,789.00,509.00,0,23313
100564,1673,780.00,492.00,0,23322
100432,1670,730.00,492.00,0,23330
100301,1666,755.00,492.00,0,23340
100173,1664,809.00,492.00,0,23349
100045,1660,793.00,509.00,0,23358
99914,1656,788.00,509.00,0,23367
99787,1652,781.00,493.00,0,23375
99662,1647,788.00,508.00,0,23385
99535,1643,794.00,509.00,0,23394
99406,1640,729.00,509.00,0,23402
99279,1636,738.00,475.00,0,23411
99155,1634,801.00,492.00,0,23420
99028,1631,787.00,492.00,0,23429
98903,1628,782.00,492.00,0,23438
98777,1626,782.00,492.00,0,23446
98652,1622,798.00,509.00,0,23455
98526,1618,806.00,508.00,0,23464
98399,1614,787.00,508.00,0,23473
98271,1610,780.00,509.00,0,23482
98145,1606,800.00,509.00,0,23491
98018,1602,791.00,509.00,0,23499
97891,1600,784.00,492.00,0,23508
97764,1596,770.00,493.00,0,23518
97638,1593,787.00,508.00,0,23526
97514,1590,807.00,493.00,0,23535
97386,1586,778.00,492.00,0,23543
97258,1582,773.00,475.00,0,23553
97134,1578,796.00,476.00,0,23562
97008,1575,792.00,475.00,0,23570
96881,1572,796.00,492.00,0,23579
96755,1570,791.00,509.00,0,23588
96631,1568,798.00,508.00,0,23597
96506,1565,819.00,493.00,0,23606
96378,1561,793.00,492.00,0,23614
96252,1556,791.00,509.00,0,23623
96127,1552,799.00,492.00,0,23632
96001,1548,794.00,493.00,0,23641
95873,1544,799.00,492.00,0,23650
95746,1542,790.00,493.00,0,23659
95620,1539,791.00,508.00,0,23667
95493,1536,802.00,493.00,0,23676
95366,1534,784.00,492.00,0,23686
95238,1530,788.00,492.00,0,23694
95112,1526,787.00,475.00,0,23703
94986,1522,790.00,493.00,0,23711
94860,1519,805.00,492.00,0,23720
94734,1516,791.00,492.00,0,23730
94610,1514,798.00,493.00,0,23738
94484,1512,805.00,493.00,0,23747
94356,1508,798.00,511.00,0,23756
94230,1504,794.00,492.00,0,23764
94104,1499,793.00,509.00,0,23774
93978,1494,792.00,509.00,0,23783
93850,1491,812.00,508.00,0,23791
93723,1488,788.00,493.00,0,23800
93597,1486,785.00,492.00,0,23809
93470,1484,794.00,492.00,0,23818
93342,1482,792.00,475.00,0,23827
93216,1480,800.00,509.00,0,23835
93092,1476,793.00,475.00,0,23844
92967,1470,798.00,493.00,0,23854
92840,1466,817.00,493.00,0,23862
92714,1462,800.00,509.00,0,23871
92589,1458,796.00,493.00,0,23879
92461,1456,799.00,509.00,0,23888
92332,1455,792.00,510.00,0,23898
92204,1454,799.00,492.00,0,23906
92080,1451,790.00,492.00,0,23915
91953,1448,793.00,509.00,0,23924
91827,1443,806.00,492.00,0,23932
91702,1438,803.00,492.00,0,23942
91578,1433,800.00,492.00,0,23951
91451,1428,789.00,492.00,0,23959
91322,1426,788.00,508.00,0,23968
91194,1422,806.00,509.00,0,23976
91068,1420,788.00,492.00,0,23986
90940,1419,785.00,492.00,0,23995
90812,1417,799.00,493.00,0,24003
90686,1415,803.00,507.00,0,24012
90563,1412,798.00,493.00,0,24022
90437,1408,790.00,492.00,0,24030
90310,1404,791.00,493.00,0,24039
90185,1400,814.00,492.00,0,24048
90060,1395,797.00,509.00,0,24056
89932,1392,791.00,492.00,0,24066
89806,1388,797.00,509.00,0,24074
89679,1386,801.00,492.00,0,24083
89553,1384,799.00,509.00,0,24092
89424,1382,782.00,476.00,0,24100
89296,1380,792.00,509.00,0,24110
89171,1376,817.00,493.00,0,24119
89046,1372,798.00,493.00,0,24127
88920,1368,800.00,492.00,0,24136
88794,1365,799.00,509.00,0,24144
88670,1362,809.00,507.00,0,24154
88544,1360,811.00,493.00,0,24163
88416,1358,794.00,492.00,0,24171
88288,1356,789.00,493.00,0,24180
88162,1353,820.00,509.00,0,24189
88037,1350,799.00,493.00,0,24198
87910,1345,800.00,492.00,0,24207
87784,1341,801.00,509.00,0,24216
87660,1338,804.00,492.00,0,24224
87533,1334,812.00,493.00,0,24233
87404,1332,790.00,493.00,0,24242
87276,1330,791.00,509.00,0,24251
87150,1328,811.00,509.00,0,24260
87024,1326,800.00,491.00,0,24268
86898,1324,799.00,493.00,0,24278
86773,1321,800.00,493.00,0,24287
86650,1318,814.00,492.00,0,24295
86525,1314,826.00,509.00,0,24304
86398,1310,800.00,509.00,0,24313
86268,1306,788.00,492.00,0,24322
86142,1302,812.00,510.00,0,24331
86014,1299,800.00,509.00,0,24339
85886,1296,795.00,492.00,0,24348
85758,1295,788.00,493.00,0,24357
85632,1293,793.00,475.00,0,24366
85507,1290,813.00,475.00,0,24375
85380,1288,796.00,509.00,0,24384
85253,1284,796.00,508.00,0,24392
85129,1280,807.00,492.00,0,24401
85004,1275,812.00,509.00,0,24410
84876,1272,812.00,509.00,0,24419
84750,1269,801.00,495.00,0,24428
84626,1267,805.00,493.00,0,24436
84499,1266,819.00,492.00,0,24445
84371,1264,795.00,509.00,0,24455
84243,1262,797.00,493.00,0,24463
84118,1259,803.00,492.00,0,24472
83993,1255,804.00,492.00,0,24481
83866,1250,816.00,508.00,0,24489
83740,1246,800.00,492.00,0,24499
83616,1243,803.00,509.00,0,24507
83489,1240,814.00,509.00,0,24516
83360,1238,805.00,492.00,0,24525
83232,1237,803.00,509.00,0,24534
83106,1236,804.00,509.00,0,24543
82980,1234,806.00,509.00,0,24552
82854,1231,826.00,492.00,0,24560
82729,1228,809.00,492.00,0,24569
82606,1225,815.00,492.00,0,24578
82480,1221,826.00,508.00,0,24587
82352,1216,816.00,509.00,0,24596
82224,1212,806.00,509.00,0,24604
82098,1208,800.00,509.00,0,24613
81970,1205,794.00,492.00,0,24623
81841,1203,812.00,492.00,0,24631
81714,1202,796.00,492.00,0,24640
81589,1200,796.00,493.00,0,24649
81463,1198,802.00,508.00,0,24657
81335,1196,801.00,492.00,0,24667
81210,1192,814.00,493.00,0,24675
81085,1187,800.00,491.00,0,24684
80959,1182,799.00,493.00,0,24693
80832,1178,823.00,509.00,0,24701
80706,1174,805.00,509.00,0,24711
80580,1172,805.00,509.00,0,24720
80452,1170,794.00,509.00,0,24728
80323,1170,790.00,492.00,0,24737
80196,1168,810.00,475.00,0,24745
80070,1166,799.00,493.00,0,24755
79944,1162,799.00,492.00,0,24764
79819,1158,816.00,500.00,0,24772
79694,1154,817.00,509.00,0,24781
79570,1150,811.00,493.00,0,24791
79444,1147,806.00,509.00,0,24799
79314,1144,798.00,509.00,0,24808
79187,1142,819.00,495.00,0,24817
79060,1140,797.00,509.00,0,24825
78932,1138,792.00,493.00,0,24835
78806,1136,803.00,492.00,0,24843
78681,1135,813.00,491.00,0,24852
78558,1133,812.00,493.00,0,24861
78432,1130,805.00,491.00,0,24869
78305,1126,801.00,492.00,0,24879
78180,1122,826.00,492.00,0,24888
78054,1117,810.00,493.00,0,24896
77927,1113,804.00,492.00,0,24905
77799,1110,809.00,493.00,0,24914
77673,1108,813.00,492.00,0,24923
77547,1108,818.00,509.00,0,24932
77419,1108,799.00,493.00,0,24940
77291,1106,798.00,492.00,0,24949
77166,1104,826.00,493.00,0,24958
77042,1100,817.00,509.00,0,24967
76916,1096,815.00,509.00,0,24976
76791,1091,814.00,492.00,0,24985
76666,1086,821.00,491.00,0,24993
76540,1082,826.00,509.00,0,25003
76412,1080,805.00,509.00,0,25011
76282,1080,793.00,509.00,0,25020
76154,1079,814.00,475.00,0,25029
76027,1078,806.00,493.00,0,25037
75900,1076,804.00,499.00,0,25047
75774,1072,808.00,492.00,0,25056
75652,1068,823.00,509.00,0,25064
75527,1064,827.00,509.00,0,25073
75400,1059,807.00,493.00,0,25082
75270,1056,796.00,492.00,0,25091
75144,1053,820.00,509.00,0,25100
75016,1051,806.00,492.00,0,25108
74888,1050,806.00,509.00,0,25117
74762,1049,798.00,509.00,0,25126
74638,1048,807.00,494.00,0,25135
74512,1045,826.00,493.00,0,25144
74386,1042,805.00,493.00,0,25153
74259,1038,802.00,475.00,0,25161
74134,1033,817.00,475.00,0,25170
74008,1030,815.00,475.00,0,25180
73881,1026,813.00,492.00,0,25188
73754,1025,806.00,493.00,0,25197
73629,1024,812.00,492.00,0,25205
73502,1024,827.00,509.00,0,25214
73374,1022,804.00,493.00,0,25224
73248,1020,809.00,492.00,0,25232
73124,1018,823.00,493.00,0,25241
72998,1014,823.00,510.00,0,25250
72873,1010,826.00,509.00,0,25259
72746,1006,815.00,509.00,0,25268
72623,1002,817.00,509.00,0,25276
72496,999,826.00,508.00,0,25285
72370,997,810.00,509.00,0,25293
72244,995,799.00,492.00,0,25303
72120,994,802.00,509.00,0,25311
71996,992,811.00,510.00,0,25319
71873,990,817.00,509.00,0,25328
71750,988,802.00,492.00,0,25336
71632,986,815.00,491.00,0,25345
71510,983,826.00,492.00,0,25354
71388,980,814.00,509.00,0,25362
71264,976,808.00,493.00,0,25371
71142,972,825.00,509.00,0,25379
71019,968,814.00,509.00,0,25388
70894,966,804.00,492.00,0,25397
70770,963,804.00,492.00,0,25405
70649,962,815.00,509.00,0,25414
70526,960,826.00,508.00,0,25422
70402,959,806.00,528.00,0,25431
70278,957,796.00,493.00,0,25440
70156,954,825.00,492.00,0,25448
70034,952,816.00,493.00,0,25456
69913,948,814.00,508.00,0,25465
69791,945,814.00,493.00,0,25474
69670,942,823.00,493.00,0,25483
69550,940,826.00,493.00,0,25491
69426,938,810.00,475.00,0,25499
69301,936,804.00,492.00,0,25508
69178,934,826.00,509.00,0,25517
69055,931,807.00,492.00,0,25525
68930,928,803.00,492.00,0,25534
68807,926,812.00,492.00,0,25542
68686,924,825.00,493.00,0,25551
68566,922,820.00,492.00,0,25560
68442,920,814.00,509.00,0,25568
68318,919,816.00,509.00,0,25577
68196,916,826.00,476.00,0,25585
68076,912,813.00,493.00,0,25593
67952,908,813.00,492.00,0,25603
67828,904,826.00,510.00,0,25611
67706,902,817.00,509.00,0,25620
67585,900,817.00,509.00,0,25628
67461,898,817.00,509.00,0,25636
67336,898,810.00,507.00,0,25646
67212,896,820.00,509.00,0,25654
67090,894,813.00,508.00,0,25663
66968,892,809.00,492.00,0,25671
66846,889,826.00,493.00,0,25679
66724,886,818.00,503.00,0,25689
66605,882,822.00,492.00,0,25697
66482,878,826.00,507.00,0,25705
66358,876,822.00,509.00,0,25714
66233,873,811.00,509.00,0,25722
66110,872,812.00,507.00,0,25732
65986,871,815.00,492.00,0,25740
65862,870,825.00,493.00,0,25748
65741,869,811.00,506.00,0,25757
65620,868,815.00,492.00,0,25765
65500,865,826.00,492.00,0,25774
65378,862,824.00,492.00,0,25783
65256,859,823.00,492.00,0,25791
65134,854,825.00,509.00,0,25800
65011,850,822.00,492.00,0,25808
64888,847,819.00,509.00,0,25817
64764,844,811.00,509.00,0,25826
64640,843,817.00,492.00,0,25834
64516,842,826.00,507.00,0,25842
64392,842,804.00,509.00,0,25851
64266,841,799.00,509.00,0,25860
64145,838,826.00,492.00,0,25869
64024,836,821.00,508.00,0,25877
63902,832,827.00,509.00,0,25885
63780,829,819.00,493.00,0,25894
63660,826,827.00,509.00,0,25903
63540,824,826.00,493.00,0,25912
63416,822,820.00,509.00,0,25920
63292,821,812.00,492.00,0,25928
63169,818,827.00,509.00,0,25937
63046,816,821.00,492.00,0,25946
62921,813,810.00,492.00,0,25954
62798,810,820.00,492.00,0,25963
62676,808,824.00,493.00,0,25971
62555,806,823.00,493.00,0,25980
62430,804,811.00,493.00,0,25989
62306,804,813.00,509.00,0,25997
62184,802,826.00,492.00,0,26006
62062,799,823.00,492.00,0,26014
61940,796,821.00,493.00,0,26022
61818,792,827.00,509.00,0,26032
61697,789,820.00,475.00,0,26040
61576,786,823.00,492.00,0,26049
61452,784,824.00,509.00,0,26057
61326,782,813.00,493.00,0,26065
61202,780,825.00,493.00,0,26075
61078,778,807.00,492.00,0,26083
60954,776,808.00,493.00,0,26091
60830,774,823.00,509.00,0,26100
60709,771,818.00,509.00,0,26108
60589,768,820.00,510.00,0,26118
60466,766,819.00,475.00,0,26126
60342,764,819.00,493.00,0,26134
60219,762,811.00,492.00,0,26143
60097,760,814.00,493.00,0,26151
59974,758,812.00,493.00,0,26160
59852,755,826.00,493.00,0,26169
59730,752,815.00,492.00,0,26177
59610,750,821.00,493.00,0,26186
59488,749,826.00,475.00,0,26194
59364,747,815.00,492.00,0,26203
59240,745,813.00,509.00,0,26212
59118,742,816.00,508.00,0,26220
58994,740,822.00,493.00,0,26229
58870,738,826.00,509.00,0,26237
58748,735,813.00,509.00,0,26246
58628,734,823.00,509.00,0,26255
58506,732,825.00,509.00,0,26263
58382,730,813.00,493.00,0,26271
58258,728,811.00,475.00,0,26280
58137,726,826.00,509.00,0,26289
58014,722,826.00,493.00,0,26298
57890,719,824.00,492.00,0,26306
57768,716,821.00,510.00,0,26314
57648,714,826.00,509.00,0,26323
57526,713,826.00,509.00,0,26332
57402,712,819.00,509.00,0,26340
57278,712,816.00,509.00,0,26349
57156,710,826.00,476.00,0,26357
57033,707,820.00,493.00,0,26366
56910,704,826.00,509.00,0,26375
56788,701,821.00,509.00,0,26383
56667,698,827.00,509.00,0,26392
56546,695,826.00,510.00,0,26400
56422,692,820.00,509.00,0,26408
56296,690,815.00,509.00,0,26418
56172,688,826.00,509.00,0,26426
56049,687,821.00,509.00,0,26435
55925,686,811.00,492.00,0,26443
55802,684,823.00,493.00,0,26451
55682,683,825.00,492.00,0,26461
55562,682,826.00,509.00,0,26469
55440,680,826.00,493.00,0,26478
55317,678,826.00,509.00,0,26486
55196,674,826.00,475.00,0,26494
55074,670,826.00,509.00,0,26504
54950,666,824.00,492.00,0,26512
54826,662,826.00,493.00,0,26520
54703,660,820.00,509.00,0,26529
54581,660,823.00,509.00,0,26537
54457,659,820.00,509.00,0,26547
54331,659,817.00,509.00,0,26555
54207,658,826.00,508.00,0,26563
54086,656,821.00,509.00,0,26572
53964,653,819.00,509.00,0,26580
53842,650,825.00,492.00,0,26589
53722,647,822.00,492.00,0,26598
53602,645,824.00,492.00,0,26606
53480,644,826.00,492.00,0,26615
53356,642,826.00,492.00,0,26624
53232,640,826.00,509.00,0,26632
53110,638,825.00,509.00,0,26641
52986,635,825.00,493.00,0,26649
52861,632,826.00,493.00,0,26657
52739,630,815.00,492.00,0,26667
52617,628,822.00,509.00,0,26675
52494,627,826.00,493.00,0,26684
52369,626,814.00,492.00,0,26692
52244,624,815.00,509.00,0,26700
52123,622,823.00,509.00,0,26710
52000,619,820.00,493.00,0,26718
51878,616,826.00,503.00,0,26727
51756,614,824.00,492.00,0,26735
51637,612,825.00,493.00,0,26743
51515,610,826.00,509.00,0,26753
51392,608,819.00,509.00,0,26761
51268,608,816.00,500.00,0,26769
51144,606,826.00,509.00,0,26778
51022,603,826.00,493.00,0,26786
50898,600,823.00,509.00,0,26796
50774,598,818.00,492.00,0,26804
50654,596,826.00,476.00,0,26812
50533,594,826.00,493.00,0,26821
50409,593,817.00,509.00,0,26829
50284,592,814.00,509.00,0,26838
50162,589,826.00,509.00,0,26847
50039,586,819.00,493.00,0,26855
49916,584,821.00,509.00,0,26864
49794,580,824.00,492.00,0,26872
49674,579,826.00,501.00,0,26881
49553,578,827.00,509.00,0,26890
49429,577,821.00,510.00,0,26898
49305,576,815.00,509.00,0,26906
49182,574,826.00,509.00,0,26915
49060,571,819.00,509.00,0,26924
48936,568,824.00,492.00,0,26933
48812,565,825.00,493.00,0,26941
48691,562,826.00,509.00,0,26949
48570,562,825.00,476.00,0,26958
48446,561,822.00,493.00,0,26967
48321,560,821.00,492.00,0,26975
48199,558,826.00,509.00,0,26984
48076,556,825.00,509.00,0,26992
47954,554,823.00,492.00,0,27001
47832,551,826.00,493.00,0,27010
47712,549,826.00,492.00,0,27018
47592,547,826.00,492.00,0,27027
47471,545,826.00,509.00,0,27035
47347,544,826.00,509.00,0,27044
47222,541,826.00,492.00,0,27053
47099,538,823.00,509.00,0,27061
46974,536,822.00,493.00,0,27070
46849,534,826.00,509.00,0,27078
46726,532,823.00,493.00,0,27086
46605,532,825.00,509.00,0,27096
46482,531,826.00,508.00,0,27104
46358,530,825.00,493.00,0,27113
46234,528,821.00,492.00,0,27121
46113,525,827.00,493.00,0,27129
45991,522,827.00,509.00,0,27139
45868,518,826.00,492.00,0,27147
45748,516,826.00,509.00,0,27155
45628,515,826.00,492.00,0,27164
45507,514,826.00,492.00,0,27172
45383,514,825.00,475.00,0,27182
45259,512,821.00,475.00,0,27190
45137,510,827.00,511.00,0,27198
45014,508,826.00,493.00,0,27207
44889,504,826.00,509.00,0,27215
44766,502,826.00,493.00,0,27224
44646,500,826.00,492.00,0,27233
44524,500,826.00,509.00,0,27241
44399,498,826.00,509.00,0,27250
44274,498,820.00,493.00,0,27258
44152,496,826.00,493.00,0,27267
44029,494,825.00,475.00,0,27276
43906,490,827.00,493.00,0,27284
43784,488,826.00,491.00,0,27293
43664,486,825.00,509.00,0,27301
43544,486,826.00,493.00,0,27310
43420,484,826.00,492.00,0,27319
43296,484,826.00,509.00,0,27327
43174,482,826.00,493.00,0,27335
43052,479,826.00,492.00,0,27344
42928,476,823.00,493.00,0,27353
42804,474,825.00,509.00,0,27362
42682,472,826.00,492.00,0,27370
42561,470,826.00,493.00,0,27378
42437,469,826.00,509.00,0,27387
42312,468,824.00,510.00,0,27396
42188,466,827.00,492.00,0,27404
42065,464,824.00,492.00,0,27413
41942,460,822.00,492.00,0,27421
41818,458,827.00,493.00,0,27430
41698,456,825.00,492.00,0,27439
41578,456,826.00,493.00,0,27447
41455,455,826.00,493.00,0,27456
41331,454,826.00,492.00,0,27464
41209,452,827.00,493.00,0,27472
41086,450,825.00,492.00,0,27482
40963,447,827.00,492.00,0,27490
40840,444,826.00,493.00,0,27499
40718,442,826.00,475.00,0,27507
40598,441,826.00,509.00,0,27515
40476,440,826.00,492.00,0,27525
40350,440,826.00,492.00,0,27533
40227,438,826.00,492.00,0,27542
40105,436,826.00,492.00,0,27550
39982,434,826.00,509.00,0,27558
39860,431,826.00,492.00,0,27568
39739,429,826.00,492.00,0,27576
39618,428,826.00,493.00,0,27584
39498,428,826.00,509.00,0,27593
39374,427,826.00,509.00,0,27601
39250,426,826.00,510.00,0,27611
39128,424,825.00,509.00,0,27619
39004,420,827.00,493.00,0,27627
38881,417,827.00,509.00,0,27636
38758,414,826.00,493.00,0,27644
38638,412,827.00,492.00,0,27653
38514,411,826.00,509.00,0,27662
38388,410,823.00,509.00,0,27670
38264,410,822.00,509.00,0,27679
38140,409,826.00,493.00,0,27687
38016,407,826.00,509.00,0,27696
37894,404,826.00,492.00,0,27705
37772,402,826.00,509.00,0,27713
37653,401,826.00,509.00,0,27721
37533,400,826.00,492.00,0,27730
37410,398,826.00,509.00,0,27739
37286,396,827.00,494.00,0,27748
37163,394,826.00,509.00,0,27756
37040,390,826.00,508.00,0,27764
36915,388,826.00,493.00,0,27773
36791,386,826.00,493.00,0,27782
36670,385,827.00,510.00,0,27790
36548,385,826.00,483.00,0,27799
36424,385,827.00,493.00,0,27807
36300,384,824.00,493.00,0,27816
36178,382,825.00,497.00,0,27825
36055,380,826.00,510.00,0,27833
35933,377,826.00,492.00,0,27842
35811,374,826.00,509.00,0,27850
35692,373,826.00,493.00,0,27859
35574,372,826.00,492.00,0,27868
35451,372,826.00,494.00,0,27876
35326,371,827.00,493.00,0,27885
35204,369,826.00,492.00,0,27893
35081,366,826.00,492.00,0,27901
34956,363,826.00,504.00,0,27911
34832,360,826.00,509.00,0,27919
34709,358,826.00,495.00,0,27928
34588,357,825.00,493.00,0,27936
34464,356,827.00,492.00,0,27944
34338,356,826.00,493.00,0,27954
34213,356,825.00,509.00,0,27962
34090,354,827.00,492.00,0,27970
33967,351,826.00,492.00,0,27979
33844,348,826.00,492.00,0,27987
33724,347,826.00,493.00,0,27997
33605,346,826.00,509.00,0,28005
33484,346,826.00,493.00,0,28013
33362,346,826.00,492.00,0,28022
33239,344,826.00,493.00,0,28030
33118,342,826.00,493.00,0,28039
32994,338,826.00,509.00,0,28048
32871,335,826.00,509.00,0,28056
32748,332,826.00,493.00,0,28065
32628,331,826.00,492.00,0,28073
32505,330,826.00,493.00,0,28082
32380,330,827.00,509.00,0,28091
32254,330,825.00,510.00,0,28099
32130,328,826.00,509.00,0,28108
32006,326,826.00,492.00,0,28116
31882,324,826.00,492.00,0,28125
31760,321,826.00,493.00,0,28134
31640,320,825.00,492.00,0,28142
31520,320,826.00,509.00,0,28150
31397,319,826.00,492.00,0,28160
31274,318,826.00,493.00,0,28168
31151,316,826.00,492.00,0,28177
31028,312,826.00,476.00,0,28185
30904,310,826.00,492.00,0,28193
30780,307,826.00,493.00,0,28203
30660,306,826.00,493.00,0,28211
30538,306,826.00,493.00,0,28219
30414,306,826.00,492.00,0,28228
30290,305,826.00,509.00,0,28236
30166,304,826.00,493.00,0,28246
30044,300,826.00,491.00,0,28254
29921,298,826.00,509.00,0,28262
29800,296,826.00,475.00,0,28271
29680,295,825.00,492.00,0,28279
29560,295,827.00,493.00,0,28288
29438,295,826.00,492.00,0,28297
29315,294,826.00,493.00,0,28305
29192,293,826.00,509.00,0,28314
29070,290,826.00,493.00,0,28322
28946,288,826.00,476.00,0,28331
28822,286,826.00,509.00,0,28340
28701,284,826.00,493.00,0,28348
28581,284,826.00,493.00,0,28356
28457,284,826.00,509.00,0,28365
28332,284,826.00,509.00,0,28374
28208,282,826.00,509.00,0,28383
28084,280,826.00,509.00,0,28391
27962,276,826.00,493.00,0,28399
27838,274,827.00,509.00,0,28408
27718,271,826.00,475.00,0,28417
27597,270,826.00,492.00,0,28426
27475,269,825.00,492.00,0,28434
27350,268,826.00,509.00,0,28442
27224,268,826.00,493.00,0,28451
27100,266,826.00,493.00,0,28460
26976,264,827.00,493.00,0,28468
26851,262,826.00,492.00,0,28477
26728,260,826.00,493.00,0,28485
26609,260,826.00,492.00,0,28494
26488,260,825.00,476.00,0,28503
26364,260,827.00,475.00,0,28511
26241,258,826.00,492.00,0,28520
26119,256,826.00,493.00,0,28528
25996,252,827.00,509.00,0,28536
25874,249,826.00,509.00,0,28546
25754,247,826.00,509.00,0,28554
25636,246,826.00,493.00,0,28563
25516,246,826.00,509.00,0,28571
25393,246,826.00,492.00,0,28579
25268,246,826.00,492.00,0,28589
25144,244,826.00,508.00,0,28597
25020,240,827.00,509.00,0,28605
24894,238,827.00,509.00,0,28614
24771,236,826.00,493.00,0,28622
24650,235,826.00,492.00,0,28632
24530,235,826.00,492.00,0,28640
24406,235,826.00,493.00,0,28648
24280,235,826.00,492.00,0,28657
24158,234,826.00,492.00,0,28665
24034,231,826.00,493.00,0,28675
23911,228,826.00,509.00,0,28683
23789,226,826.00,493.00,0,28691
23671,225,827.00,493.00,0,28700
23552,225,826.00,476.00,0,28708
23430,225,826.00,509.00,0,28717
23306,225,826.00,509.00,0,28726
23182,223,826.00,493.00,0,28734
23058,220,826.00,509.00,0,28743
22934,217,826.00,509.00,0,28751
22810,214,826.00,493.00,0,28760
22689,213,826.00,492.00,0,28769
22569,213,826.00,508.00,0,28777
22446,213,826.00,477.00,0,28785
22320,213,826.00,493.00,0,28794
22196,212,826.00,476.00,0,28803
22072,210,826.00,475.00,0,28812
21950,207,825.00,509.00,0,28820
21826,204,826.00,508.00,0,28828
21706,204,826.00,494.00,0,28837
21588,204,826.00,493.00,0,28846
21467,204,826.00,476.00,0,28854
21343,204,825.00,477.00,0,28863
21220,202,826.00,492.00,0,28871
21096,200,826.00,492.00,0,28880
20971,196,826.00,493.00,0,28889
20847,194,826.00,503.00,0,28897
20724,192,827.00,493.00,0,28906
20606,191,826.00,492.00,0,28914
20483,191,826.00,492.00,0,28923
20358,191,826.00,492.00,0,28932
20232,190,826.00,509.00,0,28940
20108,188,827.00,492.00,0,28949
19984,186,826.00,508.00,0,28957
19862,184,826.00,493.00,0,28965
19742,182,826.00,492.00,0,28975
19624,182,826.00,492.00,0,28983
19504,182,826.00,509.00,0,28992
19382,182,825.00,492.00,0,29000
19256,182,827.00,509.00,0,29008
19134,179,826.00,509.00,0,29018
19010,177,826.00,510.00,0,29026
18886,173,826.00,509.00,0,29034
18764,172,826.00,509.00,0,29043
18644,172,826.00,493.00,0,29051
18523,172,826.00,492.00,0,29061
18400,173,826.00,493.00,0,29069
18274,173,826.00,493.00,0,29077
18151,171,826.00,509.00,0,29086
18027,168,826.00,500.00,0,29094
17904,165,827.00,475.00,0,29103
17783,164,826.00,492.00,0,29112
17665,163,826.00,492.00,0,29120
17545,163,826.00,510.00,0,29129
17420,164,826.00,508.00,0,29137
17294,164,826.00,509.00,0,29146
17168,162,826.00,509.00,0,29155
17044,158,826.00,509.00,0,29163
16919,155,826.00,509.00,0,29172
16796,152,825.00,492.00,0,29180
16676,150,826.00,475.00,0,29189
16557,150,826.00,493.00,0,29198
16434,150,826.00,509.00,0,29206
16308,150,826.00,509.00,0,29214
16184,150,827.00,492.00,0,29223
16061,148,826.00,510.00,0,29232
15937,144,826.00,492.00,0,29241
15816,143,826.00,492.00,0,29249
15700,142,826.00,493.00,0,29257
15580,142,827.00,493.00,0,29266
15457,142,826.00,509.00,0,29275
15330,142,826.00,509.00,0,29283
15204,140,826.00,509.00,0,29292
15078,138,826.00,509.00,0,29300
14952,134,826.00,509.00,0,29309
14829,132,826.00,492.00,0,29318
14709,131,827.00,492.00,0,29326
14592,131,826.00,475.00,0,29335
14472,132,826.00,492.00,0,29343
14348,133,826.00,510.00,0,29351
14224,133,826.00,509.00,0,29361
14101,131,826.00,492.00,0,29369
13978,127,826.00,509.00,0,29378
13858,125,826.00,509.00,0,29386
13740,124,826.00,493.00,0,29394
13621,124,826.00,509.00,0,29404
13494,126,826.00,510.00,0,29412
13366,126,826.00,509.00,0,29420
13236,126,826.00,492.00,0,29429
13108,123,826.00,492.00,0,29437
12982,119,826.00,509.00,0,29447
12856,116,826.00,502.00,0,29455
12736,115,827.00,493.00,0,29463
12620,115,826.00,493.00,0,29472
12503,116,826.00,501.00,0,29480
12382,117,827.00,509.00,0,29490
12260,117,826.00,475.00,0,29498
12139,115,826.00,492.00,0,29506
12018,112,826.00,492.00,0,29515
11898,109,826.00,492.00,0,29523
11779,109,827.00,492.00,0,29532
11659,109,827.00,509.00,0,29541
11533,111,827.00,492.00,0,29549
11404,112,826.00,493.00,0,29558
11274,112,826.00,509.00,0,29566
11145,110,826.00,510.00,0,29575
11016,106,827.00,510.00,0,29584
10891,102,826.00,492.00,0,29592
10770,100,827.00,492.00,0,29600
10656,100,826.00,475.00,0,29609
10540,100,826.00,492.00,0,29618
10420,101,827.00,509.00,0,29627
10298,102,825.00,492.00,0,29635
10177,101,826.00,482.00,0,29643
10055,98,826.00,509.00,0,29651
9938,96,826.00,492.00,0,29660
9826,94,826.00,509.00,0,29668
9714,94,826.00,493.00,0,29676
9598,95,826.00,509.00,0,29684
9478,97,826.00,492.00,0,29692
9355,97,826.00,509.00,0,29701
9232,97,826.00,509.00,0,29709
9112,95,826.00,492.00,0,29716
8992,91,825.00,509.00,0,29724
8875,89,826.00,492.00,0,29732
8764,87,826.00,492.00,0,29741
8658,87,826.00,492.00,0,29749
8549,88,826.00,493.00,0,29757
8436,90,827.00,510.00,0,29765
8320,90,826.00,475.00,0,29773
8204,89,825.00,495.00,0,29780
8089,87,826.00,509.00,0,29789
7975,83,826.00,509.00,0,29797
7865,82,826.00,509.00,0,29805
7752,82,826.00,509.00,0,29813
7638,83,826.00,509.00,0,29821
7519,84,826.00,510.00,0,29830
7397,85,825.00,509.00,0,29837
7274,85,825.00,492.00,0,29845
7154,83,826.00,492.00,0,29853
7034,79,825.00,492.00,0,29861
6916,77,827.00,492.00,0,29870
6806,75,826.00,493.00,0,29878
6700,75,826.00,475.00,0,29886
6592,76,826.00,492.00,0,29894
6477,78,826.00,508.00,0,29901
6359,78,826.00,492.00,0,29910
6241,77,826.00,492.00,0,29918
6124,75,827.00,509.00,0,29926
6010,72,826.00,492.00,0,29934
5898,70,827.00,493.00,0,29942
5790,69,827.00,492.00,0,29950
5678,69,826.00,493.00,0,29959
5560,71,826.00,492.00,0,29966
5439,72,826.00,508.00,0,29974
5316,73,826.00,509.00,0,29982
5194,72,826.00,509.00,0,29990
5075,69,824.00,509.00,0,29999
4958,65,826.00,509.00,0,30007
4846,63,826.00,492.00,0,30015
4742,63,826.00,493.00,0,30023
4634,63,825.00,475.00,0,30030
4518,65,826.00,509.00,0,30039
4398,65,826.00,493.00,0,30047
4279,65,826.00,493.00,0,30055
4160,63,827.00,509.00,0,30063
4045,60,826.00,492.00,0,30071
3934,59,827.00,492.00,0,30080
3828,57,826.00,493.00,0,30087
3716,57,826.00,475.00,0,30095
3600,58,827.00,493.00,0,30103
3480,59,826.00,509.00,0,30111
3358,60,826.00,509.00,0,30119
3236,60,825.00,493.00,0,30128
3118,56,826.00,509.00,0,30136
3001,54,826.00,493.00,0,30144
2890,51,825.00,492.00,0,30151
2784,50,826.00,492.00,0,30159
2677,50,826.00,509.00,0,30168
2561,51,826.00,493.00,0,30176
2441,52,826.00,509.00,0,30184
2320,53,826.00,492.00,0,30192
2200,53,827.00,509.00,0,30200
2082,51,826.00,509.00,0,30209
1972,49,826.00,492.00,0,30216
1867,48,827.00,492.00,0,30224
1756,48,826.00,509.00,0,30232
1640,48,827.00,509.00,0,30240
1522,50,826.00,493.00,0,30248
1399,51,827.00,508.00,0,30257
1275,51,822.00,509.00,0,30265
1155,49,826.00,475.00,0,30273
1036,47,827.00,509.00,0,30280
924,43,827.00,475.00,0,30288
822,41,826.00,476.00,0,30297
722,41,826.00,493.00,0,30304
612,41,826.00,475.00,0,30312
498,42,826.00,495.00,0,30319
381,44,826.00,509.00,0,30327
263,44,822.00,509.00,0,30336
146,44,826.00,509.00,0,30343
34,42,826.00,509.00,0,30351
-56,40,0.00,459.00,0,30358
-82,38,0.00,408.00,0,30365
-40,38,117.00,341.00,0,30373
45,37,810.00,341.00,0,30381
129,37,804.00,341.00,0,30389
216,37,455.00,325.00,0,30396
313,37,548.00,325.00,0,30404
419,39,702.00,309.00,0,30411
526,39,640.00,325.00,0,30419
635,41,780.00,322.00,0,30428
747,41,808.00,325.00,0,30435
863,41,815.00,325.00,0,30443
981,40,818.00,308.00,0,30450
1097,37,822.00,307.00,0,30458
1213,36,812.00,325.00,0,30467
1321,35,761.00,324.00,0,30475
1427,35,571.00,325.00,0,30483
1539,38,588.00,341.00,0,30491
1655,42,768.00,308.00,0,30499
1771,44,808.00,325.00,0,30508
1894,45,824.00,341.00,0,30515
2017,45,806.00,308.00,0,30523
2139,41,824.00,325.00,0,30531
2254,37,819.00,308.00,0,30539
2364,33,750.00,325.00,0,30547
2469,33,626.00,324.00,0,30556
2579,33,682.00,308.00,0,30564
2694,37,694.00,324.00,0,30572
2813,39,811.00,325.00,0,30579
2933,41,820.00,308.00,0,30587
3052,41,807.00,325.00,0,30596
3166,40,804.00,325.00,0,30604
3274,38,735.00,341.00,0,30612
3383,37,521.00,325.00,0,30620
3497,37,687.00,340.00,0,30628
3613,39,825.00,313.00,0,30636
3723,41,826.00,324.00,0,30644
3838,43,825.00,325.00,0,30652
3953,43,825.00,308.00,0,30660
4068,41,825.00,308.00,0,30668
4179,39,826.00,324.00,0,30676
4283,36,826.00,341.00,0,30685
4381,35,826.00,341.00,0,30693
4471,35,825.00,341.00,0,30700
4555,36,826.00,341.00,0,30708
4633,40,826.00,357.00,0,30716
4710,42,826.00,341.00,0,30725
4787,42,826.00,358.00,0,30733
4865,41,826.00,342.00,0,30741
4943,39,826.00,342.00,0,30749
5019,37,825.00,358.00,0,30757
5089,36,825.00,341.00,0,30765
5154,36,826.00,357.00,0,30773
5209,38,827.00,375.00,0,30781
5257,40,826.00,375.00,0,30789
5297,42,826.00,391.00,0,30797
5330,44,826.00,375.00,0,30806
5356,44,826.00,392.00,0,30814
5375,44,825.00,391.00,0,30822
5387,43,826.00,408.00,0,30829
5391,43,826.00,408.00,0,30837
5389,43,826.00,408.00,0,30845
5379,43,826.00,425.00,0,30854
5363,43,826.00,425.00,0,30862
5342,44,826.00,425.00,0,30870
5317,44,826.00,426.00,0,30878
5287,43,825.00,425.00,0,30886
5253,42,825.00,442.00,0,30894
5217,40,826.00,442.00,0,30902
5179,40,826.00,442.00,0,30910
5139,39,826.00,442.00,0,30918
5099,39,826.00,425.00,0,30926
5061,39,826.00,443.00,0,30935
5026,39,826.00,442.00,0,30943
4993,39,825.00,441.00,0,30950
4963,39,826.00,425.00,0,30958
4938,39,826.00,425.00,0,30966
4916,39,826.00,425.00,0,30974
4899,39,826.00,425.00,0,30983
4886,39,826.00,414.00,0,30991
4877,39,825.00,408.00,0,30999
4872,39,825.00,408.00,0,31007
4871,39,825.00,408.00,0,31014
4874,39,826.00,409.00,0,31023
4881,39,826.00,403.00,0,31031
4890,39,826.00,392.00,0,31039
4904,39,826.00,408.00,0,31047
4918,39,826.00,391.00,0,31055
4934,39,826.00,392.00,0,31064
4950,39,825.00,408.00,0,31072
4968,39,825.00,408.00,0,31079
4986,39,826.00,408.00,0,31087
5002,39,826.00,391.00,0,31095
5017,38,826.00,391.00,0,31104
5030,38,826.00,395.00,0,31112
5042,38,826.00,392.00,0,31120
5050,38,826.00,391.00,0,31128
5056,38,825.00,391.00,0,31135
5060,38,825.00,408.00,0,31143
5060,38,826.00,409.00,0,31152
5058,38,826.00,425.00,0,31160
5054,38,826.00,408.00,0,31168
5047,38,826.00,425.00,0,31176
5039,38,826.00,425.00,0,31184
5031,38,825.00,423.00,0,31193
5021,38,825.00,409.00,0,31200
5013,38,825.00,425.00,0,31208
5004,38,826.00,408.00,0,31216
4995,38,826.00,408.00,0,31224
4989,38,826.00,423.00,0,31233
4983,38,826.00,425.00,0,31241
4979,38,826.00,409.00,0,31249
4976,38,825.00,408.00,0,31257
4975,38,826.00,408.00,0,31264
4975,38,826.00,408.00,0,31272
4976,38,826.00,408.00,0,31281
4980,38,826.00,408.00,0,31289
4984,38,826.00,391.00,0,31297
4988,38,826.00,409.00,0,31305
4992,38,826.00,392.00,0,31313
4997,38,826.00,408.00,0,31322
5002,38,825.00,408.00,0,31329
5006,38,826.00,408.00,0,31337
5010,38,826.00,391.00,0,31345
5012,38,826.00,408.00,0,31353
5014,38,826.00,409.00,0,31362
5015,38,825.00,408.00,0,31370
5016,38,826.00,408.00,0,31378
5016,38,825.00,408.00,0,31386
5014,38,825.00,408.00,0,31393
5014,38,826.00,408.00,0,31401
5012,38,826.00,409.00,0,31410
5009,38,826.00,425.00,0,31418
5007,38,826.00,409.00,0,31426
5005,38,826.00,408.00,0,31434
5003,38,826.00,408.00,0,31442
5002,38,825.00,408.00,0,31450
5000,38,826.00,408.00,0,31458
5000,38,826.00,408.00,0,31466
5000,38,826.00,408.00,0,31474
5000,38,826.00,408.00,0,31482
5000,38,826.00,409.00,0,31491
5002,38,826.00,408.00,0,31499
5002,38,825.00,409.00,0,31507
5003,38,826.00,408.00,0,31514
5004,38,826.00,408.00,0,31522
5004,38,826.00,408.00,0,31531
5004,38,826.00,409.00,0,31539
5004,38,826.00,409.00,0,31547
5004,38,826.00,409.00,0,31555
5004,38,826.00,408.00,0,31563
5003,38,825.00,408.00,0,31571
5003,38,825.00,408.00,0,31579
5002,38,826.00,408.00,0,31587
5002,38,826.00,408.00,0,31595
5002,38,826.00,409.00,0,31603
5002,38,826.00,409.00,0,31611
5002,38,826.00,409.00,0,31620
5002,38,826.00,408.00,0,31628
5002,38,826.00,408.00,0,31636
5002,38,825.00,408.00,0,31643
5002,38,826.00,408.00,0,31651
5002,38,826.00,409.00,0,31660
5002,38,826.00,408.00,0,31668
5002,38,826.00,409.00,0,31676
5002,38,826.00,409.00,0,31684
5002,38,826.00,409.00,0,31692
5002,38,825.00,408.00,0,31699
5002,38,826.00,408.00,0,31708
5002,38,826.00,408.00,0,31716
5002,38,826.00,408.00,0,31724
5002,38,826.00,408.00,0,31732
5002,38,826.00,408.00,0,31740
5002,38,825.00,408.00,0,31749
5002,38,826.00,408.00,0,31757
5002,38,826.00,408.00,0,31764
5002,38,826.00,408.00,0,31772
5002,38,826.00,409.00,0,31780
5002,38,826.00,408.00,0,31789
5002,38,826.00,408.00,0,31797
5002,38,826.00,408.00,0,31805
5002,38,825.00,409.00,0,31813
5002,38,825.00,408.00,0,31821
5002,38,825.00,408.00,0,31828
5002,38,826.00,408.00,0,31837
5002,38,826.00,408.00,0,31845
5002,38,825.00,409.00,0,31853
5002,38,826.00,409.00,0,31861
5002,38,825.00,408.00,0,31869
5002,38,826.00,408.00,0,31878
5002,38,826.00,408.00,0,31886
5002,38,825.00,408.00,0,31893
5002,38,826.00,408.00,0,31901
5002,38,826.00,408.00,0,31909
5002,38,826.00,409.00,0,31918
5002,38,826.00,408.00,0,31926
5002,38,826.00,408.00,0,31934
5002,38,826.00,408.00,0,31942
5002,38,825.00,408.00,0,31949
5002,38,825.00,408.00,0,31958
5002,38,825.00,408.00,0,31966
5002,38,826.00,408.00,0,31974
5002,38,826.00,409.00,0,31982
5002,38,825.00,408.00,0,31990
5002,38,825.00,408.00,0,31998
5002,38,825.00,408.00,0,32007
5002,38,825.00,408.00,0,32014
5002,38,826.00,408.00,0,32022
5002,38,825.00,409.00,0,32030
5002,38,826.00,409.00,0,32038
5002,38,825.00,409.00,0,32047
5002,38,826.00,408.00,0,32055
5002,38,826.00,408.00,0,32063
5002,38,826.00,408.00,0,32071
5002,38,825.00,408.00,0,32078
5002,38,826.00,408.00,0,32087
5002,38,826.00,408.00,0,32095
5002,38,826.00,408.00,0,32103
5002,38,825.00,408.00,0,32111
5002,38,825.00,409.00,0,32119
5002,38,825.00,408.00,0,32128
5002,38,825.00,408.00,0,32136
5002,38,825.00,408.00,0,32143
5002,38,826.00,408.00,0,32151
5002,38,826.00,408.00,0,32159
5002,38,826.00,408.00,0,32167
5002,38,826.00,408.00,0,32176
5002,38,825.00,409.00,0,32184
5002,38,825.00,408.00,0,32192
5002,38,825.00,408.00,0,32199
5002,3