0,408.00,0,13279
0,-1,826.00,408.00,0,13286
0,-1,826.00,409.00,0,13293
0,-1,825.00,408.00,0,13301
0,-1,825.00,408.00,0,13308
0,-1,825.00,408.00,0,13316
0,-1,826.00,408.00,0,13323
0,-1,826.00,408.00,0,13330
0,-1,826.00,408.00,0,13337
0,-1,826.00,408.00,0,13344
0,-1,826.00,408.00,0,13351
0,-1,826.00,409.00,0,13359
0,-1,826.00,408.00,0,13367
0,-1,825.00,408.00,0,13374
0,-1,825.00,408.00,0,13381
0,-1,825.00,408.00,0,13388
0,-1,825.00,408.00,0,13395
0,-1,826.00,409.00,0,13403
0,-1,826.00,408.00,0,13410
0,-1,826.00,408.00,0,13417
0,-1,826.00,408.00,0,13424
0,-1,826.00,408.00,0,13432
0,-1,825.00,408.00,0,13440
0,-1,825.00,408.00,0,13447
0,-1,826.00,408.00,0,13454
0,-1,825.00,408.00,0,13461
0,-1,825.00,408.00,0,13468
0,-1,826.00,408.00,0,13475
0,-1,825.00,409.00,0,13483
0,-1,826.00,408.00,0,13490
0,-1,826.00,408.00,0,13497
0,-1,825.00,408.00,0,13505
0,-1,825.00,408.00,0,13512
0,-1,825.00,408.00,0,13519
0,-1,825.00,409.00,0,13527
0,-1,826.00,409.00,0,13534
0,-1,826.00,408.00,0,13541
0,-1,826.00,408.00,0,13548
0,-1,826.00,408.00,0,13555
0,-1,825.00,409.00,0,13562
0,-1,826.00,408.00,0,13571
0,-1,825.00,408.00,0,13578
0,-1,826.00,408.00,0,13585
0,-1,826.00,408.00,0,13592
0,-1,825.00,408.00,0,13599
0,-1,825.00,408.00,0,13606
0,-1,826.00,408.00,0,13614
0,-1,825.00,408.00,0,13621
0,-1,825.00,409.00,0,13628
0,-1,825.00,408.00,0,13636
0,-1,825.00,409.00,0,13643
0,-1,825.00,408.00,0,13650
0,-1,826.00,408.00,0,13658
0,-1,825.00,408.00,0,13665
0,-1,826.00,408.00,0,13672
0,-1,825.00,408.00,0,13679
0,-1,826.00,408.00,0,13686
0,-1,826.00,409.00,0,13693
0,-1,825.00,408.00,0,13702
0,-1,825.00,409.00,0,13709
0,-1,825.00,409.00,0,13716
0,-1,825.00,408.00,0,13723
0,-1,826.00,408.00,0,13730
0,-1,826.00,408.00,0,13737
0,-1,825.00,408.00,0,13745
0,-1,826.00,408.00,0,13752
0,-1,826.00,409.00,0,13759
0,-1,826.00,408.00,0,13767
0,-1,825.00,408.00,0,13774
0,-1,826.00,408.00,0,13782
0,-1,826.00,409.00,0,13789
0,-1,826.00,409.00,0,13796
0,-1,826.00,408.00,0,13803
0,-1,826.00,408.00,0,13810
0,-1,826.00,408.00,0,13817
0,-1,825.00,408.00,0,13825
0,-1,826.00,408.00,0,13833
0,-1,825.00,408.00,0,13840
0,-1,825.00,408.00,0,13847
0,-1,825.00,409.00,0,13854
0,-1,826.00,408.00,0,13861
0,-1,825.00,408.00,0,13869
0,-1,826.00,409.00,0,13876
0,-1,826.00,408.00,0,13883
0,-1,826.00,408.00,0,13890
0,-1,825.00,408.00,0,13898
0,-1,825.00,408.00,0,13905
0,-1,825.00,409.00,0,13913
0,-1,826.00,409.00,0,13920
0,-1,826.00,408.00,0,13927
0,-1,826.00,409.00,0,13934
0,-2,826.00,408.00,0,13941
0,-2,825.00,408.00,0,13948
0,-2,826.00,408.00,0,13956
0,-2,826.00,408.00,0,13963
0,-2,825.00,409.00,0,13971
0,-2,825.00,408.00,0,13978
0,-2,826.00,408.00,0,13985
0,-2,825.00,409.00,0,13992
0,-2,826.00,408.00,0,14000
0,-2,826.00,408.00,0,14007
0,-2,826.00,408.00,0,14014
0,-2,826.00,408.00,0,14021
0,-2,826.00,409.00,0,14028
0,-2,826.00,408.00,0,14036
0,-2,825.00,408.00,0,14044
0,-2,826.00,408.00,0,14051
0,-2,826.00,408.00,0,14058
0,-2,826.00,408.00,0,14065
0,-2,826.00,408.00,0,14072
0,-2,826.00,409.00,0,14080
0,-2,826.00,409.00,0,14087
0,-2,826.00,409.00,0,14094
0,-2,825.00,408.00,0,14102
0,-2,825.00,409.00,0,14109
0,-2,825.00,408.00,0,14116
0,-2,826.00,408.00,0,14124
0,-2,826.00,408.00,0,14131
0,-2,826.00,408.00,0,14138
0,-2,826.00,409.00,0,14145
0,-2,826.00,409.00,0,14152
0,-2,826.00,409.00,0,14159
0,-2,825.00,408.00,0,14168
0,-2,826.00,408.00,0,14175
0,-2,825.00,408.00,0,14182
0,-2,825.00,408.00,0,14189
0,-2,826.00,408.00,0,14196
0,-2,825.00,409.00,0,14203
0,-2,826.00,408.00,0,14211
0,-2,826.00,408.00,0,14218
0,-2,826.00,408.00,0,14225
0,-2,826.00,408.00,0,14233
0,-2,825.00,408.00,0,14240
0,-2,825.00,408.00,0,14247
0,-2,826.00,408.00,0,14255
0,-2,826.00,408.00,0,14262
0,-2,826.00,409.00,0,14269
0,-2,826.00,408.00,0,14276
0,-2,826.00,409.00,0,14283
0,-2,826.00,409.00,0,14290
0,-2,826.00,408.00,0,14299
0,-2,825.00,409.00,0,14306
0,-2,825.00,408.00,0,14313
0,-2,826.00,408.00,0,14320
0,-2,826.00,408.00,0,14327
0,-2,826.00,408.00,0,14334
0,-2,826.00,408.00,0,14342
0,-2,826.00,408.00,0,14349
0,-2,826.00,409.00,0,14356
0,-2,826.00,408.00,0,14364
0,-2,825.00,408.00,0,14371
0,-2,825.00,408.00,0,14379
0,-2,826.00,408.00,0,14386
0,-2,826.00,408.00,0,14393
0,-2,826.00,408.00,0,14400
0,-2,826.00,408.00,0,14407
0,-2,826.00,409.00,0,14414
0,-2,826.00,408.00,0,14422
0,-2,826.00,408.00,0,14429
0,-2,826.00,408.00,0,14437
0,-2,825.00,408.00,0,14444
0,-2,826.00,408.00,0,14451
0,-2,826.00,408.00,0,14458
0,-2,826.00,408.00,0,14466
0,-2,826.00,409.00,0,14473
0,-2,826.00,408.00,0,14480
0,-2,826.00,408.00,0,14487
0,-2,826.00,408.00,0,14494
0,-2,825.00,408.00,0,14502
0,-2,825.00,408.00,0,14510
0,-2,825.00,408.00,0,14517
0,-2,826.00,408.00,0,14524
0,-2,826.00,409.00,0,14531
0,-2,826.00,408.00,0,14538
0,-2,826.00,408.00,0,14545
0,-2,825.00,408.00,0,14553
0,-2,826.00,408.00,0,14560
0,-2,825.00,408.00,0,14568
0,-2,825.00,408.00,0,14575
0,-2,826.00,408.00,0,14582
0,-2,825.00,408.00,0,14589
0,-2,825.00,408.00,0,14597
0,-2,825.00,408.00,0,14604
0,-2,825.00,408.00,0,14611
0,-2,826.00,408.00,0,14618
0,-2,826.00,408.00,0,14625
0,-2,826.00,408.00,0,14633
0,-2,825.00,408.00,0,14641
0,-2,825.00,409.00,0,14648
0,-2,826.00,409.00,0,14655
0,-2,825.00,408.00,0,14662
0,-2,826.00,408.00,0,14669
0,-2,826.00,408.00,0,14676
0,-2,826.00,408.00,0,14684
0,-2,825.00,408.00,0,14691
0,-2,825.00,409.00,0,14699
0,-2,825.00,408.00,0,14706
0,-2,825.00,408.00,0,14713
0,-2,826.00,409.00,0,14721
0,-2,825.00,408.00,0,14728
0,-2,826.00,409.00,0,14735
0,-2,826.00,408.00,0,14742
0,-2,825.00,408.00,0,14749
0,-2,826.00,408.00,0,14756
0,-2,825.00,408.00,0,14765
0,-2,825.00,408.00,0,14772
0,-2,825.00,408.00,0,14779
0,-2,826.00,408.00,0,14786
0,-2,826.00,408.00,0,14793
0,-2,825.00,408.00,0,14800
0,-2,825.00,408.00,0,14808
0,-2,826.00,408.00,0,14815
0,-2,825.00,409.00,0,14822
0,-2,826.00,408.00,0,14830
0,-2,825.00,408.00,0,14837
0,-2,825.00,408.00,0,14844
0,-2,825.00,409.00,0,14852
0,-2,826.00,408.00,0,14859
0,-2,826.00,408.00,0,14866
0,-2,826.00,408.00,0,14873
0,-2,826.00,409.00,0,14880
0,-2,826.00,409.00,0,14887
0,-2,826.00,408.00,0,14895
0,-2,825.00,408.00,0,14903
0,-2,826.00,409.00,0,14910
0,-2,826.00,408.00,0,14917
0,-2,825.00,408.00,0,14924
0,-2,826.00,408.00,0,14931
0,-2,826.00,409.00,0,14939
0,-2,826.00,408.00,0,14946
0,-2,826.00,408.00,0,14953
0,-2,825.00,409.00,0,14960
0,-2,825.00,408.00,0,14968
0,-2,825.00,409.00,0,14976
0,-2,825.00,408.00,0,14983
0,-2,826.00,408.00,0,14990
0,-2,826.00,409.00,0,14997
0,-2,825.00,409.00,0,15004
0,-2,826.00,408.00,0,15011
0,-2,826.00,408.00,0,15019
0,-2,826.00,409.00,0,15026
0,-2,826.00,408.00,0,15034
0,-2,825.00,408.00,0,15041
0,-2,825.00,409.00,0,15048
0,-2,826.00,409.00,0,15055
0,-2,826.00,408.00,0,15063
0,-2,825.00,409.00,0,15070
0,-2,826.00,409.00,0,15077
0,-2,826.00,408.00,0,15084
0,-2,826.00,408.00,0,15091
0,-2,825.00,408.00,0,15099
0,-2,825.00,408.00,0,15107
0,-2,825.00,408.00,0,15114
0,-2,826.00,408.00,0,15121
0,-2,826.00,408.00,0,15128
0,-2,825.00,408.00,0,15135
0,-2,826.00,409.00,0,15142
0,-2,825.00,408.00,0,15150
0,-2,826.00,408.00,0,15157
0,-2,825.00,408.00,0,15165
0,-2,825.00,409.00,0,15172
0,-2,826.00,408.00,0,15179
0,-2,826.00,408.00,0,15186
0,-2,826.00,408.00,0,15194
0,-2,826.00,408.00,0,15201
0,-2,826.00,408.00,0,15208
0,-2,826.00,408.00,0,15215
0,-2,826.00,408.00,0,15222
0,-2,825.00,408.00,0,15230
0,-2,825.00,408.00,0,15238
0,-2,825.00,408.00,0,15245
0,-2,826.00,408.00,0,15252
0,-2,826.00,409.00,0,15259
0,-2,825.00,409.00,0,15266
0,-2,826.00,408.00,0,15273
0,-2,826.00,409.00,0,15281
0,-2,826.00,408.00,0,15288
0,-2,826.00,408.00,0,15296
0,-2,825.00,408.00,0,15303
0,-2,825.00,408.00,0,15310
0,-2,826.00,408.00,0,15318
0,-2,825.00,409.00,0,15325
0,-2,826.00,408.00,0,15332
0,-2,826.00,408.00,0,15339
0,-2,826.00,408.00,0,15346
0,-2,826.00,408.00,0,15353
0,-2,825.00,408.00,0,15361
0,-2,825.00,408.00,0,15369
0,-2,826.00,408.00,0,15376
0,-2,826.00,408.00,0,15383
0,-2,826.00,408.00,0,15390
0,-2,825.00,409.00,0,15397
0,-2,826.00,408.00,0,15405
0,-2,826.00,408.00,0,15412
0,-2,825.00,408.00,0,15419
0,-2,826.00,408.00,0,15426
0,-2,825.00,408.00,0,15434
0,-2,825.00,408.00,0,15441
0,-2,825.00,408.00,0,15449
0,-2,826.00,408.00,0,15456
0,-2,826.00,409.00,0,15463
0,-2,826.00,408.00,0,15470
0,-2,825.00,409.00,0,15477
0,-2,826.00,408.00,0,15484
0,-2,826.00,408.00,0,15492
0,-2,825.00,408.00,0,15500
0,-2,825.00,408.00,0,15507
0,-2,825.00,408.00,0,15514
0,-2,826.00,408.00,0,15521
0,-2,826.00,408.00,0,15528
0,-2,826.00,409.00,0,15536
0,-2,825.00,408.00,0,15543
0,-2,826.00,408.00,0,15550
0,-2,825.00,409.00,0,15557
0,-2,826.00,408.00,0,15565
0,-2,825.00,408.00,0,15572
0,-2,825.00,408.00,0,15580
0,-2,825.00,408.00,0,15587
0,-2,825.00,408.00,0,15594
0,-2,826.00,408.00,0,15601
0,-2,826.00,408.00,0,15608
0,-2,826.00,408.00,0,15616
0,-2,826.00,408.00,0,15623
0,-2,825.00,408.00,0,15631
0,-2,825.00,408.00,0,15638
0,-2,825.00,408.00,0,15645
0,-2,826.00,408.00,0,15652
0,-2,826.00,408.00,0,15660
0,-2,826.00,408.00,0,15667
0,-2,826.00,409.00,0,15674
0,-2,825.00,408.00,0,15681
0,-2,826.00,408.00,0,15688
0,-2,825.00,408.00,0,15696
0,-2,825.00,408.00,0,15704
0,-2,825.00,408.00,0,15711
0,-2,826.00,408.00,0,15718
0,-2,826.00,408.00,0,15725
0,-2,826.00,408.00,0,15732
0,-2,826.00,408.00,0,15739
0,-2,826.00,408.00,0,15747
0,-2,826.00,408.00,0,15754
0,-2,826.00,408.00,0,15762
0,-2,825.00,408.00,0,15769
0,-2,825.00,408.00,0,15776
0,-2,825.00,408.00,0,15783
0,-2,825.00,408.00,0,15791
0,-2,826.00,408.00,0,15798
0,-2,826.00,408.00,0,15805
0,-2,826.00,408.00,0,15812
0,-2,825.00,408.00,0,15819
0,-2,825.00,408.00,0,15826
0,-2,825.00,408.00,0,15835
0,-2,825.00,408.00,0,15842
0,-2,825.00,408.00,0,15849
0,-2,826.00,408.00,0,15856
0,-2,826.00,408.00,0,15863
0,-2,825.00,408.00,0,15870
0,-2,826.00,408.00,0,15878
0,-2,825.00,408.00,0,15885
0,-2,826.00,409.00,0,15892
0,-2,826.00,409.00,0,15900
0,-2,825.00,409.00,0,15907
0,-2,826.00,409.00,0,15915
0,-2,826.00,408.00,0,15922
0,-2,825.00,409.00,0,15929
0,-2,826.00,409.00,0,15936
0,-2,825.00,408.00,0,15943
0,-2,826.00,409.00,0,15950
0,-2,826.00,409.00,0,15958
0,-2,825.00,408.00,0,15966
0,-2,825.00,408.00,0,15973
0,-2,825.00,408.00,0,15980
0,-2,826.00,408.00,0,15987
0,-2,826.00,408.00,0,15994
0,-2,825.00,409.00,0,16002
0,-2,825.00,408.00,0,16009
0,-2,826.00,408.00,0,16016
0,-2,825.00,409.00,0,16023
0,-2,826.00,408.00,0,16031
0,-2,825.00,408.00,0,16038
0,-2,825.00,408.00,0,16046
0,-2,826.00,408.00,0,16053
0,-2,825.00,408.00,0,16060
0,-2,826.00,408.00,0,16067
0,-2,825.00,408.00,0,16074
0,-2,825.00,408.00,0,16081
0,-2,826.00,408.00,0,16089
0,-2,825.00,408.00,0,16097
0,-2,825.00,408.00,0,16104
0,-2,826.00,408.00,0,16111
0,-2,826.00,409.00,0,16118
0,-2,826.00,408.00,0,16125
0,-2,826.00,408.00,0,16133
0,-2,825.00,408.00,0,16140
0,-2,826.00,408.00,0,16147
0,-2,825.00,408.00,0,16154
0,-2,826.00,408.00,0,16162
0,-2,826.00,408.00,0,16169
0,-2,825.00,408.00,0,16177
0,-2,825.00,409.00,0,16184
0,-2,826.00,408.00,0,16191
0,-2,826.00,408.00,0,16198
0,-2,826.00,408.00,0,16205
0,-2,826.00,409.00,0,16212
0,-2,825.00,408.00,0,16220
0,-2,826.00,408.00,0,16228
0,-2,825.00,408.00,0,16235
0,-2,825.00,408.00,0,16242
0,-2,826.00,408.00,0,16249
0,-2,826.00,408.00,0,16257
0,-2,826.00,408.00,0,16264
0,-2,826.00,408.00,0,16271
0,-2,826.00,408.00,0,16278
0,-2,826.00,408.00,0,16285
0,-2,825.00,408.00,0,16292
0,-2,825.00,408.00,0,16301
0,-2,825.00,408.00,0,16308
0,-2,825.00,408.00,0,16315
0,-2,826.00,408.00,0,16322
0,-2,826.00,408.00,0,16329
0,-2,826.00,408.00,0,16336
0,-2,826.00,408.00,0,16344
0,-2,826.00,409.00,0,16351
0,-2,826.00,408.00,0,16358
0,-2,825.00,408.00,0,16366
0,-2,825.00,409.00,0,16373
0,-2,826.00,408.00,0,16380
0,-2,826.00,408.00,0,16388
0,-2,825.00,408.00,0,16395
0,-2,826.00,408.00,0,16402
0,-2,826.00,409.00,0,16409
0,-2,826.00,408.00,0,16416
0,-2,825.00,408.00,0,16423
0,-2,826.00,408.00,0,16432
0,-2,825.00,408.00,0,16439
0,-2,825.00,408.00,0,16446
0,-2,825.00,408.00,0,16453
0,-2,825.00,408.00,0,16460
0,-2,826.00,408.00,0,16467
0,-2,826.00,409.00,0,16475
0,-2,825.00,408.00,0,16482
0,-2,826.00,408.00,0,16489
0,-2,826.00,408.00,0,16497
0,-2,825.00,408.00,0,16504
0,-2,825.00,408.00,0,16512
0,-2,825.00,409.00,0,16519
0,-2,825.00,409.00,0,16526
0,-2,826.00,409.00,0,16533
0,-2,825.00,408.00,0,16540
0,-2,826.00,409.00,0,16547
0,-2,826.00,408.00,0,16555
0,-2,825.00,408.00,0,16563
0,-2,825.00,408.00,0,16570
0,-2,825.00,408.00,0,16577
0,-2,825.00,409.00,0,16584
0,-2,826.00,408.00,0,16591
0,-2,826.00,408.00,0,16599
0,-2,826.00,408.00,0,16606
0,-2,826.00,408.00,0,16613
0,-2,825.00,408.00,0,16620
0,-2,826.00,408.00,0,16628
0,-2,825.00,408.00,0,16635
0,-2,825.00,409.00,0,16643
0,-2,825.00,408.00,0,16650
0,-2,826.00,409.00,0,16657
0,-2,825.00,409.00,0,16664
0,-2,826.00,408.00,0,16671
0,-2,825.00,408.00,0,16678
0,-2,826.00,408.00,0,16686
0,-2,826.00,408.00,0,16694
0,-2,825.00,409.00,0,16701
0,-2,825.00,408.00,0,16708
0,-2,826.00,408.00,0,16715
0,-2,825.00,408.00,0,16722
0,-2,826.00,408.00,0,16730
0,-2,826.00,408.00,0,16737
0,-2,825.00,408.00,0,16744
0,-2,826.00,408.00,0,16751
0,-2,826.00,408.00,0,16758
0,-2,825.00,408.00,0,16766
0,-2,825.00,408.00,0,16774
0,-2,825.00,409.00,0,16781
0,-2,826.00,408.00,0,16788
0,-2,825.00,408.00,0,16795
0,-2,825.00,409.00,0,16802
0,-2,826.00,408.00,0,16809
0,-2,825.00,409.00,0,16817
0,-2,825.00,408.00,0,16824
0,-2,825.00,408.00,0,16832
0,-2,825.00,408.00,0,16839
0,-2,825.00,408.00,0,16846
0,-2,825.00,408.00,0,16854
0,-2,825.00,408.00,0,16861
0,-2,826.00,408.00,0,16868
0,-2,825.00,408.00,0,16875
0,-2,825.00,408.00,0,16882
0,-2,826.00,409.00,0,16889
0,-2,825.00,408.00,0,16898
0,-2,826.00,408.00,0,16905
0,-2,825.00,408.00,0,16912
0,-2,826.00,408.00,0,16919
0,-2,825.00,408.00,0,16926
0,-2,826.00,409.00,0,16933
0,-2,826.00,408.00,0,16941
0,-2,826.00,408.00,0,16948
0,-2,826.00,408.00,0,16955
0,-2,826.00,408.00,0,16963
0,-2,825.00,408.00,0,16970
0,-2,825.00,408.00,0,16977
0,-2,826.00,409.00,0,16985
0,-2,825.00,408.00,0,16992
0,-2,826.00,408.00,0,16999
0,-2,826.00,408.00,0,17006
0,-2,825.00,408.00,0,17013
0,-2,825.00,408.00,0,17020
0,-2,825.00,408.00,0,17029
0,-2,825.00,408.00,0,17036
0,-2,825.00,408.00,0,17043
0,-2,826.00,408.00,0,17050
0,-2,825.00,409.00,0,17057
0,-2,826.00,408.00,0,17064
0,-2,825.00,408.00,0,17072
0,-2,826.00,408.00,0,17079
0,-2,826.00,408.00,0,17086
0,-2,825.00,408.00,0,17094
0,-2,825.00,408.00,0,17101
0,-2,825.00,408.00,0,17108
0,-2,825.00,409.00,0,17116
0,-2,825.00,408.00,0,17123
0,-2,825.00,408.00,0,17130
0,-2,826.00,408.00,0,17137
0,-2,826.00,409.00,0,17144
0,-2,826.00,408.00,0,17152
0,-2,826.00,408.00,0,17160
0,-2,825.00,408.00,0,17167
0,-2,826.00,408.00,0,17174
0,-2,826.00,409.00,0,17181
0,-2,826.00,408.00,0,17188
0,-2,826.00,408.00,0,17196
0,-2,825.00,408.00,0,17203
0,-2,826.00,408.00,0,17210
0,-2,825.00,409.00,0,17217
0,-2,825.00,408.00,0,17224
0,-2,826.00,408.00,0,17232
0,-2,825.00,408.00,0,17240
0,-2,826.00,409.00,0,17247
0,-2,826.00,408.00,0,17254
0,-2,825.00,409.00,0,17261
0,-2,826.00,408.00,0,17268
0,-2,825.00,408.00,0,17275
0,-2,825.00,408.00,0,17283
0,-2,826.00,408.00,0,17290
0,-2,825.00,408.00,0,17298
0,-2,825.00,408.00,0,17305
0,-2,826.00,408.00,0,17312
0,-2,826.00,408.00,0,17319
0,-2,826.00,408.00,0,17327
0,-2,825.00,408.00,0,17334
0,-2,826.00,408.00,0,17341
0,-2,826.00,408.00,0,17348
0,-2,825.00,409.00,0,17355
0,-2,826.00,408.00,0,17363
0,-2,825.00,408.00,0,17371
0,-2,825.00,409.00,0,17378
0,-2,825.00,409.00,0,17385
0,-2,825.00,409.00,0,17392
0,-2,825.00,409.00,0,17399
0,-2,825.00,409.00,0,17406
0,-2,826.00,409.00,0,17414
0,-2,825.00,408.00,0,17421
0,-2,825.00,408.00,0,17429
0,-2,825.00,409.00,0,17436
0,-2,825.00,408.00,0,17443
0,-2,826.00,409.00,0,17451
0,-2,826.00,408.00,0,17458
0,-2,826.00,408.00,0,17465
0,-2,826.00,408.00,0,17472
0,-2,826.00,408.00,0,17479
0,-2,826.00,408.00,0,17486
0,-2,825.00,408.00,0,17495
0,-2,825.00,408.00,0,17502
0,-2,825.00,408.00,0,17509
0,-2,825.00,409.00,0,17516
0,-2,825.00,408.00,0,17523
0,-2,826.00,408.00,0,17530
0,-2,826.00,408.00,0,17538
0,-2,826.00,408.00,0,17545
0,-2,825.00,408.00,0,17552
0,-2,826.00,408.00,0,17560
0,-2,825.00,408.00,0,17567
0,-2,825.00,408.00,0,17574
0,-2,826.00,408.00,0,17582
0,-2,826.00,408.00,0,17589
0,-2,826.00,408.00,0,17596
0,-2,825.00,408.00,0,17603
0,-2,826.00,409.00,0,17610
0,-2,826.00,408.00,0,17617
0,-2,826.00,408.00,0,17626
0,-2,825.00,408.00,0,17633
0,-2,825.00,408.00,0,17640
0,-2,825.00,408.00,0,17647
0,-2,825.00,408.00,0,17654
0,-2,825.00,408.00,0,17661
0,-2,825.00,409.00,0,17669
0,-2,825.00,409.00,0,17676
0,-2,825.00,408.00,0,17683
0,-2,825.00,408.00,0,17690
0,-2,825.00,408.00,0,17698
0,-2,825.00,408.00,0,17705
0,-2,825.00,409.00,0,17713
0,-2,825.00,408.00,0,17720
0,-2,826.00,409.00,0,17727
0,-2,826.00,408.00,0,17734
0,-2,825.00,408.00,0,17741
0,-2,826.00,408.00,0,17748
0,-2,826.00,408.00,0,17756
0,-2,825.00,408.00,0,17764
0,-2,825.00,408.00,0,17771
0,-2,825.00,408.00,0,17778
0,-2,826.00,408.00,0,17785
0,-2,826.00,409.00,0,17793
0,-2,826.00,408.00,0,17800
0,-2,825.00,408.00,0,17807
0,-2,825.00,408.00,0,17814
0,-2,825.00,409.00,0,17821
0,-2,825.00,408.00,0,17829
0,-2,825.00,408.00,0,17837
0,-2,826.00,408.00,0,17844
0,-2,825.00,409.00,0,17851
0,-2,825.00,408.00,0,17858
0,-2,825.00,408.00,0,17865
0,-2,826.00,408.00,0,17872
0,-2,825.00,408.00,0,17880
0,-2,826.00,408.00,0,17887
0,-2,826.00,408.00,0,17895
0,-2,825.00,408.00,0,17902
0,-2,826.00,408.00,0,17909
0,-2,825.00,408.00,0,17916
0,-2,826.00,408.00,0,17924
0,-2,826.00,408.00,0,17931
0,-2,825.00,408.00,0,17938
0,-2,826.00,408.00,0,17945
0,-2,826.00,408.00,0,17952
0,-2,825.00,408.00,0,17960
0,-2,825.00,408.00,0,17968
0,-2,825.00,408.00,0,17975
0,-2,825.00,408.00,0,17982
0,-2,826.00,409.00,0,17989
0,-2,826.00,408.00,0,17996
0,-2,826.00,408.00,0,18003
0,-2,826.00,408.00,0,18011
0,-2,826.00,408.00,0,18018
0,-2,826.00,408.00,0,18026
0,-2,825.00,408.00,0,18033
0,-2,825.00,408.00,0,18040
0,-2,826.00,408.00,0,18048
0,-2,826.00,409.00,0,18055
0,-2,825.00,408.00,0,18062
0,-2,826.00,408.00,0,18069
0,-2,826.00,408.00,0,18076
0,-2,826.00,408.00,0,18083
0,-2,826.00,408.00,0,18092
0,-2,825.00,408.00,0,18099
0,-2,826.00,408.00,0,18106
0,-2,825.00,409.00,0,18113
0,-2,825.00,408.00,0,18120
0,-2,825.00,408.00,0,18127
0,-2,826.00,408.00,0,18135
0,-2,826.00,408.00,0,18142
0,-2,826.00,408.00,0,18149
0,-2,825.00,408.00,0,18156
0,-2,825.00,408.00,0,18164
0,-2,825.00,408.00,0,18171
0,-2,825.00,409.00,0,18179
0,-2,826.00,408.00,0,18186
0,-2,825.00,408.00,0,18193
0,-2,826.00,408.00,0,18200
0,-2,825.00,408.00,0,18207
0,-2,826.00,408.00,0,18214
0,-2,826.00,408.00,0,18222
0,-2,825.00,408.00,0,18230
0,-2,825.00,408.00,0,18237
0,-2,825.00,408.00,0,18244
0,-2,826.00,408.00,0,18251
0,-2,826.00,408.00,0,18258
0,-2,826.00,408.00,0,18266
0,-2,825.00,408.00,0,18273
0,-2,826.00,408.00,0,18280
0,-2,826.00,408.00,0,18287
0,-2,826.00,408.00,0,18295
0,-2,825.00,408.00,0,18302
0,-2,825.00,409.00,0,18310
0,-2,826.00,408.00,0,18317
0,-2,826.00,408.00,0,18324
0,-2,826.00,408.00,0,18331
0,-2,825.00,408.00,0,18338
0,-2,826.00,409.00,0,18345
0,-2,826.00,408.00,0,18353
0,-2,826.00,408.00,0,18361
0,-2,825.00,408.00,0,18368
0,-2,825.00,408.00,0,18375
0,-2,825.00,408.00,0,18382
0,-2,825.00,408.00,0,18390
0,-2,825.00,408.00,0,18397
0,-2,826.00,409.00,0,18404
0,-2,826.00,409.00,0,18411
0,-2,826.00,408.00,0,18418
0,-2,825.00,408.00,0,18426
0,-2,826.00,408.00,0,18434
0,-2,825.00,408.00,0,18441
0,-2,826.00,408.00,0,18448
0,-2,825.00,408.00,0,18455
0,-2,825.00,408.00,0,18462
0,-2,826.00,408.00,0,18469
0,-2,826.00,409.00,0,18477
0,-2,825.00,408.00,0,18484
0,-2,826.00,408.00,0,18492
0,-2,825.00,408.00,0,18499
0,-2,825.00,408.00,0,18506
0,-2,826.00,408.00,0,18513
0,-2,825.00,408.00,0,18521
0,-2,826.00,408.00,0,18528
0,-2,825.00,408.00,0,18535
0,-2,825.00,408.00,0,18542
0,-2,826.00,408.00,0,18549
0,-2,825.00,408.00,0,18557
0,-2,825.00,408.00,0,18565
0,-2,825.00,408.00,0,18572
0,-2,825.00,408.00,0,18579
0,-2,826.00,408.00,0,18586
0,-2,825.00,408.00,0,18593
0,-2,825.00,408.00,0,18600
0,-2,826.00,409.00,0,18608
0,-2,826.00,409.00,0,18615
0,-2,825.00,408.00,0,18622
0,-2,825.00,408.00,0,18630
0,-2,825.00,408.00,0,18637
0,-2,826.00,408.00,0,18644
0,-2,825.00,408.00,0,18652
0,-2,826.00,408.00,0,18659
0,-2,826.00,408.00,0,18666
0,-2,825.00,409.00,0,18673
0,-2,826.00,408.00,0,18680
0,-2,826.00,408.00,0,18688
0,-2,826.00,408.00,0,18696
0,-2,825.00,409.00,0,18703
0,-2,826.00,408.00,0,18710
0,-2,825.00,408.00,0,18717
0,-2,826.00,408.00,0,18724
0,-2,826.00,409.00,0,18732
0,-2,825.00,408.00,0,18739
0,-2,826.00,408.00,0,18746
0,-2,826.00,408.00,0,18753
0,-2,826.00,408.00,0,18761
0,-2,825.00,408.00,0,18768
0,-2,825.00,408.00,0,18776
0,-2,826.00,408.00,0,18783
0,-2,826.00,409.00,0,18790
0,-2,826.00,408.00,0,18797
0,-2,826.00,409.00,0,18804
0,-2,825.00,408.00,0,18811
0,-2,826.00,408.00,0,18819
0,-2,825.00,408.00,0,18827
0,-2,825.00,408.00,0,18834
0,-2,825.00,408.00,0,18841
0,-2,825.00,408.00,0,18848
0,-2,825.00,408.00,0,18855
0,-2,825.00,408.00,0,18863
0,-2,826.00,409.00,0,18870
0,-2,826.00,408.00,0,18877
0,-2,825.00,408.00,0,18884
0,-2,825.00,408.00,0,18892
0,-2,825.00,408.00,0,18899
0,-2,825.00,408.00,0,18907
0,-2,825.00,408.00,0,18914
0,-2,826.00,408.00,0,18921
0,-2,826.00,408.00,0,18928
0,-2,826.00,408.00,0,18935
0,-2,826.00,408.00,0,18942
0,-2,826.00,408.00,0,18950
0,-2,825.00,408.00,0,18958
0,-2,825.00,409.00,0,18965
0,-2,825.00,408.00,0,18972
0,-2,826.00,408.00,0,18979
0,-2,826.00,408.00,0,18987
0,-2,826.00,408.00,0,18994
0,-2,825.00,408.00,0,19001
0,-2,826.00,408.00,0,19008
0,-2,826.00,408.00,0,19015
0,-2,825.00,408.00,0,19023
0,-2,825.00,408.00,0,19031
0,-2,825.00,408.00,0,19038
0,-2,826.00,408.00,0,19045
0,-2,826.00,408.00,0,19052
0,-2,825.00,408.00,0,19059
0,-2,825.00,408.00,0,19066
0,-2,826.00,409.00,0,19074
0,-2,825.00,409.00,0,19081
0,-2,826.00,408.00,0,19088
0,-2,825.00,408.00,0,19096
0,-2,825.00,408.00,0,19103
0,-2,825.00,408.00,0,19110
0,-2,825.00,408.00,0,19118
0,-2,826.00,408.00,0,19125
0,-2,826.00,408.00,0,19132
0,-2,826.00,409.00,0,19139
0,-2,826.00,408.00,0,19146
0,-2,826.00,408.00,0,19153
0,-2,825.00,408.00,0,19162
0,-2,825.00,408.00,0,19169
0,-2,826.00,408.00,0,19176
0,-2,825.00,408.00,0,19183
0,-2,826.00,408.00,0,19190
0,-2,825.00,408.00,0,19197
0,-2,825.00,409.00,0,19205
0,-2,825.00,408.00,0,19212
0,-2,825.00,408.00,0,19219
0,-2,825.00,408.00,0,19227
0,-2,825.00,408.00,0,19234
0,-2,825.00,408.00,0,19241
0,-2,826.00,408.00,0,19249
0,-2,825.00,408.00,0,19256
0,-2,826.00,408.00,0,19263
0,-2,826.00,408.00,0,19270
0,-2,825.00,408.00,0,19277
0,-2,826.00,408.00,0,19284
0,-2,825.00,408.00,0,19293
0,-2,825.00,408.00,0,19300
0,-2,825.00,408.00,0,19307
0,-2,825.00,408.00,0,19314
0,-2,826.00,408.00,0,19321
0,-2,826.00,408.00,0,19329
0,-2,826.00,408.00,0,19336
0,-2,826.00,408.00,0,19343
0,-2,826.00,409.00,0,19350
0,-2,825.00,408.00,0,19358
0,-2,825.00,408.00,0,19365
0,-2,825.00,408.00,0,19373
0,-2,826.00,408.00,0,19380
0,-2,826.00,408.00,0,19387
0,-2,825.00,408.00,0,19394
0,-2,826.00,408.00,0,19401
0,-2,826.00,409.00,0,19408
0,-2,825.00,409.00,0,19416
0,-2,825.00,408.00,0,19424
0,-2,825.00,408.00,0,19431
0,-2,825.00,408.00,0,19438
0,-2,826.00,408.00,0,19445
0,-2,826.00,408.00,0,19452
0,-2,826.00,409.00,0,19460
0,-2,825.00,409.00,0,19467
0,-2,825.00,408.00,0,19474
0,-2,826.00,408.00,0,19481
0,-2,826.00,408.00,0,19489
0,-2,826.00,408.00,0,19496
0,-2,825.00,408.00,0,19504
0,-2,825.00,408.00,0,19511
0,-2,826.00,408.00,0,19518
0,-2,826.00,409.00,0,19525
0,-2,826.00,408.00,0,19532
0,-2,825.00,408.00,0,19539
0,-2,826.00,408.00,0,19547
0,-2,826.00,408.00,0,19554
0,-2,825.00,408.00,0,19562
0,-2,825.00,408.00,0,19569
0,-2,825.00,408.00,0,19576
0,-2,826.00,408.00,0,19584
0,-2,825.00,409.00,0,19591
0,-2,826.00,408.00,0,19598
0,-2,826.00,408.00,0,19605
0,-2,826.00,408.00,0,19612
0,-2,826.00,408.00,0,19619
0,-2,825.00,408.00,0,19628
0,-2,825.00,408.00,0,19635
0,-2,826.00,409.00,0,19642
23,-2,0.00,358.00,0,19649
95,-2,0.00,325.00,0,19656
196,-2,810.00,324.00,0,19663
304,-2,805.00,325.00,0,19672
407,0,769.00,325.00,0,19679
507,1,720.00,325.00,0,19686
611,2,618.00,325.00,0,19694
720,2,805.00,308.00,0,19701
831,1,815.00,325.00,0,19709
943,-1,794.00,308.00,0,19717
1055,-3,811.00,325.00,0,19725
1165,-3,796.00,325.00,0,19733
1273,-2,432.00,325.00,0,19741
1387,1,692.00,325.00,0,19748
1499,5,792.00,325.00,0,19757
1609,7,643.00,308.00,0,19765
1724,7,804.00,324.00,0,19772
1841,5,811.00,308.00,0,19780
1957,3,804.00,325.00,0,19788
2072,-1,813.00,308.00,0,19795
2183,-1,803.00,325.00,0,19804
2291,-1,617.00,324.00,0,19812
2403,3,677.00,325.00,0,19820
2515,7,799.00,308.00,0,19827
2627,10,764.00,308.00,0,19835
2744,10,803.00,308.00,0,19844
2865,8,813.00,325.00,0,19852
2979,4,806.00,325.00,0,19859
3090,2,803.00,325.00,0,19867
3197,0,759.00,307.00,0,19875
3303,0,577.00,307.00,0,19883
3413,4,683.00,341.00,0,19891
3525,8,788.00,308.00,0,19898
3637,11,781.00,324.00,0,19906
3755,12,804.00,325.00,0,19914
3875,10,806.00,308.00,0,19922
3993,7,811.00,308.00,0,19931
4104,4,792.00,325.00,0,19938
4210,4,722.00,325.00,0,19946
4317,6,605.00,308.00,0,19953
4429,9,717.00,316.00,0,19961
4541,12,792.00,325.00,0,19970
4656,15,794.00,325.00,0,19978
4775,15,797.00,308.00,0,19986
4894,13,801.00,325.00,0,19994
5011,10,806.00,325.00,0,20001
5123,8,746.00,325.00,0,20009
5229,8,642.00,325.00,0,20018
5339,10,713.00,325.00,0,20026
5455,14,688.00,341.00,0,20033
5570,17,756.00,326.00,0,20041
5687,18,802.00,341.00,0,20049
5805,18,807.00,324.00,0,20058
5925,14,791.00,324.00,0,20066
6042,12,808.00,325.00,0,20074
6154,10,796.00,324.00,0,20082
6263,10,540.00,325.00,0,20090
6377,12,719.00,308.00,0,20098
6493,16,777.00,308.00,0,20106
6608,18,641.00,308.00,0,20114
6725,19,803.00,324.00,0,20122
6845,18,807.00,307.00,0,20130
6963,15,798.00,307.00,0,20139
7077,13,798.00,325.00,0,20147
7187,13,714.00,307.00,0,20155
7299,14,583.00,307.00,0,20162
7414,17,715.00,325.00,0,20170
7531,21,790.00,325.00,0,20178
7645,23,785.00,307.00,0,20187
7764,23,803.00,308.00,0,20195
7883,21,803.00,325.00,0,20203
8001,18,807.00,308.00,0,20211
8116,17,799.00,324.00,0,20218
8226,17,722.00,325.00,0,20227
8339,19,671.00,308.00,0,20235
8453,23,664.00,308.00,0,20243
8569,25,740.00,325.00,0,20251
8684,27,799.00,341.00,0,20259
8803,27,804.00,308.00,0,20268
8921,25,788.00,323.00,0,20276
9038,23,802.00,324.00,0,20283
9150,23,776.00,324.00,0,20291
9260,24,533.00,325.00,0,20299
9375,27,749.00,308.00,0,20307
9490,31,762.00,324.00,0,20316
9605,33,654.00,308.00,0,20324
9722,34,801.00,308.00,0,20332
9842,33,809.00,309.00,0,20340
9961,30,794.00,307.00,0,20347
10077,28,805.00,324.00,0,20357
10193,28,794.00,310.00,0,20365
10307,29,646.00,325.00,0,20373
10425,32,647.00,309.00,0,20381
10543,35,776.00,308.00,0,20389
10662,37,796.00,307.00,0,20398
10784,37,803.00,308.00,0,20406
10907,35,798.00,324.00,0,20414
11027,33,803.00,307.00,0,20423
11143,33,763.00,341.00,0,20431
11257,33,547.00,307.00,0,20440
11375,37,733.00,315.00,0,20448
11495,41,777.00,325.00,0,20456
11613,43,728.00,325.00,0,20464
11735,44,802.00,324.00,0,20472
11857,43,807.00,308.00,0,20481
11979,40,799.00,324.00,0,20490
12097,39,797.00,325.00,0,20498
12213,39,754.00,323.00,0,20506
12328,40,685.00,309.00,0,20514
12447,43,640.00,324.00,0,20523
12566,47,739.00,324.00,0,20531
12685,49,800.00,341.00,0,20539
12807,49,806.00,324.00,0,20547
12929,48,786.00,325.00,0,20556
13049,47,798.00,325.00,0,20564
13163,46,767.00,326.00,0,20573
13279,47,509.00,324.00,0,20581
13398,50,733.00,325.00,0,20589
13517,54,796.00,325.00,0,20597
13636,56,742.00,325.00,0,20605
13758,56,801.00,309.00,0,20614
13881,55,804.00,308.00,0,20623
14003,53,806.00,307.00,0,20631
14119,52,787.00,307.00,0,20639
14235,52,699.00,324.00,0,20647
14351,54,733.00,324.00,0,20656
14471,57,698.00,308.00,0,20664
14588,60,685.00,326.00,0,20672
14709,61,799.00,307.00,0,20680
14831,61,805.00,341.00,0,20689
14953,59,790.00,307.00,0,20698
15071,59,791.00,325.00,0,20706
15187,59,764.00,308.00,0,20714
15303,61,644.00,325.00,0,20722
15422,63,672.00,308.00,0,20730
15540,67,780.00,324.00,0,20739
15659,69,794.00,308.00,0,20747
15782,69,748.00,308.00,0,20756
15905,68,793.00,307.00,0,20764
16025,66,800.00,308.00,0,20772
16141,66,793.00,307.00,0,20781
16257,66,613.00,308.00,0,20789
16374,69,753.00,325.00,0,20797
16493,71,752.00,308.00,0,20805
16611,73,584.00,307.00,0,20813
16733,74,800.00,307.00,0,20823
16855,74,802.00,326.00,0,20831
16975,74,797.00,341.00,0,20839
17093,72,694.00,325.00,0,20847
17208,72,742.00,324.00,0,20855
17325,74,716.00,307.00,0,20864
17445,76,622.00,325.00,0,20872
17563,80,740.00,308.00,0,20880
17683,81,796.00,308.00,0,20889
17805,81,806.00,324.00,0,20897
17927,81,783.00,325.00,0,20905
18047,79,798.00,308.00,0,20914
18163,79,777.00,325.00,0,20922
18279,80,537.00,325.00,0,20930
18397,82,732.00,308.00,0,20938
18515,84,780.00,308.00,0,20946
18635,86,724.00,324.00,0,20956
18757,87,785.00,308.00,0,20964
18877,87,799.00,308.00,0,20972
18997,87,797.00,341.00,0,20980
19113,86,671.00,325.00,0,20988
19230,86,707.00,325.00,0,20997
19348,88,770.00,311.00,0,21005
19468,92,696.00,308.00,0,21013
19586,94,676.00,308.00,0,21022
19707,96,802.00,324.00,0,21030
19829,96,802.00,307.00,0,21039
19951,96,786.00,325.00,0,21047
20069,95,789.00,325.00,0,21055
20185,95,782.00,341.00,0,21063
20303,96,686.00,324.00,0,21071
20421,99,671.00,308.00,0,21080
20539,101,772.00,317.00,0,21089
20661,103,794.00,325.00,0,21097
20787,103,802.00,324.00,0,21106
20911,103,789.00,341.00,0,21114
21033,102,784.00,325.00,0,21123
21153,102,708.00,309.00,0,21132
21275,102,594.00,325.00,0,21140
21398,106,734.00,308.00,0,21148
21521,108,783.00,326.00,0,21157
21643,110,752.00,308.00,0,21166
21769,110,775.00,308.00,0,21175
21894,110,793.00,325.00,0,21183
22017,109,800.00,308.00,0,21191
22137,108,722.00,308.00,0,21200
22258,108,635.00,308.00,0,21209
22381,110,761.00,325.00,0,21217
22503,112,733.00,308.00,0,21226
22625,115,697.00,325.00,0,21234
22749,116,798.00,310.00,0,21243
22875,116,797.00,309.00,0,21252
22997,116,797.00,341.00,0,21260
23117,116,632.00,308.00,0,21269
23239,116,700.00,325.00,0,21277
23362,118,766.00,315.00,0,21286
23484,121,710.00,325.00,0,21295
23607,124,610.00,310.00,0,21303
23731,124,799.00,325.00,0,21312
23857,124,799.00,307.00,0,21320
23980,124,792.00,325.00,0,21328
24099,123,656.00,324.00,0,21338
24221,123,747.00,307.00,0,21346
24344,125,760.00,308.00,0,21355
24467,127,668.00,324.00,0,21363
24588,129,652.00,308.00,0,21371
24713,131,798.00,308.00,0,21381
24838,131,804.00,325.00,0,21389
24961,131,748.00,325.00,0,21397
25081,131,679.00,324.00,0,21406
25201,131,746.00,307.00,0,21414
25325,133,740.00,325.00,0,21424
25447,136,617.00,307.00,0,21432
25570,139,698.00,308.00,0,21440
25694,141,794.00,308.00,0,21449
25819,141,801.00,308.00,0,21457
25944,141,762.00,325.00,0,21466
26065,140,733.00,324.00,0,21475
26185,140,792.00,342.00,0,21483
26307,141,732.00,324.00,0,21492
26429,143,707.00,308.00,0,21500
26553,146,740.00,326.00,0,21509
26675,148,795.00,325.00,0,21518
26801,149,793.00,308.00,0,21526
26924,149,744.00,308.00,0,21535
27045,149,739.00,325.00,0,21543
27166,149,738.00,325.00,0,21552
27288,150,548.00,325.00,0,21561
27411,153,708.00,324.00,0,21569
27534,155,750.00,307.00,0,21577
27657,158,777.00,308.00,0,21586
27783,159,716.00,309.00,0,21595
27907,159,787.00,308.00,0,21604
28029,159,785.00,324.00,0,21612
28149,159,724.00,308.00,0,21620
28271,159,636.00,325.00,0,21629
28394,162,753.00,325.00,0,21638
28515,164,760.00,324.00,0,21646
28638,166,733.00,325.00,0,21655
28763,168,771.00,325.00,0,21663
28887,168,792.00,325.00,0,21672
29009,168,756.00,324.00,0,21681
29129,168,635.00,324.00,0,21689
29252,168,666.00,325.00,0,21698
29375,172,764.00,325.00,0,21706
29497,174,739.00,341.00,0,21714
29619,177,684.00,308.00,0,21724
29745,178,797.00,308.00,0,21732
29869,179,799.00,308.00,0,21741
29992,179,791.00,308.00,0,21749
30112,179,653.00,325.00,0,21757
30235,179,723.00,325.00,0,21767
30358,181,757.00,307.00,0,21775
30480,184,696.00,308.00,0,21783
30601,187,613.00,324.00,0,21792
30726,188,796.00,325.00,0,21800
30851,189,798.00,325.00,0,21810
30973,189,746.00,325.00,0,21818
31094,189,610.00,324.00,0,21826
31217,189,752.00,325.00,0,21835
31339,191,751.00,308.00,0,21843
31461,194,636.00,308.00,0,21853
31583,197,685.00,324.00,0,21861
31708,199,796.00,324.00,0,21869
31833,199,795.00,325.00,0,21878
31956,199,742.00,324.00,0,21886
32076,199,688.00,324.00,0,21895
32198,199,767.00,325.00,0,21904
32321,201,743.00,308.00,0,21912
32443,203,610.00,324.00,0,21921
32565,205,707.00,325.00,0,21929
32689,208,785.00,308.00,0,21938
32814,209,793.00,308.00,0,21947
32937,209,712.00,325.00,0,21955
33057,209,721.00,341.00,0,21963
33179,209,757.00,324.00,0,21972
33303,211,690.00,308.00,0,21981
33425,213,652.00,325.00,0,21990
33547,217,733.00,307.00,0,21998
33671,219,784.00,308.00,0,22006
33795,220,779.00,307.00,0,22016
33919,220,744.00,308.00,0,22024
34040,220,766.00,308.00,0,22032
34161,220,743.00,309.00,0,22041
34284,221,574.00,325.00,0,22049
34407,223,714.00,324.00,0,22059
34529,226,732.00,308.00,0,22067
34652,229,737.00,307.00,0,22075
34777,230,702.00,309.00,0,22084
34901,230,769.00,309.00,0,22092
35022,230,751.00,325.00,0,22102
35143,231,697.00,340.00,0,22110
35265,231,625.00,325.00,0,22118
35389,234,735.00,312.00,0,22127
35511,237,734.00,308.00,0,22135
35633,239,666.00,308.00,0,22144
35759,241,754.00,315.00,0,22153
35883,241,788.00,323.00,0,22161
36005,241,758.00,308.00,0,22170
36125,241,637.00,307.00,0,22178
36248,242,713.00,325.00,0,22187
36371,244,766.00,308.00,0,22196
36493,247,714.00,315.00,0,22204
36615,249,690.00,307.00,0,22212
36741,251,782.00,308.00,0,22221
36865,252,796.00,315.00,0,22230
36986,252,719.00,308.00,0,22239
37106,253,560.00,324.00,0,22247
37229,253,726.00,307.00,0,22255
37352,255,776.00,325.00,0,22264
37475,259,673.00,325.00,0,22273
37597,261,621.00,324.00,0,22281
37721,263,795.00,308.00,0,22290
37846,264,795.00,325.00,0,22298
37969,264,709.00,308.00,0,22307
38089,264,632.00,307.00,0,22316
38211,264,765.00,308.00,0,22324
38335,266,757.00,325.00,0,22333
38457,269,639.00,325.00,0,22341
38578,271,676.00,308.00,0,22350
38703,273,786.00,307.00,0,22359
38827,275,797.00,325.00,0,22367
38949,275,643.00,308.00,0,22376
39071,275,655.00,308.00,0,22384
39193,276,754.00,308.00,0,22392
39315,278,725.00,307.00,0,22402
39438,281,604.00,324.00,0,22410
39561,283,731.00,341.00,0,22419
39685,285,793.00,325.00,0,22427
39809,287,796.00,325.00,0,22435
39931,287,747.00,307.00,0,22445
40053,287,733.00,325.00,0,22453
40175,287,767.00,308.00,0,22461
40299,289,690.00,324.00,0,22470
40421,291,662.00,325.00,0,22478
40543,293,726.00,326.00,0,22488
40665,296,777.00,324.00,0,22496
40791,297,769.00,341.00,0,22504
40913,299,729.00,325.00,0,22513
41034,299,728.00,325.00,0,22521
41156,299,726.00,325.00,0,22530
41280,301,583.00,324.00,0,22539
41403,303,696.00,308.00,0,22547
41524,306,730.00,325.00,0,22556
41647,309,723.00,324.00,0,22564
41772,310,710.00,307.00,0,22573
41895,311,774.00,325.00,0,22582
42017,311,765.00,341.00,0,22590
42138,311,700.00,325.00,0,22598
42262,312,659.00,324.00,0,22607
42384,314,739.00,325.00,0,22616
42507,317,705.00,309.00,0,22625
42629,319,654.00,307.00,0,22633
42753,321,734.00,308.00,0,22641
42877,323,766.00,307.00,0,22650
42998,323,728.00,326.00,0,22659
43120,323,656.00,307.00,0,22668
43243,325,704.00,307.00,0,22676
43367,327,760.00,308.00,0,22684
43488,329,699.00,308.00,0,22693
43610,331,541.00,307.00,0,22702
43735,333,781.00,307.00,0,22710
43859,335,795.00,308.00,0,22719
43981,335,701.00,325.00,0,22727
44102,335,587.00,325.00,0,22736
44225,337,748.00,325.00,0,22745
44348,338,766.00,324.00,0,22753
44471,341,668.00,308.00,0,22762
44593,343,621.00,325.00,0,22770
44717,345,793.00,308.00,0,22778
44841,347,797.00,325.00,0,22788
44963,347,643.00,325.00,0,22796
45084,347,638.00,325.00,0,22805
45207,349,756.00,307.00,0,22813
45330,350,757.00,325.00,0,22821
45452,353,613.00,325.00,0,22831
45574,355,680.00,325.00,0,22839
45699,357,795.00,308.00,0,22847
45823,359,795.00,308.00,0,22856
45945,359,636.00,308.00,0,22864
46067,360,675.00,325.00,0,22874
46189,361,767.00,325.00,0,22882
46312,362,740.00,325.00,0,22890
46435,364,637.00,341.00,0,22899
46555,367,701.00,324.00,0,22907
46679,369,786.00,308.00,0,22917
46804,371,774.00,309.00,0,22925
46927,372,655.00,324.00,0,22933
47048,373,704.00,308.00,0,22942
47170,373,738.00,308.00,0,22950
47293,375,670.00,324.00,0,22959
47416,377,652.00,307.00,0,22968
47538,379,728.00,325.00,0,22976
47661,382,753.00,308.00,0,22985
47785,384,638.00,324.00,0,22993
47909,385,716.00,308.00,0,23002
48031,385,738.00,325.00,0,23011
48153,386,730.00,323.00,0,23019
48275,387,603.00,324.00,0,23027
48398,389,713.00,308.00,0,23036
48520,392,735.00,325.00,0,23045
48643,395,696.00,324.00,0,23054
48767,396,700.00,324.00,0,23062
48890,397,764.00,308.00,0,23070
49013,399,727.00,325.00,0,23079
49134,399,664.00,326.00,0,23088
49257,401,676.00,324.00,0,23096
49380,403,727.00,307.00,0,23105
49502,405,711.00,324.00,0,23113
49624,407,647.00,309.00,0,23122
49749,409,759.00,308.00,0,23131
49872,411,779.00,324.00,0,23139
49993,411,717.00,314.00,0,23148
50117,412,643.00,308.00,0,23156
50239,413,717.00,313.00,0,23164
50362,415,755.00,317.00,0,23174
50484,417,668.00,308.00,0,23182
50606,419,553.00,325.00,0,23191
50731,422,775.00,325.00,0,23199
50854,423,793.00,325.00,0,23207
50975,424,667.00,324.00,0,23217
51097,425,610.00,324.00,0,23225
51221,425,745.00,325.00,0,23234
51343,427,736.00,325.00,0,23242
51466,430,633.00,325.00,0,23250
51588,433,601.00,307.00,0,23260
51712,435,783.00,313.00,0,23268
51836,437,793.00,325.00,0,23276
51958,438,643.00,330.00,0,23285
52079,439,673.00,323.00,0,23293
52202,439,767.00,308.00,0,23303
52325,440,733.00,307.00,0,23311
52448,442,583.00,313.00,0,23319
52570,445,656.00,323.00,0,23328
52693,447,783.00,325.00,0,23336
52817,449,774.00,313.00,0,23345
52939,451,616.00,323.00,0,23354
53061,451,708.00,342.00,0,23362
53185,453,780.00,325.00,0,23371
53307,454,711.00,325.00,0,23379
53429,456,629.00,308.00,0,23388
53552,459,701.00,325.00,0,23397
53675,461,758.00,308.00,0,23405
53799,463,749.00,324.00,0,23413
53922,464,653.00,325.00,0,23422
54043,465,711.00,308.00,0,23431
54166,465,758.00,341.00,0,23440
54289,467,549.00,341.00,0,23448
54411,469,675.00,324.00,0,23456
54534,471,712.00,325.00,0,23465
54656,473,723.00,325.00,0,23474
54781,475,644.00,325.00,0,23483
54903,477,712.00,324.00,0,23491
55025,479,702.00,308.00,0,23499
55147,479,700.00,307.00,0,23508
55270,481,619.00,325.00,0,23517
55393,483,726.00,325.00,0,23525
55515,485,720.00,308.00,0,23534
55638,487,655.00,309.00,0,23542
55763,489,690.00,307.00,0,23552
55886,491,755.00,324.00,0,23560
56007,491,700.00,325.00,0,23568
56129,493,661.00,324.00,0,23577
56253,493,666.00,308.00,0,23585
56375,495,741.00,324.00,0,23593
56497,497,704.00,357.00,0,23603
56619,501,630.00,308.00,0,23611
56743,503,749.00,308.00,0,23620
56867,505,781.00,325.00,0,23628
56989,507,678.00,324.00,0,23636
57111,507,658.00,308.00,0,23646
57234,509,724.00,325.00,0,23654
57357,510,739.00,325.00,0,23662
57479,512,660.00,308.00,0,23671
57601,515,568.00,325.00,0,23680
57725,517,767.00,325.00,0,23689
57849,519,794.00,325.00,0,23697
57971,520,647.00,307.00,0,23705
58093,521,610.00,325.00,0,23714
58217,522,741.00,308.00,0,23723
58339,524,729.00,325.00,0,23732
58461,526,612.00,325.00,0,23740
58583,529,611.00,325.00,0,23748
58707,531,782.00,324.00,0,23757
58831,533,784.00,341.00,0,23766
58953,535,607.00,308.00,0,23774
59075,535,668.00,341.00,0,23783
59198,537,753.00,308.00,0,23791
59321,537,713.00,324.00,0,23800
59443,540,556.00,325.00,0,23809
59565,542,662.00,308.00,0,23817
59689,545,765.00,308.00,0,23826
59813,547,758.00,308.00,0,23834
59935,549,664.00,341.00,0,23842
60057,550,686.00,307.00,0,23852
60179,551,774.00,308.00,0,23860
60303,552,697.00,324.00,0,23869
60425,554,613.00,324.00,0,23877
60547,557,692.00,324.00,0,23885
60671,559,741.00,308.00,0,23895
60795,561,717.00,306.00,0,23903
60917,563,649.00,325.00,0,23911
61038,564,728.00,325.00,0,23920
61161,565,754.00,325.00,0,23928
61284,566,536.00,308.00,0,23938
61407,567,660.00,308.00,0,23946
61529,570,704.00,325.00,0,23954
61651,573,699.00,325.00,0,23963
61776,575,634.00,307.00,0,23971
61899,577,706.00,325.00,0,23980
62021,579,724.00,324.00,0,23989
62143,580,707.00,341.00,0,23997
62265,581,635.00,325.00,0,24006
62389,583,728.00,325.00,0,24014
62511,585,689.00,325.00,0,24023
62633,587,642.00,308.00,0,24032
62757,589,698.00,324.00,0,24040
62881,591,741.00,324.00,0,24049
63003,593,691.00,308.00,0,24057
63125,593,658.00,308.00,0,24066
63247,595,691.00,324.00,0,24075
63370,597,741.00,325.00,0,24083
63492,599,677.00,308.00,0,24091
63615,602,652.00,307.00,0,24100
63739,605,735.00,325.00,0,24109
63863,606,775.00,324.00,0,24118
63985,607,653.00,307.00,0,24126
64106,608,661.00,308.00,0,24134
64230,609,718.00,325.00,0,24143
64353,611,743.00,309.00,0,24152
64474,613,627.00,324.00,0,24160
64597,615,554.00,309.00,0,24169
64721,618,764.00,324.00,0,24177
64845,621,778.00,323.00,0,24186
64967,623,634.00,325.00,0,24195
65089,624,624.00,325.00,0,24203
65211,625,759.00,325.00,0,24212
65335,627,736.00,309.00,0,24220
65456,629,594.00,325.00,0,24228
65578,630,630.00,325.00,0,24238
65702,632,772.00,326.00,0,24246
65826,634,760.00,309.00,0,24255
65948,636,574.00,325.00,0,24263
66070,637,657.00,321.00,0,24271
66193,639,754.00,315.00,0,24281
66316,641,705.00,308.00,0,24289
66439,643,579.00,308.00,0,24298
66561,646,671.00,324.00,0,24306
66684,649,775.00,325.00,0,24314
66808,651,733.00,309.00,0,24324
66929,651,574.00,325.00,0,24332
67052,653,684.00,308.00,0,24340
67175,654,748.00,325.00,0,24349
67298,656,659.00,314.00,0,24357
67421,658,616.00,325.00,0,24367
67542,661,702.00,307.00,0,24375
67665,663,733.00,341.00,0,24383
67789,665,701.00,341.00,0,24392
67912,667,677.00,325.00,0,24400
68034,669,705.00,325.00,0,24409
68157,671,736.00,325.00,0,24418
68281,672,547.00,326.00,0,24426
68403,673,666.00,308.00,0,24435
68524,675,692.00,324.00,0,24443
68647,677,666.00,308.00,0,24452
68771,680,649.00,308.00,0,24461
68894,682,705.00,325.00,0,24469
69015,684,703.00,308.00,0,24477
69138,685,674.00,324.00,0,24486
69262,687,647.00,325.00,0,24495
69385,689,704.00,308.00,0,24504
69507,691,676.00,307.00,0,24512
69629,693,609.00,307.00,0,24520
69753,695,695.00,325.00,0,24529
69876,698,746.00,325.00,0,24538
69998,699,692.00,341.00,0,24547
70120,701,615.00,307.00,0,24555
70243,703,686.00,308.00,0,24563
70367,705,736.00,325.00,0,24572
70489,706,645.00,309.00,0,24581
70610,708,475.00,308.00,0,24589
70734,710,723.00,308.00,0,24598
70859,712,745.00,325.00,0,24606
70979,715,624.00,324.00,0,24615
71101,717,571.00,324.00,0,24624
71225,719,742.00,308.00,0,24632
71348,721,735.00,324.00,0,24641
71470,723,627.00,325.00,0,24649
71593,725,582.00,325.00,0,24657
71717,727,752.00,308.00,0,24667
71840,729,755.00,324.00,0,24675
71961,730,592.00,307.00,0,24684
72083,731,625.00,325.00,0,24692
72207,733,762.00,325.00,0,24700
72330,736,725.00,325.00,0,24710
72452,739,578.00,308.00,0,24718
72575,741,624.00,308.00,0,24726
72698,743,765.00,307.00,0,24735
72821,745,725.00,307.00,0,24743
72943,747,551.00,308.00,0,24753
73066,747,648.00,308.00,0,24761
73189,749,747.00,308.00,0,24769
73311,751,665.00,308.00,0,24778
73434,753,575.00,341.00,0,24786
73555,755,653.00,308.00,0,24795
73679,759,731.00,308.00,0,24804
73803,761,698.00,308.00,0,24812
73926,763,594.00,324.00,0,24821
74048,765,691.00,307.00,0,24829
74171,767,725.00,292.00,0,24838
74293,768,644.00,307.00,0,24847
74417,769,642.00,325.00,0,24855
74538,771,676.00,326.00,0,24864
74661,774,707.00,307.00,0,24872
74785,776,689.00,325.00,0,24881
74907,779,645.00,324.00,0,24890
75030,781,695.00,325.00,0,24898
75153,783,691.00,324.00,0,24906
75275,785,554.00,325.00,0,24915
75398,787,688.00,325.00,0,24924
75520,789,698.00,325.00,0,24933
75642,791,660.00,341.00,0,24941
75766,793,637.00,326.00,0,24949
75889,795,697.00,308.00,0,24958
76011,797,673.00,325.00,0,24967
76134,799,647.00,324.00,0,24975
76257,801,625.00,308.00,0,24984
76381,802,708.00,325.00,0,24992
76502,805,669.00,325.00,0,25001
76624,807,600.00,308.00,0,25010
76748,809,708.00,325.00,0,25018
76871,812,754.00,341.00,0,25027
76993,814,652.00,309.00,0,25035
77116,816,613.00,307.00,0,25043
77239,817,691.00,324.00,0,25053
77362,819,712.00,307.00,0,25061
77484,821,621.00,308.00,0,25070
77605,823,508.00,324.00,0,25078
77729,825,734.00,308.00,0,25086
77853,827,752.00,325.00,0,25096
77975,830,619.00,325.00,0,25104
78097,832,570.00,325.00,0,25113
78221,835,745.00,324.00,0,25121
78345,837,722.00,324.00,0,25129
78466,839,591.00,308.00,0,25139
78588,841,576.00,308.00,0,25147
78711,843,743.00,307.00,0,25155
78835,845,734.00,308.00,0,25164
78957,847,568.00,308.00,0,25172
79079,848,613.00,324.00,0,25182
79202,850,742.00,308.00,0,25190
79325,852,703.00,325.00,0,25198
79447,855,543.00,307.00,0,25207
79570,857,625.00,307.00,0,25216
79693,860,739.00,308.00,0,25224
79817,863,729.00,324.00,0,25233
79939,865,570.00,309.00,0,25241
80061,867,690.00,330.00,0,25250
80185,869,753.00,325.00,0,25259
80307,871,680.00,341.00,0,25267
80429,872,663.00,325.00,0,25276
80551,874,642.00,324.00,0,25284
80675,876,709.00,309.00,0,25292
80799,878,675.00,309.00,0,25302
80921,881,582.00,326.00,0,25310
81043,883,667.00,308.00,0,25319
81166,885,720.00,325.00,0,25327
81289,888,490.00,308.00,0,25335
81411,891,646.00,325.00,0,25345
81534,893,688.00,324.00,0,25353
81656,895,668.00,308.00,0,25362
81781,897,561.00,323.00,0,25370
81903,898,636.00,325.00,0,25378
82025,899,663.00,308.00,0,25388
82147,901,677.00,324.00,0,25396
82270,905,574.00,324.00,0,25404
82393,907,693.00,325.00,0,25413
82515,911,706.00,325.00,0,25421
82638,913,616.00,310.00,0,25431
82762,915,636.00,308.00,0,25439
82885,917,692.00,325.00,0,25447
83007,917,646.00,308.00,0,25456
83129,919,606.00,308.00,0,25464
83253,921,620.00,307.00,0,25473
83375,923,692.00,325.00,0,25482
83497,926,666.00,341.00,0,25490
83619,929,592.00,325.00,0,25499
83743,933,684.00,307.00,0,25507
83867,935,727.00,325.00,0,25516
83989,937,631.00,324.00,0,25525
84111,938,596.00,307.00,0,25533
84234,939,674.00,325.00,0,25541
84357,940,707.00,325.00,0,25550
84479,942,583.00,307.00,0,25559
84601,945,516.00,325.00,0,25568
84725,947,725.00,325.00,0,25576
84849,951,746.00,325.00,0,25584
84970,954,586.00,325.00,0,25593
85093,957,562.00,308.00,0,25602
85217,959,717.00,308.00,0,25610
85339,960,704.00,307.00,0,25619
85461,961,555.00,308.00,0,25627
85583,963,570.00,325.00,0,25636
85707,965,722.00,325.00,0,25645
85830,967,709.00,324.00,0,25653
85952,969,533.00,307.00,0,25662
86075,973,616.00,324.00,0,25670
86198,975,733.00,308.00,0,25679
86321,979,685.00,308.00,0,25688
86443,981,540.00,307.00,0,25696
86565,983,616.00,308.00,0,25705
86688,985,737.00,324.00,0,25713
86812,987,694.00,308.00,0,25721
86934,989,607.00,325.00,0,25731
87056,991,647.00,325.00,0,25739
87179,993,718.00,308.00,0,25748
87303,995,640.00,308.00,0,25756
87425,998,568.00,308.00,0,25764
87547,1001,651.00,308.00,0,25774
87673,1003,700.00,306.00,0,25783
87801,1006,664.00,324.00,0,25791
87927,1008,565.00,325.00,0,25800
88053,1011,665.00,325.00,0,25808
88179,1013,736.00,308.00,0,25818
88306,1015,667.00,324.00,0,25827
88433,1017,609.00,325.00,0,25835
88558,1020,624.00,325.00,0,25844
88685,1023,733.00,342.00,0,25853
88812,1025,706.00,324.00,0,25862
88939,1027,551.00,325.00,0,25871
89065,1029,636.00,324.00,0,25880
89191,1031,733.00,324.00,0,25888
89318,1034,662.00,325.00,0,25897
89444,1037,531.00,307.00,0,25906
89570,1039,594.00,307.00,0,25915
89697,1041,708.00,307.00,0,25924
89825,1043,688.00,325.00,0,25932
89951,1045,526.00,320.00,0,25942
90075,1048,601.00,308.00,0,25951
90203,1051,719.00,308.00,0,25959
90329,1053,702.00,341.00,0,25968
90455,1057,561.00,325.00,0,25977
90581,1059,579.00,324.00,0,25986
90709,1061,728.00,308.00,0,25995
90836,1063,701.00,308.00,0,26003
90961,1063,518.00,307.00,0,26012
91087,1065,540.00,307.00,0,26021
91215,1067,697.00,308.00,0,26030
91341,1070,683.00,325.00,0,26039
91467,1073,575.00,324.00,0,26048
91593,1077,526.00,307.00,0,26056
91721,1081,714.00,307.00,0,26065
91847,1083,724.00,325.00,0,26074
91973,1085,573.00,308.00,0,26083
92099,1086,550.00,325.00,0,26092
92225,1087,683.00,308.00,0,26100
92352,1089,686.00,308.00,0,26109
92477,1091,578.00,325.00,0,26119
92604,1095,505.00,324.00,0,26127
92731,1099,702.00,325.00,0,26136
92859,1102,691.00,308.00,0,26145
92984,1105,594.00,324.00,0,26153
93110,1107,623.00,325.00,0,26163
93237,1109,663.00,307.00,0,26171
93364,1110,682.00,324.00,0,26180
93490,1112,624.00,324.00,0,26189
93615,1114,614.00,307.00,0,26198
93743,1117,658.00,325.00,0,26207
93870,1120,701.00,308.00,0,26216
93995,1123,603.00,324.00,0,26224
94122,1125,594.00,341.00,0,26233
94249,1127,634.00,325.00,0,26242
94376,1130,669.00,308.00,0,26251
94501,1133,619.00,308.00,0,26260
94627,1135,558.00,324.00,0,26268
94755,1137,628.00,325.00,0,26277
94882,1141,664.00,324.00,0,26287
95007,1143,627.00,324.00,0,26295
95134,1146,596.00,308.00,0,26304
95261,1148,586.00,325.00,0,26313
95387,1151,674.00,307.00,0,26321
95513,1153,631.00,308.00,0,26331
95638,1155,580.00,308.00,0,26339
95766,1157,591.00,309.00,0,26348
95893,1160,652.00,341.00,0,26357
96019,1163,650.00,324.00,0,26365
96145,1165,641.00,308.00,0,26375
96273,1168,536.00,308.00,0,26384
96399,1171,634.00,325.00,0,26392
96524,1173,649.00,325.00,0,26401
96651,1176,619.00,307.00,0,26411
96779,1179,541.00,324.00,0,26419
96905,1181,595.00,320.00,0,26428
97031,1183,622.00,307.00,0,26436
97157,1185,674.00,325.00,0,26445
97284,1187,471.00,325.00,0,26455
97410,1191,601.00,308.00,0,26463
97536,1193,633.00,325.00,0,26472
97662,1196,659.00,325.00,0,26481
97790,1199,648.00,341.00,0,26489
97916,1201,559.00,325.00,0,26499
98042,1204,650.00,325.00,0,26507
98169,1207,692.00,324.00,0,26516
98295,1209,620.00,325.00,0,26525
98422,1211,558.00,307.00,0,26533
98547,1214,619.00,324.00,0,26543
98675,1217,653.00,308.00,0,26552
98802,1219,640.00,325.00,0,26560
98928,1221,519.00,325.00,0,26569
99054,1223,628.00,308.00,0,26578
99180,1226,697.00,307.00,0,26587
99306,1228,618.00,325.00,0,26596
99433,1231,544.00,308.00,0,26604
99559,1233,621.00,340.00,0,26613
99685,1237,691.00,341.00,0,26622
99813,1239,656.00,324.00,0,26631
99939,1242,534.00,308.00,0,26640
100065,1245,610.00,325.00,0,26649
100196,1247,702.00,308.00,0,26658
100326,1250,647.00,308.00,0,26668
100455,1252,526.00,325.00,0,26676
100585,1254,520.00,324.00,0,26685
100716,1257,687.00,326.00,0,26694
100847,1259,684.00,308.00,0,26703
100976,1263,551.00,325.00,0,26713
101107,1265,495.00,325.00,0,26722
101237,1269,643.00,308.00,0,26731
101367,1271,676.00,307.00,0,26740
101497,1274,626.00,342.00,0,26749
101626,1276,537.00,325.00,0,26758
101758,1277,577.00,308.00,0,26767
101888,1279,636.00,324.00,0,26776
102017,1282,617.00,325.00,0,26785
102147,1285,620.00,308.00,0,26795
102279,1289,504.00,325.00,0,26804
102408,1292,579.00,308.00,0,26813
102537,1295,619.00,325.00,0,26822
102667,1297,637.00,308.00,0,26831
102799,1300,609.00,308.00,0,26840
102929,1301,483.00,325.00,0,26849
103059,1304,605.00,325.00,0,26858
103189,1307,677.00,308.00,0,26867
103319,1309,627.00,325.00,0,26876
103449,1313,492.00,306.00,0,26886
103578,1315,554.00,326.00,0,26895
103710,1319,667.00,307.00,0,26904
103841,1321,664.00,324.00,0,26913
103970,1323,523.00,324.00,0,26921
104100,1325,507.00,324.00,0,26931
104231,1327,630.00,325.00,0,26940
104361,1331,647.00,307.00,0,26949
104491,1334,576.00,308.00,0,26958
104619,1337,570.00,338.00,0,26968
104751,1341,609.00,308.00,0,26977
104882,1343,633.00,308.00,0,26986
105011,1345,594.00,325.00,0,26995
105119,1347,825.00,374.00,0,27003
105136,1347,826.00,442.00,0,27013
105056,1348,826.00,493.00,0,27022
104946,1348,816.00,492.00,0,27031
104823,1348,792.00,476.00,0,27040
104693,1347,779.00,492.00,0,27049
104562,1346,773.00,527.00,0,27059
104429,1346,783.00,492.00,0,27068
104297,1345,710.00,492.00,0,27077
104168,1344,767.00,492.00,0,27085
104040,1342,790.00,509.00,0,27095
103910,1340,785.00,492.00,0,27104
103779,1338,779.00,492.00,0,27113
103648,1334,771.00,509.00,0,27122
103520,1332,776.00,493.00,0,27131
103389,1330,785.00,509.00,0,27141
103258,1328,786.00,476.00,0,27150
103129,1327,798.00,509.00,0,27159
103002,1326,789.00,509.00,0,27167
102873,1324,788.00,509.00,0,27176
102742,1320,805.00,492.00,0,27186
102614,1317,795.00,493.00,0,27195
102485,1314,794.00,509.00,0,27204
102354,1310,788.00,509.00,0,27213
102222,1306,769.00,492.00,0,27223
102091,1303,805.00,476.00,0,27232
101961,1301,785.00,509.00,0,27240
101830,1300,772.00,509.00,0,27249
101700,1298,786.00,509.00,0,27258
101571,1296,791.00,475.00,0,27268
101442,1293,811.00,509.00,0,27277
101312,1289,789.00,509.00,0,27286
101182,1284,790.00,493.00,0,27295
101054,1280,804.00,508.00,0,27304
100925,1277,793.00,476.00,0,27314
100793,1274,800.00,508.00,0,27322
100662,1273,791.00,508.00,0,27331
100534,1272,790.00,493.00,0,27340
100404,1270,802.00,493.00,0,27350
100272,1266,799.00,493.00,0,27359
100142,1262,797.00,509.00,0,27368
100014,1258,792.00,509.00,0,27377
99884,1254,797.00,509.00,0,27385
99757,1252,814.00,493.00,0,27395
99630,1250,796.00,510.00,0,27404
99505,1248,793.00,492.00,0,27412
99378,1245,794.00,492.00,0,27421
99249,1242,791.00,493.00,0,27430
99122,1239,804.00,508.00,0,27439
98998,1236,791.00,493.00,0,27448
98870,1232,794.00,509.00,0,27456
98744,1230,808.00,492.00,0,27465
98618,1228,797.00,509.00,0,27474
98493,1226,799.00,509.00,0,27483
98367,1224,796.00,509.00,0,27492
98240,1220,791.00,509.00,0,27501
98114,1217,810.00,492.00,0,27509
97989,1214,794.00,493.00,0,27518
97862,1210,791.00,493.00,0,27528
97735,1208,807.00,509.00,0,27536
97608,1205,801.00,509.00,0,27545
97483,1202,796.00,493.00,0,27553
97355,1200,791.00,492.00,0,27563
97226,1198,793.00,509.00,0,27572
97100,1196,816.00,508.00,0,27580
96976,1192,795.00,509.00,0,27589
96849,1190,789.00,493.00,0,27598
96722,1186,801.00,492.00,0,27607
96596,1184,806.00,493.00,0,27616
96472,1181,803.00,492.00,0,27624
96345,1179,791.00,492.00,0,27633
96217,1177,793.00,492.00,0,27642
96092,1175,819.00,492.00,0,27651
95967,1172,796.00,475.00,0,27660
95840,1169,798.00,493.00,0,27669
95714,1166,807.00,493.00,0,27677
95588,1162,814.00,475.00,0,27686
95463,1160,816.00,493.00,0,27696
95335,1158,793.00,492.00,0,27704
95206,1156,793.00,493.00,0,27713
95081,1154,817.00,493.00,0,27721
94955,1152,799.00,509.00,0,27730
94828,1150,797.00,509.00,0,27740
94702,1146,803.00,493.00,0,27748
94578,1144,814.00,494.00,0,27757
94453,1140,820.00,509.00,0,27766
94326,1138,796.00,509.00,0,27774
94197,1135,791.00,475.00,0,27784
94072,1132,815.00,492.00,0,27793
93945,1130,799.00,492.00,0,27801
93818,1128,800.00,509.00,0,27810
93692,1126,808.00,508.00,0,27819
93566,1124,812.00,493.00,0,27828
93441,1121,826.00,493.00,0,27837
93314,1118,799.00,493.00,0,27845
93186,1115,801.00,509.00,0,27854
93061,1112,810.00,493.00,0,27864
92935,1110,807.00,492.00,0,27872
92808,1108,800.00,492.00,0,27881
92680,1105,800.00,493.00,0,27889
92556,1103,807.00,509.00,0,27898
92430,1101,826.00,493.00,0,27908
92302,1099,802.00,509.00,0,27916
92174,1096,796.00,475.00,0,27925
92050,1094,809.00,476.00,0,27934
91926,1092,814.00,492.00,0,27942
91798,1090,806.00,475.00,0,27952
91673,1088,808.00,475.00,0,27961
91548,1085,821.00,492.00,0,27969
91423,1082,826.00,493.00,0,27978
91295,1078,809.00,507.00,0,27986
91166,1076,804.00,492.00,0,27996
91041,1073,806.00,492.00,0,28005
90914,1072,807.00,509.00,0,28013
90786,1070,813.00,509.00,0,28022
90659,1070,804.00,492.00,0,28032
90535,1068,814.00,493.00,0,28040
90410,1066,826.00,493.00,0,28049
90283,1062,809.00,493.00,0,28058
90156,1058,809.00,492.00,0,28066
90032,1054,816.00,509.00,0,28076
89906,1051,811.00,493.00,0,28084
89777,1049,821.00,492.00,0,28093
89650,1048,807.00,509.00,0,28102
89524,1047,809.00,493.00,0,28110
89398,1046,827.00,509.00,0,28120
89270,1044,813.00,495.00,0,28129
89144,1040,815.00,509.00,0,28137
89019,1036,812.00,492.00,0,28146
88893,1032,809.00,493.00,0,28154
88766,1030,826.00,509.00,0,28164
88639,1028,806.00,509.00,0,28173
88514,1026,804.00,492.00,0,28181
88387,1025,814.00,493.00,0,28190
88258,1024,810.00,493.00,0,28199
88132,1022,816.00,493.00,0,28208
88007,1018,808.00,492.00,0,28217
87882,1015,809.00,493.00,0,28226
87755,1012,826.00,509.00,0,28234
87629,1008,820.00,509.00,0,28243
87504,1006,814.00,492.00,0,28252
87377,1005,815.00,509.00,0,28261
87248,1003,813.00,509.00,0,28270
87122,1000,825.00,509.00,0,28278
86996,998,805.00,493.00,0,28288
86872,994,802.00,505.00,0,28296
86749,992,823.00,493.00,0,28304
86626,989,815.00,498.00,0,28313
86505,987,813.00,493.00,0,28321
86382,985,816.00,493.00,0,28331
86256,984,808.00,506.00,0,28339
86134,982,808.00,492.00,0,28347
86013,980,804.00,509.00,0,28356
85890,978,807.00,492.00,0,28364
85768,974,826.00,492.00,0,28372
85646,972,814.00,508.00,0,28382
85525,969,814.00,493.00,0,28390
85402,967,825.00,475.00,0,28399
85278,966,819.00,475.00,0,28407
85154,964,812.00,493.00,0,28416
85033,962,814.00,509.00,0,28425
84910,960,814.00,509.00,0,28433
84786,958,819.00,492.00,0,28442
84664,956,807.00,492.00,0,28450
84545,952,821.00,509.00,0,28459
84422,950,826.00,492.00,0,28468
84298,948,805.00,476.00,0,28476
84173,946,805.00,475.00,0,28484
84052,944,812.00,492.00,0,28493
83929,942,816.00,509.00,0,28502
83804,940,810.00,493.00,0,28511
83682,938,806.00,492.00,0,28519
83562,936,822.00,493.00,0,28527
83440,933,826.00,509.00,0,28536
83316,930,810.00,493.00,0,28545
83191,928,806.00,492.00,0,28553
83070,926,824.00,492.00,0,28562
82946,924,809.00,509.00,0,28570
82822,922,801.00,493.00,0,28579
82700,920,812.00,507.00,0,28588
82578,918,825.00,493.00,0,28596
82457,916,826.00,492.00,0,28605
82333,913,811.00,493.00,0,28613
82209,910,809.00,509.00,0,28621
82087,907,826.00,492.00,0,28631
81965,904,808.00,476.00,0,28639
81842,903,799.00,492.00,0,28648
81718,902,818.00,509.00,0,28656
81597,900,822.00,492.00,0,28664
81476,899,826.00,509.00,0,28674
81352,897,811.00,493.00,0,28682
81228,894,810.00,492.00,0,28691
81107,891,825.00,508.00,0,28699
80986,888,813.00,475.00,0,28707
80862,886,803.00,476.00,0,28717
80738,884,825.00,509.00,0,28725
80616,882,821.00,493.00,0,28733
80494,882,820.00,492.00,0,28742
80371,880,819.00,509.00,0,28750
80246,878,816.00,493.00,0,28760
80125,876,826.00,492.00,0,28768
80004,872,815.00,492.00,0,28776
79882,870,815.00,492.00,0,28785
79760,867,826.00,476.00,0,28793
79638,864,813.00,493.00,0,28802
79517,863,819.00,492.00,0,28811
79393,862,826.00,509.00,0,28819
79268,860,815.00,492.00,0,28828
79145,858,815.00,492.00,0,28836
79024,856,815.00,509.00,0,28845
78901,854,816.00,509.00,0,28854
78778,851,826.00,493.00,0,28862
78655,848,811.00,492.00,0,28870
78534,846,817.00,509.00,0,28879
78412,844,826.00,509.00,0,28888
78286,842,809.00,492.00,0,28897
78162,840,807.00,493.00,0,28905
78041,838,816.00,493.00,0,28913
77918,835,819.00,509.00,0,28922
77794,833,816.00,493.00,0,28931
77672,831,807.00,493.00,0,28939
77550,830,818.00,493.00,0,28948
77428,828,826.00,492.00,0,28956
77304,826,807.00,509.00,0,28965
77181,824,810.00,510.00,0,28974
77058,822,824.00,492.00,0,28982
76937,819,820.00,509.00,0,28991
76814,816,814.00,493.00,0,28999
76691,814,814.00,493.00,0,29008
76570,812,823.00,492.00,0,29017
76448,811,826.00,493.00,0,29025
76324,810,814.00,493.00,0,29034
76200,808,806.00,492.00,0,29042
76078,806,827.00,509.00,0,29050
75956,804,817.00,492.00,0,29060
75834,801,815.00,493.00,0,29068
75711,798,824.00,492.00,0,29077
75590,796,825.00,509.00,0,29085
75468,794,826.00,476.00,0,29093
75345,792,814.00,493.00,0,29103
75220,791,809.00,492.00,0,29111
75098,789,826.00,509.00,0,29119
74974,787,812.00,493.00,0,29128
74850,785,807.00,493.00,0,29136
74728,783,820.00,492.00,0,29146
74607,782,826.00,495.00,0,29154
74486,780,825.00,509.00,0,29162
74362,778,823.00,509.00,0,29171
74238,776,818.00,493.00,0,29179
74116,774,826.00,476.00,0,29188
73994,770,815.00,508.00,0,29197
73870,768,810.00,493.00,0,29205
73747,766,827.00,492.00,0,29214
73625,764,819.00,509.00,0,29222
73503,763,823.00,493.00,0,29231
73380,762,826.00,494.00,0,29240
73256,760,821.00,501.00,0,29248
73132,758,826.00,508.00,0,29257
73012,756,815.00,479.00,0,29265
72889,752,816.00,493.00,0,29274
72766,750,826.00,493.00,0,29283
72643,748,817.00,503.00,0,29291
72523,746,826.00,510.00,0,29299
72400,745,825.00,493.00,0,29308
72275,744,824.00,493.00,0,29317
72151,742,815.00,493.00,0,29326
72029,740,818.00,492.00,0,29334
71907,738,818.00,509.00,0,29342
71784,736,826.00,492.00,0,29351
71662,734,821.00,492.00,0,29360
71542,732,825.00,509.00,0,29368
71420,730,826.00,509.00,0,29377
71296,728,821.00,509.00,0,29385
71172,726,819.00,509.00,0,29394
71050,723,825.00,477.00,0,29403
70926,720,821.00,476.00,0,29411
70802,719,814.00,492.00,0,29420
70678,718,816.00,509.00,0,29428
70557,716,822.00,509.00,0,29436
70435,715,825.00,508.00,0,29446
70312,714,817.00,493.00,0,29454
70188,712,814.00,493.00,0,29463
70067,710,827.00,492.00,0,29471
69946,706,822.00,476.00,0,29479
69822,704,822.00,493.00,0,29489
69700,702,822.00,493.00,0,29497
69579,700,827.00,492.00,0,29506
69456,698,826.00,493.00,0,29514
69332,697,821.00,509.00,0,29522
69207,696,815.00,493.00,0,29532
69084,694,825.00,509.00,0,29540
68962,691,822.00,509.00,0,29548
68838,689,816.00,509.00,0,29557
68715,686,820.00,492.00,0,29565
68594,685,826.00,493.00,0,29575
68473,684,824.00,492.00,0,29583
68349,682,818.00,509.00,0,29591
68224,680,810.00,493.00,0,29600
68102,678,826.00,509.00,0,29608
67981,676,821.00,509.00,0,29617
67859,674,822.00,508.00,0,29626
67736,672,826.00,493.00,0,29634
67614,670,825.00,492.00,0,29643
67494,668,824.00,508.00,0,29651
67370,668,824.00,509.00,0,29660
67245,666,819.00,492.00,0,29669
67122,664,826.00,509.00,0,29677
67000,662,821.00,509.00,0,29685
66877,660,818.00,509.00,0,29694
66754,658,826.00,492.00,0,29703
66632,656,827.00,509.00,0,29712
66511,654,822.00,492.00,0,29720
66388,652,826.00,493.00,0,29728
66263,650,819.00,493.00,0,29737
66140,648,821.00,510.00,0,29746
66018,646,815.00,493.00,0,29754
65894,644,816.00,492.00,0,29763
65771,643,827.00,509.00,0,29771
65650,642,826.00,509.00,0,29780
65529,640,825.00,493.00,0,29789
65408,640,826.00,492.00,0,29797
65284,638,823.00,493.00,0,29806
65161,636,822.00,493.00,0,29814
65039,632,823.00,492.00,0,29824
64916,629,823.00,509.00,0,29832
64792,626,826.00,509.00,0,29840
64668,624,817.00,493.00,0,29849
64547,624,824.00,492.00,0,29857
64424,624,826.00,509.00,0,29865
64299,623,821.00,492.00,0,29875
64175,622,822.00,492.00,0,29883
64054,619,826.00,509.00,0,29892
63932,616,825.00,492.00,0,29900
63810,614,824.00,493.00,0,29908
63688,611,825.00,510.00,0,29918
63568,610,825.00,493.00,0,29926
63446,608,827.00,493.00,0,29934
63322,606,820.00,492.00,0,29943
63197,606,814.00,475.00,0,29952
63075,604,826.00,509.00,0,29961
62952,602,820.00,509.00,0,29969
62828,600,810.00,493.00,0,29977
62704,598,822.00,509.00,0,29986
62583,596,826.00,492.00,0,29995
62462,596,826.00,509.00,0,30003
62338,594,821.00,493.00,0,30012
62214,592,821.00,493.00,0,30020
62092,590,826.00,493.00,0,30029
61970,587,822.00,492.00,0,30038
61848,584,817.00,509.00,0,30046
61724,583,826.00,493.00,0,30055
61603,582,826.00,509.00,0,30063
61482,581,826.00,493.00,0,30072
61358,580,824.00,492.00,0,30081
61234,578,822.00,493.00,0,30089
61112,576,826.00,509.00,0,30098
60990,574,819.00,475.00,0,30106
60866,571,817.00,494.00,0,30114
60742,569,826.00,509.00,0,30124
60620,568,825.00,509.00,0,30132
60498,566,826.00,492.00,0,30141
60374,566,825.00,493.00,0,30149
60250,564,824.00,509.00,0,30157
60127,562,827.00,509.00,0,30167
60006,560,820.00,493.00,0,30175
59883,557,821.00,509.00,0,30183
59760,555,826.00,493.00,0,30192
59638,554,826.00,509.00,0,30200
59518,553,825.00,509.00,0,30210
59395,552,825.00,509.00,0,30218
59271,551,826.00,492.00,0,30226
59148,549,826.00,492.00,0,30235
59026,546,824.00,509.00,0,30243
58904,544,824.00,493.00,0,30252
58780,542,825.00,492.00,0,30261
58656,540,819.00,477.00,0,30269
58535,538,824.00,509.00,0,30278
58412,538,826.00,493.00,0,30286
58287,536,822.00,493.00,0,30295
58163,534,821.00,492.00,0,30304
58042,532,824.00,509.00,0,30312
57919,530,822.00,493.00,0,30321
57796,528,826.00,505.00,0,30329
57674,527,825.00,483.00,0,30338
57555,526,826.00,493.00,0,30347
57432,526,826.00,492.00,0,30355
57310,524,826.00,493.00,0,30363
57186,522,825.00,509.00,0,30372
57065,519,825.00,509.00,0,30381
56942,516,826.00,493.00,0,30390
56817,513,821.00,493.00,0,30398
56694,512,822.00,499.00,0,30406
56572,510,826.00,476.00,0,30415
56448,510,825.00,492.00,0,30424
56324,510,816.00,509.00,0,30432
56199,508,812.00,492.00,0,30441
56079,506,827.00,509.00,0,30449
55958,504,821.00,509.00,0,30458
55836,502,824.00,492.00,0,30467
55714,500,826.00,493.00,0,30475
55594,498,825.00,475.00,0,30484
55474,497,826.00,493.00,0,30492
55351,496,826.00,492.00,0,30500
55227,494,825.00,492.00,0,30510
55105,492,826.00,509.00,0,30518
54982,489,823.00,493.00,0,30527
54856,486,821.00,492.00,0,30535
54732,485,826.00,493.00,0,30543
54609,484,826.00,509.00,0,30553
54487,484,826.00,509.00,0,30561
54363,483,826.00,509.00,0,30570
54238,482,825.00,509.00,0,30578
54116,480,826.00,475.00,0,30586
53996,478,821.00,509.00,0,30596
53874,475,820.00,492.00,0,30604
53752,473,826.00,509.00,0,30612
53631,472,826.00,491.00,0,30621
53512,471,826.00,476.00,0,30629
53390,470,826.00,509.00,0,30639
53266,469,825.00,492.00,0,30647
53142,467,826.00,509.00,0,30655
53020,464,824.00,509.00,0,30664
52895,462,825.00,491.00,0,30672
52770,460,826.00,492.00,0,30681
52647,458,823.00,492.00,0,30690
52526,458,826.00,509.00,0,30698
52402,458,826.00,493.00,0,30707
52277,456,826.00,493.00,0,30715
52154,454,826.00,492.00,0,30724
52032,452,826.00,493.00,0,30733
51911,450,823.00,491.00,0,30741
51788,448,826.00,493.00,0,30749
51667,446,825.00,509.00,0,30758
51548,446,826.00,492.00,0,30767
51426,444,826.00,510.00,0,30776
51302,444,825.00,475.00,0,30784
51178,442,825.00,475.00,0,30792
51056,440,826.00,509.00,0,30801
50932,437,826.00,510.00,0,30810
50807,434,822.00,509.00,0,30818
50683,434,826.00,509.00,0,30827
50561,433,826.00,493.00,0,30835
50438,432,826.00,492.00,0,30844
50314,431,826.00,509.00,0,30853
50190,430,821.00,492.00,0,30861
50068,427,826.00,493.00,0,30870
49946,424,826.00,508.00,0,30878
49824,422,826.00,492.00,0,30887
49702,421,825.00,492.00,0,30896
49582,420,826.00,509.00,0,30904
49462,420,827.00,493.00,0,30913
49338,420,825.00,492.00,0,30921
49215,418,827.00,509.00,0,30929
49093,415,826.00,492.00,0,30939
48971,412,826.00,475.00,0,30947
48846,410,824.00,492.00,0,30956
48722,408,826.00,492.00,0,30964
48599,407,826.00,493.00,0,30972
48476,406,826.00,492.00,0,30982
48352,406,826.00,509.00,0,30990
48227,404,819.00,492.00,0,30998
48105,402,826.00,509.00,0,31007
47982,400,826.00,509.00,0,31015
47860,398,825.00,509.00,0,31025
47738,396,826.00,509.00,0,31033
47618,395,826.00,475.00,0,31041
47496,394,827.00,509.00,0,31050
47374,394,826.00,492.00,0,31058
47250,392,826.00,509.00,0,31067
47128,390,826.00,509.00,0,31076
47006,388,826.00,509.00,0,31084
46882,386,827.00,493.00,0,31093
46758,384,826.00,492.00,0,31101
46635,382,826.00,509.00,0,31110
46514,382,826.00,475.00,0,31119
46390,381,826.00,493.00,0,31127
46265,380,826.00,493.00,0,31136
46142,378,826.00,491.00,0,31144
46020,375,826.00,493.00,0,31153
45898,372,819.00,492.00,0,31162
45775,371,826.00,493.00,0,31170
45654,370,826.00,509.00,0,31178
45534,370,826.00,475.00,0,31187
45413,370,826.00,509.00,0,31196
45288,369,826.00,509.00,0,31205
45166,367,825.00,493.00,0,31213
45044,364,826.00,508.00,0,31221
44921,362,827.00,493.00,0,31230
44797,360,825.00,491.00,0,31239
44674,358,826.00,493.00,0,31247
44552,358,826.00,488.00,0,31256
44429,357,826.00,475.00,0,31264
44304,356,827.00,489.00,0,31273
44180,354,823.00,482.00,0,31282
44058,352,826.00,509.00,0,31290
43934,350,827.00,493.00,0,31299
43811,348,825.00,492.00,0,31307
43689,347,826.00,492.00,0,31315
43569,347,826.00,491.00,0,31325
43449,346,826.00,493.00,0,31333
43326,346,826.00,493.00,0,31342
43202,344,826.00,492.00,0,31350
43080,341,826.00,509.00,0,31358
42958,338,826.00,492.00,0,31368
42833,336,825.00,492.00,0,31376
42710,334,826.00,509.00,0,31384
42588,334,826.00,492.00,0,31393
42466,334,826.00,493.00,0,31401
42342,333,826.00,509.00,0,31411
42217,332,825.00,500.00,0,31419
42094,330,827.00,490.00,0,31427
41974,326,826.00,509.00,0,31436
41850,325,825.00,492.00,0,31444
41727,324,826.00,492.00,0,31454
41606,324,825.00,492.00,0,31462
41487,324,826.00,492.00,0,31470
41364,324,826.00,475.00,0,31479
41240,322,826.00,476.00,0,31488
41118,320,826.00,492.00,0,31496
40996,316,826.00,509.00,0,31505
40872,314,825.00,493.00,0,31513
40748,312,826.00,509.00,0,31522
40626,311,826.00,492.00,0,31531
40504,310,825.00,509.00,0,31539
40380,310,827.00,493.00,0,31548
40254,309,826.00,492.00,0,31556
40130,307,826.00,492.00,0,31564
40008,304,826.00,492.00,0,31574
39886,302,825.00,492.00,0,31582
39762,301,827.00,475.00,0,31591
39641,301,825.00,491.00,0,31599
39521,301,826.00,509.00,0,31607
39400,300,826.00,492.00,0,31617
39276,299,826.00,492.00,0,31625
39153,297,826.00,493.00,0,31633
39032,294,825.00,475.00,0,31642
38908,291,826.00,493.00,0,31650
38784,290,826.00,493.00,0,31660
38661,288,825.00,509.00,0,31668
38540,288,826.00,492.00,0,31676
38417,288,826.00,492.00,0,31685
38292,288,826.00,510.00,0,31693
38168,286,825.00,493.00,0,31703
38046,283,826.00,492.00,0,31711
37924,280,826.00,509.00,0,31719
37802,279,826.00,509.00,0,31728
37680,278,826.00,493.00,0,31736
37560,278,826.00,493.00,0,31745
37438,278,826.00,492.00,0,31754
37316,278,826.00,509.00,0,31762
37192,275,826.00,509.00,0,31771
37069,272,825.00,492.00,0,31779
36946,270,827.00,509.00,0,31788
36822,268,826.00,509.00,0,31797
36698,266,825.00,509.00,0,31805
36576,266,826.00,493.00,0,31813
36454,266,826.00,509.00,0,31822
36330,266,826.00,510.00,0,31831
36205,264,826.00,509.00,0,31840
36083,262,826.00,509.00,0,31848
35960,259,825.00,509.00,0,31856
35838,257,826.00,509.00,0,31865
35716,256,826.00,492.00,0,31874
35596,256,826.00,492.00,0,31882
35475,256,826.00,492.00,0,31891
35352,256,826.00,509.00,0,31899
35228,254,826.00,492.00,0,31908
35106,252,825.00,509.00,0,31917
34984,250,826.00,492.00,0,31925
34860,247,826.00,510.00,0,31934
34736,246,826.00,508.00,0,31942
34614,246,826.00,493.00,0,31951
34494,246,825.00,492.00,0,31960
34371,246,827.00,509.00,0,31968
34246,244,826.00,509.00,0,31977
34122,242,826.00,509.00,0,31985
34000,239,826.00,493.00,0,31993
33878,236,825.00,509.00,0,32003
33754,236,826.00,509.00,0,32011
33633,236,826.00,492.00,0,32020
33514,236,826.00,492.00,0,32028
33391,236,826.00,493.00,0,32036
33267,235,826.00,493.00,0,32046
33143,232,826.00,509.00,0,32054
33021,230,826.00,509.00,0,32062
32897,227,826.00,509.00,0,32071
32772,226,826.00,492.00,0,32079
32650,226,826.00,493.00,0,32089
32529,226,826.00,508.00,0,32097
32406,226,826.00,493.00,0,32105
32282,225,826.00,492.00,0,32114
32158,222,826.00,475.00,0,32122
32037,220,826.00,493.00,0,32131
31914,217,825.00,492.00,0,32140
31792,216,826.00,509.00,0,32148
31670,216,825.00,493.00,0,32157
31551,216,825.00,493.00,0,32165
31430,216,826.00,476.00,0,32174
31308,216,826.00,509.00,0,32183
31184,214,826.00,509.00,0,32191
31060,210,826.00,509.00,0,32199
30937,208,826.00,507.00,0,32208
30811,206,825.00,493.00,0,32217
30688,206,826.00,493.00,0,32226
30566,206,825.00,493.00,0,32234
30444,206,826.00,494.00,0,32242
30320,206,827.00,493.00,0,32251
30195,204,825.00,509.00,0,32260
30074,201,827.00,492.00,0,32269
29951,198,825.00,492.00,0,32277
29828,197,827.00,497.00,0,32285
29706,197,826.00,495.00,0,32294
29587,197,826.00,476.00,0,32303
29468,197,826.00,492.00,0,32311
29346,197,826.00,492.00,0,32320
29222,196,826.00,493.00,0,32328
29099,192,826.00,509.00,0,32337
28976,190,826.00,509.00,0,32346
28850,188,826.00,509.00,0,32354
28726,188,826.00,492.00,0,32363
28604,188,826.00,497.00,0,32371
28482,188,826.00,492.00,0,32379
28358,188,826.00,509.00,0,32389
28234,186,825.00,509.00,0,32397
28110,184,826.00,508.00,0,32406
27988,182,825.00,475.00,0,32414
27866,180,826.00,493.00,0,32422
27744,180,826.00,493.00,0,32432
27624,180,825.00,493.00,0,32440
27504,180,826.00,509.00,0,32448
27384,180,826.00,509.00,0,32457
27260,178,826.00,492.00,0,32465
27137,176,826.00,492.00,0,32475
27014,173,825.00,491.00,0,32483
26889,171,826.00,493.00,0,32491
26764,170,826.00,509.00,0,32500
26641,170,827.00,509.00,0,32508
26520,170,825.00,508.00,0,32518
26396,170,826.00,492.00,0,32526
26270,170,826.00,493.00,0,32534
26147,168,826.00,492.00,0,32543
26025,165,826.00,509.00,0,32551
25902,163,826.00,492.00,0,32560
25780,162,826.00,492.00,0,32569
25660,162,825.00,493.00,0,32577
25541,162,827.00,493.00,0,32586
25420,162,825.00,492.00,0,32594
25297,162,826.00,508.00,0,32603
25174,160,826.00,509.00,0,32612
25051,158,825.00,509.00,0,32620
24926,155,826.00,493.00,0,32628
24802,154,826.00,492.00,0,32637
24678,154,826.00,492.00,0,32646
24558,154,826.00,509.00,0,32655
24435,154,826.00,492.00,0,32663
24310,154,826.00,493.00,0,32671
24186,152,826.00,492.00,0,32680
24064,150,826.00,509.00,0,32689
23940,148,826.00,508.00,0,32697
23818,146,827.00,492.00,0,32706
23697,146,826.00,509.00,0,32714
23578,146,826.00,492.00,0,32723
23458,146,826.00,492.00,0,32732
23335,146,826.00,492.00,0,32740
23211,144,826.00,492.00,0,32749
23088,142,826.00,509.00,0,32757
22964,140,827.00,492.00,0,32765
22838,138,825.00,509.00,0,32775
22715,138,826.00,492.00,0,32783
22593,138,826.00,492.00,0,32792
22472,139,825.00,493.00,0,32800
22348,139,827.00,509.00,0,32808
22223,138,825.00,509.00,0,32818
22100,135,826.00,492.00,0,32826
21977,133,826.00,492.00,0,32835
21854,131,825.00,509.00,0,32843
21733,131,826.00,493.00,0,32851
21614,131,825.00,509.00,0,32861
21496,132,826.00,493.00,0,32869
21374,132,825.00,508.00,0,32877
21249,131,826.00,509.00,0,32886
21126,128,826.00,492.00,0,32894
21002,125,826.00,492.00,0,32904
20877,123,826.00,509.00,0,32912
20752,123,825.00,510.00,0,32920
20630,123,826.00,509.00,0,32929
20508,124,826.00,493.00,0,32937
20386,124,826.00,493.00,0,32946
20261,124,826.00,492.00,0,32955
20137,122,826.00,492.00,0,32963
20014,119,826.00,492.00,0,32972
19891,118,825.00,492.00,0,32980
19768,117,827.00,509.00,0,32989
19649,117,825.00,493.00,0,32998
19531,117,826.00,493.00,0,33006
19411,118,826.00,509.00,0,33014
19287,118,826.00,492.00,0,33024
19163,115,826.00,492.00,0,33032
19040,112,826.00,493.00,0,33041
18915,110,826.00,508.00,0,33049
18791,110,826.00,509.00,0,33057
18668,110,827.00,493.00,0,33067
18548,111,825.00,492.00,0,33075
18426,111,827.00,509.00,0,33084
18302,111,826.00,508.00,0,33092
18176,109,826.00,509.00,0,33100
18054,106,826.00,476.00,0,33110
17930,105,825.00,476.00,0,33118
17807,103,827.00,493.00,0,33126
17685,103,825.00,492.00,0,33135
17567,103,826.00,509.00,0,33143
17447,103,826.00,492.00,0,33153
17324,103,826.00,492.00,0,33161
17200,101,826.00,493.00,0,33169
17076,97,826.00,493.00,0,33177
16954,95,826.00,509.00,0,33186
16834,95,825.00,492.00,0,33195
16715,95,826.00,508.00,0,33203
16598,95,826.00,493.00,0,33211
16482,96,826.00,493.00,0,33219
16364,96,827.00,509.00,0,33227
16242,95,826.00,492.00,0,33235
16122,93,827.00,509.00,0,33244
16004,90,826.00,492.00,0,33253
15884,89,826.00,508.00,0,33261
15766,89,826.00,492.00,0,33269
15648,89,826.00,492.00,0,33277
15534,90,826.00,509.00,0,33286
15415,90,826.00,494.00,0,33294
15294,89,826.00,493.00,0,33302
15172,87,826.00,509.00,0,33310
15051,85,826.00,509.00,0,33319
14930,83,826.00,492.00,0,33328
14808,82,826.00,509.00,0,33336
14690,82,827.00,509.00,0,33344
14574,82,826.00,492.00,0,33352
14458,83,826.00,493.00,0,33360
14340,83,826.00,493.00,0,33369
14219,81,825.00,492.00,0,33377
14100,79,826.00,493.00,0,33386
13980,77,825.00,508.00,0,33394
13862,77,826.00,509.00,0,33402
13745,77,826.00,510.00,0,33411
13630,78,826.00,492.00,0,33419
13514,79,826.00,475.00,0,33427
13393,79,825.00,492.00,0,33435
13270,78,826.00,493.00,0,33443
13146,76,826.00,491.00,0,33453
13024,73,825.00,491.00,0,33461
12902,72,826.00,509.00,0,33469
12782,72,826.00,492.00,0,33477
12664,72,826.00,493.00,0,33485
12550,73,826.00,509.00,0,33494
12434,74,826.00,493.00,0,33502
12316,74,826.00,509.00,0,33510
12196,73,826.00,509.00,0,33519
12078,70,826.00,492.00,0,33527
11960,68,825.00,506.00,0,33536
11842,68,827.00,493.00,0,33544
11726,68,826.00,493.00,0,33552
11611,69,826.00,493.00,0,33560
11492,69,826.00,475.00,0,33568
11369,69,826.00,509.00,0,33576
11244,67,826.00,509.00,0,33586
11120,65,826.00,509.00,0,33594
10996,63,826.00,509.00,0,33602
10874,61,826.00,510.00,0,33610
10754,61,825.00,492.00,0,33618
10640,62,827.00,493.00,0,33627
10527,62,826.00,492.00,0,33635
10412,63,827.00,493.00,0,33643
10294,63,826.00,492.00,0,33652
10175,61,826.00,500.00,0,33660
10058,58,826.00,509.00,0,33669
9939,57,826.00,506.00,0,33677
9826,56,826.00,476.00,0,33685
9713,56,826.00,490.00,0,33692
9600,57,826.00,475.00,0,33700
9484,58,826.00,493.00,0,33709
9364,58,826.00,506.00,0,33717
9243,57,826.00,493.00,0,33725
9122,55,825.00,509.00,0,33733
9002,52,826.00,510.00,0,33741
8884,51,826.00,492.00,0,33750
8770,51,826.00,491.00,0,33757
8660,52,826.00,493.00,0,33765
8552,53,826.00,493.00,0,33773
8440,54,826.00,509.00,0,33781
8325,54,826.00,476.00,0,33789
8208,52,826.00,509.00,0,33798
8092,50,827.00,509.00,0,33806
7976,48,825.00,492.00,0,33813
7862,47,826.00,508.00,0,33821
7750,47,826.00,492.00,0,33829
7638,47,826.00,492.00,0,33838
7524,49,827.00,509.00,0,33846
7405,49,825.00,492.00,0,33854
7284,48,826.00,509.00,0,33862
7163,46,826.00,493.00,0,33870
7044,43,826.00,509.00,0,33878
6926,41,826.00,509.00,0,33886
6811,41,826.00,492.00,0,33894
6702,41,826.00,493.00,0,33902
6595,42,826.00,487.00,0,33910
6482,44,826.00,492.00,0,33918
6366,44,826.00,476.00,0,33927
6246,43,825.00,509.00,0,33935
6128,41,826.00,510.00,0,33942
6012,39,826.00,492.00,0,33950
5897,37,826.00,509.00,0,33958
5786,37,827.00,493.00,0,33967
5676,38,826.00,492.00,0,33975
5564,40,826.00,493.00,0,33983
5446,41,826.00,497.00,0,33991
5326,41,825.00,492.00,0,33999
5204,40,827.00,509.00,0,34007
5085,37,825.00,492.00,0,34015
4968,34,826.00,493.00,0,34023
4854,34,826.00,509.00,0,34031
4744,34,826.00,492.00,0,34039
4637,36,827.00,493.00,0,34048
4524,38,826.00,492.00,0,34056
4406,38,826.00,491.00,0,34063
4286,38,825.00,509.00,0,34071
4165,36,826.00,509.00,0,34079
4048,33,826.00,510.00,0,34087
3932,31,826.00,509.00,0,34096
3820,30,827.00,493.00,0,34104
3712,30,826.00,492.00,0,34112
3602,32,826.00,475.00,0,34120
3487,33,825.00,509.00,0,34127
3368,34,825.00,509.00,0,34136
3246,34,826.00,509.00,0,34144
3126,32,826.00,493.00,0,34152
3010,28,827.00,493.00,0,34160
2896,27,826.00,492.00,0,34168
2787,27,826.00,492.00,0,34177
2678,27,826.00,459.00,0,34185
2566,29,825.00,508.00,0,34192
2449,31,826.00,492.00,0,34200
2329,31,826.00,509.00,0,34208
2207,30,825.00,509.00,0,34216
2088,27,826.00,510.00,0,34225
1972,25,825.00,493.00,0,34233
1858,23,826.00,492.00,0,34241
1750,22,826.00,492.00,0,34249
1642,22,825.00,508.00,0,34256
1527,24,826.00,494.00,0,34265
1409,26,826.00,493.00,0,34273
1286,26,826.00,493.00,0,34281
1166,25,826.00,509.00,0,34289
1048,23,826.00,509.00,0,34297
934,21,826.00,493.00,0,34305
828,19,826.00,492.00,0,34313
725,19,826.00,492.00,0,34321
618,20,825.00,475.00,0,34328
504,23,826.00,509.00,0,34336
390,25,826.00,498.00,0,34343
272,26,825.00,509.00,0,34352
156,26,826.00,493.00,0,34360
40,22,826.00,510.00,0,34367
-59,18,0.00,475.00,0,34374
-101,16,0.00,416.00,0,34382
-80,14,0.00,358.00,0,34390
-8,14,675.00,341.00,0,34397
78,14,789.00,324.00,0,34404
162,18,575.00,341.00,0,34412
258,20,498.00,324.00,0,34420
364,22,761.00,308.00,0,34427
470,24,734.00,325.00,0,34436
579,24,753.00,325.00,0,34443
690,23,801.00,342.00,0,34451
806,21,811.00,325.00,0,34459
922,19,799.00,325.00,0,34466
1037,16,819.00,307.00,0,34475
1152,15,807.00,325.00,0,34483
1261,15,717.00,325.00,0,34491
1370,17,672.00,324.00,0,34499
1482,20,704.00,324.00,0,34507
1598,23,725.00,324.00,0,34515
1715,23,806.00,307.00,0,34523
1835,22,815.00,341.00,0,34531
1956,20,803.00,308.00,0,34539
2075,16,815.00,325.00,0,34547
2187,14,810.00,324.00,0,34555
2296,14,674.00,342.00,0,34564
2406,16,651.00,324.00,0,34572
2520,19,798.00,308.00,0,34579
2636,22,785.00,308.00,0,34587
2754,22,805.00,325.00,0,34595
2874,20,814.00,313.00,0,34604
2994,18,807.00,325.00,0,34612
3108,15,800.00,325.00,0,34620
3218,14,825.00,324.00,0,34628
3323,14,825.00,325.00,0,34636
3421,18,825.00,324.00,0,34643
3514,21,825.00,341.00,0,34652
3602,24,826.00,358.00,0,34660
3691,24,826.00,341.00,0,34668
3781,23,826.00,356.00,0,34676
3871,21,825.00,341.00,0,34684
3959,18,825.00,358.00,0,34693
4045,17,825.00,341.00,0,34701
4125,16,824.00,375.00,0,34708
4200,18,825.00,358.00,0,34716
4269,20,826.00,341.00,0,34724
4332,22,825.00,375.00,0,34733
4392,24,826.00,358.00,0,34741
4448,24,826.00,375.00,0,34749
4499,24,825.00,391.00,0,34757
4550,24,825.00,357.00,0,34765
4598,23,825.00,374.00,0,34772
4646,23,826.00,374.00,0,34781
4697,23,826.00,358.00,0,34789
4747,23,826.00,368.00,0,34797
4798,23,825.00,358.00,0,34805
4850,23,825.00,358.00,0,34813
4899,22,826.00,358.00,0,34822
4946,22,825.00,375.00,0,34829
4990,22,825.00,374.00,0,34837
5030,22,826.00,375.00,0,34845
5066,22,825.00,375.00,0,34853
5098,23,826.00,391.00,0,34862
5124,23,825.00,391.00,0,34870
5147,23,826.00,377.00,0,34878
5165,23,825.00,391.00,0,34886
5178,23,825.00,391.00,0,34893
5184,23,826.00,408.00,0,34902
5187,24,826.00,409.00,0,34910
5185,24,825.00,424.00,0,34918
5177,24,826.00,408.00,0,34926
5167,24,825.00,408.00,0,34934
5153,24,825.00,408.00,0,34942
5135,24,825.00,408.00,0,34951
5117,24,825.00,425.00,0,34958
5097,24,826.00,425.00,0,34966
5075,24,825.00,425.00,0,34974
5053,24,826.00,425.00,0,34982
5033,24,826.00,425.00,0,34991
5012,24,826.00,425.00,0,34999
4993,24,826.00,409.00,0,35007
4977,24,825.00,408.00,0,35015
4961,24,825.00,424.00,0,35022
4949,24,825.00,408.00,0,35031
4939,24,826.00,425.00,0,35039
4932,24,825.00,408.00,0,35047
4927,24,825.00,408.00,0,35055
4926,24,826.00,409.00,0,35063
4926,24,826.00,408.00,0,35072
4929,24,825.00,408.00,0,35079
4934,24,825.00,408.00,0,35087
4940,24,825.00,391.00,0,35095
4948,24,826.00,391.00,0,35103
4957,24,825.00,391.00,0,35111
4966,24,825.00,409.00,0,35120
4976,24,825.00,392.00,0,35128
4984,24,825.00,408.00,0,35136
4994,24,825.00,408.00,0,35143
5001,24,825.00,407.00,0,35151
5008,24,826.00,409.00,0,35160
5013,24,826.00,408.00,0,35168
5018,24,825.00,408.00,0,35176
5020,24,825.00,409.00,0,35184
5020,24,825.00,409.00,0,35192
5020,24,825.00,409.00,0,35201
5018,24,825.00,408.00,0,35208
5016,24,825.00,408.00,0,35216
5012,24,825.00,409.00,0,35224
5008,24,826.00,408.00,0,35232
5004,24,826.00,409.00,0,35240
4999,24,826.00,408.00,0,35249
4996,24,825.00,408.00,0,35257
4992,24,825.00,408.00,0,35265
4988,24,826.00,408.00,0,35272
4986,24,826.00,408.00,0,35280
4984,24,826.00,408.00,0,35289
4982,24,826.00,409.00,0,35297
4982,24,826.00,408.00,0,35305
4982,24,825.00,408.00,0,35313
4983,24,825.00,408.00,0,35321
4985,24,825.00,408.00,0,35329
4986,24,825.00,408.00,0,35337
4987,24,826.00,408.00,0,35345
4989,24,825.00,408.00,0,35353
4991,24,826.00,408.00,0,35361
4992,24,826.00,409.00,0,35369
4993,24,825.00,408.00,0,35378
4994,24,825.00,408.00,0,35386
4995,24,825.00,408.00,0,35393
4995,24,825.00,409.00,0,35401
4995,24,826.00,409.00,0,35409
4995,24,825.00,408.00,0,35418
4995,24,825.00,409.00,0,35426
4995,24,826.00,409.00,0,35434
4995,24,826.00,409.00,0,35442
4994,24,825.00,408.00,0,35450
4994,24,825.00,408.00,0,35458
4994,24,826.00,408.00,0,35466
4994,24,826.00,408.00,0,35474
4994,24,826.00,409.00,0,35482
4994,24,826.00,408.00,0,35490
4994,24,825.00,408.00,0,35499
4994,24,825.00,409.00,0,35507
4994,24,825.00,408.00,0,35515
4994,24,825.00,408.00,0,35522
4994,24,825.00,408.00,0,35530
4994,24,825.00,409.00,0,35538
4994,24,826.00,408.00,0,35547
4994,24,825.00,408.00,0,35555
4994,24,826.00,408.00,0,35563
4994,24,826.00,408.00,0,35571
4994,24,825.00,408.00,0,35579
4994,24,825.00,408.00,0,35587
4994,24,826.00,408.00,0,35595
4994,24,826.00,408.00,0,35603
4994,24,825.00,408.00,0,35611
4994,24,826.00,409.00,0,35619
4994,24,825.00,409.00,0,35628
4994,24,825.00,408.00,0,35636
4994,24,825.00,409.00,0,35643
4994,24,826.00,408.00,0,35651
4994,24,826.00,408.00,0,35659
4994,24,826.00,408.00,0,35667
4994,24,826.00,409.00,0,35676
4994,24,825.00,408.00,0,35684
4994,24,826.00,408.00,0,35692
4994,24,825.00,408.00,0,35700
4994,24,825.00,408.00,0,35707
4994,24,826.00,408.00,0,35716
4994,24,826.00,408.00,0,35724
4994,24,826.00,408.00,0,35732
4994,23,826.00,409.00,0,35740
4994,23,825.00,409.00,0,35748
4994,23,825.00,408.00,0,35757
4994,23,825.00,408.00,0,35765
4994,23,826.00,408.00,0,35772
4994,23,826.00,408.00,0,35780
4994,23,825.00,408.00,0,35788
4994,23,826.00,408.00,0,35796
4994,23,825.00,408.00,0,35805
4994,23,826.00,409.0