409.00,0,11493
0,-1,826.00,409.00,0,11500
0,-1,826.00,409.00,0,11507
0,-1,826.00,408.00,0,11514
0,-1,826.00,409.00,0,11522
0,-1,826.00,409.00,0,11529
0,-1,826.00,409.00,0,11537
0,-1,825.00,408.00,0,11544
0,-1,825.00,409.00,0,11551
0,-1,826.00,409.00,0,11558
0,-1,826.00,409.00,0,11566
0,-1,826.00,408.00,0,11573
0,-1,826.00,409.00,0,11580
0,-1,826.00,408.00,0,11587
0,-1,826.00,408.00,0,11594
0,-1,826.00,409.00,0,11602
0,-1,825.00,408.00,0,11610
0,-1,825.00,408.00,0,11617
0,-1,826.00,409.00,0,11624
0,-1,826.00,408.00,0,11631
0,-1,826.00,409.00,0,11638
0,-1,826.00,409.00,0,11645
0,-1,826.00,409.00,0,11653
0,-1,826.00,409.00,0,11660
0,-1,826.00,408.00,0,11668
0,-1,825.00,408.00,0,11675
0,-1,825.00,408.00,0,11682
0,-1,825.00,409.00,0,11689
0,-1,826.00,409.00,0,11697
0,-1,826.00,408.00,0,11704
0,-1,826.00,408.00,0,11711
0,-1,826.00,409.00,0,11718
0,-1,826.00,408.00,0,11725
0,-1,826.00,408.00,0,11732
0,-1,825.00,408.00,0,11741
0,-1,825.00,409.00,0,11748
0,-1,826.00,408.00,0,11755
0,-1,825.00,409.00,0,11762
0,-1,826.00,409.00,0,11769
0,-1,826.00,409.00,0,11777
0,-1,825.00,409.00,0,11784
0,-1,826.00,408.00,0,11791
0,-1,826.00,409.00,0,11798
0,-1,826.00,408.00,0,11806
0,-1,825.00,408.00,0,11813
0,-1,825.00,408.00,0,11821
0,-1,826.00,409.00,0,11828
0,-1,826.00,409.00,0,11835
0,-1,826.00,409.00,0,11842
0,-1,826.00,409.00,0,11849
0,-1,826.00,409.00,0,11856
0,-1,826.00,409.00,0,11864
0,-1,826.00,408.00,0,11872
0,-1,825.00,408.00,0,11879
0,-1,826.00,409.00,0,11886
0,-1,826.00,409.00,0,11893
0,-1,826.00,408.00,0,11900
0,-1,826.00,409.00,0,11908
0,-1,826.00,409.00,0,11915
0,-1,826.00,409.00,0,11922
0,-1,826.00,408.00,0,11929
0,-1,825.00,408.00,0,11937
0,-1,826.00,408.00,0,11944
0,-1,825.00,409.00,0,11952
0,-1,826.00,409.00,0,11959
0,-1,826.00,409.00,0,11966
0,-1,826.00,409.00,0,11973
0,-1,826.00,409.00,0,11980
0,-1,826.00,408.00,0,11987
0,-1,826.00,408.00,0,11995
0,-1,826.00,409.00,0,12003
0,-1,825.00,409.00,0,12010
0,-1,826.00,409.00,0,12017
0,-1,825.00,409.00,0,12024
0,-1,826.00,408.00,0,12032
0,-1,826.00,409.00,0,12039
0,-1,826.00,408.00,0,12046
0,-1,826.00,408.00,0,12053
0,-1,826.00,409.00,0,12060
0,-1,826.00,409.00,0,12068
0,-1,825.00,408.00,0,12076
0,-1,825.00,408.00,0,12083
0,-1,825.00,409.00,0,12090
0,-1,826.00,409.00,0,12097
0,-1,826.00,409.00,0,12104
0,-1,826.00,408.00,0,12111
0,-1,826.00,408.00,0,12119
0,-1,826.00,409.00,0,12126
0,-1,826.00,408.00,0,12134
0,-1,825.00,408.00,0,12141
0,-1,825.00,408.00,0,12148
0,-1,826.00,408.00,0,12155
0,-1,826.00,408.00,0,12163
0,-1,826.00,408.00,0,12170
0,-1,826.00,409.00,0,12177
0,-1,826.00,408.00,0,12184
0,-1,826.00,409.00,0,12191
0,-1,825.00,408.00,0,12198
0,-1,825.00,408.00,0,12207
0,-1,825.00,409.00,0,12214
0,-1,826.00,408.00,0,12221
0,-1,826.00,409.00,0,12228
0,-1,826.00,409.00,0,12235
0,-1,826.00,409.00,0,12242
0,-1,826.00,409.00,0,12250
0,-1,826.00,408.00,0,12257
0,-1,826.00,408.00,0,12264
0,-1,826.00,408.00,0,12272
0,-1,825.00,408.00,0,12279
0,-1,825.00,408.00,0,12286
0,-1,826.00,409.00,0,12294
0,-1,826.00,409.00,0,12301
0,-1,826.00,408.00,0,12308
0,-1,826.00,408.00,0,12315
0,-1,826.00,408.00,0,12322
0,-1,826.00,409.00,0,12329
0,-1,826.00,408.00,0,12338
0,-1,825.00,408.00,0,12345
0,-1,825.00,409.00,0,12352
0,-1,825.00,409.00,0,12359
0,-1,826.00,408.00,0,12366
0,-1,826.00,408.00,0,12374
0,-1,827.00,408.00,0,12381
0,-1,826.00,409.00,0,12388
0,-1,826.00,408.00,0,12395
0,-1,826.00,408.00,0,12403
0,-1,825.00,408.00,0,12410
0,-1,826.00,409.00,0,12418
0,-1,826.00,408.00,0,12425
0,-1,826.00,408.00,0,12432
0,-1,826.00,409.00,0,12439
0,-1,826.00,408.00,0,12446
0,-1,826.00,409.00,0,12453
0,-1,826.00,408.00,0,12461
0,-1,826.00,408.00,0,12469
0,-1,825.00,408.00,0,12476
0,-1,826.00,408.00,0,12483
0,-1,825.00,408.00,0,12490
0,-1,826.00,408.00,0,12497
0,-1,826.00,409.00,0,12505
0,-1,826.00,408.00,0,12512
0,-1,826.00,408.00,0,12519
0,-1,826.00,409.00,0,12526
0,-1,826.00,408.00,0,12534
0,-1,825.00,408.00,0,12541
0,-1,826.00,408.00,0,12549
0,-1,826.00,408.00,0,12556
0,-1,826.00,409.00,0,12563
0,-1,826.00,409.00,0,12570
0,-1,826.00,408.00,0,12577
0,-1,826.00,408.00,0,12584
0,-1,826.00,409.00,0,12592
0,-1,826.00,408.00,0,12600
0,-1,825.00,408.00,0,12607
0,-1,825.00,408.00,0,12614
0,-1,826.00,409.00,0,12621
0,-1,826.00,409.00,0,12628
0,-1,826.00,408.00,0,12636
0,-1,826.00,408.00,0,12643
0,-1,826.00,409.00,0,12650
0,-1,826.00,409.00,0,12657
0,-1,826.00,408.00,0,12664
0,-1,825.00,408.00,0,12673
0,-1,825.00,408.00,0,12680
0,-1,825.00,408.00,0,12687
0,-1,826.00,409.00,0,12694
0,-1,826.00,409.00,0,12701
0,-1,826.00,409.00,0,12708
0,-1,826.00,408.00,0,12716
0,-1,826.00,408.00,0,12723
0,-1,826.00,408.00,0,12730
0,-1,826.00,408.00,0,12738
0,-1,825.00,408.00,0,12745
0,-1,825.00,408.00,0,12752
0,-1,826.00,408.00,0,12760
0,-1,826.00,408.00,0,12767
0,-1,826.00,409.00,0,12774
0,-1,826.00,409.00,0,12781
0,-1,826.00,409.00,0,12788
0,-1,826.00,409.00,0,12795
0,-1,826.00,409.00,0,12804
1,-1,825.00,408.00,0,12811
1,-1,826.00,409.00,0,12818
1,-1,825.00,408.00,0,12825
1,-1,826.00,408.00,0,12832
1,-1,826.00,408.00,0,12839
1,-1,826.00,408.00,0,12847
1,-1,826.00,408.00,0,12854
1,-1,826.00,409.00,0,12861
1,-1,826.00,408.00,0,12869
1,-1,825.00,408.00,0,12876
1,-1,825.00,408.00,0,12883
1,-1,826.00,408.00,0,12891
1,-1,826.00,408.00,0,12898
1,-1,826.00,409.00,0,12905
1,-1,826.00,408.00,0,12912
1,-1,826.00,409.00,0,12919
1,-1,826.00,408.00,0,12926
1,-1,826.00,408.00,0,12935
1,-1,825.00,408.00,0,12942
1,-1,825.00,409.00,0,12949
1,-1,826.00,408.00,0,12956
1,-1,826.00,408.00,0,12963
1,-1,826.00,408.00,0,12971
1,-1,826.00,409.00,0,12978
1,-1,826.00,408.00,0,12985
1,-1,825.00,409.00,0,12992
1,-1,826.00,408.00,0,13000
1,-1,826.00,408.00,0,13007
1,-1,825.00,408.00,0,13015
1,-1,825.00,409.00,0,13022
1,-1,826.00,409.00,0,13029
1,-1,826.00,409.00,0,13036
1,-1,826.00,409.00,0,13043
1,-1,826.00,408.00,0,13050
1,-1,826.00,409.00,0,13058
1,-1,826.00,408.00,0,13066
1,-1,825.00,408.00,0,13073
1,-1,825.00,408.00,0,13080
1,-1,825.00,408.00,0,13087
1,-1,825.00,409.00,0,13094
1,-1,826.00,408.00,0,13102
1,-1,826.00,408.00,0,13109
1,-1,826.00,409.00,0,13116
1,-1,826.00,409.00,0,13123
1,-1,826.00,408.00,0,13130
1,-1,826.00,408.00,0,13138
1,-1,825.00,409.00,0,13146
1,-1,825.00,409.00,0,13153
1,-1,826.00,409.00,0,13160
1,-1,826.00,408.00,0,13167
1,-1,826.00,408.00,0,13174
1,-1,826.00,409.00,0,13181
1,-1,825.00,409.00,0,13189
1,-1,826.00,408.00,0,13196
1,-1,826.00,408.00,0,13204
1,-1,825.00,408.00,0,13211
1,-1,826.00,408.00,0,13218
1,-1,826.00,408.00,0,13225
1,-1,826.00,408.00,0,13233
1,-1,826.00,409.00,0,13240
1,-1,825.00,409.00,0,13247
1,-1,826.00,408.00,0,13254
1,-1,826.00,409.00,0,13261
1,-1,825.00,408.00,0,13270
1,-1,825.00,408.00,0,13277
1,-1,825.00,408.00,0,13284
1,-1,826.00,409.00,0,13291
1,-1,826.00,408.00,0,13298
1,-1,826.00,408.00,0,13305
1,-1,826.00,408.00,0,13313
1,-1,826.00,408.00,0,13320
1,-1,826.00,409.00,0,13327
1,-1,826.00,408.00,0,13335
1,-1,825.00,408.00,0,13342
1,-1,825.00,408.00,0,13349
1,-1,826.00,408.00,0,13357
1,-1,825.00,408.00,0,13364
1,-1,826.00,408.00,0,13371
1,-1,826.00,409.00,0,13378
1,-1,825.00,409.00,0,13385
1,-1,826.00,409.00,0,13392
1,-1,826.00,408.00,0,13401
1,-1,825.00,408.00,0,13408
1,-1,826.00,409.00,0,13415
1,-1,826.00,409.00,0,13422
1,-1,826.00,408.00,0,13429
1,-1,826.00,409.00,0,13436
1,-1,825.00,409.00,0,13444
1,-1,826.00,408.00,0,13451
1,-1,826.00,409.00,0,13458
1,-1,826.00,408.00,0,13466
1,-1,826.00,408.00,0,13473
1,-1,825.00,409.00,0,13480
1,-1,825.00,409.00,0,13488
1,-1,826.00,408.00,0,13495
1,-1,826.00,409.00,0,13502
1,-1,826.00,408.00,0,13509
1,-1,826.00,408.00,0,13516
1,-1,826.00,409.00,0,13523
1,-1,826.00,408.00,0,13532
1,-1,825.00,408.00,0,13539
1,-1,825.00,408.00,0,13546
1,-1,826.00,408.00,0,13553
1,-1,825.00,409.00,0,13560
1,-1,826.00,409.00,0,13568
1,-1,826.00,408.00,0,13575
1,-1,825.00,409.00,0,13582
1,-1,826.00,409.00,0,13589
1,-1,826.00,409.00,0,13596
1,-1,825.00,408.00,0,13604
1,-1,826.00,408.00,0,13612
1,-1,826.00,409.00,0,13619
1,-1,826.00,408.00,0,13626
1,-1,826.00,408.00,0,13633
1,-1,826.00,408.00,0,13640
1,-1,826.00,408.00,0,13647
1,-1,826.00,409.00,0,13655
1,-1,826.00,409.00,0,13662
1,-1,826.00,408.00,0,13670
1,-1,825.00,408.00,0,13677
1,-1,825.00,408.00,0,13684
1,-1,826.00,408.00,0,13691
1,-1,826.00,408.00,0,13699
1,-1,826.00,408.00,0,13706
1,-1,826.00,409.00,0,13713
1,-1,826.00,408.00,0,13720
1,-1,826.00,408.00,0,13727
1,-1,825.00,408.00,0,13735
1,-1,825.00,408.00,0,13743
1,-1,825.00,408.00,0,13750
1,-1,826.00,408.00,0,13757
1,-1,826.00,408.00,0,13764
1,-1,826.00,409.00,0,13771
1,-1,826.00,408.00,0,13778
1,-1,825.00,409.00,0,13786
1,-1,826.00,409.00,0,13793
1,-1,826.00,408.00,0,13801
1,-1,825.00,409.00,0,13808
1,-1,825.00,409.00,0,13815
1,-1,826.00,408.00,0,13822
1,-1,826.00,409.00,0,13830
1,-1,826.00,409.00,0,13837
1,-1,826.00,409.00,0,13844
1,-1,826.00,408.00,0,13851
1,-1,826.00,409.00,0,13858
1,-1,825.00,408.00,0,13867
1,-1,825.00,408.00,0,13874
1,-1,826.00,408.00,0,13881
1,-1,825.00,409.00,0,13888
1,-1,826.00,409.00,0,13895
1,-1,826.00,408.00,0,13902
1,-1,826.00,409.00,0,13910
1,-1,826.00,408.00,0,13917
1,-1,826.00,408.00,0,13924
1,-1,826.00,408.00,0,13932
1,-1,825.00,408.00,0,13939
1,-1,825.00,409.00,0,13946
1,-1,826.00,409.00,0,13954
1,-1,825.00,408.00,0,13961
1,-1,826.00,409.00,0,13968
1,-2,825.00,409.00,0,13975
1,-2,826.00,408.00,0,13982
1,-2,826.00,408.00,0,13989
1,-2,826.00,409.00,0,13998
1,-2,825.00,408.00,0,14005
1,-2,825.00,408.00,0,14012
1,-2,826.00,408.00,0,14019
1,-2,826.00,408.00,0,14026
1,-2,826.00,408.00,0,14033
1,-2,826.00,409.00,0,14041
1,-2,825.00,408.00,0,14048
1,-2,826.00,409.00,0,14055
1,-2,825.00,409.00,0,14062
1,-2,825.00,409.00,0,14070
1,-2,825.00,409.00,0,14077
1,-2,825.00,408.00,0,14085
1,-2,826.00,409.00,0,14092
1,-2,826.00,408.00,0,14099
1,-2,826.00,408.00,0,14106
1,-2,826.00,408.00,0,14113
1,-2,826.00,409.00,0,14120
1,-2,826.00,409.00,0,14128
1,-2,825.00,409.00,0,14136
1,-2,825.00,408.00,0,14143
1,-2,826.00,408.00,0,14150
1,-2,826.00,409.00,0,14157
1,-2,825.00,408.00,0,14164
1,-2,826.00,408.00,0,14172
1,-2,826.00,409.00,0,14179
1,-2,826.00,408.00,0,14186
1,-2,826.00,408.00,0,14193
1,-2,825.00,408.00,0,14201
1,-2,826.00,408.00,0,14209
1,-2,825.00,408.00,0,14216
1,-2,825.00,408.00,0,14223
1,-2,826.00,408.00,0,14230
1,-2,826.00,408.00,0,14237
1,-2,826.00,408.00,0,14244
1,-2,826.00,408.00,0,14252
1,-2,826.00,409.00,0,14259
1,-2,826.00,408.00,0,14267
1,-2,825.00,408.00,0,14274
1,-2,825.00,408.00,0,14281
1,-2,826.00,408.00,0,14288
1,-2,826.00,409.00,0,14296
1,-2,825.00,408.00,0,14303
1,-2,826.00,408.00,0,14310
1,-2,826.00,408.00,0,14317
1,-2,826.00,408.00,0,14324
1,-2,826.00,408.00,0,14332
1,-2,825.00,408.00,0,14340
1,-2,825.00,408.00,0,14347
1,-2,825.00,408.00,0,14354
1,-2,826.00,408.00,0,14361
1,-2,825.00,408.00,0,14368
1,-2,826.00,408.00,0,14375
1,-2,826.00,408.00,0,14383
1,-2,826.00,408.00,0,14390
1,-2,825.00,408.00,0,14398
1,-2,825.00,408.00,0,14405
1,-2,825.00,408.00,0,14412
1,-2,826.00,409.00,0,14419
1,-2,826.00,408.00,0,14427
1,-2,826.00,408.00,0,14434
1,-2,826.00,408.00,0,14441
1,-2,826.00,408.00,0,14448
1,-2,826.00,408.00,0,14455
1,-2,825.00,409.00,0,14464
1,-2,826.00,408.00,0,14471
1,-2,825.00,408.00,0,14478
1,-2,825.00,409.00,0,14485
1,-2,825.00,408.00,0,14492
1,-2,826.00,408.00,0,14499
1,-2,825.00,408.00,0,14507
1,-2,826.00,408.00,0,14514
1,-2,826.00,408.00,0,14521
1,-2,826.00,408.00,0,14528
1,-2,826.00,408.00,0,14536
1,-2,825.00,408.00,0,14543
1,-2,825.00,408.00,0,14551
1,-2,826.00,408.00,0,14558
1,-2,825.00,408.00,0,14565
1,-2,826.00,409.00,0,14572
1,-2,825.00,408.00,0,14579
1,-2,826.00,408.00,0,14586
1,-2,826.00,408.00,0,14594
1,-2,826.00,408.00,0,14602
1,-2,825.00,408.00,0,14609
1,-2,826.00,408.00,0,14616
1,-2,825.00,408.00,0,14623
1,-2,826.00,408.00,0,14630
1,-2,826.00,408.00,0,14638
1,-2,826.00,408.00,0,14645
1,-2,826.00,408.00,0,14652
1,-2,826.00,408.00,0,14659
1,-2,825.00,408.00,0,14667
1,-2,825.00,408.00,0,14674
1,-2,825.00,408.00,0,14682
1,-2,825.00,408.00,0,14689
1,-2,825.00,408.00,0,14696
1,-2,825.00,408.00,0,14703
1,-2,826.00,408.00,0,14710
1,-2,826.00,408.00,0,14717
1,-2,825.00,408.00,0,14725
1,-2,826.00,408.00,0,14733
1,-2,825.00,408.00,0,14740
1,-2,825.00,408.00,0,14747
1,-2,825.00,408.00,0,14754
1,-2,825.00,408.00,0,14761
1,-2,826.00,408.00,0,14769
1,-2,826.00,408.00,0,14776
1,-2,825.00,408.00,0,14783
1,-2,826.00,409.00,0,14790
1,-2,826.00,409.00,0,14798
1,-2,825.00,408.00,0,14806
1,-2,825.00,408.00,0,14813
1,-2,825.00,408.00,0,14820
1,-2,826.00,408.00,0,14827
1,-2,826.00,408.00,0,14834
1,-2,826.00,408.00,0,14841
1,-2,826.00,408.00,0,14849
1,-2,826.00,409.00,0,14856
1,-2,825.00,408.00,0,14864
1,-2,825.00,408.00,0,14871
1,-2,825.00,408.00,0,14878
1,-2,825.00,408.00,0,14885
1,-2,826.00,408.00,0,14893
1,-2,826.00,408.00,0,14900
1,-2,826.00,408.00,0,14907
1,-2,826.00,409.00,0,14914
1,-2,826.00,408.00,0,14921
1,-2,826.00,408.00,0,14929
1,-2,825.00,408.00,0,14937
1,-2,825.00,408.00,0,14944
1,-2,826.00,408.00,0,14951
1,-2,826.00,408.00,0,14958
1,-2,826.00,408.00,0,14965
1,-2,826.00,409.00,0,14972
1,-2,826.00,408.00,0,14980
1,-2,826.00,408.00,0,14987
1,-2,826.00,408.00,0,14994
1,-2,825.00,408.00,0,15002
1,-2,825.00,408.00,0,15009
1,-2,826.00,408.00,0,15016
1,-2,825.00,408.00,0,15024
1,-2,826.00,408.00,0,15031
1,-2,826.00,408.00,0,15038
1,-2,825.00,408.00,0,15045
1,-2,826.00,408.00,0,15052
1,-2,826.00,408.00,0,15059
1,-2,826.00,408.00,0,15068
1,-2,825.00,408.00,0,15075
1,-2,825.00,408.00,0,15082
1,-2,825.00,409.00,0,15089
1,-2,826.00,408.00,0,15096
1,-2,825.00,409.00,0,15104
1,-2,825.00,408.00,0,15111
1,-2,826.00,408.00,0,15118
1,-2,825.00,408.00,0,15125
1,-2,825.00,408.00,0,15133
1,-2,825.00,408.00,0,15140
1,-2,825.00,409.00,0,15148
1,-2,826.00,409.00,0,15155
1,-2,825.00,408.00,0,15162
1,-2,826.00,408.00,0,15169
1,-2,826.00,408.00,0,15176
1,-2,826.00,408.00,0,15183
1,-2,826.00,408.00,0,15191
1,-2,826.00,408.00,0,15199
1,-2,825.00,408.00,0,15206
1,-2,825.00,408.00,0,15213
1,-2,825.00,408.00,0,15220
1,-2,825.00,409.00,0,15227
1,-2,826.00,408.00,0,15235
1,-2,826.00,408.00,0,15242
1,-2,826.00,408.00,0,15249
1,-2,826.00,408.00,0,15256
1,-2,825.00,408.00,0,15264
1,-2,825.00,408.00,0,15271
1,-2,825.00,408.00,0,15279
1,-2,825.00,408.00,0,15286
1,-2,826.00,408.00,0,15293
1,-2,826.00,408.00,0,15300
1,-2,826.00,408.00,0,15307
1,-2,826.00,408.00,0,15314
1,-2,826.00,409.00,0,15322
1,-2,826.00,408.00,0,15330
1,-2,825.00,408.00,0,15337
1,-2,825.00,408.00,0,15344
1,-2,826.00,408.00,0,15351
1,-2,825.00,409.00,0,15358
1,-2,826.00,408.00,0,15366
1,-2,825.00,408.00,0,15373
1,-2,826.00,408.00,0,15380
1,-2,826.00,408.00,0,15387
1,-2,826.00,408.00,0,15395
1,-2,825.00,408.00,0,15403
1,-2,825.00,408.00,0,15410
1,-2,826.00,408.00,0,15417
1,-2,825.00,408.00,0,15424
1,-2,826.00,408.00,0,15431
1,-2,825.00,408.00,0,15438
1,-2,826.00,408.00,0,15446
1,-2,826.00,408.00,0,15453
1,-2,826.00,408.00,0,15460
1,-2,826.00,408.00,0,15468
1,-2,825.00,408.00,0,15475
1,-2,825.00,408.00,0,15482
1,-2,826.00,408.00,0,15490
1,-2,826.00,408.00,0,15497
1,-2,826.00,408.00,0,15504
1,-2,826.00,408.00,0,15511
1,-2,825.00,408.00,0,15518
1,-2,826.00,408.00,0,15525
1,-2,825.00,409.00,0,15534
1,-2,825.00,408.00,0,15541
1,-2,825.00,408.00,0,15548
1,-2,826.00,408.00,0,15555
1,-2,825.00,408.00,0,15562
1,-2,826.00,408.00,0,15569
1,-2,826.00,408.00,0,15577
1,-2,826.00,408.00,0,15584
1,-2,825.00,408.00,0,15591
1,-2,825.00,408.00,0,15599
1,-2,825.00,408.00,0,15606
1,-2,825.00,408.00,0,15613
1,-2,826.00,408.00,0,15621
1,-2,826.00,408.00,0,15628
1,-2,826.00,408.00,0,15635
1,-2,826.00,408.00,0,15642
1,-2,826.00,409.00,0,15649
1,-2,825.00,408.00,0,15656
1,-2,825.00,409.00,0,15665
1,-2,825.00,408.00,0,15672
1,-2,825.00,408.00,0,15679
1,-2,825.00,408.00,0,15686
1,-2,826.00,408.00,0,15693
1,-2,826.00,408.00,0,15700
1,-2,826.00,409.00,0,15708
1,-2,826.00,408.00,0,15715
1,-2,826.00,408.00,0,15722
1,-2,826.00,408.00,0,15730
1,-2,825.00,408.00,0,15737
1,-2,825.00,408.00,0,15745
1,-2,825.00,408.00,0,15752
1,-2,826.00,408.00,0,15759
1,-2,825.00,409.00,0,15766
1,-2,826.00,408.00,0,15773
1,-2,825.00,409.00,0,15780
1,-2,826.00,408.00,0,15788
1,-2,826.00,408.00,0,15796
1,-2,825.00,408.00,0,15803
1,-2,826.00,408.00,0,15810
1,-2,825.00,408.00,0,15817
1,-2,825.00,408.00,0,15824
1,-2,826.00,409.00,0,15832
1,-2,825.00,408.00,0,15839
1,-2,826.00,409.00,0,15846
1,-2,826.00,408.00,0,15853
1,-2,826.00,408.00,0,15861
1,-2,825.00,408.00,0,15868
1,-2,825.00,408.00,0,15876
1,-2,826.00,408.00,0,15883
1,-2,825.00,408.00,0,15890
1,-2,826.00,408.00,0,15897
1,-2,825.00,408.00,0,15904
1,-2,826.00,408.00,0,15911
1,-2,826.00,408.00,0,15919
1,-2,825.00,408.00,0,15926
1,-2,825.00,408.00,0,15934
1,-2,825.00,408.00,0,15941
1,-2,826.00,408.00,0,15948
1,-2,825.00,409.00,0,15955
1,-2,826.00,408.00,0,15963
1,-2,826.00,409.00,0,15970
1,-2,825.00,408.00,0,15977
1,-2,825.00,408.00,0,15984
1,-2,826.00,408.00,0,15991
1,-2,825.00,408.00,0,16000
1,-2,825.00,408.00,0,16007
1,-2,825.00,408.00,0,16014
1,-2,826.00,408.00,0,16021
1,-2,826.00,408.00,0,16028
1,-2,826.00,408.00,0,16035
1,-2,825.00,408.00,0,16043
1,-2,826.00,408.00,0,16050
1,-2,826.00,408.00,0,16057
1,-2,825.00,408.00,0,16065
1,-2,825.00,408.00,0,16072
1,-2,825.00,409.00,0,16079
1,-2,825.00,408.00,0,16087
1,-2,826.00,408.00,0,16094
1,-2,825.00,408.00,0,16101
1,-2,826.00,408.00,0,16108
1,-2,826.00,409.00,0,16115
1,-2,826.00,408.00,0,16122
1,-2,825.00,408.00,0,16131
1,-2,825.00,408.00,0,16138
1,-2,825.00,408.00,0,16145
1,-2,826.00,408.00,0,16152
1,-2,825.00,408.00,0,16159
1,-2,826.00,408.00,0,16166
1,-2,825.00,408.00,0,16174
1,-2,826.00,408.00,0,16181
2,-2,0.00,408.00,0,16188
38,-2,0.00,358.00,0,16195
122,-2,291.00,324.00,0,16202
233,-2,806.00,308.00,0,16210
336,-2,712.00,340.00,0,16219
437,0,597.00,341.00,0,16226
542,2,760.00,325.00,0,16233
650,4,762.00,325.00,0,16241
762,4,811.00,325.00,0,16248
876,3,821.00,325.00,0,16256
990,1,808.00,308.00,0,16264
1103,-3,823.00,325.00,0,16272
1217,-5,816.00,325.00,0,16280
1324,-5,642.00,324.00,0,16287
1428,-3,502.00,308.00,0,16295
1540,1,670.00,325.00,0,16304
1652,5,703.00,325.00,0,16312
1766,7,804.00,307.00,0,16319
1884,8,815.00,308.00,0,16327
2001,6,808.00,326.00,0,16334
2116,1,818.00,308.00,0,16343
2224,-3,806.00,323.00,0,16351
2330,-6,460.00,325.00,0,16359
2440,-6,608.00,326.00,0,16367
2554,-4,794.00,307.00,0,16374
2670,1,784.00,325.00,0,16382
2786,4,809.00,308.00,0,16391
2904,6,814.00,307.00,0,16398
3019,6,812.00,325.00,0,16406
3131,3,812.00,308.00,0,16414
3238,0,801.00,324.00,0,16421
3342,-2,580.00,325.00,0,16430
3453,-2,593.00,308.00,0,16438
3568,1,783.00,308.00,0,16446
3680,5,780.00,307.00,0,16453
3796,8,806.00,308.00,0,16461
3912,9,813.00,307.00,0,16468
4029,8,814.00,325.00,0,16477
4142,6,808.00,325.00,0,16485
4248,2,798.00,326.00,0,16492
4352,0,581.00,324.00,0,16500
4461,0,622.00,324.00,0,16507
4574,2,793.00,325.00,0,16516
4684,5,792.00,308.00,0,16524
4800,8,804.00,308.00,0,16531
4916,8,808.00,308.00,0,16539
5031,8,807.00,307.00,0,16547
5140,6,796.00,325.00,0,16555
5246,4,698.00,325.00,0,16563
5352,3,557.00,339.00,0,16570
5463,3,651.00,308.00,0,16578
5576,7,777.00,308.00,0,16586
5688,9,790.00,325.00,0,16593
5804,11,802.00,308.00,0,16602
5924,12,804.00,308.00,0,16610
6044,11,814.00,341.00,0,16618
6159,8,807.00,325.00,0,16626
6265,6,762.00,307.00,0,16633
6370,6,603.00,325.00,0,16642
6480,7,610.00,325.00,0,16649
6592,10,782.00,324.00,0,16657
6708,13,797.00,341.00,0,16665
6828,15,802.00,307.00,0,16673
6948,15,798.00,308.00,0,16681
7065,13,810.00,324.00,0,16690
7177,11,797.00,325.00,0,16698
7285,9,562.00,324.00,0,16705
7393,9,639.00,324.00,0,16713
7506,11,672.00,314.00,0,16721
7621,15,746.00,309.00,0,16730
7738,19,800.00,325.00,0,16737
7858,20,808.00,308.00,0,16745
7978,21,795.00,308.00,0,16753
8097,19,815.00,323.00,0,16761
8210,15,804.00,325.00,0,16770
8319,14,564.00,324.00,0,16778
8430,13,625.00,309.00,0,16786
8544,15,729.00,325.00,0,16794
8659,19,745.00,320.00,0,16801
8778,23,802.00,309.00,0,16809
8896,25,809.00,325.00,0,16818
9015,25,797.00,308.00,0,16826
9129,23,792.00,324.00,0,16834
9239,21,718.00,325.00,0,16842
9350,21,561.00,308.00,0,16850
9465,22,643.00,324.00,0,16859
9580,26,786.00,324.00,0,16866
9697,30,791.00,308.00,0,16874
9816,32,800.00,312.00,0,16882
9936,32,805.00,325.00,0,16890
10056,31,814.00,325.00,0,16899
10174,28,806.00,325.00,0,16907
10289,26,766.00,325.00,0,16915
10403,25,666.00,325.00,0,16923
10519,27,643.00,325.00,0,16932
10638,31,673.00,325.00,0,16941
10759,33,801.00,325.00,0,16949
10882,35,804.00,308.00,0,16957
11004,35,795.00,325.00,0,16965
11121,33,800.00,326.00,0,16973
11235,31,712.00,324.00,0,16982
11350,31,586.00,325.00,0,16990
11470,32,622.00,326.00,0,16999
11588,36,751.00,307.00,0,17007
11708,40,792.00,308.00,0,17015
11832,42,801.00,308.00,0,17024
11955,43,795.00,316.00,0,17032
12078,42,806.00,308.00,0,17040
12196,39,803.00,325.00,0,17048
12310,37,674.00,325.00,0,17056
12424,37,659.00,324.00,0,17065
12542,39,727.00,340.00,0,17074
12660,43,727.00,325.00,0,17082
12782,46,801.00,325.00,0,17090
12904,48,802.00,308.00,0,17098
13025,48,796.00,325.00,0,17106
13141,47,690.00,325.00,0,17115
13256,46,683.00,325.00,0,17123
13372,45,660.00,309.00,0,17132
13492,47,600.00,309.00,0,17140
13612,51,716.00,309.00,0,17148
13732,54,799.00,326.00,0,17157
13856,56,807.00,341.00,0,17165
13978,57,792.00,341.00,0,17173
14099,56,805.00,308.00,0,17181
14216,54,803.00,325.00,0,17189
14330,53,525.00,324.00,0,17199
14447,53,640.00,307.00,0,17207
14565,56,764.00,325.00,0,17215
14683,60,739.00,307.00,0,17223
14806,63,799.00,326.00,0,17231
14928,64,799.00,325.00,0,17240
15047,64,799.00,308.00,0,17248
15162,64,660.00,325.00,0,17256
15278,62,653.00,324.00,0,17265
15396,62,719.00,341.00,0,17273
15515,64,679.00,325.00,0,17282
15634,68,673.00,324.00,0,17290
15756,71,797.00,311.00,0,17298
15878,72,805.00,325.00,0,17306
16000,72,790.00,325.00,0,17314
16120,70,804.00,325.00,0,17323
16236,69,778.00,324.00,0,17332
16350,68,626.00,324.00,0,17340
16468,69,614.00,308.00,0,17348
16587,71,746.00,325.00,0,17356
16707,75,793.00,338.00,0,17364
16829,77,784.00,308.00,0,17373
16950,79,791.00,316.00,0,17381
17068,79,794.00,325.00,0,17389
17183,79,669.00,324.00,0,17398
17301,79,614.00,326.00,0,17406
17420,80,728.00,325.00,0,17415
17538,83,693.00,308.00,0,17423
17658,87,576.00,308.00,0,17431
17779,89,799.00,308.00,0,17439
17902,91,802.00,325.00,0,17447
18023,91,796.00,308.00,0,17456
18142,90,756.00,340.00,0,17465
18256,88,737.00,325.00,0,17473
18372,88,678.00,308.00,0,17481
18491,89,578.00,308.00,0,17489
18610,93,712.00,308.00,0,17498
18730,95,797.00,325.00,0,17506
18851,98,805.00,308.00,0,17514
18973,99,775.00,325.00,0,17522
19090,99,775.00,341.00,0,17531
19206,98,714.00,325.00,0,17540
19324,98,542.00,325.00,0,17548
19442,99,685.00,308.00,0,17556
19560,101,741.00,341.00,0,17564
19684,105,732.00,308.00,0,17573
19810,108,796.00,308.00,0,17582
19936,109,797.00,324.00,0,17590
20060,109,800.00,308.00,0,17599
20180,108,727.00,307.00,0,17607
20300,107,615.00,308.00,0,17616
20422,107,722.00,308.00,0,17625
20543,109,723.00,325.00,0,17633
20666,113,683.00,340.00,0,17642
20792,116,797.00,325.00,0,17650
20916,117,799.00,337.00,0,17659
21038,118,789.00,324.00,0,17668
21158,118,635.00,325.00,0,17676
21280,118,689.00,324.00,0,17685
21402,118,725.00,308.00,0,17693
21524,120,666.00,314.00,0,17701
21647,124,616.00,307.00,0,17711
21772,128,799.00,309.00,0,17719
21898,129,801.00,341.00,0,17728
22022,130,790.00,341.00,0,17736
22142,130,655.00,322.00,0,17744
22264,129,724.00,319.00,0,17754
22386,129,724.00,325.00,0,17762
22508,130,618.00,308.00,0,17770
22630,133,664.00,311.00,0,17779
22754,137,796.00,325.00,0,17787
22880,139,799.00,308.00,0,17797
23002,141,765.00,341.00,0,17805
23122,141,669.00,325.00,0,17813
23244,141,753.00,308.00,0,17822
23366,141,697.00,325.00,0,17830
23488,142,560.00,325.00,0,17839
23611,145,685.00,308.00,0,17848
23736,149,797.00,325.00,0,17856
23861,151,799.00,308.00,0,17865
23985,151,746.00,309.00,0,17873
24106,151,757.00,341.00,0,17882
24226,150,758.00,308.00,0,17891
24349,149,679.00,324.00,0,17899
24471,149,616.00,325.00,0,17908
24593,152,714.00,307.00,0,17916
24716,155,779.00,308.00,0,17925
24842,159,784.00,308.00,0,17934
24966,160,737.00,308.00,0,17942
25086,161,751.00,325.00,0,17950
25207,161,746.00,324.00,0,17959
25329,161,532.00,325.00,0,17968
25452,161,683.00,325.00,0,17977
25575,164,732.00,324.00,0,17985
25698,167,750.00,325.00,0,17993
25824,170,723.00,325.00,0,18002
25948,171,786.00,325.00,0,18011
26070,171,774.00,308.00,0,18019
26190,171,705.00,342.00,0,18028
26312,171,630.00,308.00,0,18036
26434,171,712.00,308.00,0,18045
26557,174,700.00,309.00,0,18054
26680,177,683.00,308.00,0,18062
26805,181,758.00,308.00,0,18071
26930,182,792.00,325.00,0,18079
27051,183,764.00,325.00,0,18087
27171,183,643.00,325.00,0,18097
27293,183,682.00,341.00,0,18105
27416,183,746.00,325.00,0,18114
27538,186,695.00,307.00,0,18122
27662,189,684.00,327.00,0,18130
27786,192,798.00,325.00,0,18140
27912,194,799.00,324.00,0,18148
28034,195,770.00,309.00,0,18156
28153,195,642.00,307.00,0,18165
28276,195,726.00,325.00,0,18173
28398,195,730.00,325.00,0,18183
28520,197,655.00,324.00,0,18191
28642,199,594.00,324.00,0,18199
28767,203,799.00,325.00,0,18208
28892,205,795.00,308.00,0,18216
29014,207,724.00,325.00,0,18226
29135,207,609.00,325.00,0,18234
29257,207,744.00,308.00,0,18242
29380,207,721.00,325.00,0,18251
29501,210,620.00,325.00,0,18259
29624,213,669.00,325.00,0,18268
29748,217,794.00,307.00,0,18277
29874,218,799.00,308.00,0,18285
29996,219,705.00,308.00,0,18294
30117,219,676.00,324.00,0,18302
30240,219,757.00,325.00,0,18311
30362,219,697.00,324.00,0,18320
30484,221,580.00,325.00,0,18328
30606,223,695.00,325.00,0,18336
30730,226,796.00,341.00,0,18345
30855,229,799.00,341.00,0,18354
30978,230,728.00,308.00,0,18363
31099,231,711.00,308.00,0,18371
31221,231,751.00,325.00,0,18379
31343,231,663.00,325.00,0,18388
31466,233,613.00,308.00,0,18397
31588,235,715.00,325.00,0,18405
31712,239,778.00,308.00,0,18414
31836,241,760.00,308.00,0,18422
31960,243,744.00,325.00,0,18432
32081,243,762.00,324.00,0,18440
32203,243,729.00,325.00,0,18448
32326,243,560.00,324.00,0,18457
32448,244,678.00,325.00,0,18465
32570,247,695.00,325.00,0,18475
32692,250,713.00,308.00,0,18483
32818,253,710.00,308.00,0,18491
32941,255,773.00,308.00,0,18500
33062,256,733.00,325.00,0,18508
33184,256,698.00,325.00,0,18516
33307,257,621.00,325.00,0,18526
33429,258,703.00,308.00,0,18534
33552,261,695.00,325.00,0,18543
33674,263,649.00,324.00,0,18551
33799,266,744.00,308.00,0,18560
33923,268,791.00,325.00,0,18569
34045,269,750.00,309.00,0,18577
34166,269,648.00,325.00,0,18585
34288,269,700.00,307.00,0,18594
34412,271,740.00,308.00,0,18603
34534,273,658.00,325.00,0,18612
34655,275,535.00,308.00,0,18620
34780,279,773.00,321.00,0,18628
34904,281,787.00,308.00,0,18637
35026,283,699.00,309.00,0,18646
35147,283,576.00,325.00,0,18654
35270,283,739.00,325.00,0,18663
35393,285,745.00,323.00,0,18671
35516,287,633.00,326.00,0,18680
35638,289,593.00,312.00,0,18689
35762,293,792.00,320.00,0,18697
35887,295,795.00,307.00,0,18706
36008,297,671.00,325.00,0,18714
36130,297,641.00,325.00,0,18723
36252,297,773.00,341.00,0,18732
36375,298,734.00,332.00,0,18740
36497,299,589.00,310.00,0,18749
36620,302,654.00,310.00,0,18757
36744,305,783.00,307.00,0,18765
36868,308,789.00,308.00,0,18775
36990,310,619.00,308.00,0,18783
37111,311,671.00,308.00,0,18792
37234,311,754.00,307.00,0,18800
37356,313,698.00,325.00,0,18808
37479,314,583.00,341.00,0,18818
37600,317,705.00,325.00,0,18826
37724,319,774.00,308.00,0,18834
37849,322,770.00,324.00,0,18843
37972,323,649.00,308.00,0,18851
38094,325,711.00,325.00,0,18861
38216,325,753.00,324.00,0,18869
38338,325,663.00,324.00,0,18877
38461,327,655.00,341.00,0,18886
38583,329,709.00,325.00,0,18894
38706,333,752.00,325.00,0,18903
38830,335,732.00,325.00,0,18912
38954,337,704.00,325.00,0,18920
39076,339,723.00,326.00,0,18929
39198,340,711.00,326.00,0,18937
39320,341,577.00,308.00,0,18946
39442,342,678.00,308.00,0,18955
39565,345,717.00,341.00,0,18963
39688,347,700.00,326.00,0,18971
39812,349,706.00,308.00,0,18980
39935,351,758.00,308.00,0,18989
40058,353,731.00,325.00,0,18998
40180,353,674.00,308.00,0,19006
40302,355,655.00,324.00,0,19014
40425,356,720.00,325.00,0,19023
40546,358,676.00,308.00,0,19032
40669,361,636.00,325.00,0,19041
40793,363,756.00,341.00,0,19049
40917,365,795.00,341.00,0,19057
41038,367,695.00,325.00,0,19066
41160,367,623.00,325.00,0,19075
41284,369,689.00,325.00,0,19083
41406,370,722.00,325.00,0,19092
41528,373,667.00,325.00,0,19100
41650,375,545.00,325.00,0,19109
41775,378,775.00,326.00,0,19118
41900,381,792.00,325.00,0,19126
42021,382,688.00,325.00,0,19135
42142,383,612.00,325.00,0,19143
42266,383,736.00,308.00,0,19151
42388,385,750.00,325.00,0,19161
42510,386,586.00,325.00,0,19169
42632,389,589.00,307.00,0,19178
42757,391,779.00,308.00,0,19186
42881,393,778.00,308.00,0,19194
43002,395,627.00,325.00,0,19204
43124,397,639.00,324.00,0,19212
43247,399,759.00,325.00,0,19220
43370,400,702.00,308.00,0,19229
43492,402,557.00,308.00,0,19237
43615,405,649.00,325.00,0,19247
43738,407,778.00,308.00,0,19255
43862,409,769.00,325.00,0,19263
43985,411,627.00,325.00,0,19272
44107,413,692.00,308.00,0,19280
44229,413,779.00,342.00,0,19290
44352,415,687.00,324.00,0,19298
44474,416,682.00,308.00,0,19306
44596,419,684.00,324.00,0,19315
44720,421,757.00,324.00,0,19323
44844,423,726.00,307.00,0,19332
44966,426,629.00,308.00,0,19341
45088,427,701.00,325.00,0,19349
45210,429,756.00,325.00,0,19358
45334,430,500.00,325.00,0,19366
45455,432,645.00,324.00,0,19375
45579,434,709.00,325.00,0,19384
45701,437,719.00,308.00,0,19392
45826,439,623.00,325.00,0,19400
45949,441,690.00,324.00,0,19409
46070,443,714.00,307.00,0,19418
46192,444,705.00,325.00,0,19427
46316,445,611.00,326.00,0,19435
46438,447,707.00,325.00,0,19443
46560,449,690.00,308.00,0,19452
46683,451,660.00,325.00,0,19461
46808,454,703.00,308.00,0,19469
46930,457,732.00,324.00,0,19478
47052,459,690.00,325.00,0,19486
47174,460,630.00,325.00,0,19495
47296,461,650.00,325.00,0,19504
47419,463,712.00,308.00,0,19512
47542,465,683.00,342.00,0,19521
47664,468,634.00,308.00,0,19529
47788,471,739.00,325.00,0,19538
47912,473,777.00,325.00,0,19547
48034,474,685.00,324.00,0,19555
48155,475,631.00,308.00,0,19564
48279,476,695.00,308.00,0,19572
48402,478,729.00,325.00,0,19580
48523,480,640.00,325.00,0,19590
48646,483,560.00,342.00,0,19598
48770,485,776.00,325.00,0,19607
48894,487,781.00,308.00,0,19615
49016,489,629.00,320.00,0,19623
49138,491,586.00,310.00,0,19633
49260,492,734.00,308.00,0,19641
49384,493,693.00,309.00,0,19649
49506,496,594.00,324.00,0,19658
49628,499,622.00,311.00,0,19666
49752,501,781.00,321.00,0,19676
49875,504,777.00,325.00,0,19684
49997,506,608.00,322.00,0,19692
50120,507,654.00,325.00,0,19701
50243,509,767.00,325.00,0,19709
50365,510,696.00,322.00,0,19718
50488,511,552.00,319.00,0,19727
50609,513,653.00,309.00,0,19735
50734,517,765.00,308.00,0,19744
50857,519,754.00,310.00,0,19752
50979,521,634.00,340.00,0,19761
51100,523,674.00,308.00,0,19770
51224,525,751.00,308.00,0,19778
51348,527,647.00,326.00,0,19786
51470,529,592.00,308.00,0,19795
51592,531,684.00,308.00,0,19804
51715,533,733.00,318.00,0,19813
51840,536,700.00,308.00,0,19821
51962,539,647.00,324.00,0,19829
52083,540,697.00,308.00,0,19838
52206,541,731.00,325.00,0,19847
52329,543,521.00,324.00,0,19856
52452,545,639.00,307.00,0,19864
52574,547,690.00,325.00,0,19872
52696,549,673.00,308.00,0,19881
52820,552,625.00,308.00,0,19890
52944,555,696.00,325.00,0,19898
53066,557,707.00,325.00,0,19907
53188,558,676.00,308.00,0,19915
53310,559,624.00,325.00,0,19924
53433,561,696.00,324.00,0,19933
53556,564,669.00,308.00,0,19941
53678,567,609.00,308.00,0,19950
53802,569,680.00,308.00,0,19958
53925,571,740.00,326.00,0,19966
54047,573,664.00,307.00,0,19976
54169,575,636.00,326.00,0,19984
54292,577,668.00,341.00,0,19993
54415,578,729.00,326.00,0,20001
54537,581,647.00,308.00,0,20009
54660,583,645.00,325.00,0,20019
54784,586,736.00,308.00,0,20027
54908,589,763.00,325.00,0,20035
55028,591,631.00,308.00,0,20044
55151,593,550.00,325.00,0,20052
55274,594,708.00,308.00,0,20062
55397,596,722.00,325.00,0,20070
55519,597,610.00,307.00,0,20078
55642,600,549.00,308.00,0,20087
55766,603,755.00,324.00,0,20096
55889,605,755.00,308.00,0,20105
56011,607,600.00,325.00,0,20113
56133,609,598.00,308.00,0,20121
56256,611,732.00,308.00,0,20130
56379,613,720.00,324.00,0,20139
56500,615,586.00,325.00,0,20147
56623,619,618.00,308.00,0,20156
56746,621,778.00,325.00,0,20164
56870,623,761.00,325.00,0,20173
56992,625,560.00,308.00,0,20182
57115,627,644.00,308.00,0,20190
57238,629,741.00,308.00,0,20199
57360,631,672.00,308.00,0,20207
57482,633,558.00,325.00,0,20215
57605,637,659.00,325.00,0,20225
57728,639,751.00,325.00,0,20233
57852,641,719.00,308.00,0,20242
57974,643,597.00,324.00,0,20250
58098,645,679.00,325.00,0,20258
58220,646,722.00,308.00,0,20268
58342,647,632.00,307.00,0,20276
58465,649,599.00,308.00,0,20284
58586,653,663.00,307.00,0,20293
58709,655,730.00,325.00,0,20301
58834,659,696.00,341.00,0,20311
58956,661,646.00,324.00,0,20319
59079,663,700.00,325.00,0,20327
59201,664,708.00,308.00,0,20336
59324,665,521.00,325.00,0,20344
59446,667,666.00,341.00,0,20353
59568,669,660.00,307.00,0,20362
59691,671,652.00,308.00,0,20370
59816,675,620.00,325.00,0,20379
59938,677,708.00,325.00,0,20387
60060,681,691.00,307.00,0,20396
60183,683,665.00,325.00,0,20405
60306,686,610.00,325.00,0,20413
60429,688,706.00,308.00,0,20422
60551,691,649.00,308.00,0,20430
60673,692,591.00,308.00,0,20439
60797,694,674.00,308.00,0,20448
60920,695,734.00,325.00,0,20456
61042,697,666.00,341.00,0,20464
61164,699,608.00,325.00,0,20473
61287,701,663.00,308.00,0,20482
61410,704,707.00,325.00,0,20491
61532,707,638.00,324.00,0,20499
61654,710,473.00,308.00,0,20507
61779,713,727.00,325.00,0,20516
61902,715,743.00,309.00,0,20525
62024,717,635.00,308.00,0,20533
62146,719,550.00,324.00,0,20542
62269,720,707.00,307.00,0,20550
62392,722,699.00,308.00,0,20559
62514,725,582.00,308.00,0,20568
62636,727,542.00,308.00,0,20576
62760,730,751.00,325.00,0,20585
62884,733,737.00,307.00,0,20593
63005,735,587.00,310.00,0,20602
63128,737,616.00,324.00,0,20611
63251,739,745.00,306.00,0,20619
63374,741,700.00,337.00,0,20628
63496,744,546.00,323.00,0,20636
63618,747,617.00,308.00,0,20644
63742,749,727.00,308.00,0,20654
63866,752,717.00,314.00,0,20662
63988,754,549.00,314.00,0,20671
64110,755,629.00,308.00,0,20679
64232,757,729.00,325.00,0,20687
64356,759,657.00,326.00,0,20697
64478,761,592.00,340.00,0,20705
64600,763,632.00,307.00,0,20713
64724,767,717.00,324.00,0,20722
64848,770,691.00,308.00,0,20730
64970,773,574.00,324.00,0,20740
65092,776,669.00,324.00,0,20748
65216,779,740.00,308.00,0,20756
65338,780,635.00,309.00,0,20765
65460,782,627.00,341.00,0,20773
65582,785,683.00,325.00,0,20782
65704,787,676.00,318.00,0,20791
65829,789,553.00,307.00,0,20799
65952,792,636.00,307.00,0,20808
66074,795,665.00,324.00,0,20816
66196,797,673.00,307.00,0,20825
66318,799,540.00,308.00,0,20834
66442,801,668.00,341.00,0,20842
66564,803,664.00,325.00,0,20850
66686,806,612.00,307.00,0,20859
66810,809,636.00,318.00,0,20868
66933,811,690.00,325.00,0,20877
67056,813,659.00,308.00,0,20885
67178,816,608.00,306.00,0,20893
67301,818,616.00,324.00,0,20902
67424,820,665.00,308.00,0,20911
67545,823,636.00,308.00,0,20920
67668,825,583.00,325.00,0,20928
67792,827,683.00,341.00,0,20936
67915,829,724.00,325.00,0,20945
68037,832,635.00,324.00,0,20954
68160,835,589.00,308.00,0,20962
68282,837,671.00,324.00,0,20971
68406,840,698.00,324.00,0,20979
68528,843,625.00,325.00,0,20988
68650,845,501.00,324.00,0,20997
68774,847,720.00,308.00,0,21005
68898,849,737.00,325.00,0,21014
69019,851,601.00,325.00,0,21022
69142,853,558.00,325.00,0,21030
69264,855,704.00,324.00,0,21040
69388,858,686.00,325.00,0,21048
69509,861,565.00,325.00,0,21057
69631,864,565.00,309.00,0,21065
69755,867,734.00,325.00,0,21073
69879,869,731.00,308.00,0,21083
70000,872,563.00,325.00,0,21091
70122,874,622.00,308.00,0,21099
70246,876,727.00,307.00,0,21108
70370,879,658.00,325.00,0,21116
70491,881,527.00,308.00,0,21126
70614,884,599.00,324.00,0,21134
70737,887,731.00,308.00,0,21142
70861,889,699.00,307.00,0,21151
70982,891,568.00,323.00,0,21159
71106,893,671.00,358.00,0,21168
71228,895,736.00,308.00,0,21177
71350,897,625.00,308.00,0,21185
71474,899,601.00,307.00,0,21194
71596,902,643.00,325.00,0,21202
71718,905,688.00,308.00,0,21211
71842,908,656.00,308.00,0,21220
71965,911,574.00,325.00,0,21228
72086,913,653.00,308.00,0,21237
72209,916,709.00,325.00,0,21245
72332,918,472.00,307.00,0,21254
72454,920,613.00,324.00,0,21263
72577,923,643.00,324.00,0,21271
72700,925,649.00,325.00,0,21279
72822,928,568.00,324.00,0,21288
72944,931,629.00,325.00,0,21297
73067,935,665.00,308.00,0,21306
73190,937,660.00,325.00,0,21314
73312,939,564.00,324.00,0,21322
73435,942,659.00,325.00,0,21331
73557,944,642.00,308.00,0,21340
73680,947,594.00,325.00,0,21348
73804,949,617.00,307.00,0,21357
73927,951,676.00,308.00,0,21365
74048,954,633.00,325.00,0,21374
74172,957,591.00,309.00,0,21383
74294,959,604.00,325.00,0,21391
74417,962,695.00,308.00,0,21400
74539,965,625.00,342.00,0,21408
74660,967,598.00,324.00,0,21416
74785,969,691.00,308.00,0,21426
74910,973,709.00,308.00,0,21434
75030,975,606.00,308.00,0,21443
75152,977,635.00,308.00,0,21451
75276,981,664.00,308.00,0,21459
75400,983,691.00,325.00,0,21469
75521,985,592.00,325.00,0,21477
75643,987,514.00,341.00,0,21486
75767,989,702.00,308.00,0,21494
75890,991,706.00,324.00,0,21502
76012,994,553.00,325.00,0,21512
76134,997,534.00,308.00,0,21520
76258,999,702.00,325.00,0,21528
76381,1003,670.00,307.00,0,21537
76506,1007,536.00,308.00,0,21547
76632,1009,524.00,308.00,0,21555
76760,1013,713.00,325.00,0,21564
76888,1015,705.00,308.00,0,21573
77012,1016,566.00,308.00,0,21581
77138,1017,531.00,307.00,0,21591
77265,1019,689.00,307.00,0,21599
77392,1021,677.00,325.00,0,21608
77518,1025,572.00,324.00,0,21617
77644,1028,499.00,324.00,0,21625
77772,1032,687.00,308.00,0,21635
77899,1035,719.00,325.00,0,21644
78024,1039,587.00,325.00,0,21652
78150,1041,614.00,308.00,0,21661
78277,1043,647.00,325.00,0,21670
78403,1045,652.00,308.00,0,21679
78530,1047,572.00,308.00,0,21688
78656,1049,425.00,324.00,0,21696
78784,1053,677.00,325.00,0,21705
78910,1057,693.00,318.00,0,21714
79035,1061,611.00,308.00,0,21723
79161,1063,588.00,308.00,0,21732
79288,1066,641.00,308.00,0,21741
79416,1068,672.00,325.00,0,21749
79541,1069,635.00,341.00,0,21758
79666,1071,545.00,308.00,0,21767
79794,1073,620.00,307.00,0,21776
79922,1077,667.00,313.00,0,21785
80047,1080,607.00,308.00,0,21793
80173,1084,588.00,325.00,0,21803
80300,1088,582.00,325.00,0,21812
80427,1091,657.00,324.00,0,21820
80553,1095,627.00,307.00,0,21829
80678,1097,580.00,308.00,0,21838
80806,1099,617.00,307.00,0,21847
80932,1101,651.00,324.00,0,21856
81058,1103,634.00,325.00,0,21864
81184,1105,631.00,324.00,0,21873
81311,1107,541.00,341.00,0,21882
81438,1111,624.00,324.00,0,21891
81564,1115,625.00,325.00,0,21900
81690,1118,603.00,308.00,0,21909
81818,1121,550.00,325.00,0,21917
81944,1125,611.00,325.00,0,21926
82070,1128,638.00,325.00,0,21936
82196,1131,657.00,313.00,0,21944
82324,1133,474.00,307.00,0,21953
82449,1135,601.00,325.00,0,21961
82575,1138,613.00,308.00,0,21970
82702,1141,642.00,324.00,0,21980
82830,1145,640.00,309.00,0,21988
82956,1148,583.00,325.00,0,21997
83082,1151,644.00,325.00,0,22006
83208,1155,693.00,324.00,0,22014
83335,1157,629.00,317.00,0,22024
83461,1159,565.00,325.00,0,22032
83587,1162,619.00,309.00,0,22041
83714,1165,654.00,308.00,0,22050
83841,1167,610.00,307.00,0,22059
83967,1171,522.00,308.00,0,22068
84094,1173,621.00,308.00,0,22077
84220,1177,692.00,311.00,0,22085
84346,1181,600.00,325.00,0,22094
84472,1183,633.00,317.00,0,22104
84598,1187,615.00,324.00,0,22112
84725,1190,696.00,308.00,0,22121
84853,1193,667.00,325.00,0,22129
84978,1196,559.00,324.00,0,22138
85104,1199,611.00,325.00,0,22148
85231,1201,702.00,309.00,0,22156
85358,1204,605.00,308.00,0,22165
85484,1207,495.00,308.00,0,22174
85610,1209,581.00,325.00,0,22182
85737,1213,678.00,308.00,0,22192
85864,1215,656.00,308.00,0,22201
85988,1219,494.00,307.00,0,22209
86114,1223,571.00,308.00,0,22218
86242,1225,700.00,325.00,0,22226
86367,1228,642.00,325.00,0,22236
86493,1231,518.00,324.00,0,22245
86619,1233,537.00,308.00,0,22253
86746,1235,697.00,342.00,0,22262
86874,1238,677.00,308.00,0,22272
87000,1241,507.00,325.00,0,22280
87126,1244,565.00,325.00,0,22289
87252,1247,682.00,325.00,0,22297
87379,1251,654.00,324.00,0,22306
87505,1254,535.00,325.00,0,22316
87631,1257,511.00,325.00,0,22324
87758,1259,687.00,325.00,0,22333
87885,1261,681.00,309.00,0,22342
88011,1264,526.00,308.00,0,22350
88137,1267,516.00,308.00,0,22360
88264,1270,667.00,325.00,0,22369
88390,1273,659.00,323.00,0,22377
88516,1277,570.00,325.00,0,22386
88642,1281,476.00,341.00,0,22394
88770,1284,680.00,325.00,0,22404
88898,1287,670.00,308.00,0,22413
89022,1289,559.00,325.00,0,22421
89148,1291,464.00,307.00,0,22430
89275,1294,634.00,308.00,0,22439
89402,1297,638.00,308.00,0,22448
89528,1301,578.00,325.00,0,22457
89654,1304,728.00,316.00,0,22465
89782,1307,648.00,324.00,0,22474
89908,1311,674.00,308.00,0,22483
90034,1314,595.00,308.00,0,22492
90160,1317,565.00,325.00,0,22501
90287,1319,611.00,341.00,0,22510
90414,1322,658.00,341.00,0,22518
90540,1325,582.00,308.00,0,22528
90665,1329,529.00,308.00,0,22537
90794,1331,612.00,307.00,0,22545
90920,1335,635.00,325.00,0,22554
91045,1337,589.00,325.00,0,22562
91172,1340,577.00,325.00,0,22572
91298,1343,541.00,308.00,0,22581
91426,1345,635.00,324.00,0,22589
91552,1348,603.00,325.00,0,22598
91677,1351,544.00,308.00,0,22607
91804,1354,563.00,308.00,0,22616
91931,1357,622.00,325.00,0,22625
92056,1360,609.00,307.00,0,22634
92184,1363,613.00,325.00,0,22642
92310,1366,531.00,341.00,0,22651
92437,1369,613.00,308.00,0,22660
92562,1373,611.00,325.00,0,22669
92689,1375,590.00,308.00,0,22678
92816,1379,526.00,323.00,0,22686
92942,1381,586.00,325.00,0,22695
93068,1384,614.00,325.00,0,22705
93196,1387,630.00,325.00,0,22713
93322,1389,428.00,308.00,0,22722
93448,1391,564.00,308.00,0,22730
93574,1394,588.00,308.00,0,22739
93700,1397,622.00,307.00,0,22749
93828,1401,624.00,325.00,0,22757
93954,1405,555.00,325.00,0,22766
94080,1409,616.00,325.00,0,22775
94206,1413,654.00,307.00,0,22784
94334,1415,585.00,308.00,0,22793
94460,1417,541.00,324.00,0,22802
94585,1420,587.00,324.00,0,22810
94712,1423,634.00,325.00,0,22819
94840,1426,599.00,325.00,0,22828
94966,1429,473.00,308.00,0,22837
95092,1433,580.00,326.00,0,22846
95219,1437,678.00,325.00,0,22854
95345,1439,588.00,311.00,0,22863
95471,1443,532.00,308.00,0,22873
95596,1445,581.00,325.00,0,22881
95724,1449,647.00,341.00,0,22890
95852,1451,635.00,342.00,0,22898
95977,1455,542.00,341.00,0,22907
96103,1458,583.00,308.00,0,22917
96230,1461,667.00,308.00,0,22925
96356,1465,583.00,324.00,0,22934
96483,1467,478.00,325.00,0,22943
96608,1471,525.00,324.00,0,22951
96736,1473,647.00,308.00,0,22961
96863,1477,623.00,307.00,0,22970
96989,1479,456.00,325.00,0,22978
97115,1483,554.00,325.00,0,22987
97242,1485,677.00,325.00,0,22995
97368,1489,607.00,309.00,0,23005
97494,1492,485.00,308.00,0,23014
97619,1495,523.00,325.00,0,23022
97747,1498,668.00,341.00,0,23031
97874,1501,640.00,325.00,0,23041
98000,1503,463.00,308.00,0,23049
98126,1505,509.00,325.00,0,23058
98253,1509,648.00,308.00,0,23067
98380,1511,605.00,325.00,0,23075
98506,1515,499.00,326.00,0,23085
98632,1519,473.00,325.00,0,23093
98759,1523,652.00,308.00,0,23102
98886,1527,654.00,308.00,0,23111
99012,1530,504.00,309.00,0,23119
99138,1533,483.00,325.00,0,23129
99264,1536,642.00,325.00,0,23138
99391,1539,634.00,341.00,0,23146
99516,1541,518.00,325.00,0,23155
99642,1543,436.00,325.00,0,23163
99770,1547,640.00,325.00,0,23173
99898,1550,631.00,325.00,0,23182
100023,1554,521.00,307.00,0,23191
100153,1558,530.00,325.00,0,23200
100283,1561,596.00,308.00,0,23208
100414,1565,616.00,341.00,0,23218
100544,1569,564.00,325.00,0,23227
100673,1572,519.00,307.00,0,23236
100804,1575,543.00,308.00,0,23245
100935,1579,591.00,341.00,0,23255
101064,1583,598.00,307.00,0,23264
101195,1586,613.00,325.00,0,23273
101325,1589,398.00,308.00,0,23282
101454,1591,551.00,341.00,0,23290
101584,1595,571.00,324.00,0,23300
101715,1599,603.00,308.00,0,23309
101846,1602,590.00,324.00,0,23318
101975,1605,552.00,334.00,0,23327
102105,1609,547.00,308.00,0,23336
102236,1613,662.00,324.00,0,23346
102366,1615,580.00,325.00,0,23355
102496,1619,478.00,308.00,0,23363
102626,1621,472.00,324.00,0,23372
102757,1625,628.00,324.00,0,23382
102888,1628,628.00,308.00,0,23391
103016,1631,506.00,341.00,0,23400
103146,1633,414.00,308.00,0,23409
103278,1637,592.00,325.00,0,23418
103408,1639,587.00,308.00,0,23428
103536,1642,541.00,341.00,0,23437
103666,1645,490.00,324.00,0,23445
103798,1649,529.00,307.00,0,23454
103929,1653,572.00,308.00,0,23463
104058,1656,566.00,325.00,0,23473
104188,1659,575.00,308.00,0,23482
104319,1663,430.00,324.00,0,23491
104449,1665,522.00,308.00,0,23500
104578,1669,567.00,325.00,0,23510
104708,1671,587.00,325.00,0,23519
104840,1674,532.00,310.00,0,23527
104970,1677,422.00,308.00,0,23536
105099,1680,545.00,325.00,0,23545
105208,1683,825.00,358.00,0,23555
105217,1686,827.00,443.00,0,23564
105133,1687,826.00,476.00,0,23573
105023,1687,811.00,493.00,0,23582
104900,1686,794.00,509.00,0,23591
104768,1684,706.00,510.00,0,23601
104638,1682,775.00,508.00,0,23609
104508,1681,698.00,492.00,0,23618
104377,1679,643.00,509.00,0,23627
104246,1678,718.00,492.00,0,23636
104119,1677,801.00,493.00,0,23646
103989,1675,774.00,492.00,0,23655
103858,1673,700.00,510.00,0,23664
103728,1669,748.00,493.00,0,23673
103600,1667,783.00,510.00,0,23683
103470,1663,799.00,508.00,0,23691
103338,1661,725.00,493.00,0,23700
103209,1658,759.00,492.00,0,23709
103081,1655,785.00,493.00,0,23718
102951,1653,783.00,493.00,0,23728
102820,1649,787.00,475.00,0,23737
102690,1645,773.00,492.00,0,23746
102560,1641,774.00,510.00,0,23755
102430,1637,769.00,493.00,0,23764
102298,1633,784.00,509.00,0,23773
102168,1630,795.00,493.00,0,23782
102040,1626,786.00,509.00,0,23791
101909,1622,773.00,509.00,0,23800
101778,1618,792.00,492.00,0,23810
101649,1614,791.00,509.00,0,23819
101519,1610,780.00,509.00,0,23828
101387,1607,716.00,493.00,0,23837
101256,1603,751.00,492.00,0,23845
101128,1599,808.00,507.00,0,23855
101000,1596,790.00,509.00,0,23864
100868,1593,768.00,509.00,0,23873
100738,1589,771.00,492.00,0,23882
100608,1585,784.00,492.00,0,23891
100478,1581,804.00,493.00,0,23901
100346,1577,733.00,492.00,0,23910
100215,1573,741.00,475.00,0,23919
100088,1568,790.00,492.00,0,23927
99957,1565,789.00,508.00,0,23937
99830,1561,789.00,494.00,0,23946
99703,1559,762.00,509.00,0,23954
99578,1555,787.00,493.00,0,23963
99451,1551,800.00,509.00,0,23972
99324,1547,764.00,492.00,0,23981
99197,1543,764.00,493.00,0,23990
99073,1539,783.00,492.00,0,23999
98946,1536,785.00,493.00,0,24007
98819,1533,799.00,492.00,0,24016
98693,1531,784.00,493.00,0,24025
98569,1529,787.00,493.00,0,24034
98442,1527,802.00,509.00,0,24043
98315,1523,793.00,508.00,0,24051
98188,1519,787.00,493.00,0,24060
98062,1513,782.00,492.00,0,24070
97936,1509,788.00,492.00,0,24078
97808,1505,812.00,509.00,0,24087
97681,1502,781.00,510.00,0,24095
97556,1500,782.00,493.00,0,24104
97429,1499,779.00,493.00,0,24114
97302,1496,791.00,493.00,0,24122
97176,1493,795.00,475.00,0,24131
97052,1489,788.00,493.00,0,24140
96926,1483,791.00,475.00,0,24148
96800,1479,811.00,475.00,0,24158
96673,1475,789.00,509.00,0,24167
96548,1471,787.00,508.00,0,24175
96419,1469,784.00,494.00,0,24184
96290,1468,784.00,509.00,0,24193
96164,1466,796.00,492.00,0,24202
96039,1463,789.00,492.00,0,24211
95914,1459,790.00,493.00,0,24219
95788,1453,807.00,509.00,0,24228
95662,1449,793.00,493.00,0,24238
95536,1445,789.00,492.00,0,24246
95409,1441,787.00,492.00,0,24255
95280,1439,781.00,493.00,0,24264
95154,1437,797.00,475.00,0,24272
95028,1435,789.00,508.00,0,24282
94902,1431,785.00,508.00,0,24290
94775,1428,802.00,493.00,0,24299
94650,1424,794.00,509.00,0,24308
94525,1421,797.00,492.00,0,24316
94398,1417,789.00,509.00,0,24326
94270,1413,786.00,493.00,0,24335
94144,1411,807.00,493.00,0,24343
94018,1408,788.00,509.00,0,24352
93891,1405,789.00,509.00,0,24360
93765,1401,798.00,492.00,0,24370
93639,1397,795.00,493.00,0,24379
93514,1393,796.00,493.00,0,24387
93388,1391,786.00,509.00,0,24396
93259,1387,781.00,476.00,0,24406
93133,1385,809.00,492.00,0,24414
93008,1383,791.00,493.00,0,24423
92881,1380,788.00,492.00,0,24432
92754,1377,792.00,492.00,0,24440
92630,1375,806.00,492.00,0,24450
92506,1371,807.00,493.00,0,24458
92380,1367,797.00,509.00,0,24467
92252,1363,793.00,509.00,0,24476
92126,1360,817.00,501.00,0,24484
91999,1357,794.00,509.00,0,24494
91871,1354,785.00,493.00,0,24503
91744,1351,791.00,509.00,0,24511
91618,1349,798.00,509.00,0,24520
91493,1346,804.00,509.00,0,24528
91366,1343,782.00,492.00,0,24538
91238,1339,787.00,493.00,0,24547
91113,1335,809.00,493.00,0,24555
90988,1331,790.00,475.00,0,24564
90860,1328,792.00,509.00,0,24573
90732,1325,790.00,493.00,0,24582
90608,1323,800.00,493.00,0,24591
90482,1321,816.00,493.00,0,24600
90355,1319,791.00,509.00,0,24608
90227,1317,790.00,509.00,0,24617
90102,1313,806.00,509.00,0,24626
89976,1309,801.00,509.00,0,24635
89850,1304,800.00,509.00,0,24644
89723,1299,793.00,508.00,0,24652
89598,1296,799.00,493.00,0,24662
89472,1293,808.00,492.00,0,24671
89342,1291,787.00,493.00,0,24679
89214,1290,785.00,475.00,0,24688
89089,1287,795.00,493.00,0,24697
88962,1285,803.00,509.00,0,24706
88836,1281,799.00,493.00,0,24715
88711,1277,801.00,509.00,0,24723
88587,1273,800.00,492.00,0,24732
88462,1270,826.00,506.00,0,24741
88332,1267,788.00,493.00,0,24750
88205,1265,790.00,510.00,0,24759
88080,1263,795.00,509.00,0,24768
87952,1261,798.00,508.00,0,24776
87826,1259,805.00,496.00,0,24785
87701,1256,797.00,492.00,0,24794
87576,1253,803.00,492.00,0,24803
87452,1249,821.00,492.00,0,24812
87324,1244,801.00,509.00,0,24820
87197,1240,795.00,492.00,0,24829
87070,1237,796.00,476.00,0,24839
86942,1233,796.00,492.00,0,24847
86814,1231,824.00,509.00,0,24856
86687,1231,796.00,493.00,0,24865
86562,1229,799.00,500.00,0,24873
86436,1227,806.00,475.00,0,24883
86310,1225,801.00,492.00,0,24891
86184,1221,805.00,496.00,0,24900
86060,1217,802.00,509.00,0,24909
85934,1211,807.00,509.00,0,24918
85807,1207,822.00,509.00,0,24927
85680,1203,799.00,494.00,0,24936
85554,1201,794.00,510.00,0,24944
85426,1199,798.00,475.00,0,24953
85296,1197,794.00,509.00,0,24963
85168,1195,806.00,509.00,0,24971
85042,1193,794.00,509.00,0,24980
84917,1189,793.00,492.00,0,24988
84791,1185,810.00,492.00,0,24997
84666,1181,804.00,493.00,0,25007
84542,1177,805.00,508.00,0,25015
84416,1173,801.00,493.00,0,25024
84286,1171,791.00,492.00,0,25033
84159,1168,804.00,509.00,0,25041
84032,1166,790.00,509.00,0,25051
83905,1164,787.00,476.00,0,25059
83778,1162,805.00,493.00,0,25068
83653,1159,794.00,459.00,0,25077
83530,1157,800.00,476.00,0,25085
83404,1153,801.00,476.00,0,25095
83276,1149,800.00,492.00,0,25104
83151,1145,819.00,492.00,0,25112
83024,1141,800.00,493.00,0,25121
82897,1138,792.00,492.00,0,25131
82769,1136,808.00,493.00,0,25139
82644,1135,814.00,492.00,0,25148
82519,1133,807.00,509.00,0,25156
82392,1133,804.00,509.00,0,25165
82265,1131,803.00,508.00,0,25175
82140,1127,827.00,493.00,0,25183
82016,1123,807.00,492.00,0,25192
81890,1119,803.00,493.00,0,25201
81764,1113,816.00,492.00,0,25209
81638,1109,820.00,475.00,0,25219
81512,1107,812.00,509.00,0,25227
81382,1105,792.00,492.00,0,25236
81253,1104,790.00,492.00,0,25245
81126,1103,815.00,509.00,0,25253
81000,1102,799.00,509.00,0,25263
80874,1099,797.00,492.00,0,25272
80748,1095,806.00,493.00,0,25280
80625,1091,819.00,492.00,0,25289
80501,1087,826.00,509.00,0,25298
80374,1083,807.00,509.00,0,25307
80245,1079,794.00,509.00,0,25316
80118,1077,812.00,492.00,0,25324
79990,1075,796.00,492.00,0,25333
79862,1075,795.00,493.00,0,25342
79736,1073,799.00,492.00,0,25351
79612,1071,815.00,493.00,0,25360
79488,1069,823.00,476.00,0,25369
79362,1065,809.00,491.00,0,25377
79234,1060,807.00,509.00,0,25387
79109,1055,824.00,509.00,0,25396
78982,1051,811.00,493.00,0,25404
78854,1047,798.00,492.00,0,25413
78726,1046,799.00,492.00,0,25421
78600,1045,804.00,508.00,0,25431
78474,1045,823.00,493.00,0,25440
78346,1043,794.00,509.00,0,25448
78220,1041,800.00,509.00,0,25457
78096,1037,815.00,509.00,0,25466
77971,1032,814.00,493.00,0,25475
77845,1027,811.00,492.00,0,25484
77718,1023,807.00,491.00,0,25492
77594,1020,813.00,492.00,0,25501
77466,1019,825.00,475.00,0,25510
77337,1018,804.00,509.00,0,25519
77208,1017,794.00,493.00,0,25528
77083,1016,807.00,493.00,0,25537
76958,1013,814.00,509.00,0,25545
76832,1011,818.00,509.00,0,25554
76706,1007,812.00,506.00,0,25564
76584,1003,817.00,491.00,0,25572
76458,999,826.00,509.00,0,25581
76333,996,808.00,508.00,0,25589
76208,994,800.00,509.00,0,25597
76085,992,809.00,508.00,0,25607
75962,991,807.00,493.00,0,25615
75838,989,811.00,509.00,0,25623
75715,987,797.00,475.00,0,25632
75596,985,807.00,493.00,0,25640
75474,983,826.00,492.00,0,25650
75351,981,807.00,509.00,0,25658
75228,977,812.00,509.00,0,25666
75107,975,825.00,492.00,0,25675
74984,971,821.00,509.00,0,25683
74860,967,811.00,509.00,0,25692
74736,963,809.00,492.00,0,25701
74615,961,814.00,492.00,0,25709
74492,959,824.00,509.00,0,25718
74367,957,795.00,509.00,0,25726
74242,957,794.00,509.00,0,25735
74119,955,823.00,509.00,0,25744
73996,952,806.00,494.00,0,25752
73874,949,801.00,492.00,0,25761
73753,945,815.00,508.00,0,25769
73632,941,820.00,475.00,0,25778
73512,938,822.00,509.00,0,25787
73388,935,811.00,509.00,0,25795
73262,933,795.00,492.00,0,25803
73138,930,826.00,509.00,0,25812
73015,928,799.00,508.00,0,25821
72890,926,794.00,509.00,0,25830
72767,924,802.00,492.00,0,25838
72646,923,815.00,493.00,0,25846
72526,921,817.00,493.00,0,25856
72404,919,805.00,475.00,0,25864
72281,917,810.00,509.00,0,25872
72159,914,826.00,509.00,0,25881
72038,911,822.00,509.00,0,25889
71916,907,816.00,493.00,0,25899
71794,903,825.00,508.00,0,25907
71672,901,820.00,508.00,0,25915
71550,899,813.00,476.00,0,25924
71426,897,817.00,492.00,0,25932
71300,895,804.00,493.00,0,25940
71176,895,806.00,475.00,0,25950
71054,893,799.00,492.00,0,25958
70930,890,804.00,509.00,0,25967
70807,887,826.00,509.00,0,25975
70686,885,814.00,509.00,0,25984
70566,883,817.00,492.00,0,25993
70446,880,826.00,474.00,0,26001
70322,877,822.00,492.00,0,26009
70198,873,810.00,492.00,0,26018
70075,870,808.00,493.00,0,26027
69952,867,811.00,508.00,0,26036
69827,865,813.00,492.00,0,26044
69704,863,804.00,492.00,0,26052
69583,863,819.00,508.00,0,26061
69461,862,826.00,509.00,0,26070
69338,861,812.00,493.00,0,26079
69214,859,810.00,508.00,0,26087
69094,855,819.00,493.00,0,26095
68972,851,818.00,492.00,0,26104
68848,846,815.00,492.00,0,26113
68725,842,814.00,492.00,0,26121
68604,839,819.00,509.00,0,26130
68480,837,826.00,509.00,0,26138
68355,837,805.00,509.00,0,26147
68230,836,799.00,492.00,0,26156
68107,835,821.00,492.00,0,26164
67985,833,813.00,509.00,0,26173
67863,831,810.00,493.00,0,26181
67742,828,815.00,492.00,0,26189
67622,825,826.00,509.00,0,26199
67503,821,825.00,492.00,0,26207
67380,818,824.00,493.00,0,26216
67255,815,811.00,493.00,0,26224
67131,813,826.00,509.00,0,26232
67006,810,809.00,492.00,0,26242
66882,809,802.00,509.00,0,26250
66758,807,812.00,493.00,0,26258
66636,806,822.00,491.00,0,26267
66514,805,824.00,493.00,0,26275
66392,803,815.00,495.00,0,26285
66268,801,806.00,492.00,0,26293
66148,798,826.00,492.00,0,26301
66027,795,821.00,509.00,0,26310
65906,791,816.00,478.00,0,26318
65784,789,825.00,493.00,0,26328
65662,787,825.00,509.00,0,26336
65542,784,825.00,492.00,0,26344
65418,782,824.00,509.00,0,26353
65292,779,821.00,492.00,0,26361
65168,777,823.00,493.00,0,26370
65044,775,810.00,493.00,0,26379
64919,771,807.00,509.00,0,26387
64794,769,826.00,493.00,0,26396
64672,767,814.00,509.00,0,26404
64552,765,811.00,492.00,0,26413
64429,764,819.00,509.00,0,26422
64305,762,815.00,508.00,0,26430
64182,759,816.00,509.00,0,26438
64060,757,817.00,509.00,0,26447
63939,753,814.00,493.00,0,26456
63816,750,826.00,492.00,0,26465
63695,747,814.00,492.00,0,26473
63574,745,822.00,509.00,0,26481
63452,745,826.00,502.00,0,26490
63326,743,812.00,496.00,0,26499
63202,741,808.00,493.00,0,26507
63081,739,820.00,492.00,0,26516
62957,737,821.00,509.00,0,26524
62834,733,819.00,492.00,0,26533
62711,731,812.00,508.00,0,26542
62591,729,819.00,475.00,0,26550
62470,727,826.00,509.00,0,26559
62346,725,807.00,493.00,0,26567
62222,723,811.00,509.00,0,26575
62098,721,822.00,492.00,0,26585
61976,717,818.00,509.00,0,26593
61853,715,818.00,509.00,0,26602
61730,711,820.00,509.00,0,26610
61610,710,822.00,493.00,0,26618
61488,709,825.00,493.00,0,26628
61364,708,810.00,493.00,0,26636
61240,707,809.00,492.00,0,26645
61118,705,825.00,492.00,0,26653
60996,703,819.00,493.00,0,26661
60873,700,812.00,492.00,0,26671
60750,697,826.00,509.00,0,26679
60631,695,826.00,492.00,0,26687
60510,692,827.00,509.00,0,26696
60386,689,824.00,508.00,0,26704
60261,687,816.00,509.00,0,26714
60138,685,826.00,508.00,0,26722
60014,682,814.00,492.00,0,26730
59890,680,809.00,510.00,0,26739
59767,679,821.00,509.00,0,26747
59646,677,825.00,492.00,0,26756
59525,677,826.00,509.00,0,26765
59403,675,824.00,492.00,0,26773
59280,673,817.00,475.00,0,26782
59158,671,825.00,493.00,0,26790
59035,667,820.00,509.00,0,26799
58912,662,818.00,492.00,0,26808
58788,658,826.00,492.00,0,26816
58666,655,824.00,492.00,0,26824
58544,653,820.00,492.00,0,26833
58420,653,825.00,509.00,0,26842
58294,653,814.00,493.00,0,26851
58170,653,821.00,493.00,0,26859
58049,651,812.00,492.00,0,26867
57927,648,815.00,492.00,0,26876
57805,645,826.00,508.00,0,26885
57684,643,823.00,493.00,0,26894
57566,640,825.00,509.00,0,26902
57445,639,826.00,475.00,0,26910
57321,637,826.00,492.00,0,26919
57197,634,821.00,475.00,0,26928
57074,631,824.00,509.00,0,26936
56950,629,819.00,492.00,0,26945
56826,625,824.00,509.00,0,26953
56701,624,813.00,492.00,0,26962
56580,623,823.00,508.00,0,26971
56456,622,826.00,493.00,0,26979
56332,621,817.00,493.00,0,26988
56208,619,814.00,493.00,0,26996
56088,617,825.00,491.00,0,27004
55966,615,826.00,475.00,0,27014
55844,612,826.00,509.00,0,27022
55722,609,824.00,509.00,0,27031
55604,607,825.00,509.00,0,27039
55483,605,825.00,491.00,0,27047
55360,604,826.00,509.00,0,27057
55235,602,825.00,508.00,0,27065
55112,599,826.00,493.00,0,27073
54988,597,825.00,493.00,0,27082
54862,594,813.00,475.00,0,27090
54738,591,818.00,493.00,0,27100
54616,590,825.00,492.00,0,27108
54494,589,826.00,493.00,0,27116
54370,589,815.00,508.00,0,27125
54244,587,813.00,510.00,0,27133
54123,585,826.00,493.00,0,27142
54002,583,823.00,508.00,0,27151
53880,579,823.00,492.00,0,27159
53758,577,825.00,475.00,0,27168
53638,574,826.00,492.00,0,27176
53518,573,826.00,509.00,0,27185
53396,571,826.00,509.00,0,27194
53271,570,821.00,492.00,0,27202
53148,568,825.00,492.00,0,27211
53024,565,823.00,509.00,0,27219
52900,563,820.00,509.00,0,27228
52776,560,826.00,493.00,0,27237
52653,558,824.00,510.00,0,27245
52532,557,824.00,493.00,0,27253
52409,556,826.00,509.00,0,27262
52284,555,818.00,509.00,0,27271
52160,553,826.00,492.00,0,27280
52039,551,820.00,508.00,0,27288
51917,549,824.00,492.00,0,27296
51795,545,825.00,492.00,0,27305
51675,543,826.00,492.00,0,27314
51555,541,826.00,492.00,0,27322
51433,539,825.00,508.00,0,27331
51309,536,826.00,494.00,0,27339
51184,534,825.00,503.00,0,27348
51060,531,822.00,505.00,0,27357
50934,529,813.00,495.00,0,27365
50808,527,826.00,493.00,0,27374
50685,526,813.00,493.00,0,27382
50565,525,824.00,494.00,0,27390
50442,525,826.00,492.00,0,27400
50318,523,825.00,492.00,0,27408
50196,521,820.00,493.00,0,27417
50075,517,821.00,492.00,0,27425
49952,513,826.00,503.00,0,27433
49831,511,826.00,506.00,0,27443
49710,508,826.00,503.00,0,27451
49590,507,826.00,493.00,0,27460
49468,505,825.00,492.00,0,27468
49345,505,826.00,509.00,0,27476
49220,503,822.00,500.00,0,27486
49096,501,826.00,492.00,0,27494
48972,499,822.00,493.00,0,27502
48848,497,821.00,492.00,0,27511
48725,495,822.00,505.00,0,27520
48604,493,826.00,509.00,0,27529
48482,492,826.00,500.00,0,27537
48360,491,826.00,509.00,0,27545
48235,490,821.00,492.00,0,27554
48114,488,825.00,492.00,0,27563
47991,485,826.00,493.00,0,27571
47869,482,826.00,492.00,0,27580
47747,479,825.00,491.00,0,27588
47628,477,826.00,493.00,0,27597
47507,475,824.00,476.00,0,27606
47384,474,826.00,493.00,0,27614
47258,473,823.00,492.00,0,27623
47135,471,826.00,492.00,0,27631
47011,469,823.00,509.00,0,27639
46886,467,819.00,508.00,0,27649
46762,465,824.00,509.00,0,27657
46640,463,826.00,492.00,0,27666
46518,461,826.00,509.00,0,27674
46395,459,825.00,509.00,0,27682
46270,458,818.00,493.00,0,27692
46147,456,826.00,493.00,0,27700
46024,454,821.00,509.00,0,27709
45902,451,821.00,493.00,0,27717
45780,449,826.00,492.00,0,27725
45659,448,826.00,492.00,0,27735
45540,447,825.00,492.00,0,27743
45419,447,826.00,492.00,0,27751
45295,445,825.00,492.00,0,27760
45173,443,825.00,508.00,0,27768
45051,441,827.00,493.00,0,27778
44928,438,825.00,508.00,0,27786
44804,435,826.00,493.00,0,27794
44682,434,825.00,493.00,0,27803
44562,433,826.00,492.00,0,27811
44439,433,826.00,509.00,0,27820
44314,432,826.00,509.00,0,27829
44190,431,826.00,509.00,0,27837
44068,429,826.00,492.00,0,27846
43946,425,825.00,492.00,0,27854
43824,423,826.00,493.00,0,27863
43702,421,826.00,492.00,0,27872
43582,419,826.00,493.00,0,27880
43460,418,826.00,492.00,0,27888
43336,417,826.00,509.00,0,27897
43211,415,826.00,509.00,0,27906
43088,413,826.00,509.00,0,27915
42962,409,825.00,492.00,0,27923
42838,406,826.00,492.00,0,27931
42714,403,824.00,492.00,0,27940
42592,403,825.00,476.00,0,27949
42469,403,826.00,508.00,0,27958
42345,403,817.00,509.00,0,27966
42220,401,817.00,509.00,0,27974
42098,399,826.00,492.00,0,27983
41976,395,825.00,509.00,0,27992
41854,392,825.00,492.00,0,28000
41733,389,826.00,492.00,0,28009
41614,387,827.00,493.00,0,28017
41494,385,825.00,492.00,0,28026
41370,385,826.00,508.00,0,28035
41246,385,826.00,492.00,0,28043
41122,383,826.00,493.00,0,28052
40999,381,825.00,508.00,0,28060
40874,379,826.00,509.00,0,28068
40750,376,823.00,493.00,0,28078
40630,375,825.00,492.00,0,28086
40509,373,826.00,475.00,0,28095
40386,373,825.00,492.00,0,28103
40261,372,825.00,509.00,0,28111
40138,371,826.00,509.00,0,28121
40016,369,825.00,510.00,0,28129
39894,365,826.00,493.00,0,28137
39772,363,825.00,492.00,0,28146
39653,361,826.00,492.00,0,28154
39534,361,825.00,493.00,0,28164
39412,359,825.00,492.00,0,28172
39288,359,825.00,508.00,0,28180
39164,356,826.00,509.00,0,28189
39040,353,826.00,509.00,0,28197
38914,351,825.00,492.00,0,28206
38790,349,826.00,493.00,0,28215
38667,347,820.00,492.00,0,28223
38546,347,826.00,509.00,0,28232
38422,347,826.00,492.00,0,28240
38296,346,825.00,493.00,0,28249
38174,345,826.00,509.00,0,28258
38052,341,824.00,492.00,0,28266
37929,339,826.00,509.00,0,28275
37806,335,825.00,492.00,0,28283
37687,334,826.00,493.00,0,28292
37568,333,826.00,493.00,0,28301
37448,333,825.00,492.00,0,28309
37324,333,826.00,509.00,0,28317
37200,331,826.00,492.00,0,28326
37076,329,826.00,493.00,0,28335
36953,326,826.00,492.00,0,28344
36829,323,826.00,493.00,0,28352
36706,321,826.00,493.00,0,28360
36586,321,826.00,498.00,0,28369
36464,321,827.00,508.00,0,28378
36339,321,826.00,509.00,0,28386
36214,319,826.00,486.00,0,28395
36092,317,826.00,493.00,0,28403
35969,315,827.00,492.00,0,28412
35846,313,825.00,500.00,0,28421
35726,311,826.00,493.00,0,28429
35606,310,826.00,493.00,0,28438
35487,310,825.00,492.00,0,28446
35364,309,827.00,493.00,0,28454
35241,309,826.00,492.00,0,28464
35118,307,826.00,508.00,0,28472
34995,303,826.00,509.00,0,28481
34870,301,825.00,493.00,0,28489
34748,297,826.00,492.00,0,28497
34626,295,826.00,493.00,0,28507
34504,295,826.00,493.00,0,28515
34378,294,826.00,509.00,0,28524
34253,293,824.00,509.00,0,28532
34128,292,826.00,493.00,0,28540
34004,290,824.00,493.00,0,28550
33880,287,826.00,493.00,0,28558
33757,285,825.00,493.00,0,28566
33638,285,826.00,475.00,0,28575
33518,283,825.00,509.00,0,28583
33396,283,826.00,493.00,0,28593
33272,283,826.00,492.00,0,28601
33150,281,826.00,492.00,0,28609
33028,277,826.00,476.00,0,28618
32904,274,825.00,475.00,0,28626
32781,271,826.00,509.00,0,28635
32659,269,825.00,509.00,0,28644
32538,267,826.00,508.00,0,28652
32415,267,826.00,509.00,0,28661
32289,267,826.00,509.00,0,28669
32164,266,826.00,493.00,0,28678
32041,264,826.00,509.00,0,28687
31917,261,826.00,499.00,0,28695
31795,259,826.00,509.00,0,28703
31674,257,826.00,493.00,0,28712
31556,257,826.00,509.00,0,28721
31435,257,826.00,493.00,0,28730
31310,257,826.00,509.00,0,28738
31187,255,826.00,509.00,0,28746
31064,253,827.00,510.00,0,28755
30940,249,826.00,510.00,0,28764
30816,247,827.00,510.00,0,28772
30694,245,826.00,509.00,0,28781
30574,245,826.00,492.00,0,28789
30452,245,826.00,493.00,0,28798
30326,244,826.00,509.00,0,28807
30202,243,826.00,509.00,0,28815
30080,241,825.00,509.00,0,28824
29956,239,826.00,493.00,0,28832
29833,236,826.00,475.00,0,28841
29713,235,825.00,509.00,0,28850
29594,234,826.00,493.00,0,28858
29474,234,826.00,492.00,0,28867
29352,234,826.00,510.00,0,28875
29228,234,826.00,509.00,0,28883
29105,231,826.00,492.00,0,28893
28982,229,826.00,492.00,0,28901
28857,225,826.00,492.00,0,28910
28734,223,825.00,508.00,0,28918
28614,222,826.00,493.00,0,28926
28492,222,826.00,492.00,0,28936
28368,222,825.00,509.00,0,28944
28242,222,827.00,509.00,0,28952
28118,221,825.00,509.00,0,28961
27996,217,826.00,508.00,0,28969
27872,215,827.00,493.00,0,28979
27750,213,825.00,508.00,0,28987
27632,211,826.00,492.00,0,28995
27512,211,826.00,509.00,0,29004
27390,211,826.00,493.00,0,29012
27265,211,826.00,492.00,0,29021
27142,211,826.00,492.00,0,29030
27018,207,826.00,509.00,0,29038
26894,204,826.00,509.00,0,29047
26770,202,826.00,509.00,0,29056
26649,201,827.00,509.00,0,29064
26529,201,826.00,475.00,0,29073
26406,201,825.00,492.00,0,29081
26281,202,826.00,492.00,0,29090
26158,202,826.00,508.00,0,29099
26034,199,826.00,509.00,0,29107
25912,196,826.00,509.00,0,29116
25790,194,825.00,509.00,0,29124
25671,194,826.00,492.00,0,29132
25553,194,826.00,492.00,0,29142
25432,195,826.00,509.00,0,29150
25309,195,826.00,493.00,0,29159
25184,195,826.00,509.00,0,29167
25062,192,826.00,493.00,0,29175
24937,189,825.00,492.00,0,29185
24812,185,826.00,509.00,0,29193
24691,183,825.00,492.00,0,29201
24570,183,826.00,492.00,0,29210
24448,183,826.00,492.00,0,29218
24322,184,826.00,492.00,0,29228
24196,184,826.00,493.00,0,29236
24073,182,825.00,492.00,0,29244
23949,179,827.00,492.00,0,29253
23826,176,825.00,508.00,0,29261
23705,174,827.00,492.00,0,29270
23588,173,826.00,509.00,0,29279
23467,173,826.00,475.00,0,29287
23344,173,826.00,493.00,0,29296
23218,173,825.00,509.00,0,29304
23095,171,826.00,509.00,0,29313
22971,168,826.00,509.00,0,29322
22846,165,826.00,509.00,0,29330
22722,163,826.00,493.00,0,29338
22603,163,825.00,492.00,0,29347
22482,163,826.00,510.00,0,29356
22358,164,825.00,509.00,0,29365
22234,164,826.00,493.00,0,29373
22110,163,826.00,509.00,0,29381
21988,160,826.00,476.00,0,29390
21866,156,826.00,493.00,0,29399
21745,154,826.00,493.00,0,29408
21628,152,826.00,492.00,0,29416
21508,152,825.00,492.00,0,29424
21384,152,826.00,503.00,0,29433
21258,152,825.00,492.00,0,29442
21131,152,826.00,509.00,0,29450
21004,148,826.00,492.00,0,29459
20878,146,825.00,502.00,0,29467
20753,143,826.00,509.00,0,29476
20632,142,826.00,478.00,0,29485
20512,142,826.00,493.00,0,29493
20388,143,825.00,509.00,0,29502
20264,143,826.00,509.00,0,29510
20141,143,826.00,493.00,0,29518
20018,141,825.00,501.00,0,29528
19897,137,826.00,492.00,0,29536
19778,136,826.00,491.00,0,29545
19661,135,826.00,493.00,0,29553
19544,135,825.00,492.00,0,29561
19422,135,826.00,509.00,0,29571
19296,135,825.00,499.00,0,29579
19170,133,825.00,509.00,0,29587
19044,131,826.00,492.00,0,29596
18918,127,826.00,492.00,0,29604
18793,123,827.00,509.00,0,29614
18672,121,825.00,509.00,0,29622
18553,121,826.00,476.00,0,29630
18431,121,826.00,492.00,0,29639
18306,121,826.00,509.00,0,29647
18182,121,825.00,492.00,0,29657
18058,119,825.00,492.00,0,29665
17937,116,827.00,509.00,0,29673
17816,114,826.00,493.00,0,29682
17699,113,826.00,492.00,0,29690
17582,113,826.00,493.00,0,29699
17458,113,826.00,492.00,0,29708
17332,114,826.00,509.00,0,29716
17204,114,826.00,492.00,0,29725
17077,110,825.00,509.00,0,29733
16951,107,826.00,492.00,0,29742
16825,104,826.00,493.00,0,29751
16702,103,826.00,509.00,0,29759
16584,103,826.00,475.00,0,29767
16465,104,826.00,476.00,0,29776
16342,105,826.00,509.00,0,29785
16220,105,826.00,493.00,0,29794
16098,103,825.00,508.00,0,29802
15976,100,826.00,492.00,0,29810
15856,98,826.00,492.00,0,29818
15742,96,826.00,492.00,0,29828
15629,96,825.00,493.00,0,29836
15508,97,825.00,475.00,0,29844
15384,98,826.00,493.00,0,29852
15258,98,825.00,492.00,0,29860
15134,96,826.00,475.00,0,29869
15010,93,826.00,509.00,0,29877
14886,89,822.00,509.00,0,29885
14766,87,826.00,506.00,0,29894
14651,86,825.00,492.00,0,29902
14538,86,826.00,508.00,0,29911
14422,88,827.00,493.00,0,29919
14305,88,826.00,493.00,0,29927
14186,88,827.00,495.00,0,29935
14070,85,825.00,492.00,0,29943
13953,82,827.00,509.00,0,29952
13839,80,826.00,509.00,0,29961
13723,80,826.00,492.00,0,29969
13606,81,826.00,509.00,0,29977
13485,82,826.00,492.00,0,29985
13360,83,826.00,509.00,0,29993
13233,84,826.00,492.00,0,30002
13108,82,826.00,509.00,0,30010
12984,78,821.00,492.00,0,30018
12863,75,825.00,475.00,0,30027
12744,74,826.00,492.00,0,30035
12632,73,825.00,492.00,0,30044
12520,74,827.00,492.00,0,30052
12406,76,826.00,475.00,0,30060
12287,76,826.00,492.00,0,30068
12168,76,826.00,492.00,0,30076
12052,72,826.00,492.00,0,30085
11934,70,826.00,509.00,0,30094
11818,68,825.00,492.00,0,30102
11702,68,827.00,493.00,0,30110
11584,69,825.00,493.00,0,30118
11462,70,826.00,492.00,0,30127
11335,71,826.00,509.00,0,30135
11208,71,826.00,509.00,0,30143
11084,69,826.00,493.00,0,30151
10960,65,826.00,500.00,0,30160
10840,62,826.00,475.00,0,30169
10725,61,826.00,493.00,0,30177
10616,61,825.00,487.00,0,30185
10503,63,827.00,511.00,0,30193
10386,63,826.00,491.00,0,30201
10264,64,826.00,509.00,0,30210
10144,63,826.00,509.00,0,30218
10024,60,825.00,509.00,0,30227
9906,57,825.00,493.00,0,30234
9794,56,825.00,493.00,0,30242
9685,56,827.00,502.00,0,30251
9571,58,825.00,492.00,0,30259
9451,59,826.00,509.00,0,30267
9329,60,826.00,508.00,0,30275
9206,60,826.00,492.00,0,30283
9086,58,826.00,500.00,0,30291
8966,54,825.00,475.00,0,30299
8850,52,826.00,493.00,0,30307
8742,50,826.00,475.00,0,30315
8637,50,826.00,509.00,0,30323
8527,50,826.00,492.00,0,30331
8410,52,826.00,509.00,0,30340
8292,52,826.00,509.00,0,30348
8173,51,826.00,492.00,0,30356
8056,48,826.00,509.00,0,30363
7940,46,826.00,502.00,0,30371
7828,44,826.00,509.00,0,30380
7722,43,826.00,509.00,0,30388
7610,43,826.00,492.00,0,30396
7492,46,825.00,509.00,0,30404
7372,47,826.00,508.00,0,30412
7248,47,825.00,493.00,0,30419
7128,46,825.00,509.00,0,30428
7008,42,823.00,475.00,0,30436
6892,40,826.00,509.00,0,30444
6782,38,826.00,492.00,0,30452
6678,38,826.00,475.00,0,30460
6569,40,826.00,492.00,0,30469
6451,42,827.00,510.00,0,30477
6331,42,825.00,509.00,0,30484
6210,42,826.00,493.00,0,30492
6092,40,825.00,475.00,0,30500
5974,36,827.00,493.00,0,30509
5862,34,826.00,475.00,0,30517
5756,34,826.00,492.00,0,30525
5649,34,826.00,509.00,0,30533
5534,36,825.00,509.00,0,30541
5412,38,825.00,493.00,0,30548
5290,39,826.00,509.00,0,30557
5170,39,826.00,509.00,0,30565
5050,36,825.00,476.00,0,30573
4935,33,826.00,509.00,0,30581
4826,31,826.00,493.00,0,30589
4720,30,826.00,492.00,0,30598
4611,30,826.00,506.00,0,30606
4494,32,825.00,509.00,0,30613
4374,34,825.00,509.00,0,30621
4252,34,826.00,493.00,0,30629
4132,33,826.00,475.00,0,30638
4015,31,826.00,493.00,0,30646
3903,29,826.00,493.00,0,30654
3796,27,826.00,475.00,0,30662
3689,27,826.00,509.00,0,30670
3574,27,825.00,509.00,0,30678
3455,29,826.00,509.00,0,30686
3333,30,826.00,510.00,0,30694
3211,31,826.00,509.00,0,30702
3093,30,826.00,492.00,0,30710
2976,27,826.00,492.00,0,30718
2866,25,826.00,492.00,0,30727
2760,23,825.00,492.00,0,30734
2651,23,825.00,492.00,0,30742
2535,24,826.00,492.00,0,30750
2416,26,826.00,509.00,0,30758
2294,27,826.00,493.00,0,30767
2175,27,826.00,493.00,0,30775
2057,26,826.00,509.00,0,30783
1942,23,827.00,493.00,0,30791
1836,21,825.00,492.00,0,30798
1729,20,826.00,508.00,0,30807
1615,20,826.00,492.00,0,30815
1496,22,826.00,509.00,0,30823
1374,23,826.00,510.00,0,30831
1252,24,826.00,493.00,0,30839
1131,24,826.00,509.00,0,30848
1014,22,825.00,492.00,0,30856
901,19,825.00,492.00,0,30863
800,17,827.00,493.00,0,30871
698,16,826.00,476.00,0,30878
588,16,827.00,509.00,0,30886
474,18,826.00,493.00,0,30895
358,20,826.00,509.00,0,30902
238,20,825.00,493.00,0,30910
120,20,825.00,509.00,0,30917
6,18,826.00,494.00,0,30925
-89,15,0.00,475.00,0,30932
-123,13,0.00,425.00,0,30940
-89,11,0.00,358.00,0,30947
-11,10,806.00,341.00,0,30955
75,10,807.00,341.00,0,30962
157,10,458.00,341.00,0,30970
253,12,533.00,326.00,0,30978
358,14,683.00,325.00,0,30986
465,16,680.00,325.00,0,30994
574,17,794.00,316.00,0,31001
685,18,790.00,325.00,0,31009
801,18,804.00,308.00,0,31016
919,16,815.00,308.00,0,31025
1037,13,824.00,325.00,0,31033
1155,10,821.00,341.00,0,31041
1267,8,806.00,325.00,0,31048
1369,7,711.00,324.00,0,31056
1471,8,506.00,308.00,0,31065
1583,11,774.00,324.00,0,31073
1699,15,797.00,307.00,0,31080
1821,17,810.00,325.00,0,31088
1943,17,810.00,308.00,0,31096
2065,14,823.00,308.00,0,31105
2181,10,820.00,308.00,0,31113
2291,7,791.00,307.00,0,31121
2394,6,685.00,324.00,0,31128
2499,6,565.00,325.00,0,31136
2610,9,774.00,324.00,0,31143
2723,12,803.00,308.00,0,31152
2845,14,814.00,308.00,0,31160
2965,15,802.00,318.00,0,31168
3083,15,819.00,325.00,0,31176
3196,13,808.00,325.00,0,31184
3303,11,612.00,323.00,0,31193
3413,10,633.00,325.00,0,31200
3527,10,710.00,308.00,0,31208
3641,13,712.00,341.00,0,31216
3760,16,806.00,309.00,0,31224
3882,17,819.00,325.00,0,31233
4003,17,810.00,308.00,0,31241
4121,15,817.00,308.00,0,31249
4235,13,825.00,309.00,0,31257
4341,11,825.00,324.00,0,31264
4440,11,825.00,341.00,0,31272
4533,13,825.00,331.00,0,31281
4621,15,826.00,341.00,0,31289
4709,17,825.00,342.00,0,31297
4798,18,826.00,341.00,0,31305
4888,18,826.00,342.00,0,31313
4975,16,825.00,358.00,0,31322
5059,14,825.00,341.00,0,31329
5135,13,825.00,341.00,0,31337
5203,13,825.00,374.00,0,31345
5263,14,825.00,357.00,0,31353
5315,17,825.00,358.00,0,31362
5358,19,825.00,375.00,0,31370
5395,21,825.00,375.00,0,31378
5426,22,826.00,391.00,0,31386
5451,22,825.00,391.00,0,31393
5473,21,825.00,408.00,0,31401
5489,20,825.00,391.00,0,31410
5500,20,825.00,391.00,0,31418
5508,20,825.00,391.00,0,31426
5512,20,826.00,408.00,0,31434
5513,22,825.00,408.00,0,31442
5512,22,825.00,409.00,0,31450
5506,22,825.00,408.00,0,31458
5499,22,826.00,425.00,0,31466
5488,22,826.00,425.00,0,31474
5475,22,826.00,409.00,0,31482
5458,22,826.00,408.00,0,31491
5438,22,826.00,425.00,0,31499
5414,22,826.00,425.00,0,31507
5388,22,825.00,408.00,0,31514
5356,21,825.00,431.00,0,31522
5322,20,826.00,442.00,0,31531
5284,19,826.00,442.00,0,31539
5243,18,826.00,425.00,0,31547
5201,17,826.00,442.00,0,31555
5158,16,825.00,426.00,0,31563
5115,16,825.00,442.00,0,31571
5073,16,825.00,442.00,0,31579
5034,16,826.00,442.00,0,31587
4997,16,826.00,442.00,0,31595
4965,16,825.00,426.00,0,31603
4938,16,826.00,425.00,0,31611
4914,16,825.00,425.00,0,31620
4896,16,826.00,408.00,0,31628
4882,16,825.00,408.00,0,31636
4874,16,825.00,423.00,0,31643
4870,16,826.00,408.00,0,31651
4869,16,826.00,408.00,0,31660
4874,16,826.00,409.00,0,31668
4883,16,826.00,409.00,0,31676
4895,16,826.00,392.00,0,31684
4909,16,826.00,408.00,0,31692
4925,16,825.00,408.00,0,31699
4943,16,825.00,391.00,0,31708
4961,16,826.00,391.00,0,31716
4979,16,826.00,391.00,0,31724
4996,16,826.00,391.00,0,31732
5013,16,826.00,391.00,0,31740
5027,16,826.00,391.00,0,31749
5038,16,825.00,392.00,0,31757
5047,16,825.00,408.00,0,31764
5053,16,825.00,409.00,0,31772
5056,16,826.00,408.00,0,31780
5057,16,826.00,408.00,0,31789
5055,16,826.00,408.00,0,31797
5049,16,826.00,408.00,0,31805
5042,16,826.00,408.00,0,31813
5034,16,825.00,408.00,0,31821
5024,16,825.00,425.00,0,31828
5015,16,825.00,425.00,0,31837
5005,16,826.00,425.00,0,31845
4996,16,826.00,425.00,0,31853
4989,15,826.00,408.00,0,31861
4981,15,826.00,408.00,0,31869
4977,15,826.00,425.00,0,31878
4973,15,825.00,409.00,0,31886
4972,15,826.00,408.00,0,31893
4972,15,825.00,409.00,0,31901
4974,15,826.00,409.00,0,31909
4976,15,826.00,391.00,0,31918
4980,15,826.00,409.00,0,31926
4986,15,826.00,408.00,0,31934
4991,15,825.00,408.00,0,31942
4996,15,825.00,391.00,0,31949
5001,15,826.00,408.00,0,31958
5006,15,825.00,409.00,0,31966
5010,15,826.00,409.00,0,31974
5012,15,826.00,408.00,0,31982
5014,15,826.00,409.00,0,31990
5014,15,826.00,409.00,0,31998
5014,15,826.00,409.00,0,32007
5013,15,825.00,408.00,0,32014
5011,15,825.00,425.00,0,32022
5009,15,825.00,408.00,0,32030
5006,15,825.00,409.00,0,32038
5004,15,826.00,408.00,0,32047
5001,15,826.00,409.00,0,32055
4998,15,826.00,408.00,0,32063
4996,15,825.00,409.00,0,32071
4995,15,825.00,408.00,0,32078
4994,15,826.00,408.00,0,32087
4994,15,825.00,408.00,0,32095
4994,15,826.00,409.00,0,32103
4994,15,825.00,408.00,0,32111
4995,15,825.00,408.00,0,32119
4997,15,825.00,408.00,0,32128
4997,15,825.00,408.00,0,32136
4998,15,825.00,408.00,0,32143
4999,15,826.00,408.00,0,32151
4999,15,826.00,408.00,0,32159
5000,15,826.00,408.00,0,32167
5000,15,826.00,409.00,0,32176
5000,15,826.00,409.00,0,32184
5000,15,826.00,409.00,0,32192
5000,15,825.00,408.00,0,32199
5000,15,825.00,409.00,0,32207
5000,15,825.00,409.00,0,32216
5000,15,826.00,408.00,0,32224
5000,15,826.00,409.00,0,32232
5000,15,826.00,408.00,0,32240
5000,15,826.00,409.00,0,32248
5000,15,825.00,408.00,0,32257
5000,15,825.00,408.00,0,32264
5000,15,825.00,409.00,0,32272
5000,15,825.00,409.00,0,32280
5000,15,826.00,408.00,0,32288
5000,15,825.00,408.00,0,32296
5000,15,826.00,408.00,0,32305
5000,15,826.00,409.00,0,32313
5000,15,825.00,408.00,0,32321
5000,15,825.00,408.00,0,32328
5000,15,825.00,408.00,0,32336
5000,15,826.00,409.00,0,32345
5000,15,826.00,408.00,0,32353
5000,15,826.00,408.00,0,32361
5000,15,825.00,409.00,0,32369
5000,15,825.00,408.00,0,32377
5000,15,825.00,409.00,0,32386
5000,15,825.00,408.00,0,32393
5000,15,825.00,408.00,0,32401
5000,15,826.00,408.00,0,32409
5000,15,826.00,409.00,0,32417
5000,15,826.00,408.00,0,32425
5000,15,825.00,409.00,0,32434
5000,15,825.00,408.00,0,32442
5000,15,825.00,408.00,0,32449
5000,15,825.00,408.00,0,32457
5000,15,826.00,408.00,0,32465
5000,15,826.00,408.00,0,32474
5000,15,826.00,409.00,0,32482
5000,15,826.00,409.00,0,32490
5000,15,826.00,408.00,0,32498
5000,15,826.00,408.00,0,32506
5000,15,825.00,408.00,0,32514
5000,15,826.00,409.00,0,32522
5000,15,826.00,408.00,0,32530
5000,15,826.00,408.00,0,32538
5000,15,826.00,409.00,0,32546
5000,15,826.00,408.00,0,32555
5000,15,826.00,408.00,0,32563
5000,15,825.00,408.00,0,32571
5000,15,825.00,408.00,0,32578
5000,15,826.00,409.00,0,32586
5000,15,825.00,409.00,0,32594
5000,15,826.00,408.00,0,32603
5000,15,826.00,408.00,0,32611
5000,15,826.00,408.00,0,32619
5000,15,825.00,408.00,0,32627
5000,15,825.00,408.00,0,32635
5000,15,825.00,409.00,0,32643
5000,15,825.00,409.00,0,32651
5000,15,825.00,408.00,0,32659
5000,15,826.00,408.00,0,32667
5000,15,826.00,408.00,0,32675
5000,15,826.00,409.00,0,32684
5000,15,826.00,408.00,0,32692
5000,15,825.00,408.00,0,32699
5000,15,825.00,408.00,0,32707
5000,15,825.00,409.00,0,32715
5000,15,826.00,408.00,0,32723
5000,15,826.00,408.00,0,32732
5000,15,825.00,409.00,0,32740
5000,15,826.00,408.00,0,32748
5000,15,826.00,408.00,0,32756
5000,15,825.00,408.00,0,32763
5000,15,825.00,408.00,0,32772
5000,15,826.00,408.00,0,32780
5000,15,826.00,408.00,0,32788
5000,15,826.00,408.00,0,32796
5000,14,826.00,408.00,0,32804
5000,14,826.00,409.00,0,32813
5000,14,826.00,409.00,0,32821
5000,14,825.00,409.00,0,32828
5000,14,825.00,408.00,0,32836
5000,14,826.00,408.00,0,32844
5000,14,826.00,408.00,0,32852
5000,14,826.00,408.00,0,32861
5000,14,826.00,408.00,0,32869
5000,14,826.00,408.00,0,32877
5000,14,825.00,409.00,0,32885
5000,14,825.00,408.00,0,32892
5000,14,826.00,408.00,0,32901
5000,14,825.00,408.00,0,32909
5000,14,825.00,408.00,0,32917
5000,14,826.00,408.00,0,32925
5000,14,826.00,408.00,0,32933
5000,14,826.00,408.00,0,32942
5000,14,825.00,409.00,0,32949
5000,14,825.00,408.00,0,32957
5000,14,826.00,408.00,0,32965
5000,14,826.00,409.00,0,32973
5000,14,826.00,409.00,0,32982
5000,14,826.00,409.00,0,32990
5000,14,825.00,408.00,0,32998
5000,14,826.00,408.00,0,33006
5000,14,825.00,408.00,0,33013
5000,14,826.00,409.00,0,33021
5000,14,826.00,409.00,0,33030
5000,14,826.00,408.00,0,33038
5000,14,825.00,408.00,0,33046
5000,14,826.00,408.00,0,33054
5000,14,826.00,408.00,0,33062
5000,14,825.00,408.00,0,33071
5000,14,825.00,408.00,0,33078
5000,14,825.00,408.00,0,33086
5000,14,826.00,408.00,0,33094
5000,14,826.00,409.00,0,33102
5000,14,825.00,408.00,0,33111
5000,14,826.00,408.00,0,33119
5000,1