826.00,409.00,0,10082
-5,-7,825.00,409.00,0,10090
-5,-7,825.00,408.00,0,10097
-5,-7,826.00,409.00,0,10104
-5,-7,825.00,409.00,0,10113
-5,-7,825.00,409.00,0,10120
-5,-7,826.00,409.00,0,10127
-5,-7,825.00,408.00,0,10135
-5,-7,826.00,409.00,0,10142
-5,-7,826.00,408.00,0,10149
-5,-7,826.00,408.00,0,10158
-5,-7,826.00,409.00,0,10165
-5,-7,826.00,408.00,0,10173
-5,-7,825.00,408.00,0,10180
-5,-7,826.00,409.00,0,10187
-5,-7,826.00,409.00,0,10195
-5,-7,825.00,408.00,0,10203
-5,-7,826.00,409.00,0,10210
-5,-7,826.00,408.00,0,10218
-5,-7,825.00,409.00,0,10225
-5,-7,826.00,409.00,0,10232
-5,-7,825.00,408.00,0,10241
-5,-7,826.00,409.00,0,10248
-5,-7,826.00,409.00,0,10256
-5,-7,825.00,408.00,0,10263
-5,-7,826.00,409.00,0,10270
-5,-7,826.00,409.00,0,10278
-5,-7,825.00,409.00,0,10286
-5,-7,826.00,408.00,0,10293
-5,-7,826.00,409.00,0,10301
-5,-7,826.00,409.00,0,10308
-5,-7,826.00,408.00,0,10315
-5,-7,826.00,408.00,0,10323
-5,-7,826.00,409.00,0,10331
-5,-7,826.00,409.00,0,10339
-5,-7,825.00,409.00,0,10346
-5,-7,826.00,409.00,0,10353
-5,-7,826.00,409.00,0,10361
-5,-7,825.00,408.00,0,10369
-5,-7,826.00,409.00,0,10376
-5,-7,826.00,409.00,0,10384
-5,-7,826.00,408.00,0,10391
-5,-7,826.00,409.00,0,10398
-5,-7,826.00,408.00,0,10406
-5,-7,826.00,409.00,0,10414
-5,-7,825.00,408.00,0,10422
-5,-7,825.00,409.00,0,10429
-5,-7,826.00,409.00,0,10436
-5,-7,826.00,409.00,0,10444
-5,-7,825.00,408.00,0,10451
-5,-7,826.00,409.00,0,10459
-5,-7,826.00,409.00,0,10467
-5,-7,826.00,409.00,0,10474
-5,-7,826.00,409.00,0,10481
-5,-7,825.00,408.00,0,10489
-5,-7,825.00,409.00,0,10497
-5,-7,826.00,408.00,0,10505
-5,-7,825.00,409.00,0,10512
-5,-7,826.00,409.00,0,10519
-5,-7,826.00,409.00,0,10527
-5,-7,825.00,408.00,0,10534
-5,-7,826.00,409.00,0,10542
-5,-7,826.00,409.00,0,10550
-5,-7,826.00,408.00,0,10557
-5,-7,826.00,409.00,0,10564
-5,-7,826.00,408.00,0,10572
-5,-7,826.00,408.00,0,10579
-5,-7,825.00,409.00,0,10588
-5,-7,825.00,408.00,0,10595
-5,-7,825.00,409.00,0,10602
-5,-7,825.00,408.00,0,10610
-5,-7,825.00,409.00,0,10617
-5,-7,826.00,409.00,0,10625
-5,-7,826.00,409.00,0,10633
-5,-7,826.00,408.00,0,10640
-5,-7,826.00,409.00,0,10647
-5,-7,825.00,409.00,0,10655
-5,-7,825.00,409.00,0,10662
-5,-7,825.00,408.00,0,10671
-5,-7,825.00,408.00,0,10678
-5,-7,826.00,409.00,0,10685
-5,-7,825.00,408.00,0,10693
-5,-7,826.00,408.00,0,10700
-5,-7,825.00,409.00,0,10707
-5,-7,826.00,409.00,0,10716
-5,-7,826.00,408.00,0,10723
-5,-7,826.00,408.00,0,10730
-5,-7,826.00,409.00,0,10738
-5,-7,826.00,409.00,0,10745
-5,-7,826.00,409.00,0,10754
-5,-7,825.00,408.00,0,10761
-5,-7,825.00,408.00,0,10768
-5,-7,826.00,409.00,0,10776
-5,-7,826.00,408.00,0,10783
-5,-7,826.00,409.00,0,10790
-5,-7,826.00,409.00,0,10799
-5,-7,825.00,409.00,0,10806
-5,-7,826.00,409.00,0,10813
-5,-7,825.00,409.00,0,10821
-5,-7,825.00,409.00,0,10828
-5,-7,826.00,408.00,0,10836
-5,-7,825.00,408.00,0,10844
-5,-7,825.00,409.00,0,10851
-5,-7,826.00,409.00,0,10859
-5,-7,825.00,409.00,0,10866
-5,-7,825.00,409.00,0,10873
-5,-7,826.00,408.00,0,10882
-5,-7,826.00,408.00,0,10889
-5,-7,826.00,409.00,0,10896
-5,-7,826.00,409.00,0,10904
-5,-7,825.00,408.00,0,10911
-5,-7,826.00,409.00,0,10919
-5,-7,825.00,408.00,0,10927
-5,-7,826.00,408.00,0,10934
-5,-7,826.00,409.00,0,10942
-5,-7,825.00,409.00,0,10949
-5,-7,826.00,409.00,0,10956
-5,-7,826.00,408.00,0,10964
-5,-7,826.00,408.00,0,10972
-5,-7,826.00,409.00,0,10979
-5,-7,825.00,409.00,0,10987
-5,-7,826.00,409.00,0,10994
-5,-7,826.00,409.00,0,11002
-5,-7,825.00,409.00,0,11010
-5,-7,826.00,409.00,0,11017
-5,-7,826.00,409.00,0,11025
-5,-7,825.00,408.00,0,11032
-5,-7,826.00,409.00,0,11039
-5,-7,826.00,409.00,0,11047
-5,-7,825.00,409.00,0,11055
-5,-7,825.00,408.00,0,11062
-5,-7,826.00,408.00,0,11070
-5,-7,826.00,409.00,0,11077
-5,-7,826.00,409.00,0,11085
-5,-7,825.00,408.00,0,11092
-5,-7,826.00,409.00,0,11100
-5,-7,826.00,409.00,0,11108
-5,-7,826.00,409.00,0,11115
-5,-7,826.00,409.00,0,11122
-5,-7,825.00,409.00,0,11130
-5,-7,825.00,409.00,0,11138
-5,-7,825.00,408.00,0,11145
-5,-7,825.00,408.00,0,11153
-5,-7,826.00,409.00,0,11160
-5,-7,826.00,409.00,0,11168
-5,-7,825.00,409.00,0,11175
-5,-7,826.00,409.00,0,11183
-5,-7,826.00,409.00,0,11191
-5,-7,825.00,409.00,0,11198
-5,-7,826.00,409.00,0,11205
-5,-7,826.00,409.00,0,11213
-5,-7,825.00,409.00,0,11220
-5,-7,826.00,408.00,0,11228
-5,-7,826.00,409.00,0,11236
-5,-7,826.00,408.00,0,11243
-5,-7,825.00,409.00,0,11251
-5,-7,825.00,408.00,0,11258
-5,-7,826.00,409.00,0,11266
-5,-7,826.00,408.00,0,11274
-5,-7,826.00,409.00,0,11281
-5,-7,826.00,409.00,0,11288
-5,-7,826.00,409.00,0,11296
-5,-7,825.00,409.00,0,11303
-5,-7,825.00,409.00,0,11311
-5,-7,826.00,408.00,0,11319
-5,-7,826.00,409.00,0,11326
-5,-7,826.00,409.00,0,11333
-5,-7,825.00,409.00,0,11341
-5,-7,826.00,409.00,0,11348
-5,-7,826.00,409.00,0,11357
-5,-7,825.00,409.00,0,11364
-5,-7,825.00,409.00,0,11371
-5,-7,826.00,409.00,0,11379
-5,-7,825.00,408.00,0,11386
-5,-7,826.00,408.00,0,11394
-5,-7,825.00,409.00,0,11402
-5,-7,826.00,409.00,0,11409
-5,-7,826.00,409.00,0,11416
-5,-7,826.00,409.00,0,11424
-5,-7,826.00,409.00,0,11431
-5,-7,826.00,409.00,0,11440
-5,-7,825.00,408.00,0,11447
-5,-7,826.00,408.00,0,11454
-5,-7,826.00,409.00,0,11462
-5,-7,825.00,409.00,0,11469
-5,-7,826.00,408.00,0,11476
-5,-7,826.00,408.00,0,11485
-5,-7,825.00,409.00,0,11492
-5,-7,826.00,409.00,0,11499
-5,-7,825.00,408.00,0,11507
-5,-7,826.00,409.00,0,11514
-5,-7,826.00,409.00,0,11523
-5,-7,825.00,408.00,0,11530
-5,-7,826.00,409.00,0,11537
-5,-7,825.00,408.00,0,11545
-5,-7,825.00,408.00,0,11552
-5,-7,826.00,409.00,0,11559
-5,-7,825.00,409.00,0,11568
-5,-7,826.00,409.00,0,11575
-5,-7,826.00,408.00,0,11582
-5,-7,826.00,409.00,0,11590
-5,-7,826.00,409.00,0,11597
-5,-7,826.00,409.00,0,11606
-5,-7,826.00,408.00,0,11613
-5,-7,826.00,409.00,0,11620
-5,-7,826.00,409.00,0,11628
-5,-7,825.00,409.00,0,11635
-5,-7,826.00,409.00,0,11642
-5,-7,826.00,408.00,0,11651
-5,-7,826.00,409.00,0,11658
-5,-7,826.00,409.00,0,11665
-5,-7,825.00,409.00,0,11673
-5,-7,826.00,409.00,0,11680
-5,-7,825.00,408.00,0,11688
-5,-7,825.00,408.00,0,11696
-5,-7,826.00,409.00,0,11703
-5,-7,825.00,409.00,0,11711
-5,-7,825.00,409.00,0,11718
-5,-7,825.00,409.00,0,11725
-5,-7,826.00,409.00,0,11734
-5,-7,826.00,409.00,0,11741
-5,-7,826.00,409.00,0,11748
-5,-7,826.00,409.00,0,11756
-5,-7,826.00,409.00,0,11763
-5,-7,826.00,409.00,0,11771
-5,-7,825.00,408.00,0,11779
-5,-7,826.00,409.00,0,11786
-5,-7,826.00,409.00,0,11794
-5,-7,826.00,409.00,0,11801
-5,-7,826.00,409.00,0,11808
-5,-7,825.00,408.00,0,11816
-5,-7,826.00,409.00,0,11824
-5,-7,826.00,409.00,0,11831
-5,-7,826.00,408.00,0,11839
-5,-7,826.00,409.00,0,11846
-5,-7,825.00,408.00,0,11854
-5,-7,825.00,409.00,0,11862
-5,-7,825.00,409.00,0,11869
-5,-7,826.00,409.00,0,11877
-5,-7,825.00,409.00,0,11884
-5,-7,825.00,408.00,0,11891
-5,-7,826.00,408.00,0,11899
-5,-7,825.00,408.00,0,11907
-5,-7,826.00,409.00,0,11914
-5,-7,825.00,409.00,0,11922
-5,-7,825.00,408.00,0,11929
-5,-7,826.00,409.00,0,11937
-5,-7,825.00,408.00,0,11944
-5,-7,826.00,408.00,0,11952
-5,-7,826.00,409.00,0,11960
-5,-7,826.00,408.00,0,11967
-5,-7,826.00,409.00,0,11974
-5,-7,826.00,408.00,0,11982
-5,-7,825.00,409.00,0,11990
-5,-7,826.00,409.00,0,11997
-5,-7,826.00,408.00,0,12005
-5,-7,826.00,409.00,0,12012
-5,-7,826.00,409.00,0,12020
-5,-7,826.00,408.00,0,12027
-5,-7,826.00,409.00,0,12035
-5,-7,826.00,409.00,0,12043
-5,-7,825.00,409.00,0,12050
-5,-7,826.00,409.00,0,12057
-5,-7,826.00,409.00,0,12065
-5,-7,826.00,408.00,0,12072
-5,-7,826.00,408.00,0,12080
-5,-7,826.00,408.00,0,12088
-5,-7,826.00,408.00,0,12095
-5,-7,826.00,409.00,0,12103
-5,-7,825.00,408.00,0,12110
-5,-7,826.00,409.00,0,12118
-5,-7,826.00,409.00,0,12126
-5,-7,826.00,408.00,0,12133
-5,-7,826.00,408.00,0,12140
-5,-7,826.00,408.00,0,12148
-5,-7,826.00,409.00,0,12155
-5,-7,826.00,408.00,0,12163
-5,-7,825.00,408.00,0,12171
-5,-7,826.00,408.00,0,12178
-5,-7,825.00,409.00,0,12186
-5,-7,825.00,408.00,0,12193
-5,-7,826.00,408.00,0,12200
-5,-7,825.00,408.00,0,12209
-5,-7,825.00,408.00,0,12216
-5,-7,826.00,409.00,0,12223
-5,-7,826.00,409.00,0,12231
-5,-7,826.00,409.00,0,12238
-5,-7,826.00,409.00,0,12246
-5,-7,825.00,408.00,0,12254
-5,-7,826.00,408.00,0,12261
-5,-7,826.00,409.00,0,12269
-5,-7,825.00,408.00,0,12276
-5,-7,826.00,408.00,0,12283
-5,-7,826.00,409.00,0,12292
-5,-7,826.00,408.00,0,12299
-5,-7,826.00,409.00,0,12306
-5,-7,825.00,409.00,0,12314
-5,-7,826.00,408.00,0,12321
-5,-7,826.00,409.00,0,12328
-5,-7,826.00,408.00,0,12337
-5,-7,825.00,408.00,0,12344
-5,-7,826.00,409.00,0,12352
-5,-7,825.00,408.00,0,12359
-5,-7,825.00,409.00,0,12366
-5,-7,826.00,409.00,0,12375
-5,-7,825.00,408.00,0,12382
-5,-7,826.00,409.00,0,12389
-5,-7,826.00,409.00,0,12397
-5,-7,826.00,409.00,0,12404
-5,-7,825.00,409.00,0,12411
-5,-7,826.00,408.00,0,12420
-5,-7,825.00,409.00,0,12427
-5,-7,826.00,409.00,0,12435
-5,-7,825.00,408.00,0,12442
-5,-7,826.00,409.00,0,12449
-5,-7,826.00,409.00,0,12457
-5,-7,826.00,408.00,0,12465
-5,-7,826.00,409.00,0,12472
-5,-7,826.00,408.00,0,12480
-5,-7,825.00,408.00,0,12487
-5,-7,825.00,409.00,0,12494
-5,-7,825.00,409.00,0,12503
-5,-7,825.00,408.00,0,12510
-5,-7,826.00,409.00,0,12518
-5,-7,825.00,408.00,0,12525
-5,-7,826.00,408.00,0,12532
-5,-7,826.00,408.00,0,12540
-5,-7,825.00,408.00,0,12548
-5,-7,826.00,409.00,0,12555
-5,-7,825.00,408.00,0,12563
-5,-7,826.00,409.00,0,12570
-5,-7,826.00,409.00,0,12577
-5,-7,825.00,408.00,0,12585
-5,-7,825.00,409.00,0,12593
-5,-7,826.00,409.00,0,12601
-5,-7,825.00,408.00,0,12608
-5,-7,826.00,409.00,0,12615
-5,-7,825.00,408.00,0,12623
-5,-7,825.00,408.00,0,12631
-5,-7,825.00,408.00,0,12638
-5,-7,826.00,409.00,0,12646
-5,-7,825.00,409.00,0,12653
-5,-7,826.00,409.00,0,12660
-5,-7,825.00,408.00,0,12668
-5,-7,826.00,408.00,0,12676
-5,-7,826.00,409.00,0,12684
-5,-7,825.00,408.00,0,12691
-5,-7,826.00,409.00,0,12698
-5,-7,825.00,408.00,0,12706
-5,-7,825.00,408.00,0,12713
-5,-7,825.00,409.00,0,12721
-5,-7,825.00,408.00,0,12729
-5,-7,825.00,409.00,0,12736
-5,-7,825.00,408.00,0,12743
-5,-7,825.00,409.00,0,12751
-5,-7,825.00,409.00,0,12759
-5,-7,825.00,409.00,0,12767
-5,-7,825.00,409.00,0,12774
-5,-7,826.00,408.00,0,12781
-5,-7,825.00,409.00,0,12789
-5,-7,826.00,408.00,0,12796
-5,-7,825.00,408.00,0,12804
-5,-7,826.00,408.00,0,12812
-5,-7,825.00,409.00,0,12819
-5,-7,826.00,408.00,0,12826
-5,-7,825.00,408.00,0,12834
-5,-7,826.00,408.00,0,12841
-5,-7,826.00,408.00,0,12850
-5,-7,825.00,408.00,0,12857
-5,-7,826.00,408.00,0,12864
-5,-7,825.00,408.00,0,12872
-5,-7,825.00,409.00,0,12879
-5,-7,825.00,408.00,0,12887
-5,-7,825.00,409.00,0,12895
-5,-7,825.00,408.00,0,12902
-5,-7,826.00,408.00,0,12909
-5,-7,825.00,408.00,0,12917
-5,-7,825.00,408.00,0,12924
-5,-7,825.00,408.00,0,12933
-5,-7,825.00,408.00,0,12940
-5,-7,825.00,409.00,0,12947
-5,-7,825.00,409.00,0,12955
-5,-7,825.00,408.00,0,12962
-5,-7,826.00,408.00,0,12969
-5,-7,826.00,409.00,0,12978
-5,-7,825.00,409.00,0,12985
-5,-7,826.00,409.00,0,12992
-5,-7,825.00,409.00,0,13000
-5,-7,826.00,408.00,0,13007
-5,-7,826.00,409.00,0,13016
-5,-7,825.00,408.00,0,13023
-5,-7,826.00,409.00,0,13030
-5,-7,826.00,409.00,0,13038
-5,-7,825.00,409.00,0,13045
-5,-7,825.00,408.00,0,13052
-5,-7,826.00,409.00,0,13061
-5,-7,825.00,408.00,0,13068
-5,-7,826.00,409.00,0,13075
-5,-7,826.00,408.00,0,13083
-5,-7,826.00,409.00,0,13090
-5,-7,826.00,409.00,0,13099
-5,-7,825.00,408.00,0,13106
-5,-7,826.00,408.00,0,13113
-5,-7,825.00,409.00,0,13121
-5,-7,825.00,408.00,0,13128
-5,-7,825.00,409.00,0,13135
-5,-7,825.00,408.00,0,13144
-5,-7,825.00,408.00,0,13151
-5,-7,826.00,408.00,0,13158
-5,-7,826.00,408.00,0,13166
-5,-7,826.00,409.00,0,13173
-5,-7,825.00,408.00,0,13181
-5,-7,826.00,408.00,0,13189
-5,-7,826.00,409.00,0,13196
-5,-7,826.00,409.00,0,13204
-5,-7,825.00,409.00,0,13211
-5,-7,825.00,409.00,0,13218
-5,-7,825.00,409.00,0,13227
-5,-7,826.00,409.00,0,13234
-5,-7,826.00,409.00,0,13241
-5,-7,825.00,408.00,0,13249
-5,-7,826.00,408.00,0,13256
-5,-7,825.00,409.00,0,13263
-5,-7,825.00,408.00,0,13272
-5,-7,826.00,409.00,0,13279
-5,-7,826.00,409.00,0,13287
-5,-7,825.00,409.00,0,13294
-5,-7,826.00,409.00,0,13301
-5,-7,826.00,409.00,0,13309
-5,-7,825.00,409.00,0,13317
-5,-7,825.00,409.00,0,13324
-5,-7,826.00,408.00,0,13332
-5,-7,826.00,408.00,0,13339
-5,-7,825.00,409.00,0,13346
-5,-7,826.00,409.00,0,13355
-5,-7,825.00,408.00,0,13362
-5,-7,826.00,409.00,0,13370
-5,-7,825.00,408.00,0,13377
-5,-7,826.00,409.00,0,13384
-5,-7,826.00,409.00,0,13392
-5,-7,825.00,408.00,0,13400
-5,-7,826.00,408.00,0,13407
-5,-7,826.00,408.00,0,13415
-5,-7,825.00,409.00,0,13422
-5,-7,826.00,408.00,0,13429
-5,-7,825.00,409.00,0,13437
-5,-7,826.00,408.00,0,13445
-5,-7,826.00,409.00,0,13453
-5,-7,825.00,409.00,0,13460
-5,-7,825.00,409.00,0,13467
-5,-7,826.00,409.00,0,13475
-5,-7,826.00,409.00,0,13483
22,-7,0.00,358.00,0,13490
93,-7,0.00,325.00,0,13497
186,-7,504.00,325.00,0,13504
281,-7,89.00,342.00,0,13512
379,-6,32.00,325.00,0,13519
486,-5,447.00,326.00,0,13528
601,-3,711.00,308.00,0,13535
719,-1,794.00,308.00,0,13543
845,2,826.00,291.00,0,13550
979,5,826.00,308.00,0,13558
1094,7,825.00,307.00,0,13565
1204,8,827.00,308.00,0,13574
1307,9,821.00,325.00,0,13582
1400,9,551.00,341.00,0,13589
1495,8,301.00,324.00,0,13597
1602,5,537.00,325.00,0,13604
1712,3,711.00,325.00,0,13613
1825,0,805.00,308.00,0,13621
1940,-2,810.00,309.00,0,13628
2055,-3,751.00,325.00,0,13636
2159,-3,301.00,326.00,0,13644
2267,-3,79.00,308.00,0,13652
2378,-1,276.00,308.00,0,13661
2496,3,453.00,308.00,0,13668
2610,7,645.00,325.00,0,13676
2726,12,786.00,308.00,0,13684
2855,17,826.00,308.00,0,13692
2993,21,825.00,308.00,0,13701
3121,25,825.00,308.00,0,13708
3235,28,826.00,341.00,0,13716
3337,29,802.00,342.00,0,13724
3431,29,248.00,341.00,0,13732
3538,27,415.00,325.00,0,13741
3652,25,723.00,325.00,0,13749
3766,22,708.00,311.00,0,13757
3883,19,801.00,307.00,0,13765
3999,17,802.00,325.00,0,13772
4108,15,468.00,342.00,0,13780
4215,14,144.00,325.00,0,13789
4328,14,262.00,308.00,0,13797
4444,16,315.00,308.00,0,13805
4561,19,568.00,308.00,0,13813
4682,24,781.00,325.00,0,13821
4805,28,813.00,308.00,0,13829
4937,34,826.00,294.00,0,13837
5071,38,826.00,308.00,0,13845
5193,42,825.00,325.00,0,13853
5299,45,810.00,342.00,0,13861
5391,47,121.00,324.00,0,13870
5496,48,345.00,321.00,0,13878
5611,48,641.00,308.00,0,13886
5725,48,609.00,324.00,0,13893
5841,46,798.00,325.00,0,13901
5959,44,805.00,325.00,0,13910
6071,43,593.00,325.00,0,13918
6178,42,319.00,325.00,0,13926
6289,41,208.00,325.00,0,13934
6403,41,159.00,325.00,0,13942
6520,42,393.00,313.00,0,13950
6639,45,641.00,308.00,0,13958
6759,49,787.00,325.00,0,13966
6885,53,823.00,308.00,0,13974
7020,59,825.00,308.00,0,13982
7149,63,826.00,308.00,0,13990
7262,69,821.00,325.00,0,13999
7357,75,382.00,358.00,0,14007
7455,81,88.00,325.00,0,14014
7566,86,495.00,325.00,0,14022
7681,92,698.00,308.00,0,14030
7796,97,796.00,342.00,0,14039
7915,103,789.00,308.00,0,14047
8037,109,794.00,325.00,0,14055
8150,113,665.00,325.00,0,14063
8261,119,286.00,341.00,0,14071
8379,123,439.00,341.00,0,14081
8499,127,531.00,308.00,0,14089
8619,131,606.00,308.00,0,14097
8741,136,659.00,314.00,0,14105
8867,140,811.00,308.00,0,14113
8999,144,826.00,308.00,0,14121
9127,147,826.00,309.00,0,14130
9247,149,814.00,326.00,0,14138
9351,151,523.00,325.00,0,14147
9457,151,284.00,325.00,0,14155
9576,153,483.00,325.00,0,14163
9695,154,676.00,308.00,0,14172
9815,155,802.00,325.00,0,14180
9937,157,804.00,308.00,0,14188
10057,159,769.00,308.00,0,14197
10174,163,577.00,324.00,0,14205
10291,167,440.00,325.00,0,14214
10415,171,333.00,324.00,0,14223
10537,175,541.00,325.00,0,14231
10662,181,708.00,308.00,0,14239
10787,187,796.00,308.00,0,14248
10919,193,814.00,306.00,0,14257
11051,198,805.00,308.00,0,14266
11179,202,818.00,325.00,0,14274
11293,205,782.00,325.00,0,14282
11403,207,242.00,324.00,0,14291
11523,207,575.00,307.00,0,14300
11647,209,707.00,308.00,0,14308
11769,210,690.00,325.00,0,14317
11895,211,791.00,308.00,0,14325
12020,213,798.00,308.00,0,14334
12140,215,710.00,325.00,0,14343
12257,217,422.00,308.00,0,14351
12379,220,500.00,342.00,0,14360
12501,224,599.00,308.00,0,14368
12625,229,647.00,325.00,0,14376
12749,233,713.00,317.00,0,14386
12877,239,810.00,308.00,0,14394
13007,243,813.00,308.00,0,14403
13135,246,810.00,308.00,0,14411
13252,248,731.00,341.00,0,14419
13366,249,451.00,325.00,0,14429
13486,251,585.00,326.00,0,14437
13608,251,617.00,325.00,0,14446
13731,253,580.00,325.00,0,14454
13857,255,800.00,325.00,0,14462
13982,257,802.00,325.00,0,14472
14104,260,730.00,325.00,0,14480
14222,263,455.00,325.00,0,14488
14343,267,601.00,308.00,0,14497
14466,271,626.00,325.00,0,14505
14588,275,555.00,325.00,0,14515
14712,279,682.00,324.00,0,14523
14839,284,805.00,324.00,0,14531
14967,287,808.00,325.00,0,14540
15093,290,794.00,325.00,0,14548
15211,291,724.00,342.00,0,14557
15328,291,574.00,325.00,0,14566
15449,292,539.00,308.00,0,14574
15571,293,479.00,325.00,0,14583
15693,294,652.00,308.00,0,14592
15819,297,798.00,308.00,0,14600
15945,299,801.00,308.00,0,14609
16069,303,720.00,308.00,0,14617
16187,307,623.00,308.00,0,14625
16307,311,613.00,325.00,0,14635
16429,315,581.00,325.00,0,14643
16553,319,563.00,307.00,0,14652
16676,322,711.00,308.00,0,14660
16801,326,791.00,308.00,0,14668
16928,329,803.00,325.00,0,14678
17054,330,786.00,308.00,0,14686
17174,331,759.00,325.00,0,14695
17291,331,579.00,308.00,0,14703
17412,331,408.00,308.00,0,14711
17535,333,562.00,325.00,0,14721
17657,335,654.00,324.00,0,14729
17781,338,734.00,325.00,0,14737
17907,343,730.00,324.00,0,14746
18031,347,784.00,325.00,0,14754
18151,351,707.00,308.00,0,14764
18271,355,593.00,308.00,0,14772
18395,359,541.00,325.00,0,14780
18517,361,641.00,325.00,0,14789
18640,364,673.00,308.00,0,14797
18763,366,691.00,309.00,0,14806
18889,368,793.00,308.00,0,14815
19015,369,799.00,322.00,0,14823
19137,371,754.00,325.00,0,14832
19254,371,529.00,341.00,0,14840
19375,371,575.00,308.00,0,14849
19498,373,629.00,326.00,0,14858
19620,377,604.00,308.00,0,14866
19744,381,511.00,314.00,0,14874
19870,386,788.00,326.00,0,14883
19995,391,798.00,308.00,0,14892
20116,395,707.00,325.00,0,14901
20236,399,520.00,324.00,0,14909
20358,401,675.00,342.00,0,14917
20481,403,678.00,325.00,0,14926
20603,405,612.00,323.00,0,14935
20727,407,617.00,326.00,0,14943
20852,408,797.00,325.00,0,14952
20977,410,802.00,308.00,0,14960
21100,411,731.00,325.00,0,14969
21218,413,538.00,310.00,0,14978
21339,414,689.00,341.00,0,14986
21461,416,637.00,325.00,0,14995
21584,419,521.00,325.00,0,15003
21707,423,628.00,308.00,0,15012
21833,428,799.00,325.00,0,15021
21957,433,800.00,325.00,0,15029
22081,436,662.00,308.00,0,15038
22201,439,628.00,308.00,0,15046
22322,440,699.00,309.00,0,15054
22444,441,616.00,307.00,0,15064
22567,443,583.00,341.00,0,15072
22689,444,692.00,308.00,0,15081
22814,447,791.00,308.00,0,15089
22939,449,802.00,307.00,0,15097
23062,451,674.00,308.00,0,15107
23182,453,653.00,325.00,0,15115
23303,455,676.00,308.00,0,15123
23426,457,607.00,324.00,0,15132
23548,460,580.00,325.00,0,15140
23671,464,711.00,341.00,0,15150
23795,468,768.00,308.00,0,15158
23920,471,747.00,308.00,0,15166
24043,474,744.00,325.00,0,15175
24165,476,710.00,325.00,0,15183
24286,477,672.00,324.00,0,15192
24409,478,520.00,324.00,0,15201
24531,479,632.00,308.00,0,15209
24653,481,706.00,324.00,0,15218
24777,484,721.00,341.00,0,15226
24902,487,731.00,325.00,0,15235
25025,490,783.00,325.00,0,15244
25147,493,719.00,325.00,0,15252
25267,495,611.00,308.00,0,15261
25390,497,564.00,307.00,0,15269
25513,499,653.00,325.00,0,15278
25635,502,659.00,325.00,0,15287
25757,505,633.00,308.00,0,15295
25883,509,763.00,308.00,0,15303
26007,511,778.00,308.00,0,15312
26128,514,716.00,342.00,0,15321
26249,515,599.00,325.00,0,15330
26373,517,655.00,324.00,0,15338
26495,519,686.00,308.00,0,15346
26617,521,640.00,325.00,0,15355
26740,523,550.00,325.00,0,15364
26865,527,785.00,308.00,0,15372
26989,529,790.00,308.00,0,15381
27111,531,680.00,325.00,0,15389
27231,533,549.00,325.00,0,15398
27353,535,688.00,324.00,0,15407
27477,537,658.00,307.00,0,15415
27599,539,583.00,326.00,0,15424
27721,543,589.00,308.00,0,15432
27847,547,789.00,308.00,0,15440
27971,549,797.00,308.00,0,15450
28092,553,663.00,325.00,0,15458
28213,555,627.00,342.00,0,15467
28335,557,740.00,325.00,0,15475
28458,558,686.00,325.00,0,15483
28581,560,541.00,325.00,0,15493
28703,563,642.00,308.00,0,15501
28828,565,796.00,325.00,0,15510
28953,567,797.00,325.00,0,15518
29074,570,620.00,325.00,0,15526
29195,571,657.00,307.00,0,15536
29317,573,739.00,342.00,0,15544
29439,575,617.00,325.00,0,15552
29561,577,577.00,325.00,0,15561
29685,581,670.00,308.00,0,15569
29809,584,767.00,308.00,0,15579
29934,587,758.00,326.00,0,15587
30055,591,652.00,325.00,0,15595
30177,593,702.00,325.00,0,15604
30299,595,730.00,325.00,0,15612
30421,596,757.00,325.00,0,15621
30544,597,628.00,324.00,0,15630
30667,599,700.00,325.00,0,15638
30791,603,747.00,308.00,0,15647
30915,605,704.00,307.00,0,15655
31038,608,703.00,308.00,0,15664
31159,610,714.00,341.00,0,15673
31281,612,664.00,307.00,0,15681
31403,614,552.00,325.00,0,15689
31526,617,668.00,325.00,0,15698
31648,619,678.00,341.00,0,15707
31771,623,673.00,308.00,0,15716
31896,626,708.00,308.00,0,15724
32020,629,765.00,308.00,0,15732
32142,631,706.00,308.00,0,15741
32263,632,625.00,308.00,0,15750
32386,633,635.00,325.00,0,15758
32508,635,695.00,308.00,0,15767
32631,637,660.00,308.00,0,15775
32753,641,642.00,325.00,0,15784
32879,643,771.00,341.00,0,15793
33002,646,795.00,342.00,0,15801
33123,649,690.00,325.00,0,15810
33245,651,623.00,325.00,0,15818
33367,652,670.00,325.00,0,15827
33491,654,681.00,308.00,0,15836
33612,657,615.00,325.00,0,15844
33734,660,547.00,309.00,0,15853
33859,663,783.00,324.00,0,15861
33983,666,793.00,341.00,0,15869
34105,669,666.00,308.00,0,15879
34227,670,568.00,308.00,0,15887
34349,671,741.00,325.00,0,15896
34473,673,713.00,309.00,0,15904
34595,675,591.00,308.00,0,15912
34717,678,603.00,323.00,0,15922
34841,681,786.00,325.00,0,15930
34965,683,786.00,325.00,0,15938
35086,685,612.00,325.00,0,15947
35208,687,642.00,324.00,0,15955
35331,689,740.00,325.00,0,15965
35453,691,660.00,325.00,0,15973
35575,693,544.00,325.00,0,15981
35699,696,654.00,319.00,0,15990
35823,699,773.00,312.00,0,15998
35947,703,775.00,308.00,0,16007
36069,705,642.00,325.00,0,16016
36191,707,693.00,325.00,0,16024
36313,709,761.00,325.00,0,16033
36437,710,651.00,308.00,0,16041
36559,711,579.00,309.00,0,16050
36680,713,675.00,325.00,0,16059
36804,717,756.00,308.00,0,16067
36929,719,744.00,325.00,0,16075
37051,721,637.00,308.00,0,16084
37173,724,693.00,325.00,0,16093
37294,725,722.00,326.00,0,16102
37417,727,495.00,325.00,0,16110
37540,729,637.00,308.00,0,16118
37663,733,691.00,325.00,0,16128
37785,736,708.00,325.00,0,16136
37910,739,647.00,325.00,0,16145
38033,741,700.00,308.00,0,16153
38155,743,710.00,325.00,0,16161
38277,745,694.00,342.00,0,16171
38399,747,597.00,325.00,0,16179
38521,748,689.00,308.00,0,16187
38645,750,692.00,325.00,0,16196
38767,753,642.00,309.00,0,16204
38892,756,719.00,325.00,0,16214
39015,759,753.00,324.00,0,16222
39137,761,688.00,308.00,0,16230
39258,763,640.00,325.00,0,16239
39381,764,656.00,325.00,0,16247
39503,766,704.00,342.00,0,16256
39625,769,666.00,325.00,0,16265
39749,771,635.00,308.00,0,16273
39873,775,735.00,308.00,0,16282
39997,777,777.00,324.00,0,16290
40119,779,664.00,307.00,0,16299
40241,781,626.00,309.00,0,16308
40363,783,701.00,325.00,0,16316
40486,784,726.00,308.00,0,16324
40608,786,644.00,326.00,0,16333
40729,789,569.00,325.00,0,16342
40854,791,782.00,325.00,0,16351
40979,794,787.00,325.00,0,16359
41101,796,618.00,308.00,0,16367
41222,798,581.00,325.00,0,16376
41345,799,720.00,325.00,0,16385
41467,801,692.00,308.00,0,16394
41589,805,568.00,324.00,0,16402
41712,807,612.00,325.00,0,16410
41835,811,787.00,308.00,0,16419
41960,813,789.00,325.00,0,16428
42083,816,619.00,325.00,0,16436
42204,817,644.00,308.00,0,16445
42327,819,739.00,308.00,0,16453
42450,819,685.00,325.00,0,16462
42572,821,567.00,309.00,0,16471
42694,824,648.00,308.00,0,16479
42817,827,786.00,341.00,0,16488
42942,830,761.00,325.00,0,16496
43064,833,691.00,325.00,0,16504
43186,835,692.00,325.00,0,16514
43308,837,741.00,325.00,0,16522
43431,838,637.00,308.00,0,16531
43553,841,597.00,325.00,0,16539
43676,843,682.00,325.00,0,16547
43799,846,735.00,325.00,0,16557
43923,849,715.00,307.00,0,16565
44045,851,670.00,325.00,0,16573
44168,853,705.00,325.00,0,16582
44291,854,715.00,308.00,0,16590
44413,855,546.00,325.00,0,16600
44536,857,654.00,325.00,0,16608
44658,860,688.00,307.00,0,16616
44780,863,676.00,309.00,0,16625
44905,867,651.00,308.00,0,16633
45028,869,729.00,325.00,0,16643
45150,871,709.00,325.00,0,16651
45271,873,670.00,308.00,0,16659
45395,874,602.00,308.00,0,16668
45517,876,685.00,325.00,0,16676
45639,879,679.00,325.00,0,16685
45762,881,613.00,307.00,0,16694
45887,884,683.00,309.00,0,16702
46010,887,750.00,325.00,0,16711
46131,889,694.00,307.00,0,16719
46253,891,636.00,342.00,0,16728
46377,892,684.00,308.00,0,16737
46499,894,720.00,324.00,0,16745
46622,897,631.00,308.00,0,16753
46744,899,502.00,325.00,0,16762
46869,902,744.00,308.00,0,16771
46992,904,772.00,325.00,0,16780
47113,906,639.00,325.00,0,16788
47235,907,543.00,308.00,0,16796
47358,909,707.00,325.00,0,16805
47481,911,715.00,309.00,0,16814
47603,914,621.00,308.00,0,16822
47725,917,553.00,308.00,0,16831
47850,921,762.00,308.00,0,16839
47974,923,769.00,308.00,0,16848
48096,925,626.00,325.00,0,16857
48217,927,611.00,325.00,0,16865
48341,928,747.00,308.00,0,16874
48463,929,721.00,309.00,0,16882
48585,932,567.00,325.00,0,16890
48707,934,618.00,308.00,0,16900
48832,937,765.00,324.00,0,16908
48956,939,757.00,308.00,0,16917
49077,941,567.00,318.00,0,16925
49199,943,647.00,323.00,0,16933
49322,945,751.00,325.00,0,16943
49444,947,655.00,313.00,0,16951
49567,949,572.00,340.00,0,16960
49689,953,670.00,339.00,0,16968
49813,955,751.00,324.00,0,16976
49937,959,727.00,308.00,0,16986
50060,961,594.00,325.00,0,16994
50181,963,684.00,319.00,0,17002
50304,964,738.00,321.00,0,17011
50427,965,646.00,325.00,0,17019
50549,967,628.00,308.00,0,17029
50671,969,690.00,341.00,0,17037
50794,972,718.00,308.00,0,17045
50919,975,697.00,336.00,0,17054
51041,977,667.00,325.00,0,17062
51163,979,691.00,325.00,0,17071
51285,981,687.00,324.00,0,17080
51409,983,547.00,309.00,0,17088
51531,985,667.00,325.00,0,17097
51653,987,674.00,325.00,0,17105
51776,991,673.00,330.00,0,17114
51900,993,662.00,341.00,0,17123
52023,996,741.00,325.00,0,17131
52145,998,713.00,325.00,0,17139
52268,999,669.00,308.00,0,17148
52391,1001,621.00,308.00,0,17158
52517,1003,689.00,326.00,0,17166
52643,1005,688.00,325.00,0,17175
52769,1007,639.00,308.00,0,17183
52897,1011,685.00,325.00,0,17192
53023,1013,718.00,325.00,0,17202
53149,1015,697.00,342.00,0,17210
53275,1017,693.00,341.00,0,17219
53402,1019,585.00,338.00,0,17228
53529,1021,680.00,308.00,0,17236
53655,1025,678.00,325.00,0,17246
53780,1027,669.00,309.00,0,17254
53909,1031,626.00,325.00,0,17263
54035,1033,676.00,325.00,0,17272
54161,1034,696.00,326.00,0,17281
54287,1035,724.00,325.00,0,17290
54414,1037,510.00,308.00,0,17299
54541,1039,643.00,308.00,0,17307
54666,1042,695.00,325.00,0,17316
54792,1045,708.00,324.00,0,17326
54921,1047,700.00,325.00,0,17334
55047,1050,643.00,342.00,0,17343
55172,1052,694.00,308.00,0,17351
55299,1053,734.00,325.00,0,17360
55425,1055,655.00,325.00,0,17370
55551,1058,597.00,325.00,0,17378
55677,1061,681.00,325.00,0,17387
55804,1063,718.00,308.00,0,17396
55933,1066,698.00,310.00,0,17404
56059,1068,590.00,308.00,0,17414
56185,1070,686.00,325.00,0,17422
56311,1071,736.00,308.00,0,17431
56437,1073,665.00,325.00,0,17440
56563,1075,634.00,307.00,0,17448
56689,1078,672.00,326.00,0,17458
56816,1081,770.00,326.00,0,17467
56944,1083,739.00,325.00,0,17475
57069,1085,600.00,325.00,0,17484
57195,1087,658.00,325.00,0,17494
57321,1089,735.00,312.00,0,17502
57449,1091,668.00,325.00,0,17511
57575,1093,543.00,342.00,0,17519
57701,1097,635.00,326.00,0,17528
57828,1099,747.00,308.00,0,17538
57956,1102,740.00,308.00,0,17546
58081,1105,586.00,326.00,0,17555
58207,1107,638.00,325.00,0,17564
58334,1108,760.00,308.00,0,17572
58461,1109,707.00,325.00,0,17582
58585,1112,574.00,308.00,0,17591
58711,1114,616.00,325.00,0,17599
58839,1117,759.00,308.00,0,17608
58967,1119,741.00,308.00,0,17616
59093,1121,577.00,308.00,0,17626
59218,1123,599.00,325.00,0,17635
59345,1125,728.00,311.00,0,17643
59471,1127,704.00,325.00,0,17652
59597,1131,599.00,325.00,0,17661
59723,1133,564.00,325.00,0,17670
59851,1137,757.00,325.00,0,17679
59979,1139,760.00,308.00,0,17687
60104,1141,634.00,325.00,0,17696
60230,1142,578.00,325.00,0,17705
60357,1143,726.00,325.00,0,17714
60483,1145,722.00,325.00,0,17723
60609,1147,610.00,325.00,0,17732
60735,1149,538.00,308.00,0,17740
60863,1153,742.00,308.00,0,17750
60991,1155,739.00,308.00,0,17759
61115,1158,638.00,324.00,0,17767
61241,1161,611.00,308.00,0,17776
61368,1163,684.00,325.00,0,17784
61495,1164,708.00,325.00,0,17794
61621,1167,643.00,308.00,0,17803
61747,1169,640.00,325.00,0,17811
61874,1172,715.00,308.00,0,17820
62001,1174,741.00,307.00,0,17829
62127,1176,686.00,325.00,0,17838
62253,1178,628.00,308.00,0,17847
62380,1179,667.00,325.00,0,17855
62507,1181,710.00,325.00,0,17864
62632,1184,655.00,308.00,0,17873
62758,1186,603.00,309.00,0,17882
62886,1189,688.00,325.00,0,17891
63013,1191,699.00,308.00,0,17900
63139,1193,665.00,326.00,0,17908
63264,1195,641.00,311.00,0,17917
63391,1197,607.00,325.00,0,17927
63517,1200,691.00,308.00,0,17935
63645,1203,671.00,309.00,0,17944
63770,1206,634.00,308.00,0,17952
63897,1208,649.00,311.00,0,17961
64025,1210,714.00,325.00,0,17971
64151,1211,699.00,326.00,0,17979
64277,1213,689.00,325.00,0,17988
64403,1215,575.00,325.00,0,17997
64529,1217,679.00,326.00,0,18006
64655,1219,671.00,325.00,0,18015
64781,1223,670.00,308.00,0,18024
64909,1225,602.00,317.00,0,18032
65036,1228,669.00,325.00,0,18041
65162,1230,683.00,325.00,0,18050
65288,1231,698.00,309.00,0,18059
65415,1233,508.00,308.00,0,18068
65541,1235,638.00,308.00,0,18076
65666,1238,680.00,325.00,0,18085
65793,1241,696.00,308.00,0,18095
65921,1243,694.00,341.00,0,18103
66047,1246,633.00,325.00,0,18112
66173,1249,707.00,325.00,0,18120
66300,1250,738.00,325.00,0,18129
66427,1252,657.00,308.00,0,18139
66553,1254,617.00,325.00,0,18147
66678,1256,664.00,325.00,0,18156
66805,1258,710.00,307.00,0,18165
66933,1260,692.00,325.00,0,18173
67059,1263,563.00,325.00,0,18183
67182,1265,649.00,325.00,0,18192
67309,1267,730.00,325.00,0,18200
67435,1269,659.00,308.00,0,18209
67562,1273,573.00,325.00,0,18217
67688,1275,669.00,308.00,0,18227
67815,1279,761.00,325.00,0,18236
67943,1281,736.00,325.00,0,18244
68069,1283,592.00,325.00,0,18253
68194,1283,647.00,308.00,0,18263
68321,1285,750.00,308.00,0,18271
68447,1287,678.00,325.00,0,18280
68573,1289,544.00,308.00,0,18288
68699,1292,625.00,325.00,0,18297
68827,1295,738.00,308.00,0,18307
68955,1298,737.00,308.00,0,18315
69080,1301,550.00,308.00,0,18324
69205,1303,634.00,308.00,0,18333
69332,1305,750.00,308.00,0,18341
69458,1307,682.00,308.00,0,18351
69584,1309,576.00,326.00,0,18360
69711,1311,606.00,341.00,0,18368
69838,1313,754.00,308.00,0,18377
69966,1316,739.00,308.00,0,18385
70091,1319,586.00,325.00,0,18395
70217,1321,599.00,308.00,0,18404
70345,1323,749.00,325.00,0,18412
70471,1325,724.00,313.00,0,18421
70597,1327,592.00,325.00,0,18430
70723,1329,560.00,325.00,0,18439
70851,1331,752.00,308.00,0,18448
70977,1333,747.00,325.00,0,18457
71102,1336,606.00,308.00,0,18465
71228,1338,565.00,325.00,0,18475
71355,1341,720.00,308.00,0,18483
71482,1343,715.00,325.00,0,18492
71608,1345,633.00,325.00,0,18501
71734,1348,529.00,325.00,0,18509
71861,1351,725.00,308.00,0,18519
71989,1353,741.00,308.00,0,18528
72114,1355,639.00,323.00,0,18536
72240,1357,622.00,309.00,0,18545
72368,1359,691.00,325.00,0,18553
72494,1361,716.00,308.00,0,18563
72620,1363,637.00,309.00,0,18572
72745,1365,636.00,325.00,0,18580
72873,1367,692.00,307.00,0,18589
73000,1369,723.00,325.00,0,18598
73125,1371,652.00,341.00,0,18607
73251,1374,614.00,342.00,0,18616
73379,1377,667.00,342.00,0,18625
73505,1379,703.00,307.00,0,18633
73631,1383,674.00,325.00,0,18642
73757,1385,605.00,325.00,0,18651
73885,1388,675.00,325.00,0,18660
74012,1389,700.00,308.00,0,18669
74137,1391,677.00,309.00,0,18677
74264,1393,647.00,325.00,0,18686
74391,1395,610.00,325.00,0,18696
74517,1397,694.00,325.00,0,18704
74643,1399,679.00,325.00,0,18713
74768,1402,623.00,307.00,0,18721
74896,1405,636.00,308.00,0,18731
75023,1408,685.00,325.00,0,18740
75149,1410,678.00,325.00,0,18748
75275,1412,676.00,308.00,0,18757
75402,1414,570.00,325.00,0,18766
75528,1416,674.00,325.00,0,18775
75654,1418,656.00,309.00,0,18784
75781,1421,644.00,309.00,0,18793
75909,1423,581.00,326.00,0,18801
76035,1426,661.00,325.00,0,18810
76161,1428,678.00,308.00,0,18819
76287,1431,722.00,325.00,0,18828
76414,1433,521.00,325.00,0,18837
76540,1435,647.00,325.00,0,18845
76665,1437,683.00,325.00,0,18854
76791,1439,695.00,325.00,0,18864
76920,1441,674.00,325.00,0,18872
77045,1443,606.00,325.00,0,18881
77171,1446,671.00,308.00,0,18890
77299,1448,722.00,308.00,0,18898
77425,1451,635.00,308.00,0,18908
77551,1453,605.00,324.00,0,18916
77677,1456,668.00,322.00,0,18925
77804,1459,700.00,308.00,0,18934
77932,1461,692.00,325.00,0,18942
78058,1463,569.00,325.00,0,18952
78184,1465,667.00,308.00,0,18961
78310,1467,740.00,308.00,0,18969
78437,1469,674.00,308.00,0,18978
78563,1471,615.00,325.00,0,18987
78689,1473,659.00,325.00,0,18996
78815,1476,737.00,341.00,0,19005
78943,1479,704.00,308.00,0,19013
79069,1481,547.00,308.00,0,19022
79195,1483,637.00,308.00,0,19032
79321,1485,734.00,316.00,0,19040
79448,1487,658.00,308.00,0,19049
79575,1489,524.00,308.00,0,19058
79700,1492,622.00,325.00,0,19066
79827,1495,721.00,308.00,0,19076
79955,1497,730.00,325.00,0,19084
80081,1499,556.00,308.00,0,19093
80206,1501,637.00,325.00,0,19102
80333,1503,751.00,341.00,0,19110
80460,1505,705.00,342.00,0,19120
80585,1507,575.00,324.00,0,19129
80711,1509,584.00,325.00,0,19137
80839,1512,737.00,325.00,0,19146
80966,1515,721.00,324.00,0,19155
81092,1517,560.00,325.00,0,19164
81218,1519,579.00,308.00,0,19173
81345,1521,715.00,308.00,0,19181
81471,1524,689.00,307.00,0,19190
81597,1527,589.00,325.00,0,19200
81723,1529,550.00,325.00,0,19208
81851,1531,731.00,308.00,0,19217
81978,1534,733.00,325.00,0,19226
82103,1536,616.00,325.00,0,19234
82229,1538,570.00,325.00,0,19244
82357,1541,719.00,325.00,0,19252
82483,1543,709.00,325.00,0,19261
82609,1545,614.00,329.00,0,19270
82735,1547,494.00,325.00,0,19278
82863,1549,708.00,325.00,0,19288
82989,1551,722.00,325.00,0,19297
83115,1553,614.00,308.00,0,19305
83241,1555,628.00,325.00,0,19314
83368,1558,660.00,308.00,0,19323
83495,1561,699.00,325.00,0,19332
83621,1564,644.00,325.00,0,19341
83746,1567,608.00,308.00,0,19349
83873,1569,696.00,308.00,0,19358
84001,1571,739.00,341.00,0,19367
84127,1573,657.00,342.00,0,19376
84253,1574,610.00,325.00,0,19385
84379,1576,653.00,325.00,0,19394
84506,1578,690.00,308.00,0,19402
84632,1581,635.00,308.00,0,19411
84757,1583,572.00,325.00,0,19420
84886,1587,646.00,308.00,0,19429
85012,1589,704.00,325.00,0,19438
85137,1591,640.00,308.00,0,19446
85263,1593,628.00,325.00,0,19456
85391,1595,602.00,308.00,0,19465
85517,1597,666.00,308.00,0,19473
85643,1600,673.00,325.00,0,19482
85769,1603,612.00,326.00,0,19491
85897,1605,611.00,325.00,0,19500
86024,1608,690.00,341.00,0,19509
86149,1611,682.00,325.00,0,19517
86277,1613,686.00,325.00,0,19526
86402,1614,540.00,308.00,0,19535
86529,1616,644.00,315.00,0,19544
86655,1618,653.00,308.00,0,19553
86781,1621,626.00,307.00,0,19562
86909,1623,560.00,308.00,0,19570
87035,1626,617.00,308.00,0,19579
87161,1629,660.00,325.00,0,19589
87287,1631,687.00,309.00,0,19597
87414,1634,513.00,325.00,0,19606
87540,1636,627.00,324.00,0,19614
87666,1638,656.00,325.00,0,19623
87792,1640,674.00,326.00,0,19633
87920,1642,656.00,324.00,0,19641
88047,1645,583.00,309.00,0,19650
88173,1647,649.00,313.00,0,19659
88299,1649,719.00,325.00,0,19667
88426,1652,642.00,308.00,0,19677
88553,1655,583.00,308.00,0,19685
88678,1657,640.00,308.00,0,19694
88805,1659,690.00,309.00,0,19703
88933,1661,671.00,325.00,0,19712
89059,1663,534.00,325.00,0,19721
89184,1665,635.00,326.00,0,19730
89311,1667,719.00,308.00,0,19738
89437,1671,629.00,308.00,0,19747
89563,1674,561.00,342.00,0,19757
89689,1677,643.00,342.00,0,19765
89816,1680,726.00,325.00,0,19774
89944,1682,680.00,325.00,0,19782
90069,1684,540.00,307.00,0,19791
90196,1686,634.00,325.00,0,19801
90322,1687,731.00,325.00,0,19809
90449,1689,664.00,325.00,0,19818
90575,1691,537.00,325.00,0,19827
90701,1694,586.00,308.00,0,19835
90829,1697,720.00,308.00,0,19845
90955,1700,716.00,325.00,0,19853
91081,1703,525.00,325.00,0,19862
91207,1705,609.00,325.00,0,19871
91333,1708,734.00,308.00,0,19879
91461,1710,674.00,313.00,0,19889
91586,1713,567.00,341.00,0,19898
91712,1714,572.00,341.00,0,19906
91839,1717,705.00,308.00,0,19915
91967,1719,705.00,308.00,0,19924
92092,1721,550.00,308.00,0,19933
92219,1724,572.00,308.00,0,19942
92346,1727,719.00,326.00,0,19950
92473,1729,693.00,308.00,0,19959
92598,1731,564.00,308.00,0,19969
92724,1733,516.00,325.00,0,19977
92851,1735,708.00,325.00,0,19986
92977,1737,713.00,325.00,0,19995
93103,1739,574.00,325.00,0,20003
93230,1742,524.00,325.00,0,20013
93357,1745,685.00,325.00,0,20022
93483,1749,710.00,324.00,0,20030
93609,1751,591.00,308.00,0,20039
93735,1754,478.00,308.00,0,20047
93863,1757,682.00,307.00,0,20057
93990,1759,702.00,308.00,0,20066
94116,1761,601.00,309.00,0,20074
94242,1763,602.00,326.00,0,20083
94369,1765,665.00,325.00,0,20092
94496,1767,700.00,308.00,0,20101
94621,1770,611.00,308.00,0,20110
94747,1773,618.00,311.00,0,20118
94874,1775,670.00,308.00,0,20127
95001,1778,706.00,325.00,0,20136
95127,1779,623.00,342.00,0,20145
95253,1781,599.00,341.00,0,20154
95380,1784,609.00,308.00,0,20163
95506,1787,656.00,309.00,0,20171
95632,1790,624.00,309.00,0,20180
95759,1793,559.00,325.00,0,20190
95887,1796,624.00,309.00,0,20198
96013,1798,660.00,308.00,0,20207
96139,1800,630.00,308.00,0,20215
96265,1801,614.00,308.00,0,20225
96393,1803,592.00,325.00,0,20234
96518,1806,664.00,325.00,0,20242
96644,1809,645.00,325.00,0,20251
96769,1813,610.00,308.00,0,20260
96898,1815,616.00,342.00,0,20269
97025,1818,646.00,325.00,0,20278
97151,1819,647.00,325.00,0,20287
97277,1821,639.00,325.00,0,20295
97403,1823,529.00,325.00,0,20304
97529,1826,626.00,326.00,0,20313
97656,1829,647.00,325.00,0,20322
97782,1832,628.00,308.00,0,20331
97909,1835,537.00,325.00,0,20339
98036,1837,605.00,308.00,0,20348
98162,1839,652.00,307.00,0,20358
98289,1841,676.00,308.00,0,20366
98415,1843,484.00,308.00,0,20375
98541,1845,609.00,325.00,0,20383
98667,1848,644.00,325.00,0,20392
98793,1851,657.00,325.00,0,20402
98921,1853,646.00,325.00,0,20410
99047,1855,569.00,325.00,0,20419
99173,1857,629.00,308.00,0,20428
99300,1860,697.00,321.00,0,20436
99426,1862,606.00,325.00,0,20446
99552,1865,544.00,308.00,0,20455
99679,1867,643.00,326.00,0,20463
99805,1870,667.00,308.00,0,20472
99933,1873,649.00,324.00,0,20481
100059,1875,525.00,308.00,0,20490
100189,1877,643.00,341.00,0,20499
100319,1879,715.00,308.00,0,20508
100449,1882,644.00,308.00,0,20517
100579,1885,518.00,325.00,0,20527
100707,1887,564.00,325.00,0,20536
100839,1889,707.00,325.00,0,20545
100971,1893,674.00,308.00,0,20554
101099,1895,550.00,308.00,0,20562
101229,1897,527.00,324.00,0,20572
101360,1899,653.00,325.00,0,20581
101490,1902,683.00,325.00,0,20590
101621,1905,610.00,325.00,0,20599
101749,1907,570.00,325.00,0,20609
101881,1911,618.00,308.00,0,20618
102012,1913,652.00,308.00,0,20627
102141,1915,626.00,308.00,0,20636
102271,1917,629.00,308.00,0,20644
102401,1919,531.00,325.00,0,20654
102532,1921,618.00,325.00,0,20663
102659,1924,612.00,308.00,0,20672
102789,1927,640.00,325.00,0,20681
102921,1929,624.00,308.00,0,20690
103051,1933,519.00,325.00,0,20700
103180,1935,633.00,325.00,0,20709
103311,1937,704.00,326.00,0,20717
103441,1940,636.00,307.00,0,20726
103571,1943,493.00,326.00,0,20736
103700,1945,575.00,324.00,0,20745
103831,1949,708.00,308.00,0,20754
103963,1951,686.00,309.00,0,20763
104091,1953,541.00,325.00,0,20772
104221,1955,517.00,308.00,0,20782
104352,1957,685.00,325.00,0,20791
104483,1959,657.00,308.00,0,20799
104612,1961,572.00,325.00,0,20808
104741,1963,396.00,325.00,0,20817
104873,1966,656.00,325.00,0,20827
105003,1969,650.00,308.00,0,20836
105133,1972,590.00,326.00,0,20845
105241,1974,826.00,375.00,0,20854
105258,1975,826.00,426.00,0,20864
105181,1975,825.00,484.00,0,20873
105070,1975,821.00,493.00,0,20881
104948,1973,799.00,475.00,0,20890
104820,1973,791.00,494.00,0,20899
104688,1973,782.00,493.00,0,20909
104555,1973,793.00,493.00,0,20918
104421,1971,710.00,509.00,0,20927
104292,1971,766.00,493.00,0,20936
104164,1969,791.00,494.00,0,20945
104035,1967,790.00,493.00,0,20955
103904,1965,825.00,509.00,0,20963
103772,1963,777.00,492.00,0,20972
103644,1962,778.00,493.00,0,20981
103514,1960,785.00,493.00,0,20990
103382,1958,791.00,509.00,0,21000
103253,1955,801.00,511.00,0,21009
103125,1953,789.00,509.00,0,21018
102996,1951,788.00,510.00,0,21027
102866,1949,802.00,488.00,0,21037
102737,1946,797.00,509.00,0,21045
102609,1944,793.00,493.00,0,21054
102479,1941,793.00,509.00,0,21063
102348,1939,791.00,509.00,0,21072
102220,1936,823.00,476.00,0,21082
102090,1933,801.00,492.00,0,21091
101960,1930,797.00,493.00,0,21100
101830,1928,795.00,509.00,0,21109
101701,1927,800.00,493.00,0,21117
101572,1925,814.00,492.00,0,21127
101440,1923,795.00,509.00,0,21136
101308,1919,793.00,493.00,0,21145
101180,1915,806.00,509.00,0,21154
101050,1911,804.00,493.00,0,21164
100918,1908,801.00,492.00,0,21173
100787,1906,787.00,494.00,0,21182
100658,1905,790.00,493.00,0,21191
100527,1903,811.00,509.00,0,21199
100396,1902,796.00,492.00,0,21209
100267,1899,804.00,493.00,0,21218
100141,1896,806.00,493.00,0,21227
100012,1892,805.00,493.00,0,21236
99882,1889,827.00,493.00,0,21245
99757,1886,807.00,492.00,0,21254
99631,1885,807.00,493.00,0,21263
99504,1883,808.00,509.00,0,21272
99374,1882,802.00,509.00,0,21280
99248,1879,815.00,509.00,0,21289
99122,1876,797.00,493.00,0,21298
98996,1871,801.00,509.00,0,21307
98868,1867,805.00,493.00,0,21316
98740,1865,799.00,494.00,0,21324
98614,1863,795.00,476.00,0,21334
98487,1862,793.00,493.00,0,21343
98358,1861,794.00,509.00,0,21351
98234,1859,822.00,497.00,0,21360
98110,1856,806.00,509.00,0,21369
97985,1851,803.00,493.00,0,21378
97858,1847,814.00,493.00,0,21387
97733,1844,811.00,493.00,0,21395
97607,1843,808.00,493.00,0,21404
97478,1841,800.00,509.00,0,21413
97350,1840,790.00,493.00,0,21422
97224,1838,825.00,492.00,0,21431
97098,1835,801.00,510.00,0,21440
96971,1831,797.00,509.00,0,21448
96843,1827,801.00,492.00,0,21457
96718,1824,807.00,493.00,0,21466
96591,1822,806.00,493.00,0,21475
96464,1821,798.00,509.00,0,21484
96336,1819,791.00,492.00,0,21492
96210,1817,820.00,493.00,0,21501
96086,1813,804.00,509.00,0,21511
95960,1810,805.00,509.00,0,21519
95834,1807,806.00,493.00,0,21528
95709,1805,818.00,493.00,0,21537
95584,1803,817.00,493.00,0,21545
95456,1801,801.00,509.00,0,21555
95328,1799,795.00,509.00,0,21563
95202,1796,816.00,509.00,0,21572
95076,1793,801.00,510.00,0,21581
94947,1789,800.00,509.00,0,21590
94820,1787,798.00,493.00,0,21599
94694,1784,805.00,492.00,0,21608
94568,1782,821.00,509.00,0,21616
94440,1779,793.00,510.00,0,21625
94312,1777,790.00,509.00,0,21635
94188,1775,810.00,509.00,0,21643
94062,1772,807.00,509.00,0,21652
93936,1769,799.00,493.00,0,21660
93810,1767,799.00,493.00,0,21669
93686,1765,814.00,509.00,0,21679
93561,1763,824.00,509.00,0,21687
93432,1760,799.00,492.00,0,21696
93305,1757,794.00,506.00,0,21705
93179,1754,805.00,493.00,0,21713
93052,1751,800.00,476.00,0,21723
92924,1749,800.00,509.00,0,21731
92796,1747,796.00,509.00,0,21740
92671,1745,802.00,492.00,0,21749
92545,1743,820.00,492.00,0,21757
92418,1741,806.00,510.00,0,21767
92291,1737,801.00,509.00,0,21776
92167,1735,810.00,508.00,0,21784
92042,1732,808.00,510.00,0,21793
91915,1730,813.00,510.00,0,21803
91790,1729,801.00,509.00,0,21811
91665,1727,810.00,493.00,0,21820
91539,1725,823.00,493.00,0,21828
91410,1722,803.00,493.00,0,21837
91284,1719,798.00,476.00,0,21847
91157,1715,797.00,492.00,0,21855
91030,1713,800.00,476.00,0,21864
90901,1711,811.00,509.00,0,21873
90774,1709,802.00,508.00,0,21881
90650,1708,802.00,509.00,0,21891
90523,1707,817.00,509.00,0,21899
90396,1704,811.00,492.00,0,21908
90270,1701,813.00,509.00,0,21917
90146,1697,809.00,493.00,0,21925
90021,1694,810.00,493.00,0,21935
89894,1691,826.00,494.00,0,21944
89768,1689,812.00,493.00,0,21952
89643,1689,810.00,510.00,0,21961
89516,1687,819.00,509.00,0,21970
89388,1685,805.00,493.00,0,21979
89261,1683,809.00,476.00,0,21988
89135,1680,798.00,493.00,0,21996
89008,1677,802.00,492.00,0,22005
88880,1673,821.00,493.00,0,22014
88754,1671,806.00,493.00,0,22023
88628,1669,809.00,509.00,0,22032
88502,1667,805.00,510.00,0,22041
88373,1665,799.00,493.00,0,22049
88248,1663,821.00,509.00,0,22059
88123,1661,806.00,509.00,0,22068
87998,1659,803.00,493.00,0,22076
87872,1656,826.00,493.00,0,22085
87747,1653,816.00,509.00,0,22093
87622,1651,817.00,509.00,0,22103
87495,1649,811.00,509.00,0,22112
87366,1647,804.00,477.00,0,22120
87240,1645,820.00,476.00,0,22129
87113,1643,801.00,507.00,0,22138
86985,1640,799.00,509.00,0,22147
86857,1637,808.00,493.00,0,22156
86731,1635,787.00,492.00,0,22164
86606,1633,808.00,493.00,0,22173
86479,1630,803.00,508.00,0,22182
86352,1628,804.00,509.00,0,22191
86227,1626,827.00,509.00,0,22200
86102,1625,812.00,494.00,0,22209
85976,1623,807.00,493.00,0,22217
85851,1621,826.00,492.00,0,22226
85727,1619,822.00,493.00,0,22236
85602,1616,825.00,509.00,0,22244
85475,1613,813.00,509.00,0,22253
85347,1610,810.00,510.00,0,22261
85219,1607,826.00,492.00,0,22270
85091,1605,804.00,493.00,0,22280
84962,1603,795.00,493.00,0,22288
84834,1601,804.00,509.00,0,22297
84708,1599,815.00,509.00,0,22306
84582,1597,816.00,493.00,0,22315
84455,1595,801.00,493.00,0,22324
84328,1592,801.00,493.00,0,22333
84204,1589,825.00,504.00,0,22341
84079,1585,811.00,493.00,0,22350
83953,1583,809.00,510.00,0,22359
83827,1581,812.00,498.00,0,22368
83702,1580,819.00,493.00,0,22377
83577,1579,826.00,492.00,0,22385
83448,1577,804.00,476.00,0,22394
83321,1575,808.00,509.00,0,22404
83195,1572,823.00,509.00,0,22412
83068,1568,809.00,493.00,0,22421
82940,1565,805.00,509.00,0,22429
82812,1561,800.00,497.00,0,22438
82686,1560,809.00,509.00,0,22448
82559,1559,827.00,494.00,0,22456
82432,1558,798.00,492.00,0,22465
82304,1557,800.00,493.00,0,22474
82181,1555,821.00,495.00,0,22482
82058,1553,818.00,509.00,0,22492
81932,1549,816.00,493.00,0,22501
81808,1547,817.00,492.00,0,22509
81683,1543,826.00,509.00,0,22518
81558,1541,826.00,504.00,0,22526
81428,1539,812.00,475.00,0,22536
81300,1537,813.00,508.00,0,22545
81172,1535,808.00,494.00,0,22553
81044,1533,808.00,493.00,0,22562
80915,1531,810.00,509.00,0,22572
80788,1529,796.00,492.00,0,22580
80663,1526,810.00,509.00,0,22589
80537,1523,826.00,493.00,0,22597
80410,1521,806.00,509.00,0,22606
80283,1518,805.00,493.00,0,22616
80159,1517,808.00,475.00,0,22624
80034,1515,811.00,493.00,0,22633
79907,1513,822.00,476.00,0,22642
79783,1511,814.00,493.00,0,22650
79658,1509,820.00,493.00,0,22660
79534,1507,826.00,475.00,0,22669
79405,1505,824.00,491.00,0,22677
79277,1501,821.00,509.00,0,22686
79151,1498,808.00,509.00,0,22694
79022,1495,803.00,493.00,0,22704
78892,1492,825.00,497.00,0,22713
78765,1489,799.00,493.00,0,22721
78638,1487,799.00,493.00,0,22730
78511,1486,809.00,493.00,0,22739
78382,1485,803.00,493.00,0,22748
78257,1483,815.00,493.00,0,22757
78134,1481,808.00,493.00,0,22766
78009,1479,811.00,492.00,0,22774
77887,1477,826.00,493.00,0,22784
77763,1475,821.00,493.00,0,22792
77640,1473,824.00,493.00,0,22801
77513,1470,826.00,492.00,0,22810
77384,1468,824.00,509.00,0,22818
77256,1465,824.00,493.00,0,22828
77130,1463,807.00,493.00,0,22837
77000,1460,799.00,509.00,0,22845
76872,1457,811.00,493.00,0,22854
76744,1455,805.00,509.00,0,22862
76619,1453,805.00,509.00,0,22872
76492,1452,797.00,475.00,0,22881
76363,1451,802.00,492.00,0,22889
76238,1448,826.00,493.00,0,22898
76114,1445,808.00,493.00,0,22907
75989,1443,811.00,496.00,0,22916
75864,1441,826.00,509.00,0,22925
75739,1439,824.00,509.00,0,22934
75615,1437,824.00,492.00,0,22942
75488,1435,819.00,509.00,0,22951
75358,1433,812.00,510.00,0,22960
75232,1431,826.00,509.00,0,22969
75104,1428,802.00,493.00,0,22978
74976,1425,797.00,509.00,0,22986
74848,1423,809.00,493.00,0,22995
74722,1420,820.00,509.00,0,23005
74596,1417,813.00,476.00,0,23013
74469,1415,803.00,493.00,0,23022
74340,1413,805.00,493.00,0,23031
74216,1411,826.00,492.00,0,23040
74090,1409,813.00,510.00,0,23049
73964,1407,813.00,509.00,0,23057
73839,1406,819.00,509.00,0,23066
73715,1405,824.00,493.00,0,23075
73591,1403,826.00,509.00,0,23084
73465,1401,818.00,493.00,0,23093
73336,1397,813.00,509.00,0,23102
73210,1394,826.00,492.00,0,23110
73083,1391,812.00,509.00,0,23119
72954,1387,799.00,493.00,0,23128
72826,1385,802.00,475.00,0,23137
72700,1384,814.00,509.00,0,23146
72573,1383,827.00,509.00,0,23154
72445,1383,807.00,509.00,0,23163
72318,1381,806.00,493.00,0,23173
72194,1378,825.00,492.00,0,23181
72070,1375,820.00,493.00,0,23190
71946,1372,822.00,493.00,0,23199
71820,1369,821.00,492.00,0,23207
71696,1367,827.00,493.00,0,23217
71570,1365,827.00,492.00,0,23225
71441,1363,812.00,498.00,0,23234
71312,1361,807.00,492.00,0,23243
71185,1359,815.00,509.00,0,23251
71058,1357,811.00,493.00,0,23261
70928,1355,800.00,475.00,0,23270
70802,1351,810.00,509.00,0,23278
70677,1349,813.00,493.00,0,23287
70552,1347,826.00,509.00,0,23296
70423,1343,809.00,492.00,0,23305
70296,1341,806.00,509.00,0,23314
70170,1339,811.00,492.00,0,23322
70045,1337,812.00,492.00,0,23331
69918,1335,818.00,493.00,0,23341
69793,1335,814.00,509.00,0,23349
69670,1333,823.00,509.00,0,23358
69544,1332,826.00,509.00,0,23367
69416,1329,816.00,510.00,0,23375
69290,1327,810.00,492.00,0,23385
69164,1323,819.00,508.00,0,23393
69038,1319,812.00,493.00,0,23402
68908,1317,816.00,493.00,0,23411
68782,1315,811.00,501.00,0,23419
68656,1313,814.00,493.00,0,23429
68528,1312,827.00,509.00,0,23438
68400,1311,815.00,508.00,0,23446
68272,1309,812.00,493.00,0,23455
68148,1306,807.00,492.00,0,23464
68023,1303,809.00,491.00,0,23473
67896,1301,826.00,492.00,0,23482
67772,1299,821.00,493.00,0,23490
67648,1297,823.00,493.00,0,23499
67522,1296,827.00,493.00,0,23508
67394,1295,821.00,509.00,0,23517
67267,1292,816.00,493.00,0,23526
67142,1289,808.00,509.00,0,23535
67014,1285,808.00,475.00,0,23543
66885,1282,826.00,509.00,0,23553
66759,1279,811.00,493.00,0,23561
66633,1278,815.00,492.00,0,23570
66506,1277,815.00,493.00,0,23579
66377,1275,808.00,492.00,0,23587
66250,1274,822.00,493.00,0,23597
66127,1272,811.00,509.00,0,23606
66000,1269,811.00,493.00,0,23614
65876,1266,827.00,509.00,0,23623
65751,1263,820.00,493.00,0,23632
65626,1261,824.00,509.00,0,23641
65499,1258,818.00,508.00,0,23650
65370,1257,807.00,493.00,0,23658
65242,1255,819.00,474.00,0,23667
65114,1253,805.00,509.00,0,23676
64986,1251,800.00,493.00,0,23685
64858,1249,815.00,509.00,0,23694
64734,1247,816.00,492.00,0,23703
64608,1244,822.00,509.00,0,23711
64482,1241,809.00,502.00,0,23720
64355,1239,807.00,509.00,0,23729
64228,1237,826.00,492.00,0,23738
64104,1235,808.00,492.00,0,23747
63976,1233,805.00,493.00,0,23755
63851,1231,817.00,496.00,0,23764
63726,1230,823.00,493.00,0,23774
63602,1229,825.00,493.00,0,23782
63476,1227,817.00,510.00,0,23791
63348,1225,810.00,475.00,0,23800
63221,1221,825.00,506.00,0,23809
63094,1218,814.00,509.00,0,23818
62966,1215,808.00,493.00,0,23826
62839,1213,811.00,509.00,0,23835
62714,1211,820.00,509.00,0,23844
62587,1209,823.00,499.00,0,23853
62459,1207,804.00,509.00,0,23862
62330,1205,803.00,509.00,0,23871
62204,1203,824.00,509.00,0,23879
62079,1201,809.00,493.00,0,23888
61954,1199,809.00,509.00,0,23898
61827,1197,806.00,475.00,0,23906
61704,1195,821.00,493.00,0,23915
61579,1193,826.00,509.00,0,23923
61452,1191,813.00,493.00,0,23932
61323,1189,809.00,492.00,0,23942
61197,1185,826.00,493.00,0,23950
61070,1182,810.00,492.00,0,23959
60941,1179,808.00,509.00,0,23968
60813,1177,801.00,492.00,0,23976
60688,1175,813.00,493.00,0,23986
60562,1175,827.00,509.00,0,23994
60434,1174,808.00,509.00,0,24003
60308,1173,808.00,509.00,0,24012
60184,1170,821.00,492.00,0,24020
60059,1167,821.00,493.00,0,24030
59934,1163,819.00,509.00,0,24039
59808,1161,819.00,509.00,0,24047
59684,1159,822.00,509.00,0,24056
59558,1157,825.00,509.00,0,24066
59429,1156,808.00,475.00,0,24074
59300,1154,814.00,510.00,0,24083
59173,1151,813.00,492.00,0,24091
59045,1149,813.00,492.00,0,24100
58917,1146,816.00,509.00,0,24110
58790,1143,804.00,493.00,0,24118
58667,1141,814.00,493.00,0,24127
58540,1140,826.00,493.00,0,24136
58413,1139,813.00,509.00,0,24144
58286,1137,812.00,493.00,0,24154
58162,1135,810.00,492.00,0,24163
58036,1133,815.00,492.00,0,24171
57910,1129,825.00,493.00,0,24180
57785,1127,815.00,492.00,0,24188
57661,1125,819.00,493.00,0,24198
57534,1123,826.00,493.00,0,24207
57404,1121,815.00,493.00,0,24215
57276,1119,814.00,493.00,0,24224
57149,1117,802.00,493.00,0,24233
57020,1115,804.00,509.00,0,24242
56893,1113,826.00,509.00,0,24251
56768,1111,811.00,509.00,0,24259
56645,1109,816.00,492.00,0,24268
56519,1109,826.00,509.00,0,24278
56393,1106,823.00,493.00,0,24286
56267,1103,824.00,493.00,0,24295
56142,1100,818.00,493.00,0,24304
56015,1097,814.00,493.00,0,24312
55888,1093,826.00,493.00,0,24322
55762,1091,819.00,476.00,0,24331
55637,1090,817.00,500.00,0,24339
55508,1089,822.00,509.00,0,24348
55378,1088,807.00,492.00,0,24356
55250,1086,821.00,509.00,0,24366
55124,1083,804.00,493.00,0,24375
54997,1079,798.00,493.00,0,24383
54871,1076,819.00,493.00,0,24392
54746,1073,817.00,509.00,0,24401
54622,1071,812.00,493.00,0,24410
54495,1069,811.00,492.00,0,24419
54366,1068,808.00,459.00,0,24427
54239,1067,825.00,492.00,0,24436
54114,1064,810.00,508.00,0,24445
53987,1061,809.00,510.00,0,24454
53860,1059,820.00,493.00,0,24463
53736,1057,822.00,510.00,0,24472
53613,1056,824.00,509.00,0,24480
53486,1055,820.00,509.00,0,24489
53358,1053,815.00,508.00,0,24499
53231,1049,825.00,509.00,0,24507
53104,1047,812.00,493.00,0,24516
52976,1043,806.00,509.00,0,24524
52850,1041,814.00,509.00,0,24534
52724,1039,821.00,510.00,0,24543
52600,1037,826.00,510.00,0,24551
52472,1037,809.00,475.00,0,24560
52343,1035,810.00,508.00,0,24569
52217,1033,825.00,492.00,0,24578
52092,1031,813.00,492.00,0,24587
51966,1029,812.00,493.00,0,24595
51841,1027,824.00,509.00,0,24604
51718,1025,826.00,492.00,0,24613
51593,1023,826.00,492.00,0,24622
51466,1022,821.00,493.00,0,24631
51338,1020,818.00,493.00,0,24640
51212,1017,826.00,493.00,0,24648
51085,1013,815.00,493.00,0,24657
50956,1009,810.00,509.00,0,24667
50828,1007,812.00,493.00,0,24675
50702,1005,819.00,493.00,0,24684
50576,1003,827.00,493.00,0,24692
50448,1003,807.00,492.00,0,24701
50319,1001,808.00,509.00,0,24711
50194,999,823.00,493.00,0,24719
50072,997,822.00,509.00,0,24727
49950,994,811.00,492.00,0,24736
49828,991,816.00,494.00,0,24744
49708,989,826.00,509.00,0,24754
49587,987,825.00,509.00,0,24762
49464,985,821.00,509.00,0,24770
49338,984,808.00,492.00,0,24779
49215,982,827.00,493.00,0,24787
49091,979,812.00,492.00,0,24797
48966,977,806.00,509.00,0,24805
48844,974,813.00,492.00,0,24813
48723,972,820.00,493.00,0,24822
48602,971,825.00,493.00,0,24830
48478,969,811.00,493.00,0,24839
48354,968,814.00,509.00,0,24848
48232,967,826.00,493.00,0,24856
48111,964,815.00,493.00,0,24865
47988,961,819.00,508.00,0,24873
47866,959,826.00,475.00,0,24882
47746,957,817.00,493.00,0,24891
47625,955,824.00,493.00,0,24899
47502,954,825.00,493.00,0,24907
47376,952,817.00,509.00,0,24916
47252,949,826.00,509.00,0,24925
47129,947,813.00,510.00,0,24934
47004,943,805.00,509.00,0,24942
46880,941,826.00,493.00,0,24950
46758,939,817.00,492.00,0,24960
46638,939,820.00,493.00,0,24968
46516,938,826.00,509.00,0,24976
46392,937,818.00,493.00,0,24985
46269,935,823.00,509.00,0,24993
46148,933,821.00,509.00,0,25003
46028,931,820.00,509.00,0,25011
45906,928,826.00,509.00,0,25019
45785,925,823.00,475.00,0,25028
45665,924,827.00,493.00,0,25036
45544,922,816.00,509.00,0,25044
45419,920,821.00,509.00,0,25054
45294,917,817.00,509.00,0,25062
45170,915,817.00,493.00,0,25071
45044,911,815.00,509.00,0,25079
44918,909,819.00,510.00,0,25088
44794,907,805.00,493.00,0,25097
44673,905,815.00,493.00,0,25105
44551,904,826.00,493.00,0,25114
44426,903,813.00,509.00,0,25122
44302,901,813.00,509.00,0,25131
44181,899,823.00,492.00,0,25140
44060,895,816.00,493.00,0,25148
43937,892,820.00,492.00,0,25156
43816,889,821.00,509.00,0,25165
43696,887,826.00,493.00,0,25174
43575,885,826.00,509.00,0,25183
43450,883,811.00,493.00,0,25191
43324,881,806.00,509.00,0,25199
43200,879,822.00,476.00,0,25208
43076,877,806.00,492.00,0,25217
42952,875,802.00,476.00,0,25225
42830,873,810.00,509.00,0,25234
42708,871,822.00,493.00,0,25242
42588,869,826.00,509.00,0,25251
42466,868,822.00,509.00,0,25260
42343,867,815.00,493.00,0,25268
42222,865,826.00,493.00,0,25277
42100,861,817.00,493.00,0,25285
41976,859,815.00,509.00,0,25293
41854,855,826.00,509.00,0,25303
41733,853,826.00,507.00,0,25311
41612,852,826.00,494.00,0,25320
41488,851,820.00,508.00,0,25328
41362,849,811.00,496.00,0,25336
41238,847,827.00,509.00,0,25346
41114,845,811.00,500.00,0,25354
40990,843,805.00,509.00,0,25363
40866,839,823.00,478.00,0,25371
40746,837,817.00,494.00,0,25379
40626,836,826.00,493.00,0,25389
40504,835,826.00,509.00,0,25397
40380,833,821.00,493.00,0,25405
40257,831,825.00,492.00,0,25414
40136,829,822.00,493.00,0,25422
40014,826,816.00,493.00,0,25432
39890,823,825.00,492.00,0,25440
39769,820,822.00,509.00,0,25448
39648,819,825.00,493.00,0,25457
39526,817,826.00,494.00,0,25465
39400,816,824.00,493.00,0,25474
39274,815,817.00,509.00,0,25483
39150,813,813.00,501.00,0,25491
39026,809,806.00,509.00,0,25500
38903,807,825.00,494.00,0,25508
38782,805,818.00,493.00,0,25517
38663,803,824.00,492.00,0,25526
38541,801,826.00,507.00,0,25534
38418,800,821.00,493.00,0,25542
38294,798,822.00,510.00,0,25551
38172,796,826.00,509.00,0,25560
38049,793,826.00,508.00,0,25569
37926,791,825.00,491.00,0,25577
37804,789,817.00,476.00,0,25585
37685,787,826.00,493.00,0,25594
37564,785,826.00,492.00,0,25603
37439,784,826.00,509.00,0,25612
37314,783,818.00,509.00,0,25620
37190,780,822.00,492.00,0,25628
37066,777,818.00,510.00,0,25637
36942,773,814.00,509.00,0,25646
36818,771,815.00,493.00,0,25654
36699,769,823.00,476.00,0,25663
36578,767,826.00,510.00,0,25671
36455,766,820.00,492.00,0,25680
36330,765,811.00,509.00,0,25689
36207,763,826.00,509.00,0,25697
36084,761,817.00,493.00,0,25706
35962,758,817.00,509.00,0,25714
35840,755,826.00,493.00,0,25722
35720,754,826.00,475.00,0,25732
35601,753,826.00,492.00,0,25740
35478,751,826.00,509.00,0,25749
35352,749,817.00,492.00,0,25757
35228,747,826.00,509.00,0,25765
35104,744,814.00,509.00,0,25775
34979,741,807.00,509.00,0,25783
34856,737,819.00,509.00,0,25791
34735,735,825.00,509.00,0,25800
34614,734,826.00,509.00,0,25808
34492,733,821.00,475.00,0,25818
34366,731,812.00,476.00,0,25826
34243,730,825.00,493.00,0,25834
34121,728,813.00,510.00,0,25843
33998,725,813.00,510.00,0,25851
33876,722,825.00,492.00,0,25861
33755,719,826.00,492.00,0,25869
33637,717,826.00,493.00,0,25877
33515,716,826.00,491.00,0,25886
33390,714,822.00,493.00,0,25894
33264,711,821.00,493.00,0,25903
33140,708,806.00,509.00,0,25912
33014,705,803.00,492.00,0,25920
32890,702,826.00,493.00,0,25929
32768,700,817.00,492.00,0,25937
32648,699,823.00,493.00,0,25946
32528,698,826.00,492.00,0,25955
32404,697,826.00,509.00,0,25963
32280,696,819.00,492.00,0,25971
32158,694,820.00,493.00,0,25980
32036,691,822.00,509.00,0,25989
31914,687,826.00,493.00,0,25998
31793,684,822.00,492.00,0,26006
31675,681,827.00,493.00,0,26014
31554,679,826.00,493.00,0,26023
31429,677,824.00,476.00,0,26032
31302,676,820.00,509.00,0,26040
31177,673,817.00,509.00,0,26049
31050,671,815.00,508.00,0,26057
30924,668,812.00,509.00,0,26066
30802,666,817.00,508.00,0,26075
30684,664,821.00,492.00,0,26083
30564,663,827.00,475.00,0,26092
30441,663,823.00,508.00,0,26100
30317,661,818.00,510.00,0,26108
30194,659,825.00,509.00,0,26118
30072,656,822.00,509.00,0,26126
29948,653,821.00,509.00,0,26135
29827,649,823.00,493.00,0,26143
29708,647,826.00,492.00,0,26151
29589,646,826.00,492.00,0,26161
29466,645,826.00,509.00,0,26169
29340,643,815.00,493.00,0,26178
29214,641,825.00,509.00,0,26186
29088,637,805.00,493.00,0,26194
28962,635,804.00,493.00,0,26204
28839,631,814.00,509.00,0,26212
28720,629,827.00,493.00,0,26220
28602,628,826.00,492.00,0,26229
28480,627,826.00,493.00,0,26237
28356,627,824.00,509.00,0,26247
28232,625,825.00,509.00,0,26255
28108,623,814.00,493.00,0,26263
27986,619,812.00,493.00,0,26272
27863,617,826.00,509.00,0,26280
27744,614,826.00,476.00,0,26289
27625,613,826.00,492.00,0,26298
27504,611,825.00,493.00,0,26306
27378,609,826.00,509.00,0,26315
27252,607,826.00,509.00,0,26323
27126,605,805.00,493.00,0,26332
27001,601,802.00,492.00,0,26341
26877,597,826.00,493.00,0,26349
26756,595,823.00,493.00,0,26357
26640,593,826.00,491.00,0,26366
26518,591,826.00,509.00,0,26375
26395,591,825.00,509.00,0,26384
26270,589,822.00,508.00,0,26392
26145,588,813.00,509.00,0,26400
26020,585,813.00,495.00,0,26409
25896,583,826.00,509.00,0,26418
25777,579,824.00,496.00,0,26427
25658,577,825.00,492.00,0,26435
25538,576,826.00,493.00,0,26443
25413,574,820.00,493.00,0,26452
25286,572,810.00,493.00,0,26461
25161,569,804.00,493.00,0,26469
25036,567,805.00,492.00,0,26478
24911,563,820.00,495.00,0,26486
24791,561,822.00,492.00,0,26496
24674,559,825.00,492.00,0,26504
24557,558,826.00,478.00,0,26512
24435,557,827.00,493.00,0,26521
24310,556,822.00,509.00,0,26529
24186,555,825.00,493.00,0,26537
24060,551,822.00,493.00,0,26547
23936,549,823.00,510.00,0,26555
23814,545,826.00,509.00,0,26564
23696,543,825.00,493.00,0,26572
23576,541,826.00,493.00,0,26580
23452,540,822.00,492.00,0,26590
23324,539,809.00,493.00,0,26598
23198,536,821.00,493.00,0,26606
23071,533,805.00,508.00,0,26615
22946,530,808.00,509.00,0,26624
22826,527,820.00,476.00,0,26633
22710,525,825.00,492.00,0,26641
22594,525,826.00,493.00,0,26649
22475,523,826.00,493.00,0,26658
22351,523,826.00,493.00,0,26667
22226,521,826.00,509.00,0,26675
22102,519,820.00,509.00,0,26684
21976,515,821.00,509.00,0,26692
21852,511,827.00,493.00,0,26701
21732,509,825.00,509.00,0,26710
21614,505,826.00,509.00,0,26718
21490,503,826.00,475.00,0,26727
21362,501,818.00,509.00,0,26735
21232,499,824.00,509.00,0,26744
21104,496,788.00,493.00,0,26753
20978,493,793.00,509.00,0,26761
20857,491,817.00,493.00,0,26770
20741,489,825.00,459.00,0,26778
20628,488,827.00,509.00,0,26786
20512,488,825.00,492.00,0,26796
20390,487,827.00,492.00,0,26804
20267,487,827.00,509.00,0,26813
20143,484,825.00,509.00,0,26821
20017,481,819.00,493.00,0,26829
19893,477,826.00,492.00,0,26839
19772,474,826.00,493.00,0,26847
19654,471,826.00,493.00,0,26855
19532,469,826.00,492.00,0,26864
19406,467,826.00,492.00,0,26872
19276,465,813.00,509.00,0,26882
19146,463,797.00,509.00,0,26890
19019,461,790.00,493.00,0,26898
18894,458,827.00,493.00,0,26907
18777,455,825.00,493.00,0,26915
18664,454,826.00,476.00,0,26924
18549,453,825.00,492.00,0,26933
18430,453,826.00,493.00,0,26941
18305,451,826.00,493.00,0,26950
18180,449,825.00,493.00,0,26958
18052,447,823.00,493.00,0,26967
17927,443,827.00,509.00,0,26976
17805,439,822.00,476.00,0,26984
17686,437,827.00,493.00,0,26993
17567,434,826.00,493.00,0,27001
17442,432,826.00,509.00,0,27010
17312,431,804.00,493.00,0,27019
17184,429,803.00,509.00,0,27027
17056,427,801.00,509.00,0,27035
16932,424,811.00,493.00,0,27044
16815,422,826.00,492.00,0,27053
16704,421,826.00,475.00,0,27062
16592,420,826.00,509.00,0,27070
16475,419,827.00,509.00,0,27078
16351,419,827.00,493.00,0,27087
16224,417,826.00,509.00,0,27096
16096,415,823.00,476.00,0,27104
15966,411,817.00,492.00,0,27113
15842,407,826.00,493.00,0,27121
15722,403,826.00,493.00,0,27130
15602,400,826.00,492.00,0,27139
15478,397,826.00,509.00,0,27147
15349,395,806.00,509.00,0,27156
15218,393,819.00,493.00,0,27164
15090,390,790.00,509.00,0,27172
14965,388,805.00,509.00,0,27182
14848,387,826.00,476.00,0,27190
14738,385,825.00,493.00,0,27199
14629,385,826.00,492.00,0,27207
14512,385,826.00,493.00,0,27215
14387,385,827.00,509.00,0,27225
14256,383,826.00,509.00,0,27233
14126,381,805.00,493.00,0,27241
13996,378,800.00,524.00,0,27250
13871,373,826.00,509.00,0,27258
13750,369,826.00,493.00,0,27268
13634,365,826.00,492.00,0,27276
13514,361,826.00,493.00,0,27284
13387,359,821.00,492.00,0,27293
13258,355,813.00,492.00,0,27301
13129,353,792.00,509.00,0,27311
13004,351,802.00,492.00,0,27319
12887,349,825.00,509.00,0,27327
12779,347,825.00,492.00,0,27336
12671,347,825.00,493.00,0,27344
12550,347,825.00,509.00,0,27353
12422,347,826.00,492.00,0,27362
12289,347,811.00,509.00,0,27370
12156,347,791.00,509.00,0,27379
12022,343,782.00,492.00,0,27387
11896,339,819.00,508.00,0,27396
11777,334,818.00,492.00,0,27405
11664,329,825.00,509.00,0,27413
11548,325,825.00,493.00,0,27421
11426,321,825.00,508.00,0,27430
11298,319,808.00,493.00,0,27439
11170,315,806.00,508.00,0,27448
11046,313,814.00,492.00,0,27456
10928,311,825.00,489.00,0,27464
10821,311,825.00,476.00,0,27473
10712,311,825.00,492.00,0,27482
10589,311,825.00,508.00,0,27491
10458,313,825.00,509.00,0,27499
10323,313,795.00,508.00,0,27507
10186,313,768.00,508.00,0,27516
10054,311,785.00,493.00,0,27525
9928,307,796.00,475.00,0,27533
9814,303,817.00,492.00,0,27541
9706,297,825.00,492.00,0,27549
9602,293,826.00,475.00,0,27558
9489,289,825.00,492.00,0,27567
9370,285,824.00,475.00,0,27575
9246,282,824.00,509.00,0,27583
9122,279,820.00,508.00,0,27591
9005,277,825.00,508.00,0,27599
8897,276,825.00,475.00,0,27608
8789,275,825.00,506.00,0,27616
8672,275,825.00,510.00,0,27625
8548,275,825.00,508.00,0,27633
8418,277,823.00,509.00,0,27641
8284,277,758.00,492.00,0,27650
8150,277,628.00,526.00,0,27658
8024,275,780.00,492.00,0,27666
7907,272,816.00,490.00,0,27674
7797,267,825.00,492.00,0,27682
7694,263,825.00,475.00,0,27692
7586,257,825.00,496.00,0,27700
7470,253,825.00,492.00,0,27708
7346,249,825.00,510.00,0,27716
7218,245,825.00,492.00,0,27724
7096,243,820.00,475.00,0,27732
6981,240,826.00,492.00,0,27741
6879,239,825.00,493.00,0,27749
6768,239,825.00,509.00,0,27758
6648,239,825.00,508.00,0,27766
6523,241,824.00,508.00,0,27774
6392,241,817.00,509.00,0,27783
6254,243,693.00,509.00,0,27791
6122,243,566.00,509.00,0,27799
6001,242,788.00,509.00,0,27807
5888,239,825.00,475.00,0,27815
5784,234,825.00,475.00,0,27825
5682,229,825.00,475.00,0,27833
5567,223,826.00,492.00,0,27841
5446,218,825.00,509.00,0,27849
5318,213,821.00,508.00,0,27857
5193,208,825.00,509.00,0,27866
5076,205,826.00,475.00,0,27874
4973,201,826.00,476.00,0,27882
4866,199,826.00,492.00,0,27891
4747,199,825.00,492.00,0,27899
4626,199,825.00,508.00,0,27908
4502,200,825.00,509.00,0,27916
4370,202,806.00,510.00,0,27924
4231,203,738.00,509.00,0,27932
4100,203,635.00,509.00,0,27940
3980,203,800.00,493.00,0,27949
3870,201,826.00,493.00,0,27958
3768,197,825.00,492.00,0,27966
3663,193,825.00,492.00,0,27974
3544,187,826.00,509.00,0,27982
3420,181,826.00,492.00,0,27991
3293,175,824.00,509.00,0,27999
3173,169,826.00,492.00,0,28007
3064,164,826.00,493.00,0,28015
2960,159,827.00,493.00,0,28024
2846,157,826.00,475.00,0,28033
2727,155,826.00,492.00,0,28041
2605,153,826.00,509.00,0,28049
2478,153,826.00,509.00,0,28057
2344,153,794.00,526.00,0,28065
2204,153,644.00,509.00,0,28073
2076,154,758.00,493.00,0,28082
1960,154,810.00,492.00,0,28091
1855,154,825.00,475.00,0,28099
1756,152,826.00,492.00,0,28107
1643,148,825.00,509.00,0,28115
1519,144,825.00,509.00,0,28124
1390,140,818.00,493.00,0,28132
1263,134,820.00,493.00,0,28140
1146,128,825.00,492.00,0,28148
1043,123,826.00,475.00,0,28157
938,118,826.00,492.00,0,28165
826,112,826.00,492.00,0,28173
712,108,826.00,509.00,0,28181
594,105,825.00,509.00,0,28189
470,102,826.00,492.00,0,28197
336,100,739.00,509.00,0,28206
198,98,389.00,492.00,0,28213
80,96,771.00,509.00,0,28221
-8,93,0.00,475.00,0,28228
-32,90,0.00,408.00,0,28235
8,88,44.00,342.00,0,28242
81,84,776.00,341.00,0,28250
156,80,366.00,358.00,0,28258
240,76,151.00,324.00,0,28265
340,73,276.00,325.00,0,28273
445,69,378.00,323.00,0,28280
556,66,510.00,308.00,0,28289
669,64,802.00,323.00,0,28297
789,62,817.00,291.00,0,28304
922,60,825.00,308.00,0,28312
1052,60,825.00,308.00,0,28320
1168,58,825.00,324.00,0,28328
1274,58,824.00,341.00,0,28336
1369,57,457.00,342.00,0,28344
1467,56,238.00,325.00,0,28352
1580,55,522.00,325.00,0,28360
1694,54,722.00,325.00,0,28368
1810,52,803.00,325.00,0,28377
1932,52,812.00,309.00,0,28385
2050,50,789.00,325.00,0,28393
2156,50,455.00,324.00,0,28400
2259,49,24.00,324.00,0,28408
2370,49,274.00,325.00,0,28417
2487,49,476.00,325.00,0,28425
2604,50,632.00,309.00,0,28433
2726,52,786.00,308.00,0,28441
2854,55,824.00,292.00,0,28448
2994,57,825.00,308.00,0,28456
3120,59,825.00,308.00,0,28465
3232,63,825.00,341.00,0,28473
3332,65,734.00,341.00,0,28481
3426,67,207.00,341.00,0,28489
3536,70,475.00,325.00,0,28497
3650,72,734.00,325.00,0,28505
3765,74,725.00,325.00,0,28513
3884,76,803.00,308.00,0,28521
4004,78,809.00,325.00,0,28529
4114,80,659.00,308.00,0,28537
4218,82,110.00,325.00,0,28546
4330,84,310.00,308.00,0,28554
4446,87,402.00,325.00,0,28562
4563,89,543.00,325.00,0,28569
4682,93,790.00,325.00,0,28577
4804,97,809.00,292.00,0,28585
4936,101,825.00,291.00,0,28594
5070,105,825.00,308.00,0,28602
5196,109,825.00,324.00,0,28611
5306,112,815.00,325.00,0,28619
5402,115,122.00,341.00,0,28627
5511,117,417.00,308.00,0,28636
5630,118,726.00,325.00,0,28644
5747,119,702.00,308.00,0,28652
5868,121,802.00,308.00,0,28660
5991,121,808.00,325.00,0,28668
6106,122,729.00,325.00,0,28678
6216,123,226.00,324.00,0,28686
6332,125,388.00,308.00,0,28694
6451,127,429.00,324.00,0,28702
6572,130,449.00,308.00,0,28710
6694,135,756.00,325.00,0,28719
6819,139,810.00,308.00,0,28727
6952,144,825.00,308.00,0,28735
7088,149,825.00,308.00,0,28744
7214,153,825.00,323.00,0,28752
7324,157,808.00,325.00,0,28761
7424,159,300.00,325.00,0,28769
7534,162,423.00,325.00,0,28777
7652,163,739.00,308.00,0,28785
7770,165,765.00,325.00,0,28793
7892,167,802.00,325.00,0,28802
8015,167,801.00,325.00,0,28811
8132,169,790.00,324.00,0,28819
8242,169,369.00,325.00,0,28827
8358,171,462.00,325.00,0,28835
8476,173,579.00,325.00,0,28844
8596,176,582.00,325.00,0,28852
8718,179,695.00,308.00,0,28860
8843,183,808.00,325.00,0,28868
8972,187,826.00,308.00,0,28877
9102,191,825.00,326.00,0,28886
9224,195,821.00,325.00,0,28894
9333,197,760.00,326.00,0,28902
9437,199,300.00,324.00,0,28910
9552,201,825.00,325.00,0,28918
9662,203,825.00,341.00,0,28926
9764,204,826.00,325.00,0,28935
9866,205,825.00,325.00,0,28944
9966,207,825.00,324.00,0,28952
10062,209,825.00,325.00,0,28960
10154,211,826.00,341.00,0,28968
10232,212,825.00,359.00,0,28978
10292,213,825.00,375.00,0,28986
10334,215,825.00,375.00,0,28995
10358,217,826.00,408.00,0,29003
10364,218,826.00,408.00,0,29011
10351,219,826.00,425.00,0,29021
10322,221,826.00,442.00,0,29029
10280,221,826.00,459.00,0,29037
10226,221,826.00,442.00,0,29046
10164,220,826.00,459.00,0,29054
10098,218,826.00,459.00,0,29064
10030,214,825.00,460.00,0,29072
9962,212,826.00,459.00,0,29080
9902,208,825.00,459.00,0,29088
9846,206,826.00,442.00,0,29096
9794,204,826.00,442.00,0,29105
9746,204,825.00,442.00,0,29114
9702,204,826.00,459.00,0,29122
9656,204,825.00,442.00,0,29130
9606,206,826.00,443.00,0,29138
9552,207,825.00,459.00,0,29147
9488,208,826.00,459.00,0,29155
9416,208,826.00,476.00,0,29163
9334,208,825.00,475.00,0,29171
9248,206,826.00,475.00,0,29180
9158,202,825.00,493.00,0,29189
9070,197,826.00,476.00,0,29197
8986,192,825.00,474.00,0,29205
8913,188,826.00,459.00,0,29213
8852,184,825.00,459.00,0,29221
8803,181,826.00,442.00,0,29230
8764,180,826.00,442.00,0,29238
8733,180,826.00,425.00,0,29247
8708,181,825.00,425.00,0,29255
8688,184,825.00,425.00,0,29263
8669,188,826.00,425.00,0,29272
8652,192,826.00,425.00,0,29280
8636,194,825.00,425.00,0,29288
8618,197,826.00,408.00,0,29296
8597,198,826.00,408.00,0,29304
8574,198,825.00,425.00,0,29314
8544,197,825.00,425.00,0,29322
8510,194,826.00,442.00,0,29330
8467,192,826.00,443.00,0,29338
8414,188,825.00,459.00,0,29346
8352,184,826.00,459.00,0,29355
8281,180,826.00,459.00,0,29363
8202,176,825.00,459.00,0,29371
8118,172,825.00,475.00,0,29380
8036,168,825.00,475.00,0,29388
7956,166,825.00,477.00,0,29396
7885,163,826.00,475.00,0,29405
7822,162,826.00,446.00,0,29413
7766,162,826.00,459.00,0,29421
7716,162,826.00,442.00,0,29429
7668,163,826.00,442.00,0,29438
7618,164,825.00,442.00,0,29447
7564,166,825.00,459.00,0,29455
7504,168,826.00,475.00,0,29463
7435,168,825.00,459.00,0,29471
7358,168,826.00,459.00,0,29479
7274,166,826.00,475.00,0,29488
7188,164,826.00,475.00,0,29496
7102,160,825.00,475.00,0,29504
7024,155,825.00,458.00,0,29513
6958,150,825.00,442.00,0,29521
6908,146,826.00,459.00,0,29530
6872,142,826.00,426.00,0,29538
6852,140,825.00,425.00,0,29546
6848,140,825.00,409.00,0,29554
6858,140,825.00,409.00,0,29562
6883,141,826.00,392.00,0,29571
6920,144,825.00,375.00,0,29580
6968,146,825.00,375.00,0,29588
7024,148,826.00,358.00,0,29596
7082,151,825.00,358.00,0,29604
7140,152,826.00,375.00,0,29613
7192,154,826.00,375.00,0,29621
7236,154,825.00,391.00,0,29629
7268,154,826.00,391.00,0,29637
7286,153,825.00,391.00,0,29646
7292,151,825.00,409.00,0,29655
7284,150,826.00,425.00,0,29663
7262,148,826.00,425.00,0,29671
7230,146,826.00,442.00,0,29679
7192,145,826.00,426.00,0,29687
7151,144,826.00,442.00,0,29696
7110,144,826.00,442.00,0,29705
7074,144,825.00,442.00,0,29713
7046,144,826.00,409.00,0,29721
7028,144,825.00,425.00,0,29729
7020,145,826.00,425.00,0,29737
7024,146,825.00,409.00,0,29746
7036,146,826.00,391.00,0,29754
7057,146,826.00,408.00,0,29762
7083,146,825.00,375.00,0,29771
7112,146,825.00,391.00,0,29779
7140,146,826.00,375.00,0,29788
7166,144,826.00,391.00,0,29796
7186,144,825.00,392.00,0,29804
7198,142,825.00,392.00,0,29812
7202,142,825.00,408.00,0,29820
7199,142,826.00,409.00,0,29829
7188,142,825.00,425.00,0,29837
7172,142,825.00,425.00,0,29846
7152,142,825.00,425.00,0,29854
7132,142,825.00,426.00,0,29862
7112,144,826.00,425.00,0,29871
7097,144,825.00,409.00,0,29879
7086,144,825.00,409.00,0,29887
7081,145,826.00,409.00,0,29895
7080,145,826.00,408.00,0,29904
7086,145,825.00,391.00,0,29913
7097,145,825.00,408.00,0,29921
7110,145,825.00,408.00,0,29929
7124,145,826.00,408.00,0,29937
7138,143,826.00,409.00,0,29945
7150,143,826.00,408.00,0,29954
7158,143,826.00,409.00,0,29962
7162,143,825.00,409.00,0,29970
7162,143,825.00,408.00,0,29979
7158,143,825.00,408.00,0,29987
7150,143,825.00,409.00,0,29996
7142,143,826.00,425.00,0,30004
7132,144,825.00,408.00,0,30012
7123,145,826.00,409.00,0,30020
7116,145,825.00,409.00,0,30028
7111,145,825.00,408.00,0,30036
7110,145,825.00,408.00,0,30046
7111,145,825.00,409.00,0,30054
7114,145,825.00,409.00,0,30062
7120,145,825.00,391.00,0,30070
7126,144,826.00,409.00,0,30078
7132,144,825.00,391.00,0,30087
7138,144,826.00,408.00,0,30095
7142,144,826.00,408.00,0,30103
7144,144,825.00,408.00,0,30112
7144,144,825.00,408.00,0,30120
7143,144,826.00,409.00,0,30129
7140,144,826.00,408.00,0,30137
7137,144,825.00,408.00,0,30145
7133,145,825.00,425.00,0,30153
7129,146,826.00,425.00,0,30161
7127,146,825.00,409.00,0,30170
7125,146,825.00,409.00,0,30179
7125,146,825.00,409.00,0,30187
7126,146,825.00,409.00,0,30195
7127,146,825.00,408.00,0,30203
7129,146,825.00,409.00,0,30212
7131,146,826.00,409.00,0,30220
7132,146,825.00,408.00,0,30228
7133,146,826.00,409.00,0,30236
7134,146,825.00,408.00,0,30245
7134,146,825.00,408.00,0,30254
7134,146,826.00,408.00,0,30262
7133,146,825.00,408.00,0,30270
7132,146,826.00,408.00,0,30278
7132,146,825.00,409.00,0,30286
7132,146,826.00,409.00,0,30295
7132,146,826.00,409.00,0,30303
7132,146,825.00,408.00,0,30312
7132,146,825.00,408.00,0,30320
7132,146,825.00,408.00,0,30328
7132,146,826.00,408.00,0,30337
7132,146,826.00,408.00,0,30345
7132,146,825.00,409.00,0,30353
7132,146,825.00,409.00,0,30361
7132,146,826.00,409.00,0,30369
7132,146,825.00,409.00,0,30379
7132,146,825.00,408.00,0,30387
7132,146,826.00,409.00,0,30395
7132,146,825.00,409.00,0,30403
7132,146,826.00,409.00,0,30411
7132,146,826.00,409.00,0,30419
7132,146,825.00,408.00,0,30428
7132,146,826.00,409.00,0,30436
7132,146,825.00,408.00,0,30445
7132,146,825.00,409.00,0,30453
7132,146,825.00,409.00,0,30461
7132,146,825.00,408.00,0,30470
7132,146,826.00,409.00,0,30478
7132,146,826.00,409.00,0,30486
7132,146,826.00,408.00,0,30494
7132,146,825.00,409.00,0,30502
7132,146,825.00,408.00,0,30512
7132,146,826.00,409.00,0,30520
7132,146,825.00,408.00,0,30528
7132,146,825.00,409.00,0,30536
7132,146,826.00,409.00,0,30544
7132,146,825.00,409.00,0,30553
7132,146,825.00,409.00,0,30561
7132,146,826.00,408.00,0,30569
7132,146,825.00,408.00,0,30578
7132,146,825.00,408.00,0,30586
7132,146,825.00,408.00,0,30595
7132,146,825.00,409.00,0,30603
7132,146,826.00,409.00,0,30611
7132,146,825.00,409.00,0,30619
7132,146,825.00,408.00,0,30627
7132,145,825.00,408.00,0,30636
7132,145,825.00,408.00,0,30645
7132,145,825.00,409.00,0,30653
7132,145,825.00,408.00,0,30661
7132,145,825.00,409.00,0,30669
7132,145,826.00,409.00,0,30678
7132,145,826.00,408.00,0,30686
7132,145,825.00,409.00,0,30694
7132,145,825.00,409.00,0,30702
7132,145,825.00,408.00,0,30711
7132,145,825.00,408.00,0,30720
7132,145,825.00,408.00,0,30728
7132,145,826.00,409.00,0,30736
7132,145,825.00,408.00,0,30744
7132,145,825.00,408.00,0,30752
7132,145,826.00,408.00,0,30760
7132,145,826.00,409.00,0,30769
7132,145,826.00,408.00,0,30778
7132,145,825.00,408.00,0,30786
7132,145,825.00,409.00,0,30794
7132,145,825.00,408.00,0,30802
7132,145,825.00,409.00,0,30811
7132,145,825.00,408.00,0,30819
7132,145,826.00,408.00,0,30827
7132,145,825.00,408.00,0,30835
7132,145,825.00,409.00,0,30844
7132,145,825.00,409.00,0,30853
7132,145,825.00,408.00,0,30861
7132,145,826.00,408.00,0,30869
7132,145,826.00,408.00,0,30877
7132,145,826.00,408.00,0,30885
7132,145,825.00,409.00,0,30894
7132,145,825.00,409.00,0,30902
7132,145,825.00,408.00,0,30911
7132,145,825.00,408.00,0,30919
7132,145,826.00,409.00,0,30927
7132,145,825.00,409.00,0,30936
7132,145,826.00,409.00,0,30944
7132,145,826.00,409.00,0,30952
7132,145,825.00,408.00,0,30960
7132,145,825.00,409.00,0,30968
7132,145,825.00,408.00,0,30978
7132,145,825.00,408.00,0,30986
7132,145,826.00,409.00,0,30994
7132,145,826.00,408.00,0,31002
7132,145,825.00,408.00,0,31010
7132,145,826.00,408.00,0,31019
7132,144,826.00,408.00,0,31027
7132,144,825.00,409.00,0,31035
7132,144,825.00,408.00,0,31044
7132,144,825.00,409.00,0,31052
7132,144,825.00,408.00,0,31060
7132,144,825.00,408.00,0,31069
7132,144,826.00,409.00,0,31077
7132,144,826.00,408.00,0,31085
7132,144,825.00,409.00,0,31093
7132,144,826.00,409.00,0,31101
7132,144,825.00,409.00,0,31111
7132,144,825.00,408.00,0,31119
7132,144,826.00,408.00,0,31127
7132,144,825.00,409.00,0,31135
7132,144,826.00,408.00,0,31143
7132,144,826.00,409.00,0,31152
7132,144,826.00,408.00,0,31160
7132,144,825.00,408.00,0,31168
7132,144,825.00,408.00,0,31177
7132,144,825.00,408.00,0,31185
7132,144,825.00,408.00,0,31194
7132,144,825.00,408.00,0,31202
7132,144,826.00,409.00,0,31210
7132,144,826.00,409.00,0,31218
7132,144,825.00,409.00,0,31226
7132,144,826.00,408.00,0,31235
7132,144,825.00,409.00,0,31244
7132,144,825.00,408.00,0,31252
7132,144,826.00,408.00,0,31260
7132,144,826.00,408.00,0,31268
7132,144,826.00,409.00,0,31277
7132,144,825.00,409.00,0,31285
7132,144,825.00,409.00,0,31293
7132,144,826.00,409.00,0,31301
7132,144,825.00,409.00,0,31310
7132,144,825.00,408.00,0,31319
7132,144,826.00,408.00,0,31327
7132,144,825.00,409.00,0,31335
7132,144,826.00,409.00,0,31343
7132,144,826.00,409.00,0,31351
7132,144,825.00,409.00,0,31360
7132,144,825.00,409.00,0,31368
7132,144,825.00,408.00,0,31377
7132,144,825.00,408.00,0,31385
7132,144,826.00,409.00,0,31393
7132,144,825.00,409.00,0,31401
7132,144,825.00,408.00,0,31410
7132,144,826.00,408.00,0,31418
7132,144,825.00,409.00,0,31426
7132,144,826.00,409.00,0,31434
7132,144,826.00,408.00,0,31443
7132,144,825.00,408.00,0,31452
7132,144,826.00,409.00,0,31460
7132,144,825.00,409.00,0,31468
7132,144,826.00,409.00,0,31476
7132,144,825.00,408.00,0,31484
7132,144,826.00,408.00,0,31493
7132,144,825.00,408.00,0,31501
7132,144,825.00,408.00,0,31510
7132,144,825.00,408.00,0,31518
7132,144,826.00,408.00,0,31526
7132,144,826.00,409.00,0,31535
7132,144,826.00,409.00,0,31543
7132,144,826.00,409.00,0,31551
7132,144,825.00,408.00,0,31559
7132,144,825.00,408.00,0,31567
7132,144,825.00,408.00,0,31577
7132,144,825.00,409.00,0,31585
7132,144,825.00,409.00,0,31593
7132,144,826.00,409.00,0,31601
7132,144,826.00,408.00,0,31609
7132,144,826.00,408.00,0,31618
7132,144,826.00,408.00,0,31626
7132,144,826.00,409.00,0,31634
7132,144,825.00,408.00,0,31643
7132,144,825.00,409.00,0,31651
7132,144,825.00,409.00,0,31660
7132,144,826.00,408.00,0,31668
7132,144,826.00,409.00,0,31676
7132,144,826.00,408.00,0,31684
7132,144,825.00,409.00,0,31692
7132,144,825.00,409.00,0,31700
7132,144,825.00,409.00,0,31710
7132,144,825.00,408.00,0,31718
7132,144,825.00,408.00,0,31726
7132,144,826.00,409.00,0,31734
7132,144,825.00,408.00,0,31742
7132,144,826.00,409.00,0,31751
7132,144,825.00,408.00,0,31759
7132,144,826.00,409.00,0,31767
7132,144,825.00,409.00,0,31776
7132,144,825.00,409.00,0,31784
7132,144,826.00,408.00,0,31793
7132,144,825.00,408.00,0,31801
7132,144,825.00,409.00,0,31809
7132,144,826.00,408.00,0,31817
7132,144,826.00,408.00,0,31825
7132,144,826.00,409.00,0,31834
7132,144,825.00,408.00,0,31843
7132,144,825.00,408.00,0,31851
7132,144,825.00,408.00,0,31859
7132,144,825.00,408.00,0,31867
7132,144,826.00,408.00,0,31876
7132,144,825.00,409.00,0,31884
7132,144,826.00,408.00,0,31892
7132,144,825.00,408.00,0,31900
7132,144,825.00,408.00,0,31909
7132,144,825.00,409.00,0,31918
7132,144,825.00,408.00,0,31926
7132,144,826.00,408.00,0,31934
7132,144,825.00,409.00,0,31942
7132,144,826.00,409.00,0,31950
7132,144,826.00,408.00,0,31959
7132,144,826.00,409.00,0,31967
7132,144,825.00,409.00,0,31976
7132,144,825.00,408.00,0,31984
7132,144,825.00,408.00,0,31992
7132,144,825.00,409.00,0,32001
7132,144,826.00,409.00,0,32009
7132,144,826.00,409.00,0,32017
7132,144,826.00,409.00,0,32025
7132,144,826.00,409.00,0,32033
7132,144,825.00,408.00,0,32043
7132,144,826.00,408.00,0,32051
7132,144,825.00,408.00,0,32059
7132,144,825.00,409.00,0,32067
7132,144,825.00,409.00,0,32075
7132,144,826.00,408.00,0,32083
7132,144,826.00,409.00,0,32092
7132,144,825.00,409.00,0,32100
7132,144,826.00,408.00,0,32109
7132,143,825.00,408.00,0,32117
7132,143,826.00,409.00,0,32125
7132,143,826.00,409.00,0,32134
7132,143,825.00,408.00,0,32142
7132,143,825.00,409.00,0,32150
7132,143,826.00,408.00,0,32158
7132,143,825.00,408.00,0,32166
7132,143,825.00,408.00,0,32176
7132,143,825.00,409.00,0,32184
7132,143,825.00,408.00,0,32192
7132,143,825.00,408.00,0,32200
7132,143,825.00,409.00,0,32208
7132,143,825.00,408.00,0,32217
7132,143,825.00,409.00,0,32225
7132,143,825.00,408.00,0,32233
7132,143,825.00,408.00,0,32242
7132,143,825.00,409.00,0,32250
7132,143,826.00,409.00,0,32259
7132,143,825.00,409.00,0,32267
7132,143,825.00,408.00,0,32275
7132,143,826.00,408.00,0,32283
7132,143,826.00,408.00,0,32291
7132,143,826.00,408.00,0,32300
7132,143,825.00,408.00,0,32309
7132,143,825.00,409.00,0,32317
7132,143,825.00,409.00,0,32325
7132,143,825.00,409.00,0,32333
7132,143,826.00,408.00,0,32342
7132,143,826.00,409.00,0,32350
7132,143,825.00,409.00,0,32358
7132,143,826.00,408.00,0,32366
7132,143,825.00,408.00,0,32375
7132,143,825.00,409.00,0,32384
7132,143,825.00,408.00,0,32392
7132,143,825.00,409.00,0,32400
7132,143,825.00,409.00,0,32408
7132,143,826.00,408.00,0,32416
7132,142,825.00,408.00,0,32424
7132,142,825.00,409.00,0,32433
7132,142,825.00,409.00,0,32442
7132,142,825.00,409.00,0,32450
7132,142,825.00,409.00,0,32458
7132,142,825.00,408.00,0,32466
7132,142,826.00,409.00,0,32475
7132,142,825.00,408.00,0,32483
7132,142,826.00,408.00,0,32491
7132,142,825.00,409.00,0,32499
7132,142,825.00,408.00,0,32508
7132,142,825.00,409.00,0,32517
7132,142,825.00,409.00,0,32525
7132,142,826.00,408.00,0,32533
7132,142,826.00,408.00,0,32541
7132,142,826.00,408.00,0,32549
7132,142,826.00,409.00,0,32558
7132,142,825.00,409.00,0,32566
7132,142,825.00,408.00,0,32575
7132,142,825.00,409.00,0,32583
7132,142,826.00,408.00,0,32591
7132,142,826.0