9.00,0,12817
1,-10,826.00,409.00,0,12825
1,-10,826.00,409.00,0,12832
1,-10,826.00,409.00,0,12839
1,-10,826.00,409.00,0,12848
1,-10,826.00,409.00,0,12855
1,-10,826.00,409.00,0,12862
1,-10,826.00,409.00,0,12870
1,-10,826.00,409.00,0,12877
1,-10,826.00,409.00,0,12886
1,-10,826.00,408.00,0,12893
1,-10,826.00,408.00,0,12900
1,-10,826.00,409.00,0,12908
1,-10,825.00,409.00,0,12915
1,-10,826.00,409.00,0,12922
1,-10,826.00,409.00,0,12931
1,-10,826.00,409.00,0,12938
1,-10,826.00,409.00,0,12945
1,-10,826.00,409.00,0,12953
1,-10,826.00,409.00,0,12960
1,-10,826.00,409.00,0,12968
1,-10,825.00,409.00,0,12976
1,-10,826.00,409.00,0,12983
1,-10,826.00,409.00,0,12991
1,-10,826.00,408.00,0,12998
1,-10,826.00,409.00,0,13005
1,-10,826.00,409.00,0,13014
1,-10,825.00,409.00,0,13021
1,-10,826.00,409.00,0,13028
1,-10,826.00,408.00,0,13036
1,-10,826.00,409.00,0,13043
1,-10,826.00,409.00,0,13051
1,-10,825.00,408.00,0,13059
1,-10,826.00,408.00,0,13066
1,-10,826.00,409.00,0,13074
1,-10,825.00,408.00,0,13081
1,-10,826.00,409.00,0,13088
1,-10,825.00,409.00,0,13096
1,-10,826.00,409.00,0,13104
1,-10,826.00,409.00,0,13111
1,-10,826.00,408.00,0,13119
1,-10,825.00,409.00,0,13126
1,-10,825.00,409.00,0,13134
1,-10,825.00,408.00,0,13142
1,-10,826.00,409.00,0,13149
1,-10,826.00,409.00,0,13157
1,-10,826.00,408.00,0,13164
1,-10,825.00,409.00,0,13171
1,-10,826.00,409.00,0,13179
1,-10,826.00,409.00,0,13187
1,-10,826.00,409.00,0,13194
1,-10,826.00,408.00,0,13202
1,-10,826.00,409.00,0,13209
1,-10,826.00,409.00,0,13217
1,-10,825.00,409.00,0,13224
1,-10,826.00,409.00,0,13232
1,-10,826.00,408.00,0,13240
1,-10,825.00,409.00,0,13247
1,-10,825.00,409.00,0,13254
1,-10,826.00,409.00,0,13262
1,-10,826.00,409.00,0,13270
1,-10,826.00,409.00,0,13277
1,-10,826.00,409.00,0,13285
1,-10,825.00,408.00,0,13292
1,-10,826.00,409.00,0,13300
1,-10,825.00,408.00,0,13307
1,-10,825.00,409.00,0,13315
1,-10,826.00,409.00,0,13323
1,-10,826.00,408.00,0,13330
1,-10,825.00,409.00,0,13337
1,-10,826.00,408.00,0,13345
1,-10,825.00,409.00,0,13352
1,-10,826.00,409.00,0,13360
1,-10,826.00,408.00,0,13368
1,-10,826.00,409.00,0,13375
1,-10,826.00,409.00,0,13383
1,-10,825.00,408.00,0,13390
1,-10,826.00,409.00,0,13398
1,-10,826.00,409.00,0,13406
1,-10,825.00,409.00,0,13413
1,-10,825.00,409.00,0,13420
1,-10,825.00,409.00,0,13428
1,-10,825.00,409.00,0,13435
1,-10,826.00,409.00,0,13443
1,-10,826.00,408.00,0,13451
1,-10,825.00,409.00,0,13458
1,-10,826.00,409.00,0,13466
1,-10,825.00,408.00,0,13473
1,-10,826.00,408.00,0,13480
1,-10,826.00,409.00,0,13489
1,-10,825.00,409.00,0,13496
1,-10,826.00,409.00,0,13503
1,-10,826.00,409.00,0,13511
1,-10,825.00,408.00,0,13518
1,-10,826.00,409.00,0,13526
1,-10,826.00,409.00,0,13534
1,-10,826.00,408.00,0,13541
1,-10,826.00,409.00,0,13549
1,-10,825.00,408.00,0,13556
1,-10,826.00,409.00,0,13563
1,-10,826.00,409.00,0,13572
1,-10,825.00,408.00,0,13579
1,-10,826.00,408.00,0,13586
1,-10,826.00,409.00,0,13594
1,-10,826.00,409.00,0,13601
1,-10,826.00,409.00,0,13608
1,-10,826.00,408.00,0,13617
1,-10,826.00,410.00,0,13624
1,-10,826.00,409.00,0,13632
1,-10,825.00,408.00,0,13639
1,-10,825.00,409.00,0,13646
1,-10,826.00,408.00,0,13655
1,-10,825.00,409.00,0,13662
1,-10,826.00,409.00,0,13669
1,-10,826.00,409.00,0,13677
1,-10,826.00,409.00,0,13684
1,-10,826.00,409.00,0,13691
1,-10,826.00,409.00,0,13700
1,-10,826.00,409.00,0,13707
1,-10,826.00,409.00,0,13715
1,-10,825.00,408.00,0,13722
1,-10,826.00,409.00,0,13729
1,-10,826.00,409.00,0,13737
1,-10,825.00,409.00,0,13745
1,-10,826.00,409.00,0,13752
1,-10,826.00,409.00,0,13760
1,-10,826.00,409.00,0,13767
1,-10,826.00,409.00,0,13774
1,-10,825.00,408.00,0,13783
1,-10,825.00,409.00,0,13790
1,-10,826.00,409.00,0,13798
1,-10,825.00,409.00,0,13805
1,-10,826.00,409.00,0,13812
1,-10,826.00,409.00,0,13820
1,-10,825.00,409.00,0,13828
1,-10,826.00,409.00,0,13835
1,-10,826.00,409.00,0,13843
1,-10,825.00,409.00,0,13850
1,-10,826.00,409.00,0,13857
1,-10,826.00,409.00,0,13865
1,-10,826.00,409.00,0,13873
1,-10,826.00,409.00,0,13881
1,-10,825.00,408.00,0,13888
1,-10,826.00,409.00,0,13895
1,-10,826.00,409.00,0,13903
1,-10,825.00,409.00,0,13911
1,-10,826.00,409.00,0,13918
1,-10,826.00,409.00,0,13926
1,-10,826.00,409.00,0,13933
1,-10,825.00,409.00,0,13940
1,-10,825.00,409.00,0,13948
1,-10,825.00,409.00,0,13956
1,-10,826.00,409.00,0,13964
1,-10,825.00,409.00,0,13971
1,-10,826.00,409.00,0,13978
1,-10,826.00,409.00,0,13986
1,-10,825.00,408.00,0,13993
1,-10,826.00,409.00,0,14001
1,-10,826.00,409.00,0,14009
1,-10,826.00,409.00,0,14016
1,-10,826.00,409.00,0,14023
1,-10,826.00,409.00,0,14031
1,-10,826.00,408.00,0,14039
1,-10,826.00,408.00,0,14047
1,-10,825.00,408.00,0,14054
1,-10,826.00,409.00,0,14061
1,-10,825.00,408.00,0,14069
1,-10,825.00,409.00,0,14076
1,-10,826.00,409.00,0,14084
1,-10,826.00,409.00,0,14092
1,-10,825.00,409.00,0,14099
1,-10,825.00,408.00,0,14106
1,-10,826.00,408.00,0,14114
1,-10,825.00,409.00,0,14121
1,-10,826.00,409.00,0,14129
1,-10,825.00,409.00,0,14137
1,-10,826.00,409.00,0,14144
1,-10,826.00,409.00,0,14152
1,-10,825.00,409.00,0,14159
1,-10,825.00,409.00,0,14167
1,-10,826.00,409.00,0,14175
1,-10,825.00,408.00,0,14182
1,-10,826.00,409.00,0,14189
1,-10,826.00,408.00,0,14197
1,-10,825.00,409.00,0,14204
1,-10,826.00,409.00,0,14212
1,-10,825.00,408.00,0,14220
1,-10,826.00,409.00,0,14227
1,-10,825.00,408.00,0,14235
1,-10,826.00,408.00,0,14242
1,-10,826.00,408.00,0,14249
1,-10,826.00,409.00,0,14258
1,-10,825.00,409.00,0,14265
1,-10,826.00,409.00,0,14272
1,-10,826.00,408.00,0,14280
1,-10,826.00,409.00,0,14287
1,-10,826.00,409.00,0,14295
1,-10,825.00,409.00,0,14303
1,-10,826.00,409.00,0,14310
1,-10,826.00,409.00,0,14318
1,-10,825.00,408.00,0,14325
1,-10,825.00,409.00,0,14332
1,-10,826.00,409.00,0,14341
1,-10,825.00,409.00,0,14348
1,-10,826.00,409.00,0,14355
1,-10,826.00,409.00,0,14363
1,-10,826.00,409.00,0,14370
1,-10,825.00,409.00,0,14377
1,-10,826.00,409.00,0,14386
1,-10,826.00,409.00,0,14393
1,-10,826.00,409.00,0,14401
1,-10,826.00,408.00,0,14408
1,-10,825.00,409.00,0,14415
1,-10,826.00,409.00,0,14424
1,-10,825.00,409.00,0,14431
1,-10,826.00,409.00,0,14438
1,-10,826.00,409.00,0,14446
1,-10,826.00,409.00,0,14453
1,-10,826.00,409.00,0,14460
1,-10,825.00,409.00,0,14469
1,-10,826.00,409.00,0,14476
1,-10,826.00,409.00,0,14484
1,-10,825.00,408.00,0,14491
1,-10,826.00,409.00,0,14498
1,-10,826.00,409.00,0,14507
1,-10,825.00,408.00,0,14514
1,-10,826.00,409.00,0,14521
1,-10,826.00,409.00,0,14529
1,-10,826.00,409.00,0,14536
1,-10,826.00,409.00,0,14543
1,-10,826.00,408.00,0,14552
1,-10,826.00,409.00,0,14559
1,-10,826.00,409.00,0,14567
1,-10,826.00,408.00,0,14574
1,-10,826.00,408.00,0,14581
1,-10,826.00,409.00,0,14589
1,-10,825.00,409.00,0,14597
1,-10,826.00,409.00,0,14604
1,-10,826.00,408.00,0,14612
1,-10,825.00,409.00,0,14619
1,-10,826.00,409.00,0,14626
1,-10,826.00,408.00,0,14635
1,-10,826.00,408.00,0,14642
1,-10,825.00,409.00,0,14650
1,-10,826.00,408.00,0,14657
1,-10,826.00,409.00,0,14664
1,-10,826.00,409.00,0,14672
1,-10,825.00,409.00,0,14680
1,-10,826.00,409.00,0,14687
1,-10,825.00,409.00,0,14695
1,-10,826.00,409.00,0,14702
1,-10,826.00,409.00,0,14709
1,-10,826.00,409.00,0,14717
1,-10,826.00,409.00,0,14725
1,-10,826.00,409.00,0,14733
1,-10,825.00,409.00,0,14740
1,-10,825.00,409.00,0,14747
1,-10,826.00,409.00,0,14755
1,-10,825.00,408.00,0,14763
1,-10,825.00,409.00,0,14770
1,-10,826.00,409.00,0,14778
1,-10,825.00,409.00,0,14785
1,-10,826.00,409.00,0,14792
1,-10,825.00,408.00,0,14800
1,-10,826.00,409.00,0,14808
1,-10,825.00,409.00,0,14816
1,-10,825.00,408.00,0,14823
1,-10,826.00,409.00,0,14830
1,-10,826.00,409.00,0,14838
1,-10,825.00,409.00,0,14845
1,-10,825.00,409.00,0,14853
1,-10,826.00,409.00,0,14861
1,-10,826.00,409.00,0,14868
1,-10,825.00,409.00,0,14875
1,-10,826.00,408.00,0,14883
1,-10,825.00,409.00,0,14891
1,-10,826.00,409.00,0,14899
1,-10,826.00,408.00,0,14906
1,-10,826.00,409.00,0,14913
1,-10,826.00,409.00,0,14921
1,-10,825.00,408.00,0,14928
1,-10,826.00,409.00,0,14936
1,-10,826.00,409.00,0,14944
1,-10,825.00,409.00,0,14951
1,-10,826.00,409.00,0,14958
1,-10,826.00,408.00,0,14966
1,-10,825.00,409.00,0,14973
1,-10,826.00,409.00,0,14982
1,-10,825.00,408.00,0,14989
1,-10,826.00,409.00,0,14996
1,-10,826.00,409.00,0,15004
1,-10,825.00,409.00,0,15011
1,-10,826.00,409.00,0,15019
1,-10,826.00,409.00,0,15027
1,-10,826.00,409.00,0,15034
1,-10,826.00,409.00,0,15041
1,-10,826.00,409.00,0,15049
1,-10,826.00,409.00,0,15056
1,-10,826.00,409.00,0,15065
1,-10,826.00,408.00,0,15072
1,-10,826.00,409.00,0,15079
1,-10,826.00,409.00,0,15087
1,-10,825.00,408.00,0,15094
1,-10,826.00,409.00,0,15101
1,-10,826.00,409.00,0,15110
1,-10,825.00,409.00,0,15117
1,-10,826.00,409.00,0,15124
1,-10,825.00,408.00,0,15132
1,-10,826.00,409.00,0,15139
1,-10,826.00,409.00,0,15148
1,-10,825.00,409.00,0,15155
1,-10,825.00,409.00,0,15162
1,-10,826.00,409.00,0,15170
1,-10,825.00,409.00,0,15177
1,-10,826.00,409.00,0,15184
1,-10,826.00,409.00,0,15193
1,-10,826.00,409.00,0,15200
1,-10,826.00,409.00,0,15207
1,-10,825.00,408.00,0,15215
1,-10,826.00,409.00,0,15222
1,-10,826.00,409.00,0,15230
1,-10,825.00,408.00,0,15238
1,-10,826.00,409.00,0,15245
1,-10,826.00,409.00,0,15253
1,-10,825.00,409.00,0,15260
1,-10,826.00,409.00,0,15267
1,-10,825.00,409.00,0,15276
1,-10,826.00,409.00,0,15283
1,-10,826.00,409.00,0,15290
1,-10,826.00,408.00,0,15298
1,-10,826.00,409.00,0,15305
1,-10,826.00,408.00,0,15313
1,-10,825.00,409.00,0,15321
1,-10,825.00,409.00,0,15328
1,-10,826.00,409.00,0,15336
1,-10,825.00,409.00,0,15343
1,-10,826.00,409.00,0,15350
1,-10,826.00,409.00,0,15358
1,-10,826.00,409.00,0,15366
1,-10,826.00,409.00,0,15373
1,-10,825.00,408.00,0,15381
1,-10,826.00,409.00,0,15388
1,-10,826.00,409.00,0,15396
1,-10,825.00,408.00,0,15404
1,-10,825.00,408.00,0,15411
1,-10,826.00,409.00,0,15419
1,-10,825.00,409.00,0,15426
1,-10,826.00,409.00,0,15433
1,-10,825.00,409.00,0,15441
1,-10,825.00,409.00,0,15449
1,-10,826.00,408.00,0,15456
1,-10,826.00,409.00,0,15464
1,-10,826.00,409.00,0,15471
1,-10,826.00,409.00,0,15479
1,-10,825.00,408.00,0,15486
1,-10,825.00,409.00,0,15494
1,-10,826.00,409.00,0,15502
1,-10,825.00,409.00,0,15509
1,-10,826.00,408.00,0,15516
1,-10,826.00,409.00,0,15524
1,-10,825.00,408.00,0,15532
1,-10,826.00,409.00,0,15539
1,-10,826.00,409.00,0,15547
1,-10,826.00,409.00,0,15554
1,-10,826.00,409.00,0,15562
1,-10,825.00,408.00,0,15569
1,-10,826.00,409.00,0,15577
1,-10,826.00,409.00,0,15585
1,-10,825.00,408.00,0,15592
1,-10,826.00,409.00,0,15599
1,-10,826.00,408.00,0,15607
1,-10,825.00,408.00,0,15614
1,-10,826.00,409.00,0,15622
1,-10,826.00,409.00,0,15630
1,-10,826.00,409.00,0,15637
1,-10,826.00,409.00,0,15645
1,-10,825.00,408.00,0,15652
1,-10,826.00,409.00,0,15660
1,-10,826.00,409.00,0,15668
1,-10,825.00,409.00,0,15675
1,-10,826.00,409.00,0,15682
1,-10,826.00,409.00,0,15690
1,-10,826.00,409.00,0,15697
1,-10,826.00,409.00,0,15705
1,-10,826.00,409.00,0,15713
1,-10,826.00,409.00,0,15720
1,-10,826.00,409.00,0,15728
1,-10,825.00,408.00,0,15735
1,-10,826.00,409.00,0,15742
1,-10,826.00,409.00,0,15751
1,-10,826.00,408.00,0,15758
1,-10,826.00,409.00,0,15765
1,-10,826.00,409.00,0,15773
1,-10,826.00,409.00,0,15780
1,-10,826.00,408.00,0,15788
1,-10,826.00,408.00,0,15796
1,-10,826.00,409.00,0,15803
1,-10,825.00,409.00,0,15811
1,-10,825.00,408.00,0,15818
1,-10,826.00,409.00,0,15825
1,-10,826.00,409.00,0,15834
1,-10,825.00,409.00,0,15841
1,-10,826.00,409.00,0,15848
1,-10,826.00,409.00,0,15856
1,-10,826.00,409.00,0,15863
1,-10,825.00,409.00,0,15870
1,-10,825.00,408.00,0,15879
1,-10,826.00,409.00,0,15886
1,-10,825.00,409.00,0,15894
1,-10,825.00,408.00,0,15901
1,-10,826.00,409.00,0,15908
1,-10,826.00,409.00,0,15917
1,-10,825.00,409.00,0,15924
1,-10,826.00,409.00,0,15931
1,-10,826.00,409.00,0,15939
1,-10,826.00,409.00,0,15946
1,-10,825.00,408.00,0,15953
1,-10,826.00,409.00,0,15962
1,-10,826.00,408.00,0,15969
1,-10,826.00,409.00,0,15977
1,-10,825.00,408.00,0,15984
1,-10,825.00,409.00,0,15991
1,-10,826.00,409.00,0,16000
1,-10,825.00,409.00,0,16007
1,-10,826.00,409.00,0,16014
1,-10,825.00,409.00,0,16022
1,-10,825.00,408.00,0,16029
1,-10,826.00,409.00,0,16036
1,-10,826.00,408.00,0,16045
1,-10,825.00,408.00,0,16052
1,-10,826.00,409.00,0,16059
1,-10,825.00,408.00,0,16067
1,-10,825.00,409.00,0,16074
1,-10,825.00,409.00,0,16082
1,-10,826.00,409.00,0,16090
1,-10,826.00,409.00,0,16097
1,-10,826.00,409.00,0,16105
1,-10,826.00,408.00,0,16112
1,-10,826.00,409.00,0,16119
1,-10,826.00,408.00,0,16128
1,-10,825.00,409.00,0,16135
1,-10,826.00,409.00,0,16142
1,-10,825.00,409.00,0,16150
1,-10,826.00,409.00,0,16157
1,-10,826.00,409.00,0,16165
1,-10,825.00,408.00,0,16173
1,-10,826.00,409.00,0,16180
1,-10,826.00,409.00,0,16188
1,-10,825.00,408.00,0,16195
1,-10,826.00,409.00,0,16202
1,-10,826.00,408.00,0,16210
1,-10,825.00,409.00,0,16218
1,-10,826.00,409.00,0,16225
1,-10,825.00,409.00,0,16233
1,-10,826.00,409.00,0,16240
1,-10,826.00,409.00,0,16248
1,-10,826.00,408.00,0,16256
1,-10,826.00,409.00,0,16263
1,-10,826.00,409.00,0,16271
1,-10,825.00,409.00,0,16278
1,-10,826.00,409.00,0,16285
1,-10,826.00,409.00,0,16293
1,-10,826.00,408.00,0,16301
1,-10,826.00,409.00,0,16308
1,-10,825.00,409.00,0,16316
1,-10,826.00,409.00,0,16323
1,-10,826.00,409.00,0,16331
1,-11,825.00,408.00,0,16338
1,-11,825.00,409.00,0,16346
1,-11,825.00,409.00,0,16354
1,-11,825.00,409.00,0,16361
1,-11,826.00,409.00,0,16368
1,-11,826.00,409.00,0,16376
1,-11,826.00,409.00,0,16384
1,-11,825.00,408.00,0,16391
1,-11,825.00,409.00,0,16399
1,-11,826.00,408.00,0,16406
1,-11,826.00,409.00,0,16414
1,-11,826.00,408.00,0,16421
1,-11,826.00,409.00,0,16429
1,-11,826.00,409.00,0,16437
1,-11,826.00,409.00,0,16444
1,-11,826.00,409.00,0,16451
1,-11,826.00,408.00,0,16459
1,-11,826.00,408.00,0,16466
1,-11,826.00,409.00,0,16474
1,-11,826.00,408.00,0,16482
1,-11,826.00,409.00,0,16489
1,-11,826.00,409.00,0,16497
1,-11,825.00,408.00,0,16504
1,-11,826.00,409.00,0,16512
1,-11,826.00,409.00,0,16520
1,-11,825.00,409.00,0,16527
1,-11,825.00,409.00,0,16534
1,-11,826.00,408.00,0,16542
1,-11,825.00,409.00,0,16549
1,-11,826.00,409.00,0,16557
1,-11,826.00,408.00,0,16565
1,-11,826.00,409.00,0,16572
1,-11,826.00,409.00,0,16580
1,-11,826.00,408.00,0,16587
1,-11,826.00,409.00,0,16594
1,-11,826.00,409.00,0,16603
1,-11,825.00,409.00,0,16610
1,-11,826.00,408.00,0,16617
1,-11,826.00,408.00,0,16625
1,-11,826.00,408.00,0,16632
1,-11,826.00,409.00,0,16640
1,-11,825.00,408.00,0,16648
1,-11,826.00,408.00,0,16655
1,-11,826.00,409.00,0,16663
1,-11,825.00,408.00,0,16670
1,-11,826.00,409.00,0,16677
1,-11,826.00,409.00,0,16686
1,-11,825.00,409.00,0,16693
1,-11,826.00,409.00,0,16700
1,-11,826.00,408.00,0,16708
1,-11,825.00,409.00,0,16715
1,-11,826.00,409.00,0,16722
1,-11,825.00,408.00,0,16731
1,-11,826.00,409.00,0,16738
1,-11,825.00,409.00,0,16746
1,-11,825.00,408.00,0,16753
1,-11,826.00,409.00,0,16760
1,-11,826.00,409.00,0,16769
1,-11,825.00,409.00,0,16776
1,-11,826.00,409.00,0,16783
1,-11,826.00,409.00,0,16791
1,-11,825.00,409.00,0,16798
1,-11,826.00,409.00,0,16805
1,-11,826.00,409.00,0,16814
1,-11,826.00,409.00,0,16821
1,-11,826.00,409.00,0,16829
1,-11,825.00,408.00,0,16836
1,-11,826.00,409.00,0,16843
1,-11,825.00,409.00,0,16851
1,-11,826.00,409.00,0,16859
1,-11,826.00,409.00,0,16866
1,-11,826.00,409.00,0,16874
1,-11,825.00,409.00,0,16881
1,-11,825.00,409.00,0,16888
1,-11,825.00,409.00,0,16897
1,-11,826.00,409.00,0,16904
1,-11,826.00,409.00,0,16912
1,-11,825.00,408.00,0,16919
1,-11,826.00,409.00,0,16926
1,-11,826.00,409.00,0,16934
1,-11,826.00,409.00,0,16942
1,-11,826.00,409.00,0,16949
1,-11,826.00,409.00,0,16957
1,-11,826.00,409.00,0,16964
1,-11,826.00,408.00,0,16971
1,-11,825.00,408.00,0,16979
1,-11,826.00,409.00,0,16987
1,-11,826.00,409.00,0,16995
1,-11,825.00,408.00,0,17002
1,-11,826.00,409.00,0,17009
1,-11,826.00,409.00,0,17017
1,-11,826.00,409.00,0,17025
1,-11,825.00,409.00,0,17032
1,-11,826.00,409.00,0,17040
1,-11,826.00,409.00,0,17047
1,-11,825.00,409.00,0,17054
1,-11,825.00,409.00,0,17062
1,-11,826.00,409.00,0,17070
1,-11,826.00,409.00,0,17078
1,-11,825.00,408.00,0,17085
1,-11,825.00,409.00,0,17092
1,-11,826.00,409.00,0,17100
1,-11,826.00,409.00,0,17107
1,-11,826.00,409.00,0,17115
1,-11,826.00,409.00,0,17123
1,-11,826.00,409.00,0,17130
1,-11,826.00,409.00,0,17137
1,-11,826.00,408.00,0,17145
1,-11,826.00,409.00,0,17153
1,-11,825.00,409.00,0,17161
1,-11,825.00,409.00,0,17168
1,-11,825.00,409.00,0,17175
1,-11,826.00,409.00,0,17183
1,-11,826.00,408.00,0,17190
1,-11,826.00,408.00,0,17198
1,-11,826.00,409.00,0,17206
1,-11,826.00,409.00,0,17213
1,-11,826.00,409.00,0,17220
1,-11,826.00,409.00,0,17228
1,-11,826.00,409.00,0,17235
1,-11,826.00,409.00,0,17244
1,-11,825.00,408.00,0,17251
1,-11,825.00,409.00,0,17258
1,-11,826.00,409.00,0,17266
1,-11,825.00,408.00,0,17273
1,-11,826.00,408.00,0,17281
1,-11,826.00,409.00,0,17289
1,-11,826.00,409.00,0,17296
1,-11,826.00,409.00,0,17303
1,-11,826.00,408.00,0,17311
1,-11,826.00,409.00,0,17318
1,-11,826.00,409.00,0,17327
1,-11,826.00,408.00,0,17334
1,-11,826.00,409.00,0,17341
1,-11,826.00,408.00,0,17349
1,-11,825.00,409.00,0,17356
1,-11,826.00,409.00,0,17363
1,-11,826.00,409.00,0,17372
1,-11,826.00,409.00,0,17379
1,-11,826.00,409.00,0,17386
1,-11,826.00,409.00,0,17394
1,-11,826.00,409.00,0,17401
1,-11,826.00,409.00,0,17410
1,-11,826.00,408.00,0,17417
1,-11,826.00,409.00,0,17424
1,-11,826.00,409.00,0,17432
1,-11,825.00,409.00,0,17439
1,-11,826.00,409.00,0,17446
1,-11,826.00,409.00,0,17455
1,-11,826.00,409.00,0,17462
1,-11,826.00,409.00,0,17469
1,-11,826.00,408.00,0,17477
1,-11,826.00,409.00,0,17484
1,-11,826.00,409.00,0,17492
1,-11,826.00,409.00,0,17500
1,-11,826.00,408.00,0,17507
1,-11,826.00,409.00,0,17515
1,-11,825.00,409.00,0,17522
1,-11,826.00,409.00,0,17529
1,-11,826.00,409.00,0,17538
1,-11,826.00,408.00,0,17545
1,-11,826.00,409.00,0,17552
1,-11,825.00,409.00,0,17560
1,-11,826.00,409.00,0,17567
1,-11,826.00,409.00,0,17575
1,-11,825.00,408.00,0,17583
1,-11,826.00,409.00,0,17590
1,-11,826.00,409.00,0,17598
1,-11,825.00,409.00,0,17605
1,-11,826.00,409.00,0,17612
1,-11,826.00,409.00,0,17620
1,-11,826.00,409.00,0,17628
1,-11,826.00,409.00,0,17635
1,-11,826.00,408.00,0,17643
1,-11,826.00,409.00,0,17650
1,-11,826.00,409.00,0,17658
1,-11,825.00,408.00,0,17666
1,-11,826.00,409.00,0,17673
1,-11,826.00,409.00,0,17681
1,-11,825.00,409.00,0,17688
1,-11,826.00,409.00,0,17695
1,-11,826.00,409.00,0,17703
1,-11,825.00,409.00,0,17711
1,-11,825.00,409.00,0,17718
1,-11,826.00,409.00,0,17726
1,-11,826.00,409.00,0,17733
1,-11,826.00,409.00,0,17741
1,-11,825.00,408.00,0,17748
1,-11,826.00,409.00,0,17756
1,-11,826.00,409.00,0,17764
1,-11,825.00,409.00,0,17771
1,-11,826.00,409.00,0,17778
1,-11,826.00,409.00,0,17786
1,-11,825.00,409.00,0,17794
1,-11,826.00,409.00,0,17801
1,-11,826.00,409.00,0,17809
1,-11,826.00,409.00,0,17816
1,-11,826.00,409.00,0,17824
1,-11,826.00,409.00,0,17831
1,-11,826.00,409.00,0,17839
1,-11,826.00,409.00,0,17847
1,-11,825.00,408.00,0,17854
1,-11,826.00,409.00,0,17861
1,-11,825.00,409.00,0,17869
1,-11,825.00,409.00,0,17876
1,-11,826.00,409.00,0,17884
1,-11,825.00,409.00,0,17892
1,-11,826.00,409.00,0,17899
1,-11,826.00,409.00,0,17907
1,-11,825.00,408.00,0,17914
1,-11,826.00,409.00,0,17922
1,-11,826.00,409.00,0,17930
1,-11,825.00,409.00,0,17937
1,-11,826.00,409.00,0,17944
1,-11,826.00,409.00,0,17952
1,-11,826.00,409.00,0,17959
1,-11,826.00,409.00,0,17967
1,-11,826.00,408.00,0,17975
1,-11,826.00,409.00,0,17982
1,-11,826.00,409.00,0,17989
1,-11,826.00,409.00,0,17997
1,-11,826.00,409.00,0,18004
1,-11,826.00,409.00,0,18013
1,-12,825.00,409.00,0,18020
1,-12,826.00,409.00,0,18027
1,-12,826.00,409.00,0,18035
1,-12,825.00,409.00,0,18042
1,-12,826.00,409.00,0,18050
1,-12,826.00,409.00,0,18058
1,-12,825.00,409.00,0,18065
1,-12,825.00,409.00,0,18072
1,-12,826.00,408.00,0,18080
1,-12,825.00,409.00,0,18087
1,-12,826.00,409.00,0,18096
1,-12,825.00,408.00,0,18103
1,-12,826.00,409.00,0,18110
1,-12,826.00,409.00,0,18118
1,-12,826.00,408.00,0,18125
1,-12,826.00,409.00,0,18132
1,-12,826.00,408.00,0,18141
1,-12,826.00,409.00,0,18148
1,-12,825.00,409.00,0,18155
1,-12,826.00,408.00,0,18163
1,-12,825.00,409.00,0,18170
1,-12,826.00,409.00,0,18179
1,-12,825.00,408.00,0,18186
1,-12,826.00,409.00,0,18193
1,-12,826.00,409.00,0,18201
1,-12,826.00,409.00,0,18208
1,-12,826.00,409.00,0,18215
1,-12,826.00,409.00,0,18224
1,-12,825.00,409.00,0,18231
1,-12,826.00,409.00,0,18238
1,-12,825.00,409.00,0,18246
1,-12,826.00,409.00,0,18253
1,-12,826.00,409.00,0,18262
1,-12,825.00,408.00,0,18269
1,-12,826.00,409.00,0,18276
1,-12,826.00,409.00,0,18284
1,-12,825.00,409.00,0,18291
1,-12,826.00,409.00,0,18298
1,-12,826.00,409.00,0,18307
1,-12,825.00,409.00,0,18314
1,-12,826.00,409.00,0,18321
1,-12,825.00,409.00,0,18329
1,-12,826.00,409.00,0,18336
1,-12,826.00,409.00,0,18344
1,-12,825.00,408.00,0,18352
1,-12,826.00,409.00,0,18359
1,-12,826.00,409.00,0,18367
1,-12,825.00,409.00,0,18374
1,-12,826.00,409.00,0,18381
1,-12,826.00,408.00,0,18390
1,-12,826.00,409.00,0,18397
1,-12,826.00,409.00,0,18404
1,-12,826.00,408.00,0,18412
1,-12,825.00,409.00,0,18419
1,-12,826.00,409.00,0,18427
1,-12,825.00,409.00,0,18435
1,-12,826.00,409.00,0,18442
1,-12,827.00,409.00,0,18450
1,-12,825.00,409.00,0,18457
1,-12,826.00,409.00,0,18464
1,-12,826.00,409.00,0,18472
1,-12,826.00,409.00,0,18480
1,-12,826.00,409.00,0,18487
1,-12,825.00,409.00,0,18495
1,-12,826.00,409.00,0,18502
1,-12,826.00,409.00,0,18510
1,-12,825.00,408.00,0,18518
1,-12,826.00,409.00,0,18525
1,-12,825.00,409.00,0,18533
1,-12,825.00,409.00,0,18540
1,-12,826.00,409.00,0,18547
1,-12,826.00,409.00,0,18555
1,-12,826.00,409.00,0,18563
1,-12,825.00,409.00,0,18570
1,-12,826.00,409.00,0,18578
1,-12,826.00,409.00,0,18585
1,-12,826.00,409.00,0,18593
1,-12,825.00,409.00,0,18600
1,-12,826.00,409.00,0,18608
1,-12,826.00,409.00,0,18616
1,-12,825.00,409.00,0,18623
1,-12,826.00,409.00,0,18630
1,-12,826.00,408.00,0,18638
1,-12,826.00,409.00,0,18646
1,-12,826.00,409.00,0,18653
1,-12,826.00,409.00,0,18661
1,-12,826.00,409.00,0,18668
1,-12,826.00,409.00,0,18676
1,-12,825.00,408.00,0,18683
1,-12,825.00,409.00,0,18691
1,-12,826.00,409.00,0,18699
1,-12,825.00,409.00,0,18706
17,-12,0.00,392.00,0,18713
81,-12,0.00,342.00,0,18720
179,-12,627.00,325.00,0,18728
285,-12,532.00,325.00,0,18737
391,-12,516.00,325.00,0,18745
505,-12,796.00,325.00,0,18753
627,-12,813.00,309.00,0,18761
757,-12,826.00,308.00,0,18768
889,-12,826.00,308.00,0,18777
1011,-12,825.00,325.00,0,18785
1117,-12,825.00,341.00,0,18794
1197,-12,365.00,358.00,0,18802
1277,-11,0.00,341.00,0,18809
1383,-10,376.00,325.00,0,18818
1499,-8,699.00,341.00,0,18826
1611,-6,796.00,309.00,0,18834
1735,-4,823.00,308.00,0,18842
1867,-2,826.00,308.00,0,18850
1996,-1,825.00,308.00,0,18859
2106,0,823.00,342.00,0,18866
2197,1,342.00,325.00,0,18874
2293,2,171.00,325.00,0,18882
2404,2,556.00,308.00,0,18889
2517,2,795.00,325.00,0,18897
2631,2,808.00,324.00,0,18906
2751,2,825.00,310.00,0,18913
2873,0,821.00,308.00,0,18921
2984,0,813.00,324.00,0,18928
3081,-1,385.00,341.00,0,18936
3182,-1,122.00,325.00,0,18945
3295,-1,325.00,325.00,0,18953
3411,-1,352.00,325.00,0,18961
3527,1,663.00,308.00,0,18968
3643,3,807.00,310.00,0,18976
3769,5,826.00,308.00,0,18984
3896,7,826.00,304.00,0,18992
4015,11,826.00,308.00,0,19000
4119,13,785.00,325.00,0,19008
4212,17,22.00,341.00,0,19016
4319,19,391.00,325.00,0,19024
4436,23,680.00,321.00,0,19032
4551,25,705.00,308.00,0,19040
4670,29,812.00,325.00,0,19048
4795,31,826.00,325.00,0,19056
4917,34,813.00,325.00,0,19064
5025,37,691.00,358.00,0,19073
5123,39,123.00,325.00,0,19081
5236,41,191.00,324.00,0,19089
5351,43,448.00,308.00,0,19096
5467,47,538.00,308.00,0,19104
5585,51,727.00,335.00,0,19112
5709,54,816.00,308.00,0,19121
5837,58,826.00,325.00,0,19129
5963,63,826.00,308.00,0,19137
6076,67,809.00,325.00,0,19145
6174,71,358.00,326.00,0,19152
6279,74,231.00,309.00,0,19161
6394,77,577.00,308.00,0,19169
6511,81,756.00,325.00,0,19177
6626,84,800.00,308.00,0,19185
6748,86,813.00,308.00,0,19193
6873,88,812.00,309.00,0,19202
6988,89,807.00,307.00,0,19210
7091,90,352.00,325.00,0,19217
7197,91,231.00,308.00,0,19225
7311,93,452.00,325.00,0,19233
7427,94,459.00,325.00,0,19241
7544,97,651.00,325.00,0,19250
7665,100,807.00,308.00,0,19258
7793,104,824.00,325.00,0,19266
7923,109,813.00,308.00,0,19274
8043,113,819.00,341.00,0,19282
8151,118,610.00,325.00,0,19292
8257,122,358.00,325.00,0,19300
8376,126,586.00,324.00,0,19308
8496,129,744.00,309.00,0,19316
8615,133,793.00,308.00,0,19324
8739,135,809.00,308.00,0,19333
8865,137,808.00,325.00,0,19341
8985,139,803.00,308.00,0,19349
9094,139,435.00,325.00,0,19358
9206,140,345.00,308.00,0,19366
9324,141,505.00,323.00,0,19375
9443,143,539.00,308.00,0,19383
9563,145,598.00,308.00,0,19391
9688,149,806.00,308.00,0,19399
9815,153,818.00,308.00,0,19407
9941,158,810.00,325.00,0,19416
10059,163,800.00,308.00,0,19425
10169,167,500.00,341.00,0,19433
10287,171,476.00,325.00,0,19442
10410,173,567.00,308.00,0,19450
10533,177,699.00,324.00,0,19459
10657,179,803.00,325.00,0,19468
10786,181,812.00,308.00,0,19476
10913,181,791.00,308.00,0,19484
11030,181,684.00,325.00,0,19493
11144,182,461.00,325.00,0,19502
11265,183,447.00,325.00,0,19511
11388,185,469.00,308.00,0,19519
11511,188,658.00,308.00,0,19527
11637,192,798.00,308.00,0,19536
11767,197,812.00,308.00,0,19545
11895,203,790.00,309.00,0,19553
12019,207,803.00,308.00,0,19562
12133,212,618.00,325.00,0,19570
12249,215,333.00,325.00,0,19579
12373,218,634.00,308.00,0,19588
12497,219,736.00,308.00,0,19596
12619,221,789.00,308.00,0,19605
12747,222,801.00,308.00,0,19613
12874,222,796.00,325.00,0,19622
12996,222,797.00,325.00,0,19631
13110,222,482.00,325.00,0,19639
13229,222,396.00,325.00,0,19648
13352,224,552.00,325.00,0,19656
13475,227,613.00,308.00,0,19664
13599,232,696.00,291.00,0,19674
13727,237,800.00,308.00,0,19682
13854,243,802.00,308.00,0,19691
13978,249,800.00,307.00,0,19699
14095,253,566.00,326.00,0,19707
14213,257,512.00,325.00,0,19717
14336,259,686.00,324.00,0,19725
14459,261,687.00,326.00,0,19733
14581,262,682.00,308.00,0,19742
14707,263,800.00,309.00,0,19750
14835,263,803.00,342.00,0,19760
14957,263,797.00,324.00,0,19768
15074,263,504.00,308.00,0,19776
15193,263,526.00,325.00,0,19785
15315,265,589.00,341.00,0,19793
15437,269,535.00,325.00,0,19802
15561,275,584.00,324.00,0,19811
15689,281,801.00,309.00,0,19819
15815,286,808.00,325.00,0,19828
15940,291,792.00,325.00,0,19836
16058,295,588.00,325.00,0,19845
16177,298,630.00,324.00,0,19854
16300,299,662.00,325.00,0,19862
16422,300,593.00,325.00,0,19871
16544,301,649.00,342.00,0,19879
16671,301,802.00,326.00,0,19888
16797,301,805.00,326.00,0,19897
16921,302,767.00,325.00,0,19905
17039,303,563.00,325.00,0,19913
17157,305,575.00,308.00,0,19922
17279,307,550.00,325.00,0,19931
17402,311,488.00,308.00,0,19940
17525,317,660.00,309.00,0,19948
17651,323,798.00,325.00,0,19956
17777,329,800.00,323.00,0,19965
17901,333,756.00,309.00,0,19974
18021,336,700.00,333.00,0,19982
18141,337,678.00,312.00,0,19991
18263,338,604.00,316.00,0,19999
18385,339,596.00,308.00,0,20008
18508,339,700.00,307.00,0,20017
18633,339,792.00,325.00,0,20025
18759,340,801.00,309.00,0,20034
18883,341,759.00,309.00,0,20042
19002,344,698.00,325.00,0,20050
19122,347,595.00,308.00,0,20060
19244,349,435.00,324.00,0,20068
19367,353,586.00,308.00,0,20077
19489,358,687.00,325.00,0,20085
19613,363,733.00,308.00,0,20093
19739,367,747.00,308.00,0,20103
19864,371,786.00,309.00,0,20111
19985,373,740.00,325.00,0,20119
20104,374,624.00,325.00,0,20128
20227,374,557.00,325.00,0,20136
20349,375,666.00,308.00,0,20146
20472,375,686.00,324.00,0,20154
20595,377,681.00,324.00,0,20162
20721,379,774.00,325.00,0,20171
20845,382,794.00,321.00,0,20179
20966,385,728.00,308.00,0,20189
21086,387,557.00,324.00,0,20197
21207,390,611.00,308.00,0,20205
21331,393,665.00,308.00,0,20214
21453,397,630.00,325.00,0,20222
21577,400,522.00,309.00,0,20231
21703,403,798.00,325.00,0,20240
21827,407,800.00,325.00,0,20248
21948,409,719.00,308.00,0,20257
22069,410,522.00,325.00,0,20265
22190,411,680.00,325.00,0,20274
22312,412,697.00,325.00,0,20283
22435,413,608.00,325.00,0,20291
22558,416,602.00,325.00,0,20299
22683,419,798.00,308.00,0,20308
22809,421,797.00,308.00,0,20317
22930,425,696.00,325.00,0,20326
23050,427,565.00,309.00,0,20334
23173,429,704.00,325.00,0,20342
23295,431,670.00,326.00,0,20352
23416,433,537.00,308.00,0,20360
23539,436,640.00,325.00,0,20368
23665,439,796.00,325.00,0,20377
23789,442,803.00,325.00,0,20385
23912,445,647.00,308.00,0,20395
24032,447,643.00,325.00,0,20403
24154,449,713.00,325.00,0,20411
24276,450,638.00,308.00,0,20420
24399,451,562.00,324.00,0,20428
24521,454,701.00,325.00,0,20438
24645,457,793.00,308.00,0,20446
24771,459,801.00,325.00,0,20454
24893,461,671.00,308.00,0,20463
25015,463,676.00,325.00,0,20471
25136,465,699.00,326.00,0,20480
25259,467,601.00,308.00,0,20489
25381,469,580.00,325.00,0,20497
25503,472,681.00,325.00,0,20506
25627,475,753.00,308.00,0,20514
25751,479,764.00,325.00,0,20523
25875,482,734.00,325.00,0,20532
25997,485,694.00,308.00,0,20540
26118,487,674.00,325.00,0,20548
26240,488,528.00,324.00,0,20557
26363,489,656.00,308.00,0,20566
26485,492,720.00,325.00,0,20575
26609,495,726.00,324.00,0,20583
26735,497,730.00,308.00,0,20591
26858,500,783.00,342.00,0,20600
26979,502,752.00,325.00,0,20609
27100,503,623.00,325.00,0,20617
27222,505,593.00,325.00,0,20626
27345,507,673.00,325.00,0,20634
27467,509,640.00,325.00,0,20643
27590,512,627.00,309.00,0,20652
27715,515,763.00,325.00,0,20660
27839,519,787.00,309.00,0,20669
27960,521,701.00,342.00,0,20677
28081,523,608.00,308.00,0,20686
28204,525,657.00,308.00,0,20695
28327,527,710.00,325.00,0,20703
28449,529,645.00,325.00,0,20712
28572,532,525.00,308.00,0,20720
28697,535,781.00,308.00,0,20728
28821,537,796.00,325.00,0,20738
28943,539,694.00,325.00,0,20746
29063,540,554.00,325.00,0,20755
29186,541,712.00,325.00,0,20763
29309,543,675.00,307.00,0,20771
29431,545,582.00,308.00,0,20781
29553,549,582.00,325.00,0,20789
29678,553,790.00,325.00,0,20797
29803,556,795.00,325.00,0,20806
29924,559,636.00,308.00,0,20814
30045,561,636.00,325.00,0,20824
30167,563,737.00,325.00,0,20832
30290,565,686.00,326.00,0,20840
30413,567,557.00,308.00,0,20849
30535,569,640.00,308.00,0,20857
30660,571,798.00,326.00,0,20866
30785,574,785.00,308.00,0,20875
30907,576,634.00,325.00,0,20883
31028,577,668.00,308.00,0,20892
31151,579,738.00,309.00,0,20900
31272,581,642.00,341.00,0,20909
31394,583,634.00,309.00,0,20918
31517,585,669.00,325.00,0,20926
31641,589,772.00,308.00,0,20934
31767,593,774.00,310.00,0,20943
31888,595,653.00,325.00,0,20952
32010,597,693.00,325.00,0,20961
32131,599,711.00,325.00,0,20969
32255,601,654.00,308.00,0,20977
32377,603,650.00,341.00,0,20986
32499,605,702.00,325.00,0,20995
32623,607,736.00,325.00,0,21004
32747,610,655.00,324.00,0,21012
32871,613,716.00,309.00,0,21020
32992,614,701.00,325.00,0,21029
33113,615,676.00,324.00,0,21038
33237,617,560.00,326.00,0,21046
33359,619,669.00,308.00,0,21055
33481,623,690.00,340.00,0,21063
33603,625,673.00,325.00,0,21072
33729,629,707.00,308.00,0,21081
33852,632,765.00,325.00,0,21089
33974,635,703.00,325.00,0,21098
34095,636,626.00,323.00,0,21106
34218,637,623.00,325.00,0,21114
34341,639,694.00,315.00,0,21124
34463,641,693.00,336.00,0,21132
34585,644,631.00,324.00,0,21141
34711,647,777.00,325.00,0,21149
34834,649,785.00,341.00,0,21157
34956,651,696.00,308.00,0,21167
35077,653,610.00,325.00,0,21175
35200,654,672.00,325.00,0,21183
35323,655,681.00,308.00,0,21192
35445,658,625.00,325.00,0,21200
35567,661,556.00,341.00,0,21210
35691,665,777.00,308.00,0,21218
35816,667,793.00,342.00,0,21226
35937,671,657.00,324.00,0,21235
36059,672,583.00,325.00,0,21243
36181,674,708.00,308.00,0,21253
36305,675,711.00,324.00,0,21261
36427,677,597.00,308.00,0,21269
36549,680,613.00,325.00,0,21278
36673,683,794.00,325.00,0,21286
36798,685,784.00,308.00,0,21295
36919,687,632.00,341.00,0,21304
37041,689,642.00,324.00,0,21312
37165,691,737.00,309.00,0,21321
37287,693,669.00,307.00,0,21329
37409,695,544.00,325.00,0,21338
37531,698,642.00,325.00,0,21347
37655,701,769.00,308.00,0,21355
37779,704,779.00,325.00,0,21363
37901,707,620.00,325.00,0,21372
38023,709,681.00,325.00,0,21381
38145,710,748.00,307.00,0,21390
38268,711,654.00,325.00,0,21398
38391,713,656.00,325.00,0,21406
38513,716,690.00,325.00,0,21415
38636,719,758.00,308.00,0,21424
38761,721,728.00,308.00,0,21432
38883,724,662.00,325.00,0,21441
39005,726,697.00,308.00,0,21449
39127,728,734.00,325.00,0,21458
39248,729,514.00,325.00,0,21467
39371,731,639.00,307.00,0,21475
39493,734,671.00,308.00,0,21484
39617,737,711.00,326.00,0,21492
39741,739,627.00,308.00,0,21501
39863,742,707.00,324.00,0,21510
39985,744,697.00,325.00,0,21518
40107,745,683.00,325.00,0,21527
40230,747,590.00,324.00,0,21535
40352,749,700.00,325.00,0,21543
40475,752,698.00,325.00,0,21553
40597,755,633.00,308.00,0,21561
40723,757,699.00,309.00,0,21570
40846,760,757.00,308.00,0,21578
40967,761,707.00,325.00,0,21586
41089,763,624.00,308.00,0,21596
41212,765,659.00,308.00,0,21604
41335,767,696.00,325.00,0,21612
41456,769,654.00,309.00,0,21621
41579,772,643.00,324.00,0,21629
41704,775,745.00,308.00,0,21639
41828,777,781.00,326.00,0,21647
41949,780,674.00,325.00,0,21655
42071,781,571.00,316.00,0,21664
42194,783,698.00,325.00,0,21672
42317,785,714.00,308.00,0,21681
42439,787,645.00,341.00,0,21690
42561,789,558.00,325.00,0,21698
42685,793,779.00,325.00,0,21707
42809,795,787.00,325.00,0,21715
42931,797,642.00,308.00,0,21724
43053,799,603.00,325.00,0,21733
43176,801,734.00,308.00,0,21741
43298,802,711.00,308.00,0,21749
43421,804,589.00,308.00,0,21758
43543,807,631.00,325.00,0,21767
43667,809,782.00,325.00,0,21776
43791,812,774.00,308.00,0,21784
43913,815,584.00,325.00,0,21792
44035,816,639.00,309.00,0,21801
44157,818,749.00,308.00,0,21810
44281,820,671.00,309.00,0,21819
44403,822,562.00,326.00,0,21827
44525,825,675.00,325.00,0,21835
44649,827,781.00,326.00,0,21844
44773,830,759.00,325.00,0,21853
44895,832,678.00,325.00,0,21861
45017,833,699.00,325.00,0,21870
45140,835,745.00,308.00,0,21878
45262,837,651.00,325.00,0,21888
45384,839,596.00,308.00,0,21896
45507,841,675.00,325.00,0,21904
45630,844,741.00,325.00,0,21913
45754,847,716.00,324.00,0,21921
45876,849,648.00,342.00,0,21929
45999,851,701.00,325.00,0,21939
46121,853,719.00,325.00,0,21947
46244,854,521.00,308.00,0,21956
46367,856,655.00,325.00,0,21964
46489,859,684.00,308.00,0,21972
46611,861,697.00,325.00,0,21982
46736,864,638.00,309.00,0,21990
46859,867,723.00,325.00,0,21998
46981,869,716.00,325.00,0,22007
47103,870,677.00,308.00,0,22016
47226,871,610.00,308.00,0,22025
47349,873,697.00,325.00,0,22033
47471,875,664.00,325.00,0,22041
47593,879,624.00,308.00,0,22050
47717,881,701.00,308.00,0,22059
47841,883,740.00,325.00,0,22068
47962,885,686.00,325.00,0,22076
48085,887,628.00,341.00,0,22084
48207,889,660.00,341.00,0,22093
48329,891,731.00,325.00,0,22102
48453,894,652.00,325.00,0,22110
48575,897,747.00,341.00,0,22119
48699,900,748.00,308.00,0,22127
48823,903,772.00,308.00,0,22136
48945,904,671.00,325.00,0,22145
49067,905,567.00,325.00,0,22153
49189,906,718.00,325.00,0,22162
49313,907,728.00,325.00,0,22170
49435,909,628.00,325.00,0,22178
49556,913,555.00,325.00,0,22188
49681,915,768.00,309.00,0,22196
49805,919,771.00,309.00,0,22205
49926,921,595.00,324.00,0,22213
50048,923,609.00,309.00,0,22221
50171,925,741.00,315.00,0,22231
50295,927,716.00,325.00,0,22239
50415,929,592.00,325.00,0,22247
50539,931,623.00,314.00,0,22256
50663,934,777.00,311.00,0,22264
50786,936,763.00,313.00,0,22274
50909,938,594.00,309.00,0,22282
51030,939,659.00,325.00,0,22290
51153,941,752.00,308.00,0,22299
51276,943,672.00,308.00,0,22307
51399,945,585.00,325.00,0,22316
51519,947,670.00,314.00,0,22325
51643,951,766.00,315.00,0,22333
51767,953,736.00,308.00,0,22342
51891,955,582.00,325.00,0,22350
52012,957,680.00,307.00,0,22359
52135,959,726.00,308.00,0,22368
52257,961,639.00,325.00,0,22376
52381,963,617.00,325.00,0,22385
52502,965,701.00,325.00,0,22393
52625,968,727.00,308.00,0,22402
52749,971,699.00,325.00,0,22411
52872,973,675.00,325.00,0,22419
52994,974,699.00,308.00,0,22427
53117,975,709.00,325.00,0,22436
53239,977,550.00,308.00,0,22445
53362,979,655.00,325.00,0,22454
53485,981,682.00,308.00,0,22462
53607,985,679.00,342.00,0,22470
53729,987,671.00,342.00,0,22479
53852,990,725.00,308.00,0,22488
53974,992,710.00,325.00,0,22496
54097,993,652.00,308.00,0,22505
54219,995,613.00,309.00,0,22513
54342,997,693.00,308.00,0,22522
54465,999,684.00,327.00,0,22531
54586,1001,621.00,325.00,0,22540
54715,1005,693.00,325.00,0,22548
54841,1007,720.00,325.00,0,22557
54967,1009,694.00,325.00,0,22566
55093,1010,642.00,325.00,0,22575
55220,1011,618.00,308.00,0,22584
55347,1013,685.00,325.00,0,22592
55472,1017,673.00,325.00,0,22601
55598,1019,646.00,320.00,0,22610
55725,1022,669.00,325.00,0,22619
55853,1025,719.00,342.00,0,22628
55978,1027,691.00,325.00,0,22637
56104,1029,686.00,324.00,0,22645
56228,1030,555.00,308.00,0,22654
56355,1032,684.00,326.00,0,22663
56481,1035,685.00,308.00,0,22672
56608,1037,679.00,308.00,0,22681
56737,1040,617.00,309.00,0,22689
56863,1043,671.00,325.00,0,22699
56989,1045,705.00,308.00,0,22708
57114,1047,731.00,325.00,0,22716
57241,1049,534.00,308.00,0,22725
57367,1051,648.00,324.00,0,22734
57493,1053,676.00,307.00,0,22743
57619,1055,719.00,308.00,0,22752
57747,1057,697.00,325.00,0,22760
57873,1060,644.00,341.00,0,22769
57999,1062,691.00,325.00,0,22778
58126,1063,733.00,308.00,0,22787
58252,1066,650.00,320.00,0,22796
58379,1068,611.00,325.00,0,22805
58505,1071,687.00,326.00,0,22813
58631,1074,719.00,308.00,0,22822
58759,1077,721.00,308.00,0,22832
58886,1079,604.00,310.00,0,22840
59011,1080,690.00,325.00,0,22849
59137,1081,745.00,308.00,0,22857
59263,1083,659.00,308.00,0,22866
59389,1085,630.00,308.00,0,22876
59515,1087,665.00,308.00,0,22884
59643,1091,762.00,325.00,0,22893
59771,1093,755.00,325.00,0,22902
59896,1095,579.00,323.00,0,22910
60022,1097,652.00,308.00,0,22920
60149,1099,756.00,325.00,0,22928
60275,1101,672.00,325.00,0,22937
60402,1104,567.00,325.00,0,22946
60528,1107,626.00,309.00,0,22955
60655,1109,759.00,325.00,0,22964
60783,1111,744.00,324.00,0,22973
60909,1113,567.00,325.00,0,22981
61034,1115,648.00,325.00,0,22990
61161,1116,753.00,325.00,0,23000
61287,1117,698.00,325.00,0,23008
61413,1120,566.00,325.00,0,23017
61538,1123,604.00,326.00,0,23025
61667,1126,766.00,325.00,0,23034
61794,1129,752.00,325.00,0,23044
61919,1131,591.00,308.00,0,23052
62045,1133,612.00,308.00,0,23061
62172,1135,732.00,326.00,0,23070
62299,1137,712.00,325.00,0,23078
62425,1139,614.00,325.00,0,23088
62551,1142,555.00,324.00,0,23096
62679,1144,753.00,308.00,0,23105
62805,1147,773.00,325.00,0,23114
62931,1149,639.00,325.00,0,23122
63057,1150,578.00,308.00,0,23132
63184,1151,732.00,325.00,0,23141
63310,1153,725.00,342.00,0,23149
63436,1155,631.00,325.00,0,23158
63562,1158,530.00,325.00,0,23168
63690,1161,734.00,325.00,0,23176
63817,1164,756.00,325.00,0,23185
63943,1167,630.00,308.00,0,23193
64068,1169,641.00,325.00,0,23202
64195,1171,686.00,324.00,0,23212
64323,1173,721.00,325.00,0,23220
64448,1175,643.00,322.00,0,23229
64573,1177,634.00,308.00,0,23238
64701,1179,716.00,308.00,0,23246
64828,1181,733.00,308.00,0,23256
64953,1183,674.00,341.00,0,23265
65080,1185,644.00,341.00,0,23273
65207,1187,673.00,325.00,0,23282
65333,1189,713.00,308.00,0,23290
65459,1193,663.00,308.00,0,23300
65585,1195,587.00,308.00,0,23309
65713,1197,686.00,325.00,0,23317
65840,1199,706.00,325.00,0,23326
65965,1201,668.00,325.00,0,23335
66091,1203,621.00,308.00,0,23344
66218,1205,608.00,325.00,0,23353
66344,1207,689.00,325.00,0,23361
66470,1210,674.00,325.00,0,23370
66596,1213,636.00,308.00,0,23379
66724,1217,664.00,325.00,0,23388
66851,1219,701.00,342.00,0,23397
66977,1221,712.00,342.00,0,23406
67103,1222,722.00,341.00,0,23414
67230,1223,581.00,325.00,0,23424
67356,1225,665.00,325.00,0,23433
67481,1227,658.00,308.00,0,23441
67608,1229,664.00,325.00,0,23450
67737,1232,584.00,308.00,0,23458
67863,1235,654.00,308.00,0,23468
67988,1237,678.00,308.00,0,23477
68114,1241,713.00,312.00,0,23485
68241,1243,527.00,308.00,0,23494
68367,1245,652.00,325.00,0,23503
68493,1247,682.00,325.00,0,23512
68620,1249,720.00,325.00,0,23521
68747,1251,691.00,324.00,0,23529
68873,1253,629.00,324.00,0,23538
68999,1254,696.00,325.00,0,23547
69126,1256,728.00,325.00,0,23556
69253,1259,650.00,325.00,0,23565
69379,1261,618.00,324.00,0,23574
69505,1265,659.00,308.00,0,23582
69631,1267,728.00,325.00,0,23591
69759,1269,705.00,325.00,0,23601
69885,1271,567.00,324.00,0,23609
70011,1273,686.00,325.00,0,23618
70137,1275,734.00,325.00,0,23626
70263,1277,653.00,324.00,0,23635
70390,1279,566.00,334.00,0,23645
70516,1281,648.00,324.00,0,23653
70643,1285,751.00,325.00,0,23662
70771,1287,720.00,308.00,0,23671
70897,1289,583.00,325.00,0,23680
71023,1292,654.00,325.00,0,23689
71150,1294,753.00,325.00,0,23698
71277,1296,685.00,309.00,0,23706
71403,1299,550.00,308.00,0,23715
71528,1301,630.00,325.00,0,23724
71655,1303,754.00,308.00,0,23733
71783,1305,731.00,325.00,0,23742
71909,1307,553.00,325.00,0,23750
72034,1309,635.00,325.00,0,23759
72160,1311,742.00,308.00,0,23769
72287,1313,696.00,325.00,0,23777
72413,1315,581.00,341.00,0,23786
72539,1318,617.00,341.00,0,23794
72667,1321,740.00,308.00,0,23803
72794,1324,751.00,308.00,0,23813
72920,1327,585.00,308.00,0,23821
73046,1329,600.00,325.00,0,23830
73173,1330,741.00,325.00,0,23839
73299,1331,709.00,324.00,0,23847
73425,1333,572.00,308.00,0,23857
73550,1335,537.00,308.00,0,23866
73678,1337,728.00,308.00,0,23874
73805,1340,734.00,326.00,0,23883
73931,1343,592.00,308.00,0,23891
74057,1345,560.00,325.00,0,23901
74184,1349,724.00,325.00,0,23910
74311,1351,742.00,342.00,0,23918
74437,1353,640.00,325.00,0,23927
74563,1355,502.00,324.00,0,23937
74689,1357,721.00,324.00,0,23945
74817,1359,737.00,325.00,0,23954
74943,1361,625.00,326.00,0,23962
75069,1363,615.00,325.00,0,23971
75196,1365,685.00,325.00,0,23981
75323,1368,731.00,325.00,0,23989
75448,1371,642.00,308.00,0,23998
75575,1373,624.00,326.00,0,24007
75701,1376,704.00,308.00,0,24015
75828,1378,740.00,326.00,0,24025
75953,1379,648.00,308.00,0,24034
76080,1381,620.00,341.00,0,24042
76207,1383,653.00,342.00,0,24051
76333,1385,689.00,307.00,0,24059
76459,1389,667.00,325.00,0,24069
76585,1391,596.00,308.00,0,24078
76713,1395,655.00,309.00,0,24086
76840,1397,714.00,325.00,0,24095
76966,1399,670.00,308.00,0,24104
77092,1401,650.00,325.00,0,24113
77219,1403,611.00,308.00,0,24122
77346,1405,693.00,324.00,0,24131
77471,1407,674.00,308.00,0,24139
77597,1409,619.00,308.00,0,24148
77725,1412,637.00,325.00,0,24157
77851,1415,685.00,325.00,0,24166
77977,1417,669.00,325.00,0,24175
78103,1419,665.00,325.00,0,24183
78230,1421,554.00,308.00,0,24193
78356,1423,677.00,308.00,0,24202
78482,1426,673.00,309.00,0,24210
78609,1429,655.00,321.00,0,24219
78737,1431,586.00,325.00,0,24227
78863,1433,644.00,325.00,0,24237
78989,1435,679.00,308.00,0,24246
79115,1436,710.00,307.00,0,24254
79242,1438,511.00,325.00,0,24263
79368,1441,638.00,326.00,0,24272
79493,1443,662.00,325.00,0,24281
79620,1446,694.00,325.00,0,24290
79748,1449,682.00,325.00,0,24299
79875,1451,621.00,324.00,0,24307
80001,1453,692.00,325.00,0,24316
80127,1455,711.00,325.00,0,24325
80253,1457,634.00,319.00,0,24334
80379,1459,583.00,308.00,0,24343
80505,1461,647.00,325.00,0,24351
80633,1463,712.00,325.00,0,24360
80761,1467,684.00,325.00,0,24370
80887,1469,564.00,308.00,0,24378
81012,1471,660.00,309.00,0,24387
81138,1473,748.00,325.00,0,24395
81265,1475,672.00,325.00,0,24404
81391,1477,604.00,325.00,0,24414
81517,1480,636.00,325.00,0,24422
81644,1482,733.00,308.00,0,24431
81771,1485,704.00,308.00,0,24440
81897,1487,550.00,315.00,0,24449
82023,1489,642.00,308.00,0,24458
82150,1491,739.00,325.00,0,24467
82277,1493,663.00,325.00,0,24475
82403,1495,536.00,308.00,0,24484
82528,1498,609.00,325.00,0,24493
82656,1501,733.00,308.00,0,24502
82783,1503,715.00,308.00,0,24511
82909,1505,539.00,325.00,0,24519
83034,1507,624.00,325.00,0,24528
83161,1509,741.00,308.00,0,24538
83289,1511,699.00,325.00,0,24546
83414,1513,569.00,325.00,0,24555
83539,1515,595.00,327.00,0,24564
83667,1517,738.00,325.00,0,24572
83794,1520,703.00,308.00,0,24582
83919,1523,542.00,307.00,0,24590
84046,1525,576.00,308.00,0,24599
84173,1529,723.00,308.00,0,24608
84300,1531,711.00,325.00,0,24616
84426,1533,600.00,325.00,0,24626
84551,1535,532.00,308.00,0,24635
84679,1537,722.00,308.00,0,24643
84806,1539,733.00,325.00,0,24652
84931,1541,609.00,325.00,0,24660
85057,1543,563.00,325.00,0,24670
85184,1547,700.00,339.00,0,24679
85311,1549,720.00,325.00,0,24687
85437,1552,615.00,308.00,0,24696
85563,1555,499.00,308.00,0,24706
85691,1556,716.00,325.00,0,24714
85818,1557,720.00,325.00,0,24723
85942,1559,589.00,325.00,0,24732
86068,1561,616.00,308.00,0,24740
86196,1563,653.00,325.00,0,24750
86323,1567,707.00,325.00,0,24758
86448,1571,645.00,325.00,0,24767
86575,1573,614.00,325.00,0,24776
86701,1577,682.00,308.00,0,24784
86829,1578,720.00,341.00,0,24794
86954,1579,637.00,343.00,0,24803
87081,1580,603.00,325.00,0,24811
87207,1581,634.00,308.00,0,24820
87334,1583,673.00,308.00,0,24829
87459,1587,630.00,308.00,0,24838
87585,1590,587.00,308.00,0,24847
87713,1593,648.00,308.00,0,24855
87840,1597,693.00,325.00,0,24864
87966,1599,647.00,309.00,0,24873
88092,1601,615.00,313.00,0,24882
88219,1601,589.00,308.00,0,24891
88345,1603,658.00,308.00,0,24900
88471,1605,646.00,307.00,0,24908
88597,1608,602.00,308.00,0,24918
88725,1611,622.00,309.00,0,24926
88851,1615,678.00,325.00,0,24935
88977,1617,697.00,342.00,0,24944
89104,1620,667.00,308.00,0,24952
89231,1622,546.00,308.00,0,24962
89357,1623,637.00,307.00,0,24971
89483,1625,633.00,325.00,0,24979
89609,1627,626.00,325.00,0,24988
89737,1629,551.00,325.00,0,24997
89863,1631,605.00,308.00,0,25006
89989,1635,655.00,325.00,0,25015
90115,1637,699.00,325.00,0,25023
90242,1641,491.00,325.00,0,25032
90368,1643,631.00,308.00,0,25041
90494,1645,668.00,307.00,0,25050
90621,1647,671.00,309.00,0,25059
90748,1649,656.00,308.00,0,25068
90875,1651,572.00,308.00,0,25076
91000,1653,660.00,325.00,0,25085
91127,1655,709.00,308.00,0,25094
91253,1657,615.00,308.00,0,25103
91380,1661,576.00,308.00,0,25112
91506,1663,640.00,325.00,0,25120
91633,1667,691.00,308.00,0,25129
91760,1669,659.00,325.00,0,25139
91887,1671,540.00,325.00,0,25147
92012,1673,640.00,308.00,0,25156
92138,1675,696.00,308.00,0,25165
92264,1676,623.00,308.00,0,25174
92391,1678,543.00,336.00,0,25183
92516,1681,627.00,325.00,0,25191
92643,1685,717.00,341.00,0,25200
92771,1688,681.00,325.00,0,25209
92897,1691,547.00,325.00,0,25218
93023,1694,620.00,309.00,0,25227
93151,1696,723.00,308.00,0,25236
93277,1697,650.00,308.00,0,25244
93403,1699,520.00,308.00,0,25253
93528,1701,584.00,325.00,0,25263
93656,1705,713.00,308.00,0,25271
93783,1707,705.00,325.00,0,25280
93909,1711,509.00,308.00,0,25288
94035,1713,605.00,310.00,0,25297
94161,1715,722.00,308.00,0,25307
94288,1717,679.00,325.00,0,25315
94414,1719,541.00,341.00,0,25324
94540,1722,571.00,341.00,0,25333
94667,1725,716.00,308.00,0,25341
94795,1727,699.00,308.00,0,25351
94920,1731,536.00,308.00,0,25359
95046,1733,564.00,325.00,0,25368
95174,1735,723.00,325.00,0,25377
95301,1737,675.00,325.00,0,25385
95426,1739,566.00,325.00,0,25395
95551,1742,521.00,325.00,0,25404
95679,1744,705.00,308.00,0,25412
95806,1747,713.00,325.00,0,25421
95931,1749,576.00,325.00,0,25431
96057,1752,540.00,324.00,0,25439
96185,1755,690.00,325.00,0,25448
96311,1757,708.00,308.00,0,25456
96437,1760,603.00,325.00,0,25465
96563,1762,460.00,325.00,0,25475
96691,1764,676.00,326.00,0,25483
96818,1765,687.00,325.00,0,25492
96943,1767,580.00,308.00,0,25501
97069,1770,600.00,325.00,0,25509
97197,1773,657.00,326.00,0,25519
97323,1777,684.00,325.00,0,25527
97449,1779,608.00,308.00,0,25536
97575,1782,610.00,325.00,0,25545
97701,1784,659.00,308.00,0,25553
97829,1785,690.00,325.00,0,25563
97954,1787,607.00,341.00,0,25572
98081,1789,587.00,341.00,0,25580
98207,1791,606.00,325.00,0,25589
98334,1795,658.00,308.00,0,25598
98460,1798,623.00,293.00,0,25607
98586,1801,551.00,317.00,0,25616
98714,1804,622.00,308.00,0,25624
98841,1805,660.00,325.00,0,25633
98967,1807,622.00,308.00,0,25643
99093,1809,613.00,325.00,0,25651
99219,1812,563.00,308.00,0,25660
99346,1815,649.00,308.00,0,25669
99472,1817,648.00,325.00,0,25677
99597,1821,589.00,308.00,0,25687
99725,1823,607.00,325.00,0,25696
99851,1825,636.00,325.00,0,25704
99977,1827,631.00,325.00,0,25713
100104,1829,648.00,325.00,0,25722
100235,1832,512.00,325.00,0,25732
100364,1835,617.00,308.00,0,25740
100494,1838,646.00,325.00,0,25749
100625,1841,668.00,325.00,0,25758
100755,1843,625.00,325.00,0,25767
100885,1845,522.00,325.00,0,25777
101015,1847,617.00,324.00,0,25786
101146,1849,713.00,308.00,0,25795
101277,1852,635.00,308.00,0,25804
101406,1855,513.00,308.00,0,25814
101535,1857,569.00,308.00,0,25822
101667,1859,711.00,325.00,0,25831
101797,1862,680.00,309.00,0,25840
101927,1865,535.00,309.00,0,25849
102056,1867,529.00,325.00,0,25859
102187,1869,672.00,308.00,0,25868
102317,1871,672.00,308.00,0,25877
102447,1873,596.00,324.00,0,25886
102575,1876,576.00,325.00,0,25895
102707,1879,637.00,325.00,0,25904
102839,1881,655.00,325.00,0,25913
102968,1884,619.00,308.00,0,25922
103097,1887,626.00,308.00,0,25931
103229,1889,538.00,308.00,0,25940
103359,1891,625.00,309.00,0,25950
103488,1894,630.00,325.00,0,25959
103618,1896,641.00,325.00,0,25968
103749,1898,630.00,308.00,0,25976
103879,1901,523.00,325.00,0,25986
104008,1903,612.00,308.00,0,25995
104139,1905,684.00,308.00,0,26004
104269,1907,607.00,325.00,0,26013
104399,1910,491.00,325.00,0,26022
104529,1913,563.00,309.00,0,26032
104659,1915,696.00,309.00,0,26041
104791,1917,681.00,325.00,0,26050
104920,1919,525.00,325.00,0,26058
105051,1921,524.00,325.00,0,26067
105161,1923,826.00,371.00,0,26077
105175,1925,826.00,442.00,0,26086
105095,1926,826.00,475.00,0,26095
104987,1926,822.00,476.00,0,26104
104867,1926,812.00,493.00,0,26114
104740,1924,803.00,493.00,0,26123
104607,1924,784.00,493.00,0,26132
104473,1924,721.00,493.00,0,26140
104339,1923,684.00,492.00,0,26149
104207,1922,787.00,509.00,0,26159
104079,1920,796.00,509.00,0,26168
103951,1918,785.00,509.00,0,26177
103821,1917,773.00,493.00,0,26186
103690,1915,798.00,509.00,0,26195
103561,1913,791.00,509.00,0,26205
103432,1911,790.00,509.00,0,26214
103301,1908,764.00,509.00,0,26222
103169,1906,782.00,492.00,0,26231
103040,1902,803.00,493.00,0,26241
102911,1900,790.00,510.00,0,26250
102781,1897,780.00,493.00,0,26259
102651,1895,786.00,510.00,0,26268
102522,1894,789.00,493.00,0,26277
102393,1892,806.00,509.00,0,26287
102263,1890,789.00,493.00,0,26296
102133,1888,789.00,508.00,0,26304
102005,1884,803.00,493.00,0,26313
101877,1881,804.00,510.00,0,26322
101746,1878,802.00,492.00,0,26332
101616,1875,791.00,494.00,0,26341
101487,1873,790.00,476.00,0,26350
101357,1871,809.00,509.00,0,26359
101224,1869,794.00,509.00,0,26369
101094,1867,799.00,509.00,0,26378
100965,1864,799.00,492.00,0,26386
100836,1862,797.00,492.00,0,26395
100706,1858,811.00,507.00,0,26404
100576,1855,796.00,493.00,0,26414
100447,1852,801.00,493.00,0,26423
100317,1850,797.00,510.00,0,26432
100184,1848,793.00,510.00,0,26441
100055,1846,806.00,493.00,0,26450
99926,1844,794.00,509.00,0,26459
99800,1842,795.00,493.00,0,26468
99673,1838,800.00,476.00,0,26477
99548,1835,810.00,492.00,0,26485
99423,1832,810.00,493.00,0,26494
99295,1830,801.00,509.00,0,26503
99166,1828,794.00,509.00,0,26512
99041,1826,813.00,493.00,0,26521
98915,1825,797.00,509.00,0,26529
98789,1822,798.00,492.00,0,26539
98663,1819,804.00,493.00,0,26548
98538,1815,815.00,493.00,0,26556
98413,1812,819.00,509.00,0,26565
98285,1809,798.00,492.00,0,26573
98157,1807,792.00,492.00,0,26583
98030,1806,810.00,493.00,0,26592
97903,1804,800.00,493.00,0,26600
97777,1802,795.00,476.00,0,26609
97651,1798,800.00,493.00,0,26618
97525,1794,807.00,493.00,0,26627
97399,1790,822.00,509.00,0,26636
97272,1788,792.00,493.00,0,26645
97143,1786,793.00,509.00,0,26653
97017,1784,806.00,493.00,0,26662
96891,1783,797.00,509.00,0,26671
96763,1780,797.00,509.00,0,26680
96637,1778,794.00,493.00,0,26689
96514,1774,813.00,508.00,0,26697
96388,1770,823.00,493.00,0,26706
96261,1768,791.00,492.00,0,26716
96133,1766,792.00,476.00,0,26724
96007,1764,802.00,493.00,0,26733
95881,1762,806.00,493.00,0,26742
95754,1760,803.00,509.00,0,26750
95627,1756,801.00,509.00,0,26760
95503,1754,805.00,493.00,0,26768
95377,1750,826.00,509.00,0,26777
95247,1748,796.00,509.00,0,26786
95120,1745,794.00,509.00,0,26795
94995,1742,804.00,509.00,0,26804
94868,1740,799.00,493.00,0,26813
94741,1738,807.00,509.00,0,26821
94615,1735,797.00,508.00,0,26830
94490,1733,798.00,509.00,0,26839
94364,1731,815.00,509.00,0,26848
94236,1728,808.00,492.00,0,26857
94109,1726,800.00,494.00,0,26865
93983,1722,800.00,475.00,0,26874
93857,1720,803.00,509.00,0,26884
93730,1716,811.00,509.00,0,26892
93603,1714,800.00,503.00,0,26901
93478,1712,794.00,493.00,0,26910
93351,1710,808.00,509.00,0,26918
93223,1708,797.00,493.00,0,26928
93096,1706,799.00,493.00,0,26936
92971,1703,800.00,492.00,0,26945
92846,1700,801.00,509.00,0,26954
92720,1698,824.00,493.00,0,26962
92595,1695,805.00,508.00,0,26972
92470,1694,806.00,494.00,0,26981
92344,1692,812.00,509.00,0,26989
92215,1690,809.00,493.00,0,26998
92089,1687,807.00,476.00,0,27006
91963,1684,799.00,492.00,0,27016
91837,1680,808.00,510.00,0,27025
91709,1678,820.00,493.00,0,27033
91583,1676,806.00,509.00,0,27042
91457,1674,804.00,509.00,0,27052
91330,1672,807.00,509.00,0,27060
91201,1671,798.00,493.00,0,27069
91076,1669,814.00,492.00,0,27078
90952,1666,802.00,492.00,0,27086
90827,1662,804.00,492.00,0,27096
90700,1659,824.00,503.00,0,27104
90575,1656,810.00,509.00,0,27113
90449,1654,811.00,509.00,0,27122
90323,1653,804.00,509.00,0,27130
90193,1652,803.00,493.00,0,27140
90067,1650,820.00,476.00,0,27149
89941,1648,807.00,509.00,0,27157
89815,1644,802.00,509.00,0,27166
89687,1641,815.00,509.00,0,27174
89561,1638,815.00,493.00,0,27184
89436,1634,810.00,492.00,0,27193
89308,1632,797.00,509.00,0,27201
89179,1631,794.00,493.00,0,27210
89053,1630,824.00,493.00,0,27219
88928,1628,798.00,493.00,0,27228
88802,1626,802.00,492.00,0,27237
88677,1624,810.00,493.00,0,27246
88553,1620,818.00,493.00,0,27254
88429,1618,821.00,493.00,0,27264
88301,1614,810.00,509.00,0,27272
88173,1612,800.00,476.00,0,27281
88046,1610,826.00,493.00,0,27290
87919,1608,811.00,509.00,0,27298
87791,1608,802.00,509.00,0,27308
87663,1606,803.00,493.00,0,27317
87539,1603,810.00,493.00,0,27325
87413,1600,821.00,493.00,0,27334
87285,1596,803.00,509.00,0,27343
87158,1593,794.00,492.00,0,27352
87033,1590,822.00,509.00,0,27361
86907,1588,806.00,509.00,0,27369
86780,1588,798.00,493.00,0,27378
86653,1586,802.00,493.00,0,27387
86529,1586,809.00,492.00,0,27396
86404,1584,824.00,476.00,0,27405
86277,1581,802.00,476.00,0,27414
86150,1577,805.00,493.00,0,27422
86025,1573,825.00,493.00,0,27431
85897,1569,808.00,493.00,0,27440
85769,1567,803.00,492.00,0,27449
85641,1566,800.00,493.00,0,27458
85515,1564,806.00,493.00,0,27466
85388,1564,824.00,509.00,0,27475
85261,1562,799.00,509.00,0,27485
85134,1560,800.00,509.00,0,27493
85010,1556,816.00,492.00,0,27502
84885,1552,817.00,509.00,0,27511
84759,1548,812.00,492.00,0,27520
84633,1546,806.00,493.00,0,27529
84507,1546,814.00,492.00,0,27537
84382,1545,826.00,493.00,0,27546
84254,1544,810.00,509.00,0,27555
84126,1542,802.00,493.00,0,27564
84001,1540,822.00,509.00,0,27573
83875,1536,818.00,509.00,0,27582
83747,1532,816.00,509.00,0,27590
83621,1528,806.00,509.00,0,27599
83495,1525,813.00,509.00,0,27609
83367,1524,821.00,508.00,0,27617
83238,1523,798.00,509.00,0,27626
83110,1522,799.00,492.00,0,27634
82985,1521,799.00,493.00,0,27643
82859,1518,807.00,493.00,0,27653
82734,1516,821.00,493.00,0,27661
82610,1514,813.00,493.00,0,27670
82487,1510,819.00,509.00,0,27679
82363,1508,825.00,476.00,0,27687
82234,1505,818.00,475.00,0,27697
82106,1502,813.00,509.00,0,27705
81980,1500,808.00,492.00,0,27714
81851,1499,804.00,510.00,0,27723
81723,1498,825.00,492.00,0,27731
81596,1496,802.00,493.00,0,27741
81471,1494,806.00,493.00,0,27750
81345,1492,819.00,509.00,0,27758
81217,1490,813.00,493.00,0,27767
81091,1486,815.00,493.00,0,27777
80967,1483,808.00,509.00,0,27785
80840,1480,805.00,493.00,0,27794
80713,1478,826.00,493.00,0,27802
80587,1476,813.00,493.00,0,27811
80463,1475,814.00,493.00,0,27821
80335,1474,815.00,493.00,0,27829
80207,1472,814.00,509.00,0,27838
80079,1470,820.00,509.00,0,27847
79954,1466,802.00,492.00,0,27855
79827,1464,803.00,493.00,0,27865
79699,1460,824.00,509.00,0,27874
79574,1458,815.00,493.00,0,27882
79449,1456,812.00,509.00,0,27891
79321,1454,805.00,510.00,0,27899
79193,1452,803.00,506.00,0,27909
79066,1450,826.00,509.00,0,27918
78941,1448,807.00,493.00,0,27926
78815,1446,810.00,509.00,0,27935
78689,1444,824.00,493.00,0,27944
78565,1443,821.00,509.00,0,27953
78441,1441,826.00,509.00,0,27962
78315,1439,819.00,509.00,0,27970
78188,1436,816.00,492.00,0,27979
78061,1433,826.00,493.00,0,27988
77934,1430,811.00,506.00,0,27997
77805,1427,799.00,493.00,0,28006
77677,1425,808.00,493.00,0,28015
77551,1424,813.00,476.00,0,28023
77425,1422,813.00,493.00,0,28033
77297,1421,802.00,492.00,0,28042
77169,1420,801.00,509.00,0,28050
77044,1417,826.00,509.00,0,28059
76920,1414,820.00,492.00,0,28067
76794,1411,818.00,509.00,0,28077
76669,1408,823.00,509.00,0,28086
76545,1405,825.00,509.00,0,28094
76419,1403,826.00,509.00,0,28103
76292,1402,813.00,509.00,0,28112
76163,1400,802.00,492.00,0,28121
76035,1399,826.00,509.00,0,28130
75909,1397,810.00,495.00,0,28138
75782,1394,803.00,492.00,0,28147
75654,1392,803.00,492.00,0,28156
75530,1389,817.00,493.00,0,28165
75405,1386,826.00,492.00,0,28174
75275,1383,806.00,526.00,0,28183
75147,1380,800.00,509.00,0,28191
75021,1378,821.00,493.00,0,28200
74894,1376,813.00,509.00,0,28210
74767,1376,804.00,509.00,0,28218
74641,1374,805.00,509.00,0,28227
74518,1373,821.00,509.00,0,28235
74394,1372,826.00,509.00,0,28244
74267,1369,815.00,509.00,0,28254
74141,1366,812.00,493.00,0,28262
74015,1362,826.00,509.00,0,28271
73889,1359,816.00,509.00,0,28280
73760,1356,808.00,509.00,0,28289
73631,1353,800.00,476.00,0,28298
73506,1352,807.00,475.00,0,28306
73379,1351,825.00,509.00,0,28315
73249,1350,797.00,493.00,0,28324
73121,1349,798.00,492.00,0,28333
72997,1346,820.00,493.00,0,28342
72873,1344,821.00,509.00,0,28351
72748,1341,823.00,493.00,0,28359
72623,1338,820.00,493.00,0,28368
72501,1336,826.00,493.00,0,28378
72375,1333,826.00,492.00,0,28386
72247,1331,816.00,493.00,0,28395
72118,1330,812.00,509.00,0,28403
71991,1328,813.00,492.00,0,28412
71863,1326,806.00,493.00,0,28422
71735,1324,814.00,476.00,0,28430
71607,1322,808.00,493.00,0,28439
71483,1320,819.00,509.00,0,28448
71357,1318,825.00,508.00,0,28456
71229,1316,820.00,509.00,0,28466
71103,1313,812.00,509.00,0,28475
70977,1310,812.00,492.00,0,28483
70852,1307,814.00,493.00,0,28492
70725,1304,826.00,493.00,0,28500
70599,1302,816.00,492.00,0,28510
70475,1302,820.00,509.00,0,28519
70349,1300,825.00,508.00,0,28527
70220,1298,816.00,509.00,0,28536
70093,1296,822.00,509.00,0,28546
69967,1294,809.00,492.00,0,28554
69840,1290,808.00,492.00,0,28563
69712,1287,826.00,509.00,0,28571
69585,1285,812.00,493.00,0,28580
69461,1283,816.00,493.00,0,28590
69334,1282,814.00,509.00,0,28598
69205,1280,808.00,493.00,0,28607
69078,1278,820.00,510.00,0,28616
68953,1276,810.00,493.00,0,28624
68827,1272,808.00,493.00,0,28634
68701,1270,827.00,507.00,0,28643
68576,1268,817.00,492.00,0,28651
68453,1267,825.00,509.00,0,28660
68327,1266,823.00,493.00,0,28668
68199,1264,820.00,493.00,0,28678
68073,1262,826.00,509.00,0,28687
67947,1260,817.00,510.00,0,28695
67821,1258,811.00,509.00,0,28704
67693,1254,826.00,509.00,0,28713
67567,1252,823.00,493.00,0,28722
67442,1250,820.00,498.00,0,28731
67313,1248,818.00,509.00,0,28740
67184,1246,806.00,509.00,0,28748
67057,1244,826.00,493.00,0,28758
66931,1242,811.00,509.00,0,28766
66805,1240,805.00,492.00,0,28775
66679,1239,825.00,509.00,0,28784
66555,1237,826.00,493.00,0,28792
66432,1235,826.00,509.00,0,28802
66305,1233,822.00,509.00,0,28811
66179,1230,818.00,509.00,0,28819
66052,1226,826.00,493.00,0,28828
65925,1222,816.00,493.00,0,28836
65795,1220,810.00,494.00,0,28846
65667,1218,811.00,493.00,0,28855
65541,1217,818.00,493.00,0,28863
65414,1216,822.00,493.00,0,28872
65285,1215,804.00,509.00,0,28881
65159,1213,804.00,509.00,0,28890
65033,1210,826.00,493.00,0,28899
64909,1206,818.00,493.00,0,28908
64783,1202,812.00,507.00,0,28916
64657,1199,814.00,493.00,0,28925
64533,1198,825.00,492.00,0,28934
64407,1197,827.00,492.00,0,28943
64281,1197,816.00,509.00,0,28952
64152,1196,814.00,493.00,0,28960
64027,1194,825.00,492.00,0,28969
63900,1191,821.00,493.00,0,28979
63773,1188,815.00,493.00,0,28987
63647,1184,817.00,492.00,0,28996
63522,1182,826.00,493.00,0,29005
63395,1180,825.00,492.00,0,29014
63267,1178,813.00,510.00,0,29023
63137,1176,804.00,502.00,0,29031
63011,1174,821.00,509.00,0,29040
62885,1172,815.00,509.00,0,29049
62758,1170,815.00,476.00,0,29058
62633,1168,814.00,493.00,0,29067
62510,1166,822.00,509.00,0,29076
62385,1166,826.00,493.00,0,29084
62259,1164,817.00,493.00,0,29093
62131,1162,812.00,476.00,0,29102
62007,1160,825.00,475.00,0,29111
61879,1157,826.00,493.00,0,29120
61753,1154,824.00,508.00,0,29128
61625,1150,816.00,509.00,0,29137
61500,1148,824.00,493.00,0,29147
61373,1146,825.00,493.00,0,29155
61243,1144,805.00,493.00,0,29164
61113,1142,805.00,510.00,0,29173
60987,1141,806.00,492.00,0,29181
60860,1138,807.00,493.00,0,29191
60733,1136,824.00,493.00,0,29199
60609,1134,821.00,492.00,0,29208
60487,1132,819.00,475.00,0,29217
60362,1130,827.00,475.00,0,29225
60234,1128,824.00,498.00,0,29235
60107,1126,821.00,494.00,0,29244
59981,1123,818.00,508.00,0,29252
59853,1120,812.00,495.00,0,29261
59725,1118,825.00,493.00,0,29270
59599,1116,811.00,493.00,0,29279
59473,1115,814.00,492.00,0,29288
59347,1114,826.00,511.00,0,29296
59219,1112,815.00,493.00,0,29305
59091,1110,820.00,493.00,0,29315
58967,1107,804.00,493.00,0,29323
58841,1104,815.00,493.00,0,29332
58715,1102,826.00,476.00,0,29341
58590,1100,823.00,475.00,0,29349
58467,1100,824.00,493.00,0,29359
58342,1098,826.00,493.00,0,29367
58214,1096,820.00,493.00,0,29376
58087,1094,826.00,509.00,0,29385
57961,1091,819.00,509.00,0,29393
57833,1088,815.00,510.00,0,29403
57705,1084,826.00,493.00,0,29412
57577,1082,820.00,493.00,0,29420
57452,1082,816.00,493.00,0,29429
57325,1081,814.00,492.00,0,29438
57196,1080,811.00,492.00,0,29447
57069,1078,826.00,475.00,0,29456
56944,1076,809.00,493.00,0,29464
56818,1072,810.00,492.00,0,29473
56692,1069,826.00,493.00,0,29483
56567,1066,825.00,492.00,0,29491
56445,1064,826.00,476.00,0,29500
56317,1062,820.00,476.00,0,29509
56189,1060,819.00,509.00,0,29517
56061,1059,826.00,493.00,0,29527
55933,1058,810.00,493.00,0,29535
55805,1056,807.00,509.00,0,29544
55679,1054,821.00,492.00,0,29553
55553,1051,826.00,493.00,0,29561
55429,1049,827.00,493.00,0,29571
55303,1047,819.00,509.00,0,29580
55175,1044,808.00,493.00,0,29588
55047,1042,826.00,493.00,0,29597
54921,1038,815.00,492.00,0,29606
54793,1036,812.00,509.00,0,29615
54667,1034,818.00,493.00,0,29624
54543,1032,825.00,492.00,0,29632
54419,1031,826.00,492.00,0,29641
54291,1030,820.00,509.00,0,29650
54164,1028,814.00,493.00,0,29659
54037,1026,826.00,493.00,0,29668
53912,1024,818.00,509.00,0,29677
53785,1020,819.00,509.00,0,29685
53659,1018,821.00,498.00,0,29694
53534,1015,825.00,509.00,0,29703
53408,1014,826.00,509.00,0,29712
53280,1012,811.00,509.00,0,29721
53151,1010,807.00,509.00,0,29729
53023,1007,826.00,492.00,0,29739
52895,1004,815.00,509.00,0,29748
52771,1002,813.00,509.00,0,29756
52645,1000,811.00,509.00,0,29765
52521,998,824.00,509.00,0,29773
52401,998,826.00,493.00,0,29783
52279,996,819.00,475.00,0,29791
52155,995,813.00,494.00,0,29799
52033,992,826.00,493.00,0,29808
51910,990,822.00,509.00,0,29816
51787,986,817.00,509.00,0,29826
51664,983,820.00,509.00,0,29834
51543,981,826.00,493.00,0,29842
51421,980,826.00,509.00,0,29851
51296,978,817.00,510.00,0,29859
51170,977,804.00,493.00,0,29868
51047,975,825.00,509.00,0,29877
50923,972,813.00,493.00,0,29885
50800,970,806.00,493.00,0,29894
50679,968,819.00,493.00,0,29902
50558,966,824.00,492.00,0,29911
50439,965,826.00,493.00,0,29920
50317,964,824.00,509.00,0,29928
50194,962,822.00,493.00,0,29936
50071,960,825.00,475.00,0,29945
49950,958,819.00,493.00,0,29954
49826,955,822.00,509.00,0,29963
49703,952,826.00,492.00,0,29971
49581,950,824.00,493.00,0,29979
49459,948,824.00,509.00,0,29988
49335,947,826.00,509.00,0,29997
49209,946,818.00,510.00,0,30006
49085,944,823.00,509.00,0,30014
48961,942,814.00,509.00,0,30022
48838,940,813.00,509.00,0,30031
48715,936,826.00,509.00,0,30040
48594,935,819.00,492.00,0,30048
48475,934,825.00,493.00,0,30057
48354,932,826.00,493.00,0,30065
48231,932,826.00,509.00,0,30074
48108,930,826.00,509.00,0,30083
47987,927,825.00,493.00,0,30091
47863,924,821.00,476.00,0,30100
47740,920,825.00,492.00,0,30108
47617,917,821.00,509.00,0,30116
47495,914,821.00,492.00,0,30126
47372,913,826.00,509.00,0,30134
47246,912,809.00,492.00,0,30143
47119,911,802.00,493.00,0,30151
46996,910,811.00,509.00,0,30159
46873,908,814.00,509.00,0,30169
46749,905,823.00,509.00,0,30177
46628,903,818.00,509.00,0,30185
46510,901,824.00,478.00,0,30194
46390,899,826.00,510.00,0,30202
46268,898,825.00,504.00,0,30212
46144,895,820.00,493.00,0,30220
46021,892,826.00,501.00,0,30228
45897,889,820.00,503.00,0,30237
45773,886,814.00,509.00,0,30245
45649,884,816.00,498.00,0,30255
45528,882,823.00,508.00,0,30263
45405,881,826.00,493.00,0,30271
45281,880,809.00,509.00,0,30280
45155,880,803.00,493.00,0,30288
45033,878,826.00,496.00,0,30297
44910,874,813.00,509.00,0,30306
44787,872,811.00,509.00,0,30314
44666,869,820.00,496.00,0,30323
44547,867,826.00,492.00,0,30331
44429,866,826.00,492.00,0,30340
44305,864,822.00,493.00,0,30349
44181,862,823.00,493.00,0,30357
44058,860,827.00,493.00,0,30365
43935,858,820.00,509.00,0,30374
43810,854,810.00,495.00,0,30383
43686,852,824.00,509.00,0,30392
43564,850,821.00,492.00,0,30400
43443,848,823.00,492.00,0,30408
43318,847,818.00,493.00,0,30417
43192,846,807.00,509.00,0,30426
43068,844,826.00,509.00,0,30434
42945,841,802.00,476.00,0,30443
42822,838,805.00,492.00,0,30451
42701,835,827.00,509.00,0,30460
42579,832,821.00,492.00,0,30469
42461,831,826.00,492.00,0,30477
42340,830,826.00,493.00,0,30486
42216,828,821.00,493.00,0,30494
42093,827,826.00,493.00,0,30503
41969,824,818.00,509.00,0,30512
41846,822,815.00,493.00,0,30520
41722,819,826.00,493.00,0,30529
41599,817,822.00,493.00,0,30537
41479,815,826.00,493.00,0,30545
41357,814,826.00,509.00,0,30555
41231,813,825.00,511.00,0,30563
41107,812,814.00,492.00,0,30572
40984,810,818.00,492.00,0,30580
40861,806,815.00,493.00,0,30588
40738,804,826.00,492.00,0,30598
40618,801,819.00,493.00,0,30606
40499,799,826.00,493.00,0,30614
40379,798,826.00,509.00,0,30623
40255,797,825.00,509.00,0,30631
40131,796,825.00,509.00,0,30641
40007,794,825.00,492.00,0,30649
39883,791,822.00,476.00,0,30657
39759,788,824.00,509.00,0,30666
39637,784,815.00,493.00,0,30674
39515,782,825.00,509.00,0,30683
39394,781,826.00,509.00,0,30692
39269,780,813.00,510.00,0,30700
39143,779,804.00,509.00,0,30709
39020,777,823.00,493.00,0,30717
38896,774,816.00,492.00,0,30726
38773,772,817.00,509.00,0,30735
38651,768,822.00,510.00,0,30743
38533,766,826.00,493.00,0,30751
38413,765,826.00,493.00,0,30760
38292,764,825.00,492.00,0,30769
38167,762,822.00,509.00,0,30778
38045,760,825.00,509.00,0,30786
37920,757,823.00,493.00,0,30794
37795,754,817.00,509.00,0,30803
37671,751,822.00,508.00,0,30812
37551,749,826.00,493.00,0,30821
37430,748,825.00,509.00,0,30829
37305,746,814.00,509.00,0,30837
37180,746,805.00,493.00,0,30846
37055,744,826.00,493.00,0,30855
36933,742,814.00,509.00,0,30863
36810,738,813.00,509.00,0,30872
36688,735,826.00,492.00,0,30880
36569,732,826.00,509.00,0,30889
36451,730,826.00,509.00,0,30898
36329,729,826.00,493.00,0,30906
36205,728,826.00,509.00,0,30915
36081,726,826.00,493.00,0,30923
35957,724,815.00,493.00,0,30931
35832,721,815.00,509.00,0,30941
35708,718,825.00,509.00,0,30949
35586,716,825.00,509.00,0,30958
35466,714,823.00,492.00,0,30966
35343,712,824.00,493.00,0,30974
35217,710,817.00,493.00,0,30984
35091,708,809.00,492.00,0,30992
34967,706,804.00,493.00,0,31000
34845,704,809.00,509.00,0,31009
34722,701,827.00,492.00,0,31017
34602,698,821.00,493.00,0,31027
34483,697,825.00,509.00,0,31035
34365,696,826.00,493.00,0,31043
34242,695,827.00,492.00,0,31052
34118,693,822.00,493.00,0,31060
33995,691,826.00,509.00,0,31070
33871,688,822.00,508.00,0,31078
33747,684,826.00,509.00,0,31086
33624,681,819.00,493.00,0,31095
33504,678,825.00,509.00,0,31104
33381,677,826.00,509.00,0,31112
33256,676,816.00,509.00,0,31121
33129,675,803.00,509.00,0,31129
33004,673,813.00,509.00,0,31138
32879,670,786.00,492.00,0,31147
32757,668,819.00,509.00,0,31155
32637,665,818.00,508.00,0,31164
32519,663,825.00,493.00,0,31172
32401,662,826.00,493.00,0,31180
32279,660,826.00,493.00,0,31190
32155,660,823.00,494.00,0,31198
32033,658,826.00,509.00,0,31207
31908,654,818.00,493.00,0,31215
31784,652,814.00,493.00,0,31223
31661,648,821.00,493.00,0,31233
31540,646,826.00,493.00,0,31241
31419,644,826.00,509.00,0,31249
31295,644,822.00,509.00,0,31258
31167,642,807.00,509.00,0,31266
31042,640,826.00,493.00,0,31276
30917,638,811.00,509.00,0,31284
30794,635,811.00,509.00,0,31292
30672,632,820.00,493.00,0,31301
30554,630,825.00,493.00,0,31309
30437,629,826.00,492.00,0,31318
30316,628,825.00,492.00,0,31327
30193,628,824.00,495.00,0,31335
30069,626,826.00,493.00,0,31344
29947,624,819.00,494.00,0,31352
29823,620,820.00,476.00,0,31361
29700,618,826.00,501.00,0,31370
29579,615,826.00,493.00,0,31378
29459,613,826.00,508.00,0,31387
29337,612,825.00,508.00,0,31395
29209,610,824.00,508.00,0,31404
29083,608,824.00,493.00,0,31413
28957,605,807.00,509.00,0,31421
28831,602,804.00,509.00,0,31429
28708,598,825.00,509.00,0,31438
28587,596,821.00,492.00,0,31447
28471,594,827.00,492.00,0,31456
28350,593,826.00,509.00,0,31464
28225,592,826.00,493.00,0,31472
28101,592,823.00,508.00,0,31481
27979,590,818.00,492.00,0,31490
27855,588,819.00,494.00,0,31498
27732,584,826.00,501.00,0,31507
27611,582,825.00,492.00,0,31515
27493,580,826.00,493.00,0,31524
27373,578,825.00,492.00,0,31533
27248,576,822.00,509.00,0,31541
27121,574,813.00,509.00,0,31550
26995,571,810.00,493.00,0,31558
26869,568,808.00,492.00,0,31566
26743,564,816.00,492.00,0,31576
26622,562,814.00,509.00,0,31584
26505,560,826.00,493.00,0,31593
26385,559,826.00,492.00,0,31601
26263,558,820.00,493.00,0,31609
26139,558,814.00,509.00,0,31619
26013,556,826.00,509.00,0,31627
25889,554,822.00,509.00,0,31636
25767,552,823.00,493.00,0,31644
25646,548,824.00,492.00,0,31652
25529,546,826.00,493.00,0,31662
25410,545,825.00,491.00,0,31670
25287,544,827.00,509.00,0,31678
25161,542,817.00,509.00,0,31687
25035,540,826.00,509.00,0,31695
24908,536,811.00,509.00,0,31705
24783,532,805.00,509.00,0,31713
24659,529,818.00,509.00,0,31721
24541,526,826.00,510.00,0,31730
24423,525,826.00,493.00,0,31738
24301,524,825.00,493.00,0,31747
24176,524,816.00,492.00,0,31756
24052,522,826.00,493.00,0,31764
23927,520,811.00,509.00,0,31773
23803,518,811.00,508.00,0,31781
23681,514,826.00,492.00,0,31790
23562,512,826.00,486.00,0,31799
23445,510,826.00,492.00,0,31807
23323,510,826.00,509.00,0,31815
23197,508,815.00,493.00,0,31824
23070,506,822.00,476.00,0,31833
22943,503,807.00,510.00,0,31842
22818,500,806.00,509.00,0,31850
22695,496,826.00,476.00,0,31858
22576,494,826.00,493.00,0,31867
22459,492,826.00,493.00,0,31876
22341,492,826.00,476.00,0,31885
22217,490,825.00,475.00,0,31893
22093,490,826.00,493.00,0,31901
21969,488,821.00,509.00,0,31910
21844,485,818.00,493.00,0,31919
21721,482,825.00,509.00,0,31927
21601,480,826.00,492.00,0,31936
21485,478,826.00,493.00,0,31944
21366,476,826.00,509.00,0,31953
21240,474,825.00,491.00,0,31962
21111,472,814.00,493.00,0,31970
20983,470,809.00,509.00,0,31979
20855,467,804.00,509.00,0,31987
20729,464,826.00,509.00,0,31995
20609,461,823.00,493.00,0,32005
20493,459,826.00,493.00,0,32013
20375,458,826.00,493.00,0,32022
20253,457,825.00,492.00,0,32030
20129,456,821.00,509.00,0,32038
20005,455,825.00,509.00,0,32048
19880,453,826.00,493.00,0,32056
19757,451,826.00,476.00,0,32064
19639,448,825.00,509.00,0,32073
19524,446,826.00,493.00,0,32081
19407,445,826.00,492.00,0,32091
19285,444,825.00,509.00,0,32099
19157,442,822.00,493.00,0,32107
19029,439,826.00,509.00,0,32116
18899,436,814.00,509.00,0,32124
18771,432,812.00,510.00,0,32133
18647,428,822.00,509.00,0,32142
18530,425,826.00,476.00,0,32150
18412,423,826.00,493.00,0,32159
18291,422,826.00,493.00,0,32167
18165,421,820.00,509.00,0,32176
18039,420,826.00,509.00,0,32185
17913,418,817.00,493.00,0,32193
17789,417,818.00,509.00,0,32202
17671,416,825.00,509.00,0,32210
17556,414,826.00,476.00,0,32219
17443,413,826.00,508.00,0,32228
17323,412,826.00,493.00,0,32236
17197,410,826.00,493.00,0,32244
17069,407,826.00,493.00,0,32253
16939,404,815.00,509.00,0,32262
16811,399,814.00,509.00,0,32271
16685,395,826.00,492.00,0,32279
16567,392,826.00,492.00,0,32287
16451,389,826.00,493.00,0,32296
16332,388,826.00,492.00,0,32305
16207,387,827.00,493.00,0,32313
16081,386,826.00,509.00,0,32322
15953,386,816.00,509.00,0,32330
15829,384,818.00,493.00,0,32339
15709,382,825.00,492.00,0,32348
15594,381,826.00,476.00,0,32356
15481,380,826.00,493.00,0,32365
15363,378,826.00,476.00,0,32373
15237,377,826.00,509.00,0,32381
15107,374,825.00,508.00,0,32391
14975,371,808.00,509.00,0,32399
14843,366,795.00,493.00,0,32408
14717,362,826.00,493.00,0,32416
14599,358,826.00,507.00,0,32424
14484,355,826.00,492.00,0,32434
14368,353,826.00,492.00,0,32442
14246,352,826.00,493.00,0,32451
14120,352,826.00,509.00,0,32459
13995,350,824.00,509.00,0,32467
13869,350,826.00,507.00,0,32477
13749,348,825.00,509.00,0,32485
13635,348,825.00,476.00,0,32493
13523,346,826.00,492.00,0,32502
13401,346,826.00,493.00,0,32510
13273,344,826.00,510.00,0,32520
13139,342,805.00,509.00,0,32528
13003,338,795.00,510.00,0,32536
12871,334,787.00,509.00,0,32545
12743,329,802.00,509.00,0,32553
12625,324,821.00,493.00,0,32562
12513,320,826.00,509.00,0,32571
12403,318,827.00,493.00,0,32579
12286,316,826.00,509.00,0,32588
12163,316,825.00,509.00,0,32596
12039,315,826.00,493.00,0,32605
11915,314,826.00,493.00,0,32614
11795,314,826.00,509.00,0,32622
11680,313,826.00,493.00,0,32630
11565,312,826.00,493.00,0,32640
11441,312,826.00,493.00,0,32648
11311,310,827.00,526.00,0,32657
11173,309,786.00,491.00,0,32665
11034,306,773.00,510.00,0,32673
10901,302,772.00,509.00,0,32683
10778,296,794.00,475.00,0,32691
10663,292,826.00,494.00,0,32699
10555,287,826.00,475.00,0,32708
10448,284,826.00,493.00,0,32716
10328,282,826.00,509.00,0,32726
10201,281,826.00,509.00,0,32734
10073,280,826.00,509.00,0,32742
9945,280,820.00,492.00,0,32751
9825,280,825.00,508.00,0,32759
9714,280,826.00,479.00,0,32768
9607,280,826.00,492.00,0,32776
9493,279,826.00,509.00,0,32784
9369,278,826.00,509.00,0,32792
9237,278,824.00,510.00,0,32800
9103,275,753.00,526.00,0,32808
8971,272,632.00,509.00,0,32818
8847,268,790.00,509.00,0,32826
8733,262,826.00,509.00,0,32834
8627,258,826.00,492.00,0,32842
8526,254,826.00,487.00,0,32850
8413,250,827.00,492.00,0,32859
8293,248,826.00,509.00,0,32867
8166,247,824.00,509.00,0,32875
8039,246,826.00,510.00,0,32884
7915,246,815.00,509.00,0,32892
7799,246,826.00,492.00,0,32901
7694,245,826.00,492.00,0,32909
7587,245,826.00,493.00,0,32917
7469,245,825.00,492.00,0,32925
7343,244,826.00,509.00,0,32933
7209,244,803.00,509.00,0,32942
7074,242,718.00,509.00,0,32951
6945,238,661.00,475.00,0,32959
6826,233,795.00,492.00,0,32967
6715,228,826.00,481.00,0,32975
6617,223,826.00,493.00,0,32984
6513,218,826.00,493.00,0,32992
6391,215,826.00,509.00,0,33000
6266,212,826.00,509.00,0,33008
6135,211,796.00,509.00,0,33017
6007,210,799.00,492.00,0,33026
5887,210,821.00,492.00,0,33034
5777,210,826.00,494.00,0,33042
5677,210,826.00,459.00,0,33050
5565,210,826.00,493.00,0,33058
5443,211,826.00,493.00,0,33067
5316,211,826.00,526.00,0,33075
5181,211,773.00,509.00,0,33084
5047,210,774.00,508.00,0,33092
4921,207,786.00,493.00,0,33100
4805,203,818.00,491.00,0,33108
4701,198,826.00,475.00,0,33117
4603,193,825.00,491.00,0,33125
4491,189,826.00,510.00,0,33133
4369,185,826.00,509.00,0,33141
4242,182,825.00,493.00,0,33150
4113,180,808.00,509.00,0,33159
3990,179,822.00,509.00,0,33167
3876,179,826.00,493.00,0,33175
3775,178,826.00,476.00,0,33183
3665,178,826.00,509.00,0,33191
3545,179,826.00,509.00,0,33200
3421,180,826.00,492.00,0,33208
3292,180,819.00,509.00,0,33217
3155,180,696.00,510.00,0,33225
3023,178,759.00,509.00,0,33233
2901,176,797.00,509.00,0,33242
2788,172,826.00,493.00,0,33250
2687,167,826.00,493.00,0,33258
2586,162,826.00,475.00,0,33266
2471,158,826.00,509.00,0,33274
2349,153,826.00,509.00,0,33284
2221,149,825.00,509.00,0,33292
2095,146,823.00,493.00,0,33300
1974,144,826.00,493.00,0,33308
1867,142,826.00,493.00,0,33316
1763,142,826.00,476.00,0,33325
1646,141,826.00,509.00,0,33333
1525,141,826.00,509.00,0,33341
1401,141,826.00,492.00,0,33350
1265,143,794.00,509.00,0,33358
1125,143,517.00,525.00,0,33367
998,143,748.00,510.00,0,33375
883,143,815.00,509.00,0,33383
779,141,825.00,475.00,0,33390
685,137,826.00,474.00,0,33398
581,134,826.00,493.00,0,33406
467,131,827.00,493.00,0,33415
349,127,826.00,494.00,0,33423
227,125,826.00,511.00,0,33431
101,121,809.00,510.00,0,33439
-21,119,815.00,493.00,0,33446
-118,117,0.00,458.00,0,33455
-133,114,0.00,375.00,0,33463
-72,112,686.00,342.00,0,33471
15,111,817.00,325.00,0,33478
97,109,574.00,342.00,0,33486
183,108,297.00,340.00,0,33495
287,107,534.00,325.00,0,33503
399,107,601.00,309.00,0,33510
513,107,795.00,325.00,0,33518
629,107,810.00,307.00,0,33526
755,107,826.00,308.00,0,33534
885,107,826.00,308.00,0,33543
1005,107,825.00,325.00,0,33551
1114,108,800.00,325.00,0,33559
1211,109,58.00,325.00,0,33567
1319,110,355.00,309.00,0,33575
1439,111,628.00,340.00,0,33584
1559,114,676.00,325.00,0,33592
1684,117,819.00,308.00,0,33601
1821,119,825.00,308.00,0,33609
1959,121,825.00,341.00,0,33617
2081,123,825.00,325.00,0,33626
2188,123,804.00,342.00,0,33634
2287,123,349.00,341.00,0,33642
2398,123,499.00,325.00,0,33650
2517,122,792.00,308.00,0,33658
2639,121,810.00,308.00,0,33668
2767,119,824.00,308.00,0,33676
2894,117,809.00,310.00,0,33684
3011,116,814.00,325.00,0,33692
3116,115,445.00,341.00,0,33700
3223,114,160.00,308.00,0,33709
3341,114,512.00,325.00,0,33717
3460,114,641.00,338.00,0,33725
3579,117,734.00,308.00,0,33734
3708,120,818.00,325.00,0,33742
3843,123,822.00,308.00,0,33751
3976,126,825.00,309.00,0,33759
4099,130,826.00,325.00,0,33767
4206,132,825.00,341.00,0,33775
4297,134,826.00,341.00,0,33783
4374,136,825.00,375.00,0,33792
4441,137,825.00,375.00,0,33801
4501,138,825.00,358.00,0,33809
4559,138,825.00,375.00,0,33817
4619,138,825.00,358.00,0,33825
4683,138,825.00,358.00,0,33833
4752,138,825.00,341.00,0,33842
4821,136,825.00,358.00,0,33850
4887,134,825.00,358.00,0,33858
4944,133,825.00,358.00,0,33867
4987,132,826.00,375.00,0,33875
5015,131,825.00,392.00,0,33884
5024,130,825.00,409.00,0,33892
5017,130,825.00,425.00,0,33900
4995,130,825.00,425.00,0,33908
4961,130,826.00,442.00,0,33916
4920,130,825.00,442.00,0,33925
4878,130,826.00,442.00,0,33934
4838,130,825.00,425.00,0,33942
4804,130,825.00,425.00,0,33950
4778,130,826.00,425.00,0,33958
4762,130,825.00,425.00,0,33967
4756,130,825.00,425.00,0,33975
4759,129,826.00,409.00,0,33983
4771,128,826.00,391.00,0,33991
4790,128,826.00,392.00,0,34000
4815,128,825.00,391.00,0,34009
4843,128,825.00,375.00,0,34017
4870,128,825.00,391.00,0,34025
4894,128,826.00,391.00,0,34033
4914,128,826.00,391.00,0,34041
4926,128,826.00,409.00,0,34050
4929,128,826.00,408.00,0,34058
4925,128,825.00,409.00,0,34067
4913,128,825.00,408.00,0,34075
4897,128,825.00,425.00,0,34083
4878,128,826.00,425.00,0,34092
4860,128,826.00,425.00,0,34100
4844,127,826.00,408.00,0,34108
4831,127,825.00,408.00,0,34116
4825,127,825.00,409.00,0,34124
4823,127,825.00,408.00,0,34134
4826,127,825.00,408.00,0,34142
4834,127,825.00,391.00,0,34150
4846,127,825.00,391.00,0,34158
4858,127,826.00,409.00,0,34166
4872,127,826.00,408.00,0,34174
4882,127,825.00,409.00,0,34183
4890,127,826.00,409.00,0,34191
4893,127,826.00,409.00,0,34200
4894,127,825.00,409.00,0,34208
4890,127,825.00,409.00,0,34216
4884,126,825.00,409.00,0,34225
4874,126,826.00,408.00,0,34233
4866,126,825.00,409.00,0,34241
4858,125,825.00,425.00,0,34249
4852,125,826.00,409.00,0,34257
4850,125,826.00,408.00,0,34267
4850,125,825.00,408.00,0,34275
4852,125,826.00,409.00,0,34283
4856,125,825.00,391.00,0,34291
4862,125,826.00,408.00,0,34299
4868,125,826.00,408.00,0,34308
4873,125,826.00,391.00,0,34316
4876,125,826.00,409.00,0,34324
4878,125,825.00,408.00,0,34333
4878,125,825.00,408.00,0,34341
4876,125,825.00,409.00,0,34350
4874,125,825.00,425.00,0,34358
4870,125,826.00,409.00,0,34366
4867,124,825.00,408.00,0,34374
4864,124,826.00,409.00,0,34382
4862,124,825.00,409.00,0,34391
4862,124,826.00,408.00,0,34400
4862,124,825.00,408.00,0,34408
4864,124,825.00,408.00,0,34416
4866,124,826.00,408.00,0,34424
4868,124,825.00,409.00,0,34433
4869,124,826.00,409.00,0,34441
4870,124,825.00,409.00,0,34449
4870,124,826.00,408.00,0,34457
4870,124,825.00,409.00,0,34466
4869,124,825.00,408.00,0,34475
4868,124,825.00,409.00,0,34483
4868,124,826.00,409.00,0,34491
4867,124,826.00,408.00,0,34499
4866,124,826.00,409.00,0,34507
4866,124,825.00,409.00,0,34515
4866,124,826.00,409.00,0,34524
4866,124,826.00,409.00,0,34533
4866,124,825.00,408.00,0,34541
4867,124,825.00,409.00,0,34549
4867,124,825.00,409.00,0,34557
4867,124,826.00,409.00,0,34566
4867,124,825.00,409.00,0,34574
4867,124,826.00,409.00,0,34582
4867,124,826.00,409.00,0,34590
4867,124,825.00,408.00,0,34599
4867,124,825.00,408.00,0,34608
4867,124,825.00,408.00,0,34616
4867,124,825.00,409.00,0,34624
4867,124,826.00,409.00,0,34632
4867,124,825.00,408.00,0,34640
4867,124,826.00,409.00,0,34649
4867,124,826.00,409.00,0,34657
4867,124,826.00,408.00,0,34666
4867,124,825.00,408.00,0,34674
4867,124,825.00,409.00,0,34682
4867,124,825.00,409.00,0,34691
4867,124,825.00,409.00,0,34699
4867,124,825.00,409.00,0,34707
4867,124,826.00,409.00,0,34715
4867,124,826.00,409.00,0,34723
4867,124,826.00,409.00,0,34733
4867,124,825.00,408.00,0,34741
4867,124,825.00,409.00,0,34749
4867,124,826.00,409.00,0,34757
4867,124,825.00,409.00,0,34765
4867,124,825.00,409.00,0,34774
4867,124,826.00,409.00,0,34782
4867,124,825.00,409.00,0,34790
4867,124,826.00,409.00,0,34799
4867,124,825.00,408.00,0,34807
4867,124,825.00,408.00,0,34816
4867,124,825.00,409.00,0,34824
4867,124,825.00,408.00,0,34832
4867,124,826.00,409.00,0,34840
4867,124,825.00,408.00,0,34848
4867,124,826.00,409.00,0,34856
4867,124,826.00,408.00,0,34866
4867,124,825.00,408.00,0,34874
4867,124,825.00,408.00,0,34882
4867,124,826.00,409.00,0,34890
4867,124,825.00,408.00,0,34898
4867,124,825.00,408.00,0,34907
4867,124,825.00,409.00,0,34915
4867,124,825.00,409.00,0,34923
4867,124,826.00,408.00,0,34932
4867,124,825.00,408.00,0,34940
4867,124,825.00,408.00,0,34949
4867,124,826.00,409.00,0,34957
4867,124,827.00,409.00,0,34965
4867,124,826.00,408.00,0,34973
4867,124,825.00,409.00,0,34981
4867,124,825.00,409.00,0,34990
4867,124,825.00,409.00,0,34999
4867,124,826.00,408.00,0,35007
4867,124,825.00,409.00,0,35015
4867,124,825.00,408.00,0,35023
4867,124,825.00,409.00,0,35032
4867,124,825.00,409.00,0,35040
4867,124,825.00,409.00,0,35048
4867,124,826.00,409.00,0,35056
4867,124,826.00,409.00,0,35065
4867,124,825.00,408.00,0,35074
4867,124,825.00,409.00,0,35082
4867,124,825.00,409.00,0,35090
4867,124,826.00,409.00,0,35098
4867,124,826.00,409.00,0,35106
4867,124,826.00,409.00,0,35115
4867,124,826.00,408.00,0,35123
4867,124,825.00,408.00,0,35132
4867,124,826.00,408.00,0,35140
4867,124,825.00,409.00,0,35148
4867,124,825.00,408.00,0,35156
4867,123,825.00,409.00,0,35165
4867,123,825.00,408.00,0,35173
4867,123,826.00,409.00,0,35181
4867,123,825.00,408.00,0,35189
4867,123,825.00,409.00,0,35198
4867,123,825.00,408.00,0,35207
4867,123,825.00,408.00,0,35215
4867,123,826.00,409.00,0,35223
4867,123,826.00,409.00,0,35231
4867,123,826.00,409.00,0,35239
4867,123,826.00,408.00,0,35248
4867,123,826.00,409.00,0,35256
4867,123,825.00,408.00,0,35265
4867,123,825.00,408.00,0,35273
4867,123,826.00,409.00,0,35281
4867,123,826.00,409.00,0,35290
4867,123,825.00,409.00,0,35298
4867,123,826.00,409.00,0,35306
4867,123,826.00,409.00,0,35314
4867,123,826.00,409.00,0,35322
4867,123,825.00,408.00,0,35332
4867,122,825.00,408.00,0,35340
4867,122,825.00,409.00,0,35348
4867,122,826.00,409.00,0,35356
4867,122,826.00,409.00,0,35364
4867,122,826.00,409.00,0,35373
4867,122,826.00,409.00,0,35381
4867,122,826.00,408.00,0,35389
4867,122,826.00,408.00,0,35398
4867,122,825.00,408.00,0,35406
4867,122,825.00,409.00,0,35415
4867,122,825.00,408.00,0,35423
4867,122,826.00,408.00,0,35431
4867,122,826.00,408.00,0,35439
4867,122,825.00,409.00,0,354