3
-16,-4,825.00,409.00,0,12332
-16,-4,826.00,408.00,0,12339
-16,-4,825.00,409.00,0,12347
-16,-4,825.00,408.00,0,12355
-16,-4,826.00,408.00,0,12362
-16,-4,825.00,409.00,0,12370
-16,-4,826.00,409.00,0,12378
-16,-4,826.00,409.00,0,12386
-16,-4,826.00,408.00,0,12394
-16,-4,825.00,408.00,0,12401
-16,-4,825.00,409.00,0,12409
-16,-4,826.00,408.00,0,12418
-16,-4,825.00,408.00,0,12425
-16,-4,826.00,409.00,0,12433
-16,-4,826.00,408.00,0,12440
-16,-4,826.00,408.00,0,12448
-16,-4,826.00,409.00,0,12456
-16,-4,826.00,408.00,0,12464
-16,-4,826.00,408.00,0,12472
-16,-4,826.00,408.00,0,12479
-16,-4,826.00,408.00,0,12487
-16,-4,826.00,408.00,0,12495
-16,-4,825.00,408.00,0,12503
-16,-4,826.00,409.00,0,12511
-16,-4,825.00,409.00,0,12519
-16,-4,826.00,408.00,0,12526
-16,-4,826.00,408.00,0,12534
-16,-4,826.00,409.00,0,12541
-16,-5,826.00,409.00,0,12550
-16,-5,826.00,409.00,0,12558
-16,-5,826.00,409.00,0,12565
-16,-5,826.00,408.00,0,12573
-16,-5,825.00,409.00,0,12580
-16,-5,825.00,409.00,0,12589
-16,-5,825.00,409.00,0,12597
-16,-5,826.00,409.00,0,12604
-16,-5,826.00,409.00,0,12612
-16,-5,826.00,409.00,0,12620
-16,-5,825.00,408.00,0,12627
-16,-5,826.00,409.00,0,12636
-16,-5,826.00,408.00,0,12643
-16,-5,826.00,408.00,0,12651
-16,-5,826.00,409.00,0,12659
-16,-5,826.00,409.00,0,12666
-16,-5,826.00,409.00,0,12675
-16,-5,826.00,408.00,0,12683
-16,-5,825.00,408.00,0,12690
-16,-5,826.00,409.00,0,12698
-16,-5,825.00,409.00,0,12705
-16,-5,826.00,409.00,0,12713
-16,-5,825.00,409.00,0,12722
-16,-5,825.00,409.00,0,12729
-16,-5,826.00,409.00,0,12737
-16,-5,825.00,409.00,0,12744
-16,-5,826.00,408.00,0,12752
-16,-5,826.00,409.00,0,12761
-16,-5,826.00,409.00,0,12768
-16,-5,825.00,409.00,0,12776
-16,-5,826.00,409.00,0,12784
-16,-5,825.00,408.00,0,12791
-16,-5,825.00,409.00,0,12800
-16,-5,826.00,409.00,0,12807
-16,-5,825.00,408.00,0,12815
-16,-5,826.00,408.00,0,12823
-16,-5,825.00,408.00,0,12830
-16,-5,826.00,408.00,0,12838
-16,-5,826.00,409.00,0,12846
-16,-5,826.00,408.00,0,12854
-16,-5,826.00,408.00,0,12862
-16,-5,825.00,409.00,0,12869
-16,-5,826.00,409.00,0,12877
-16,-5,826.00,409.00,0,12886
-16,-5,825.00,408.00,0,12893
-16,-5,826.00,409.00,0,12901
-16,-5,825.00,408.00,0,12908
-16,-5,826.00,409.00,0,12916
-16,-5,826.00,409.00,0,12924
-16,-5,825.00,409.00,0,12932
-16,-5,826.00,409.00,0,12940
-16,-5,826.00,409.00,0,12947
-16,-5,826.00,408.00,0,12955
-16,-5,826.00,409.00,0,12963
-16,-5,825.00,409.00,0,12971
-16,-5,826.00,409.00,0,12979
-16,-5,826.00,408.00,0,12987
-16,-5,825.00,408.00,0,12994
-16,-5,825.00,409.00,0,13002
-16,-5,826.00,409.00,0,13009
-16,-5,825.00,408.00,0,13018
-16,-5,826.00,409.00,0,13026
-16,-5,825.00,409.00,0,13033
-16,-5,826.00,409.00,0,13041
-16,-5,825.00,409.00,0,13049
-16,-5,825.00,408.00,0,13057
-16,-5,826.00,409.00,0,13065
-16,-5,825.00,409.00,0,13072
-16,-5,826.00,408.00,0,13080
-16,-5,826.00,409.00,0,13088
-16,-5,825.00,409.00,0,13095
-16,-5,826.00,409.00,0,13104
-16,-5,825.00,409.00,0,13111
-16,-5,826.00,409.00,0,13119
-16,-5,826.00,409.00,0,13127
-16,-5,825.00,408.00,0,13134
-16,-5,826.00,409.00,0,13143
-16,-5,826.00,409.00,0,13151
-16,-5,825.00,408.00,0,13158
-16,-5,826.00,408.00,0,13166
-16,-5,825.00,409.00,0,13173
-16,-5,826.00,408.00,0,13181
-16,-5,826.00,409.00,0,13190
-16,-5,826.00,409.00,0,13197
-16,-5,826.00,409.00,0,13205
-16,-5,826.00,409.00,0,13212
-16,-5,825.00,409.00,0,13220
-16,-5,826.00,409.00,0,13229
-16,-5,825.00,409.00,0,13236
-16,-5,826.00,408.00,0,13244
-16,-5,826.00,409.00,0,13252
-16,-5,825.00,408.00,0,13259
-16,-5,826.00,408.00,0,13267
-16,-5,825.00,408.00,0,13275
-16,-5,826.00,408.00,0,13283
-16,-5,826.00,408.00,0,13291
-16,-5,825.00,408.00,0,13298
-16,-5,826.00,409.00,0,13306
-16,-5,826.00,409.00,0,13315
-16,-5,825.00,408.00,0,13322
-16,-5,826.00,408.00,0,13330
-16,-5,826.00,409.00,0,13337
-16,-5,826.00,409.00,0,13345
-16,-5,826.00,409.00,0,13353
-16,-5,825.00,409.00,0,13361
-16,-5,826.00,408.00,0,13369
-16,-5,826.00,409.00,0,13376
-16,-5,826.00,409.00,0,13384
-16,-5,825.00,409.00,0,13392
-16,-5,826.00,409.00,0,13400
-16,-5,826.00,409.00,0,13408
-16,-5,826.00,408.00,0,13416
-16,-5,826.00,408.00,0,13423
-16,-5,826.00,409.00,0,13431
-16,-5,826.00,408.00,0,13438
-16,-5,826.00,408.00,0,13447
-16,-5,826.00,408.00,0,13455
-16,-5,825.00,408.00,0,13462
-16,-5,826.00,409.00,0,13470
-16,-5,826.00,408.00,0,13477
-16,-5,826.00,408.00,0,13486
-16,-5,826.00,409.00,0,13494
-16,-5,826.00,408.00,0,13501
-16,-5,826.00,409.00,0,13509
-16,-5,826.00,409.00,0,13517
-16,-5,825.00,408.00,0,13524
-16,-5,826.00,408.00,0,13533
-16,-5,826.00,408.00,0,13540
-16,-5,826.00,408.00,0,13548
-16,-5,825.00,408.00,0,13556
-16,-5,825.00,409.00,0,13563
-16,-5,826.00,408.00,0,13572
-16,-5,826.00,408.00,0,13579
-16,-5,826.00,408.00,0,13587
-16,-5,825.00,409.00,0,13595
-16,-5,826.00,408.00,0,13602
-16,-5,826.00,409.00,0,13611
-16,-5,825.00,409.00,0,13619
-16,-5,825.00,408.00,0,13626
-16,-5,826.00,408.00,0,13634
-16,-5,826.00,409.00,0,13641
-16,-5,826.00,408.00,0,13649
-16,-5,826.00,408.00,0,13658
-16,-5,825.00,409.00,0,13665
-16,-5,826.00,409.00,0,13673
-16,-5,825.00,409.00,0,13681
-16,-5,826.00,408.00,0,13688
-16,-5,826.00,409.00,0,13697
-16,-5,826.00,409.00,0,13704
-16,-5,826.00,409.00,0,13712
-16,-5,826.00,409.00,0,13720
-16,-5,826.00,409.00,0,13727
-16,-5,826.00,408.00,0,13735
-16,-5,826.00,409.00,0,13743
-16,-5,826.00,409.00,0,13751
-16,-5,825.00,409.00,0,13759
-16,-5,825.00,409.00,0,13766
-16,-5,826.00,409.00,0,13774
-16,-5,826.00,409.00,0,13783
-16,-5,826.00,409.00,0,13790
-16,-5,826.00,409.00,0,13798
-16,-5,826.00,409.00,0,13805
-16,-5,826.00,408.00,0,13813
-16,-5,826.00,409.00,0,13821
-16,-5,825.00,409.00,0,13829
-16,-5,826.00,408.00,0,13837
-16,-5,826.00,409.00,0,13844
-16,-5,826.00,408.00,0,13852
-16,-5,826.00,409.00,0,13860
-16,-5,826.00,408.00,0,13868
-16,-5,826.00,409.00,0,13876
-16,-5,826.00,409.00,0,13884
-16,-5,826.00,408.00,0,13891
-16,-5,826.00,409.00,0,13899
-16,-5,826.00,409.00,0,13906
-16,-5,826.00,409.00,0,13915
-16,-5,826.00,409.00,0,13923
-16,-5,825.00,408.00,0,13930
-16,-5,826.00,409.00,0,13938
-16,-5,826.00,409.00,0,13945
-16,-5,825.00,408.00,0,13954
-16,-5,826.00,408.00,0,13962
-16,-5,826.00,409.00,0,13969
-16,-5,826.00,409.00,0,13977
-16,-5,826.00,409.00,0,13985
-16,-5,825.00,408.00,0,13992
-16,-5,825.00,409.00,0,14001
-16,-5,826.00,409.00,0,14008
-16,-5,826.00,408.00,0,14016
-16,-5,826.00,409.00,0,14024
-16,-5,825.00,408.00,0,14031
-16,-5,826.00,409.00,0,14040
-16,-5,826.00,409.00,0,14048
-16,-5,825.00,408.00,0,14055
-16,-5,826.00,409.00,0,14063
-16,-5,825.00,408.00,0,14070
-16,-5,826.00,409.00,0,14078
-16,-5,826.00,409.00,0,14087
-16,-5,825.00,408.00,0,14094
-16,-5,826.00,409.00,0,14102
-16,-5,826.00,409.00,0,14109
-16,-5,825.00,408.00,0,14117
-16,-5,826.00,409.00,0,14126
-16,-5,825.00,409.00,0,14133
-16,-5,826.00,409.00,0,14141
-16,-5,826.00,408.00,0,14149
-16,-5,825.00,408.00,0,14156
-16,-5,826.00,409.00,0,14164
-16,-5,825.00,409.00,0,14172
-16,-5,826.00,409.00,0,14180
-16,-5,826.00,409.00,0,14188
-16,-5,825.00,409.00,0,14195
-16,-5,826.00,409.00,0,14203
-16,-5,826.00,409.00,0,14211
-16,-5,826.00,408.00,0,14219
-16,-5,826.00,409.00,0,14227
-16,-5,826.00,409.00,0,14234
-16,-5,826.00,409.00,0,14242
-16,-5,826.00,408.00,0,14251
-16,-5,825.00,408.00,0,14258
-16,-5,826.00,409.00,0,14266
-16,-5,826.00,409.00,0,14273
-16,-5,826.00,409.00,0,14281
-16,-5,826.00,409.00,0,14289
-16,-5,825.00,408.00,0,14297
-16,-5,826.00,409.00,0,14305
-16,-5,826.00,408.00,0,14313
-16,-5,825.00,408.00,0,14320
-16,-5,826.00,409.00,0,14328
-16,-5,825.00,409.00,0,14336
-16,-5,826.00,409.00,0,14344
-16,-5,826.00,408.00,0,14352
-16,-5,825.00,409.00,0,14359
-16,-5,826.00,409.00,0,14367
-16,-5,826.00,409.00,0,14374
-16,-5,825.00,409.00,0,14383
-16,-5,826.00,408.00,0,14391
-16,-5,825.00,409.00,0,14398
-16,-5,826.00,409.00,0,14406
-16,-5,826.00,409.00,0,14414
-16,-5,826.00,408.00,0,14422
-16,-5,826.00,409.00,0,14430
-16,-5,826.00,409.00,0,14437
-16,-5,826.00,409.00,0,14445
-16,-5,826.00,409.00,0,14453
-16,-5,825.00,409.00,0,14460
-16,-5,826.00,409.00,0,14469
-16,-5,825.00,409.00,0,14476
-16,-5,825.00,409.00,0,14484
-16,-5,826.00,409.00,0,14492
-16,-5,826.00,409.00,0,14499
-16,-5,826.00,409.00,0,14508
-16,-5,826.00,409.00,0,14516
-16,-5,826.00,408.00,0,14523
-16,-5,826.00,409.00,0,14531
-16,-5,826.00,409.00,0,14538
-16,-5,826.00,409.00,0,14546
-16,-5,826.00,409.00,0,14555
-16,-5,825.00,409.00,0,14562
-16,-5,826.00,409.00,0,14570
-16,-5,826.00,409.00,0,14577
-16,-5,825.00,408.00,0,14585
-16,-5,826.00,409.00,0,14594
-16,-5,826.00,409.00,0,14601
-16,-5,826.00,409.00,0,14609
-16,-5,826.00,409.00,0,14617
-16,-5,826.00,408.00,0,14624
-16,-5,826.00,409.00,0,14632
-16,-5,826.00,409.00,0,14640
-16,-5,826.00,409.00,0,14648
-16,-5,826.00,408.00,0,14656
-16,-5,826.00,409.00,0,14663
-16,-5,826.00,408.00,0,14671
-16,-5,825.00,409.00,0,14680
-16,-5,826.00,408.00,0,14687
-16,-5,826.00,409.00,0,14695
-17,-5,826.00,409.00,0,14702
-17,-5,826.00,409.00,0,14710
-17,-5,826.00,409.00,0,14718
-17,-5,826.00,409.00,0,14726
-17,-5,826.00,409.00,0,14734
-17,-5,826.00,409.00,0,14741
-17,-5,826.00,408.00,0,14749
-17,-5,826.00,409.00,0,14757
-17,-5,825.00,409.00,0,14765
-17,-5,826.00,409.00,0,14773
-17,-5,826.00,409.00,0,14781
-17,-5,825.00,408.00,0,14788
-17,-5,826.00,408.00,0,14796
-17,-5,826.00,409.00,0,14803
-17,-5,826.00,408.00,0,14812
-17,-5,826.00,409.00,0,14820
-17,-5,826.00,409.00,0,14827
-17,-5,826.00,409.00,0,14835
-17,-5,826.00,409.00,0,14842
-17,-5,826.00,408.00,0,14851
-17,-5,826.00,409.00,0,14859
-17,-5,826.00,408.00,0,14866
-17,-5,826.00,409.00,0,14874
-17,-5,826.00,409.00,0,14882
-17,-5,825.00,408.00,0,14889
-17,-5,826.00,409.00,0,14898
-17,-5,826.00,409.00,0,14905
-17,-5,826.00,408.00,0,14913
-17,-5,826.00,409.00,0,14921
-17,-5,825.00,409.00,0,14928
-17,-5,826.00,409.00,0,14937
-17,-5,826.00,409.00,0,14944
-17,-5,826.00,408.00,0,14952
-17,-5,826.00,409.00,0,14960
-17,-5,826.00,409.00,0,14967
-17,-5,826.00,409.00,0,14976
-17,-5,826.00,409.00,0,14984
-17,-5,825.00,408.00,0,14991
-17,-5,826.00,409.00,0,14999
-17,-5,825.00,409.00,0,15006
-17,-5,826.00,408.00,0,15014
-17,-5,825.00,409.00,0,15023
-17,-5,826.00,409.00,0,15030
-17,-5,826.00,409.00,0,15038
-17,-5,826.00,409.00,0,15046
-17,-5,825.00,408.00,0,15053
-17,-5,826.00,409.00,0,15062
-17,-5,826.00,408.00,0,15069
-17,-5,825.00,409.00,0,15077
-17,-5,826.00,409.00,0,15085
-17,-5,825.00,409.00,0,15092
-17,-5,826.00,409.00,0,15100
-17,-5,826.00,409.00,0,15108
-17,-5,826.00,408.00,0,15116
-17,-5,826.00,409.00,0,15124
-17,-5,825.00,408.00,0,15131
-17,-5,826.00,409.00,0,15139
-17,-5,826.00,409.00,0,15148
-17,-5,825.00,408.00,0,15155
-17,-5,826.00,409.00,0,15163
-17,-5,826.00,408.00,0,15170
-17,-5,826.00,409.00,0,15178
-17,-5,826.00,408.00,0,15186
-17,-5,825.00,409.00,0,15194
-17,-5,826.00,409.00,0,15202
-17,-5,826.00,408.00,0,15209
-17,-5,826.00,408.00,0,15217
-17,-5,826.00,409.00,0,15225
-17,-5,826.00,409.00,0,15233
-17,-5,826.00,408.00,0,15241
-17,-5,825.00,409.00,0,15249
-17,-5,825.00,408.00,0,15256
-17,-5,826.00,409.00,0,15264
-17,-5,826.00,409.00,0,15271
-17,-5,826.00,409.00,0,15280
-17,-5,826.00,408.00,0,15288
-17,-5,825.00,408.00,0,15295
-17,-5,826.00,409.00,0,15303
-17,-5,826.00,409.00,0,15311
-17,-5,826.00,408.00,0,15319
-17,-5,826.00,408.00,0,15327
-17,-5,826.00,409.00,0,15334
-17,-5,826.00,408.00,0,15342
-17,-5,826.00,409.00,0,15350
-17,-5,825.00,409.00,0,15357
-17,-5,826.00,408.00,0,15366
-17,-5,826.00,409.00,0,15373
-17,-5,825.00,409.00,0,15381
-17,-5,826.00,409.00,0,15389
-17,-5,825.00,409.00,0,15396
-17,-5,826.00,409.00,0,15405
-17,-5,825.00,409.00,0,15413
-17,-5,826.00,408.00,0,15420
-17,-5,825.00,408.00,0,15428
-17,-5,826.00,408.00,0,15435
-17,-5,826.00,408.00,0,15443
-17,-5,826.00,408.00,0,15452
-17,-5,826.00,408.00,0,15459
-17,-5,826.00,409.00,0,15467
-17,-5,826.00,409.00,0,15474
-17,-5,826.00,408.00,0,15482
-17,-5,826.00,409.00,0,15491
-17,-5,826.00,408.00,0,15498
-17,-5,826.00,409.00,0,15506
-17,-5,826.00,408.00,0,15514
-17,-5,825.00,408.00,0,15521
-17,-5,826.00,409.00,0,15529
-17,-5,825.00,408.00,0,15537
-17,-5,826.00,408.00,0,15545
-17,-5,826.00,409.00,0,15553
-17,-5,826.00,409.00,0,15560
-17,-5,826.00,409.00,0,15568
-17,-5,826.00,409.00,0,15576
-17,-5,826.00,409.00,0,15584
-17,-5,826.00,408.00,0,15592
-17,-5,825.00,408.00,0,15599
-17,-5,826.00,409.00,0,15607
-17,-5,825.00,408.00,0,15616
-17,-5,825.00,408.00,0,15623
-17,-5,826.00,408.00,0,15631
-17,-5,826.00,408.00,0,15638
-17,-5,826.00,408.00,0,15646
-17,-5,825.00,409.00,0,15654
-17,-5,826.00,409.00,0,15662
-17,-5,826.00,409.00,0,15670
-17,-5,826.00,409.00,0,15678
-17,-5,825.00,408.00,0,15685
-17,-5,826.00,409.00,0,15693
-17,-5,826.00,409.00,0,15700
-17,-5,825.00,408.00,0,15709
-17,-5,826.00,408.00,0,15717
-17,-5,825.00,409.00,0,15724
-17,-5,826.00,409.00,0,15732
-17,-5,826.00,408.00,0,15739
-17,-5,826.00,409.00,0,15748
-17,-5,826.00,409.00,0,15756
-17,-5,826.00,409.00,0,15763
-17,-5,825.00,409.00,0,15771
-17,-5,826.00,409.00,0,15779
-17,-5,825.00,408.00,0,15787
-17,-5,826.00,409.00,0,15795
-17,-5,826.00,409.00,0,15802
-17,-5,826.00,408.00,0,15810
-17,-5,826.00,408.00,0,15818
-17,-5,825.00,408.00,0,15825
-17,-5,826.00,409.00,0,15834
-17,-5,826.00,409.00,0,15841
-17,-5,826.00,408.00,0,15849
-17,-5,826.00,410.00,0,15857
-18,-5,826.00,409.00,0,15864
-18,-5,825.00,409.00,0,15873
-18,-5,826.00,408.00,0,15881
-18,-5,825.00,408.00,0,15888
-18,-5,826.00,409.00,0,15896
-18,-5,826.00,408.00,0,15903
-18,-5,826.00,408.00,0,15911
-18,-5,826.00,408.00,0,15920
-18,-5,825.00,408.00,0,15927
-18,-5,826.00,409.00,0,15935
-18,-5,826.00,409.00,0,15942
-18,-5,825.00,408.00,0,15950
-18,-5,826.00,409.00,0,15959
-18,-5,826.00,409.00,0,15966
-18,-5,826.00,409.00,0,15974
-18,-5,826.00,408.00,0,15982
-18,-5,825.00,408.00,0,15989
-18,-5,826.00,409.00,0,15997
-18,-5,826.00,408.00,0,16005
-18,-5,825.00,408.00,0,16013
-18,-5,826.00,408.00,0,16021
-18,-5,825.00,409.00,0,16028
-18,-5,826.00,409.00,0,16036
-18,-5,826.00,409.00,0,16045
-18,-5,826.00,408.00,0,16052
-18,-5,826.00,409.00,0,16060
-18,-5,826.00,409.00,0,16067
-18,-5,825.00,408.00,0,16075
-18,-5,826.00,409.00,0,16083
-18,-5,825.00,408.00,0,16091
-18,-5,826.00,409.00,0,16099
-18,-5,826.00,408.00,0,16106
-18,-5,826.00,408.00,0,16114
-18,-5,826.00,408.00,0,16122
-18,-5,825.00,409.00,0,16130
-18,-5,826.00,409.00,0,16138
-18,-5,826.00,409.00,0,16146
-18,-5,825.00,408.00,0,16153
-18,-5,826.00,409.00,0,16161
-18,-5,825.00,409.00,0,16168
-18,-5,826.00,408.00,0,16177
-18,-5,825.00,409.00,0,16185
-18,-5,825.00,408.00,0,16192
-18,-5,826.00,408.00,0,16200
-18,-5,826.00,408.00,0,16207
-18,-5,825.00,408.00,0,16216
-18,-5,826.00,408.00,0,16224
-18,-5,826.00,408.00,0,16231
-18,-5,826.00,409.00,0,16239
-18,-5,825.00,409.00,0,16247
-18,-5,826.00,408.00,0,16254
-18,-5,825.00,409.00,0,16263
-18,-5,825.00,409.00,0,16270
-18,-5,826.00,408.00,0,16278
-18,-5,825.00,409.00,0,16286
-18,-5,825.00,408.00,0,16293
-18,-5,826.00,408.00,0,16302
-18,-5,826.00,409.00,0,16310
-18,-5,825.00,409.00,0,16317
-18,-5,826.00,409.00,0,16325
-18,-5,825.00,408.00,0,16332
-18,-5,826.00,409.00,0,16340
-18,-5,825.00,409.00,0,16349
-18,-5,825.00,408.00,0,16356
-18,-5,826.00,409.00,0,16364
-18,-5,826.00,409.00,0,16371
-18,-5,825.00,408.00,0,16379
-18,-5,825.00,409.00,0,16388
-18,-5,825.00,409.00,0,16395
-18,-5,826.00,409.00,0,16403
-18,-5,826.00,408.00,0,16411
-18,-5,825.00,408.00,0,16418
-18,-5,826.00,408.00,0,16427
-18,-5,825.00,408.00,0,16434
-18,-5,826.00,409.00,0,16442
-18,-5,826.00,408.00,0,16450
-18,-5,825.00,409.00,0,16457
-18,-5,826.00,409.00,0,16465
-18,-5,826.00,408.00,0,16473
-18,-5,826.00,408.00,0,16481
-18,-5,825.00,408.00,0,16489
-18,-5,826.00,409.00,0,16496
-18,-5,825.00,409.00,0,16504
-18,-5,826.00,408.00,0,16513
-18,-5,826.00,408.00,0,16520
-18,-5,826.00,408.00,0,16528
-18,-5,826.00,409.00,0,16535
-18,-5,826.00,409.00,0,16543
-18,-5,826.00,408.00,0,16551
-18,-5,825.00,409.00,0,16559
-18,-5,826.00,408.00,0,16567
-18,-5,826.00,409.00,0,16574
-18,-5,825.00,408.00,0,16582
-18,-5,826.00,408.00,0,16590
-18,-5,825.00,409.00,0,16598
-18,-5,826.00,409.00,0,16606
-18,-5,826.00,408.00,0,16614
-18,-5,825.00,408.00,0,16621
-18,-5,826.00,409.00,0,16629
-18,-5,825.00,409.00,0,16636
-18,-5,825.00,408.00,0,16645
-18,-5,826.00,408.00,0,16653
-18,-5,825.00,409.00,0,16660
-18,-5,826.00,409.00,0,16668
-18,-5,825.00,408.00,0,16676
-18,-5,825.00,408.00,0,16684
-18,-5,826.00,408.00,0,16692
-18,-5,826.00,408.00,0,16699
-18,-5,826.00,409.00,0,16707
-18,-5,826.00,408.00,0,16715
-18,-5,825.00,409.00,0,16722
-18,-5,825.00,408.00,0,16731
-18,-5,826.00,408.00,0,16738
-18,-5,825.00,408.00,0,16746
-18,-5,825.00,408.00,0,16754
-18,-5,825.00,408.00,0,16761
-18,-5,826.00,409.00,0,16770
-18,-5,825.00,409.00,0,16778
-18,-5,826.00,409.00,0,16785
-18,-5,825.00,409.00,0,16793
-18,-5,826.00,409.00,0,16800
-18,-5,826.00,408.00,0,16808
-18,-5,826.00,409.00,0,16817
-18,-5,825.00,409.00,0,16824
-18,-5,825.00,409.00,0,16832
-18,-5,825.00,408.00,0,16839
-18,-5,825.00,408.00,0,16847
-18,-5,826.00,408.00,0,16856
-18,-5,826.00,409.00,0,16863
-18,-5,826.00,409.00,0,16871
-18,-5,826.00,409.00,0,16879
-18,-5,825.00,408.00,0,16886
-18,-5,826.00,409.00,0,16894
-18,-5,826.00,409.00,0,16902
-18,-5,826.00,409.00,0,16910
-18,-5,826.00,409.00,0,16918
-18,-5,825.00,409.00,0,16925
-18,-5,826.00,409.00,0,16933
-18,-5,826.00,408.00,0,16941
-18,-5,825.00,408.00,0,16949
-18,-5,826.00,408.00,0,16957
-18,-5,826.00,409.00,0,16964
-18,-5,826.00,409.00,0,16972
-18,-5,826.00,409.00,0,16980
-18,-5,826.00,408.00,0,16988
-18,-5,826.00,409.00,0,16996
-18,-5,826.00,409.00,0,17003
-18,-5,826.00,408.00,0,17011
-18,-5,826.00,409.00,0,17019
-13,-5,0.00,391.00,0,17027
38,-5,0.00,341.00,0,17034
123,-5,188.00,308.00,0,17041
227,-5,333.00,308.00,0,17049
325,-4,45.00,307.00,0,17056
429,-3,280.00,308.00,0,17064
544,0,627.00,308.00,0,17072
657,2,796.00,308.00,0,17080
774,6,825.00,291.00,0,17087
904,8,825.00,325.00,0,17094
1027,12,826.00,325.00,0,17102
1143,14,825.00,325.00,0,17111
1249,14,825.00,325.00,0,17119
1343,14,393.00,341.00,0,17127
1443,12,279.00,325.00,0,17135
1555,10,516.00,308.00,0,17143
1669,8,672.00,309.00,0,17150
1783,6,803.00,326.00,0,17159
1898,4,810.00,308.00,0,17166
2011,4,789.00,325.00,0,17174
2114,3,412.00,325.00,0,17182
2215,3,46.00,325.00,0,17189
2323,5,283.00,325.00,0,17198
2436,8,420.00,308.00,0,17205
2550,13,509.00,325.00,0,17213
2670,17,789.00,325.00,0,17221
2794,22,824.00,292.00,0,17229
2927,27,826.00,291.00,0,17238
3059,31,825.00,308.00,0,17246
3179,33,825.00,325.00,0,17253
3284,35,808.00,341.00,0,17261
3377,35,106.00,358.00,0,17269
3482,35,374.00,325.00,0,17277
3597,33,664.00,325.00,0,17286
3711,31,670.00,308.00,0,17294
3828,29,799.00,292.00,0,17302
3944,27,798.00,325.00,0,17310
4054,27,458.00,325.00,0,17317
4162,27,195.00,325.00,0,17326
4274,28,263.00,308.00,0,17334
4390,30,313.00,325.00,0,17342
4507,33,447.00,324.00,0,17350
4626,37,733.00,308.00,0,17358
4747,42,802.00,308.00,0,17367
4875,46,823.00,292.00,0,17375
5007,51,825.00,325.00,0,17382
5129,53,825.00,325.00,0,17390
5235,57,799.00,342.00,0,17398
5330,58,128.00,341.00,0,17406
5439,59,359.00,308.00,0,17415
5553,59,538.00,308.00,0,17423
5667,59,618.00,324.00,0,17431
5785,59,795.00,325.00,0,17438
5903,57,803.00,325.00,0,17446
6015,57,586.00,325.00,0,17455
6124,57,349.00,325.00,0,17463
6235,57,201.00,341.00,0,17471
6349,58,204.00,325.00,0,17479
6465,61,383.00,341.00,0,17487
6584,64,572.00,308.00,0,17496
6703,68,654.00,308.00,0,17503
6829,73,816.00,308.00,0,17511
6959,77,826.00,308.00,0,17519
7087,83,826.00,325.00,0,17527
7201,87,818.00,325.00,0,17536
7298,92,368.00,341.00,0,17544
7397,97,100.00,323.00,0,17552
7513,101,469.00,308.00,0,17560
7632,106,664.00,325.00,0,17568
7751,111,767.00,325.00,0,17576
7873,115,749.00,319.00,0,17585
7993,121,755.00,308.00,0,17593
8105,125,520.00,325.00,0,17601
8219,130,286.00,325.00,0,17610
8337,135,368.00,326.00,0,17618
8457,141,500.00,308.00,0,17627
8578,146,571.00,308.00,0,17635
8701,153,628.00,308.00,0,17643
8826,159,814.00,308.00,0,17651
8957,165,825.00,309.00,0,17659
9084,169,825.00,308.00,0,17668
9200,174,799.00,325.00,0,17677
9305,177,407.00,324.00,0,17685
9416,180,359.00,308.00,0,17693
9535,182,496.00,308.00,0,17701
9654,184,665.00,308.00,0,17710
9774,186,796.00,308.00,0,17718
9896,187,803.00,325.00,0,17726
10014,189,686.00,326.00,0,17735
10132,191,551.00,342.00,0,17743
10251,193,448.00,325.00,0,17752
10373,197,273.00,307.00,0,17761
10497,201,498.00,326.00,0,17769
10622,205,692.00,308.00,0,17778
10747,211,792.00,308.00,0,17786
10877,217,811.00,308.00,0,17795
11009,223,807.00,325.00,0,17804
11133,229,808.00,321.00,0,17812
11248,233,629.00,325.00,0,17820
11361,236,301.00,342.00,0,17829
11483,239,598.00,308.00,0,17838
11606,241,676.00,325.00,0,17847
11729,243,673.00,325.00,0,17855
11855,245,765.00,324.00,0,17863
11978,247,792.00,325.00,0,17872
12098,249,626.00,325.00,0,17881
12216,251,431.00,308.00,0,17889
12338,253,477.00,325.00,0,17898
12461,256,551.00,308.00,0,17906
12584,261,620.00,325.00,0,17915
12709,265,698.00,308.00,0,17924
12837,271,806.00,308.00,0,17932
12967,275,807.00,308.00,0,17941
13093,279,804.00,325.00,0,17949
13209,283,612.00,325.00,0,17958
13325,285,482.00,324.00,0,17967
13447,287,605.00,308.00,0,17975
13568,288,595.00,325.00,0,17984
13691,289,570.00,325.00,0,17992
13817,291,799.00,308.00,0,18000
13941,294,804.00,325.00,0,18010
14063,296,622.00,308.00,0,18018
14181,299,461.00,308.00,0,18027
14303,302,575.00,309.00,0,18035
14425,306,571.00,308.00,0,18043
14548,311,532.00,325.00,0,18053
14673,316,687.00,325.00,0,18061
14799,321,806.00,342.00,0,18069
14927,325,808.00,308.00,0,18078
15051,329,788.00,308.00,0,18086
15169,331,637.00,308.00,0,18096
15288,331,596.00,308.00,0,18104
15409,331,569.00,325.00,0,18112
15531,333,477.00,308.00,0,18121
15654,333,623.00,324.00,0,18129
15779,336,791.00,308.00,0,18138
15905,339,794.00,325.00,0,18147
16026,343,684.00,341.00,0,18155
16146,346,612.00,325.00,0,18164
16267,350,617.00,325.00,0,18172
16390,355,548.00,308.00,0,18181
16513,359,547.00,308.00,0,18190
16636,363,700.00,325.00,0,18198
16761,368,790.00,325.00,0,18207
16889,371,804.00,308.00,0,18215
17013,373,782.00,309.00,0,18224
17133,374,718.00,308.00,0,18233
17251,374,603.00,325.00,0,18241
17373,374,441.00,325.00,0,18249
17495,374,572.00,325.00,0,18258
17617,375,642.00,325.00,0,18267
17741,379,694.00,308.00,0,18276
17867,383,684.00,308.00,0,18284
17989,387,740.00,325.00,0,18292
18111,392,657.00,325.00,0,18301
18231,397,580.00,325.00,0,18310
18355,401,524.00,308.00,0,18318
18477,405,626.00,325.00,0,18327
18600,409,674.00,308.00,0,18335
18724,413,683.00,308.00,0,18344
18851,415,789.00,325.00,0,18353
18975,417,794.00,308.00,0,18361
19096,417,737.00,325.00,0,18370
19215,417,538.00,326.00,0,18378
19336,417,584.00,325.00,0,18386
19459,417,623.00,308.00,0,18396
19581,419,586.00,325.00,0,18404
19705,423,497.00,316.00,0,18413
19830,427,768.00,325.00,0,18421
19953,433,787.00,325.00,0,18429
20074,437,631.00,308.00,0,18439
20195,441,501.00,308.00,0,18447
20318,445,662.00,325.00,0,18455
20441,449,681.00,325.00,0,18464
20563,451,607.00,307.00,0,18472
20687,454,617.00,308.00,0,18482
20813,456,798.00,308.00,0,18490
20938,457,799.00,308.00,0,18498
21060,458,705.00,308.00,0,18507
21179,459,563.00,308.00,0,18515
21301,459,666.00,308.00,0,18525
21423,460,627.00,325.00,0,18533
21544,462,512.00,325.00,0,18541
21667,466,611.00,325.00,0,18550
21793,471,793.00,311.00,0,18558
21917,475,787.00,308.00,0,18567
22039,480,592.00,319.00,0,18576
22160,483,622.00,325.00,0,18584
22283,487,696.00,325.00,0,18593
22404,489,623.00,312.00,0,18601
22527,491,566.00,337.00,0,18610
22650,493,680.00,325.00,0,18619
22774,495,795.00,308.00,0,18627
22900,497,801.00,341.00,0,18635
23022,499,674.00,308.00,0,18644
23143,499,662.00,325.00,0,18653
23265,501,667.00,323.00,0,18662
23387,502,588.00,325.00,0,18670
23509,505,569.00,320.00,0,18678
23631,508,670.00,342.00,0,18688
23755,513,744.00,308.00,0,18696
23880,517,730.00,325.00,0,18705
24003,521,692.00,325.00,0,18713
24124,525,678.00,308.00,0,18721
24246,527,674.00,326.00,0,18731
24369,529,488.00,309.00,0,18739
24491,531,644.00,325.00,0,18747
24614,533,668.00,320.00,0,18756
24737,535,731.00,342.00,0,18764
24863,538,733.00,325.00,0,18774
24986,540,774.00,325.00,0,18782
25107,541,709.00,325.00,0,18790
25229,543,613.00,322.00,0,18799
25350,545,558.00,308.00,0,18807
25473,546,644.00,325.00,0,18816
25595,549,627.00,308.00,0,18825
25719,553,625.00,307.00,0,18833
25843,557,732.00,308.00,0,18842
25967,560,749.00,308.00,0,18850
26088,563,674.00,308.00,0,18859
26209,565,584.00,308.00,0,18868
26333,567,645.00,325.00,0,18876
26455,569,663.00,308.00,0,18884
26577,572,626.00,324.00,0,18893
26701,575,536.00,309.00,0,18902
26825,578,781.00,325.00,0,18911
26950,581,796.00,325.00,0,18919
27071,583,678.00,308.00,0,18927
27191,584,551.00,325.00,0,18936
27313,585,690.00,309.00,0,18945
27437,587,673.00,308.00,0,18953
27559,589,566.00,324.00,0,18962
27681,592,575.00,308.00,0,18970
27807,595,768.00,326.00,0,18979
27931,599,773.00,308.00,0,18988
28052,603,597.00,308.00,0,18996
28173,605,626.00,341.00,0,19005
28295,607,728.00,325.00,0,19013
28419,610,673.00,325.00,0,19022
28541,613,547.00,325.00,0,19031
28664,615,643.00,325.00,0,19039
28789,618,787.00,308.00,0,19048
28913,621,791.00,325.00,0,19056
29035,623,612.00,325.00,0,19064
29155,623,643.00,325.00,0,19074
29279,625,728.00,326.00,0,19082
29400,626,638.00,325.00,0,19091
29522,629,564.00,325.00,0,19099
29645,631,658.00,325.00,0,19107
29769,635,765.00,325.00,0,19117
29893,639,735.00,325.00,0,19125
30016,642,625.00,325.00,0,19133
30138,645,687.00,325.00,0,19142
30260,647,709.00,325.00,0,19150
30383,649,645.00,324.00,0,19160
30505,651,609.00,324.00,0,19168
30627,653,673.00,307.00,0,19176
30751,656,743.00,325.00,0,19185
30876,659,732.00,308.00,0,19193
30999,661,700.00,308.00,0,19202
31121,663,686.00,308.00,0,19211
31241,664,658.00,325.00,0,19219
31364,666,534.00,308.00,0,19228
31487,668,644.00,325.00,0,19236
31609,671,670.00,325.00,0,19245
31732,675,661.00,308.00,0,19254
31857,679,687.00,325.00,0,19262
31980,681,738.00,325.00,0,19271
32101,684,690.00,325.00,0,19279
32223,685,620.00,325.00,0,19288
32346,687,600.00,325.00,0,19297
32469,689,671.00,325.00,0,19305
32591,691,648.00,308.00,0,19313
32713,694,633.00,325.00,0,19322
32839,697,751.00,325.00,0,19331
32963,700,781.00,325.00,0,19340
33084,702,675.00,307.00,0,19348
33205,704,612.00,324.00,0,19356
33328,705,660.00,325.00,0,19365
33451,707,688.00,308.00,0,19374
33573,709,613.00,325.00,0,19382
33695,713,532.00,308.00,0,19391
33820,715,762.00,308.00,0,19399
33943,719,777.00,325.00,0,19408
34065,721,644.00,325.00,0,19417
34187,723,567.00,308.00,0,19425
34310,725,709.00,325.00,0,19434
34433,728,690.00,325.00,0,19442
34555,731,571.00,325.00,0,19450
34677,733,620.00,325.00,0,19460
34802,736,785.00,308.00,0,19468
34926,739,786.00,325.00,0,19477
35047,741,609.00,341.00,0,19485
35169,742,650.00,308.00,0,19493
35292,743,725.00,325.00,0,19503
35415,745,665.00,308.00,0,19511
35537,747,523.00,326.00,0,19519
35659,750,626.00,309.00,0,19528
35783,753,756.00,325.00,0,19536
35907,757,757.00,308.00,0,19546
36029,759,626.00,308.00,0,19554
36151,762,675.00,342.00,0,19562
36273,763,731.00,308.00,0,19571
36397,765,641.00,308.00,0,19579
36519,767,574.00,322.00,0,19589
36641,770,664.00,325.00,0,19597
36764,773,763.00,308.00,0,19605
36889,775,737.00,325.00,0,19614
37011,777,636.00,309.00,0,19622
37133,779,698.00,309.00,0,19631
37255,781,713.00,331.00,0,19640
37377,783,497.00,325.00,0,19648
37501,785,617.00,325.00,0,19657
37623,787,673.00,320.00,0,19665
37746,791,696.00,308.00,0,19674
37870,794,633.00,308.00,0,19683
37993,797,685.00,325.00,0,19691
38115,799,691.00,310.00,0,19699
38237,801,668.00,325.00,0,19708
38359,803,582.00,341.00,0,19717
38482,805,674.00,325.00,0,19726
38605,807,671.00,308.00,0,19734
38728,810,639.00,325.00,0,19742
38853,813,690.00,308.00,0,19751
38975,815,739.00,325.00,0,19760
39097,817,670.00,325.00,0,19768
39218,819,627.00,325.00,0,19777
39341,820,642.00,310.00,0,19785
39464,822,696.00,326.00,0,19794
39587,824,644.00,325.00,0,19803
39709,827,613.00,308.00,0,19811
39833,831,727.00,308.00,0,19820
39957,833,749.00,325.00,0,19828
40079,836,637.00,308.00,0,19837
40201,838,629.00,325.00,0,19846
40324,839,692.00,326.00,0,19854
40446,841,696.00,308.00,0,19863
40568,844,627.00,341.00,0,19871
40691,847,563.00,325.00,0,19879
40815,849,769.00,325.00,0,19889
40939,852,782.00,325.00,0,19897
41061,854,616.00,325.00,0,19906
41183,855,594.00,325.00,0,19914
41305,857,719.00,308.00,0,19922
41428,859,692.00,308.00,0,19932
41550,861,567.00,325.00,0,19940
41673,865,617.00,325.00,0,19948
41797,867,778.00,325.00,0,19957
41920,871,771.00,327.00,0,19965
42043,873,588.00,325.00,0,19975
42165,875,614.00,308.00,0,19983
42287,876,731.00,308.00,0,19991
42411,878,666.00,326.00,0,20000
42533,880,544.00,308.00,0,20008
42654,883,636.00,309.00,0,20017
42779,885,782.00,325.00,0,20026
42902,889,761.00,343.00,0,20034
43025,891,678.00,325.00,0,20043
43147,893,679.00,308.00,0,20051
43269,895,735.00,324.00,0,20060
43392,896,630.00,307.00,0,20069
43514,898,591.00,325.00,0,20077
43637,901,673.00,325.00,0,20085
43759,903,730.00,324.00,0,20094
43883,906,697.00,308.00,0,20103
44006,909,660.00,325.00,0,20112
44128,911,688.00,308.00,0,20120
44251,913,710.00,308.00,0,20128
44374,915,531.00,325.00,0,20137
44497,917,643.00,308.00,0,20146
44619,921,676.00,326.00,0,20155
44741,923,679.00,307.00,0,20163
44866,926,657.00,308.00,0,20171
44989,927,710.00,325.00,0,20180
45110,929,699.00,325.00,0,20189
45232,930,676.00,325.00,0,20197
45355,931,604.00,325.00,0,20206
45478,933,670.00,325.00,0,20214
45601,937,666.00,326.00,0,20224
45723,939,600.00,325.00,0,20232
45847,943,682.00,324.00,0,20240
45971,946,744.00,325.00,0,20249
46092,948,691.00,326.00,0,20257
46214,950,636.00,342.00,0,20265
46337,951,676.00,325.00,0,20275
46459,953,716.00,325.00,0,20283
46582,955,649.00,325.00,0,20292
46705,958,484.00,325.00,0,20300
46829,961,730.00,308.00,0,20308
46953,963,755.00,309.00,0,20318
47075,965,633.00,326.00,0,20326
47195,966,548.00,325.00,0,20334
47319,967,707.00,325.00,0,20343
47441,969,711.00,308.00,0,20352
47563,972,608.00,324.00,0,20361
47686,975,553.00,326.00,0,20369
47810,979,753.00,308.00,0,20377
47935,981,764.00,325.00,0,20386
48055,983,587.00,325.00,0,20395
48178,985,606.00,308.00,0,20404
48301,987,737.00,309.00,0,20412
48423,989,690.00,325.00,0,20420
48545,991,567.00,325.00,0,20429
48668,994,609.00,325.00,0,20438
48792,997,765.00,325.00,0,20446
48917,999,749.00,325.00,0,20455
49037,1001,563.00,308.00,0,20463
49163,1003,633.00,308.00,0,20472
49291,1004,743.00,325.00,0,20482
49417,1006,681.00,325.00,0,20490
49542,1009,563.00,325.00,0,20499
49668,1012,613.00,309.00,0,20508
49795,1015,764.00,308.00,0,20516
49923,1018,766.00,325.00,0,20526
50049,1020,602.00,325.00,0,20534
50175,1022,603.00,325.00,0,20543
50302,1023,740.00,309.00,0,20552
50429,1025,695.00,308.00,0,20560
50554,1028,576.00,321.00,0,20570
50680,1031,571.00,325.00,0,20579
50809,1033,761.00,325.00,0,20587
50935,1036,772.00,325.00,0,20596
51061,1038,607.00,308.00,0,20605
51187,1039,574.00,308.00,0,20614
51313,1041,715.00,308.00,0,20623
51439,1043,700.00,325.00,0,20631
51565,1045,609.00,308.00,0,20640
51691,1049,533.00,325.00,0,20649
51819,1051,744.00,325.00,0,20658
51947,1055,752.00,326.00,0,20667
52072,1057,631.00,308.00,0,20676
52198,1059,698.00,309.00,0,20684
52325,1060,677.00,325.00,0,20694
52451,1062,699.00,308.00,0,20703
52577,1065,621.00,310.00,0,20711
52703,1067,484.00,308.00,0,20720
52831,1071,738.00,325.00,0,20728
52959,1073,762.00,325.00,0,20738
53084,1075,666.00,325.00,0,20747
53209,1077,612.00,309.00,0,20755
53337,1079,669.00,326.00,0,20764
53463,1080,704.00,325.00,0,20773
53588,1082,654.00,341.00,0,20782
53715,1085,600.00,341.00,0,20791
53843,1087,679.00,309.00,0,20799
53969,1089,719.00,325.00,0,20808
54095,1092,651.00,308.00,0,20817
54221,1095,618.00,325.00,0,20826
54348,1097,631.00,325.00,0,20835
54475,1099,678.00,308.00,0,20844
54600,1102,662.00,308.00,0,20852
54727,1105,616.00,308.00,0,20861
54855,1107,658.00,308.00,0,20871
54981,1109,718.00,326.00,0,20879
55107,1110,671.00,308.00,0,20888
55232,1111,663.00,325.00,0,20896
55359,1113,582.00,325.00,0,20905
55486,1115,677.00,325.00,0,20915
55611,1118,684.00,324.00,0,20923
55739,1121,656.00,308.00,0,20932
55866,1124,604.00,325.00,0,20941
55992,1127,673.00,308.00,0,20950
56119,1129,670.00,308.00,0,20959
56245,1131,691.00,309.00,0,20967
56371,1133,516.00,308.00,0,20976
56498,1135,634.00,325.00,0,20985
56624,1137,676.00,325.00,0,20994
56750,1140,694.00,308.00,0,21003
56878,1143,693.00,325.00,0,21012
57003,1145,637.00,308.00,0,21020
57130,1146,695.00,325.00,0,21029
57257,1148,737.00,341.00,0,21039
57383,1150,660.00,325.00,0,21047
57509,1152,611.00,325.00,0,21056
57635,1155,672.00,325.00,0,21064
57762,1157,711.00,325.00,0,21073
57889,1161,683.00,325.00,0,21083
58016,1163,571.00,325.00,0,21091
58141,1165,668.00,325.00,0,21100
58268,1167,739.00,325.00,0,21109
58395,1169,634.00,326.00,0,21117
58521,1171,568.00,325.00,0,21127
58647,1173,652.00,325.00,0,21136
58773,1176,756.00,314.00,0,21144
58901,1179,738.00,342.00,0,21153
59027,1181,617.00,324.00,0,21161
59153,1183,668.00,325.00,0,21171
59279,1185,757.00,325.00,0,21180
59407,1187,676.00,313.00,0,21188
59532,1189,528.00,325.00,0,21197
59658,1191,626.00,325.00,0,21207
59785,1194,743.00,317.00,0,21215
59913,1197,720.00,325.00,0,21224
60038,1199,560.00,308.00,0,21232
60165,1201,626.00,308.00,0,21241
60291,1203,736.00,325.00,0,21251
60417,1205,679.00,308.00,0,21259
60543,1207,550.00,308.00,0,21268
60669,1210,609.00,325.00,0,21277
60797,1213,764.00,325.00,0,21285
60925,1215,751.00,325.00,0,21295
61050,1217,586.00,325.00,0,21304
61176,1218,603.00,308.00,0,21312
61303,1219,725.00,308.00,0,21321
61429,1221,691.00,312.00,0,21329
61555,1224,569.00,308.00,0,21339
61681,1227,563.00,308.00,0,21348
61808,1229,737.00,308.00,0,21356
61937,1232,738.00,309.00,0,21365
62061,1235,597.00,308.00,0,21374
62187,1236,564.00,308.00,0,21383
62314,1238,719.00,308.00,0,21392
62440,1241,711.00,325.00,0,21400
62567,1243,624.00,325.00,0,21409
62692,1246,537.00,325.00,0,21419
62820,1249,750.00,308.00,0,21427
62948,1251,747.00,308.00,0,21436
63073,1253,627.00,325.00,0,21445
63199,1255,524.00,325.00,0,21453
63326,1255,690.00,314.00,0,21463
63452,1257,699.00,308.00,0,21472
63578,1259,617.00,308.00,0,21480
63704,1262,471.00,309.00,0,21489
63832,1265,701.00,325.00,0,21497
63959,1267,715.00,307.00,0,21507
64084,1270,642.00,325.00,0,21516
64209,1273,602.00,309.00,0,21524
64337,1275,666.00,325.00,0,21533
64464,1277,703.00,341.00,0,21542
64589,1280,651.00,341.00,0,21551
64715,1282,608.00,325.00,0,21560
64843,1284,680.00,325.00,0,21569
64970,1285,704.00,325.00,0,21577
65096,1287,645.00,325.00,0,21586
65222,1289,615.00,325.00,0,21595
65349,1291,611.00,325.00,0,21604
65475,1293,677.00,308.00,0,21613
65601,1297,661.00,325.00,0,21621
65727,1299,617.00,308.00,0,21630
65855,1303,650.00,307.00,0,21640
65981,1305,702.00,325.00,0,21648
66107,1307,684.00,308.00,0,21657
66233,1308,660.00,325.00,0,21665
66360,1309,583.00,341.00,0,21675
66487,1312,660.00,326.00,0,21684
66613,1315,651.00,325.00,0,21692
66739,1318,649.00,325.00,0,21701
66867,1321,597.00,308.00,0,21710
66993,1323,660.00,324.00,0,21719
67119,1326,683.00,325.00,0,21728
67246,1327,694.00,325.00,0,21737
67373,1329,528.00,324.00,0,21745
67498,1331,621.00,308.00,0,21754
67624,1332,664.00,324.00,0,21763
67751,1334,678.00,325.00,0,21772
67877,1337,585.00,325.00,0,21781
68004,1339,624.00,341.00,0,21789
68130,1342,686.00,341.00,0,21798
68257,1345,710.00,325.00,0,21808
68383,1347,659.00,325.00,0,21816
68509,1350,598.00,308.00,0,21825
68636,1353,663.00,325.00,0,21834
68763,1355,721.00,324.00,0,21842
68891,1357,696.00,325.00,0,21852
69016,1359,577.00,325.00,0,21860
69142,1361,663.00,308.00,0,21869
69269,1362,726.00,308.00,0,21878
69395,1364,626.00,308.00,0,21886
69521,1366,593.00,308.00,0,21896
69647,1369,653.00,308.00,0,21905
69773,1371,729.00,308.00,0,21913
69901,1374,695.00,325.00,0,21922
70027,1377,620.00,342.00,0,21931
70153,1379,667.00,341.00,0,21940
70280,1381,747.00,325.00,0,21949
70407,1383,679.00,325.00,0,21957
70533,1386,535.00,307.00,0,21966
70659,1389,611.00,325.00,0,21976
70786,1391,724.00,309.00,0,21984
70913,1393,714.00,312.00,0,21993
71039,1395,538.00,308.00,0,22002
71165,1397,612.00,308.00,0,22010
71292,1399,733.00,308.00,0,22020
71418,1401,685.00,326.00,0,22028
71544,1404,554.00,308.00,0,22037
71669,1407,587.00,308.00,0,22046
71797,1409,744.00,325.00,0,22054
71924,1411,733.00,317.00,0,22064
72050,1413,558.00,326.00,0,22073
72177,1415,585.00,325.00,0,22081
72303,1417,703.00,308.00,0,22090
72430,1419,685.00,325.00,0,22098
72555,1422,568.00,325.00,0,22108
72681,1425,552.00,325.00,0,22117
72809,1429,753.00,308.00,0,22125
72937,1431,756.00,325.00,0,22134
73062,1433,597.00,326.00,0,22144
73188,1435,562.00,325.00,0,22152
73315,1436,713.00,325.00,0,22161
73441,1437,717.00,325.00,0,22170
73567,1439,608.00,339.00,0,22178
73693,1442,510.00,325.00,0,22188
73821,1445,719.00,342.00,0,22196
73947,1448,728.00,324.00,0,22205
74073,1451,598.00,325.00,0,22214
74199,1453,629.00,319.00,0,22222
74327,1455,679.00,326.00,0,22232
74453,1458,697.00,308.00,0,22241
74579,1461,618.00,325.00,0,22249
74705,1463,465.00,325.00,0,22258
74833,1465,705.00,325.00,0,22267
74959,1467,726.00,309.00,0,22276
75084,1469,646.00,325.00,0,22285
75211,1471,599.00,309.00,0,22293
75338,1473,661.00,341.00,0,22302
75465,1475,706.00,342.00,0,22311
75591,1477,642.00,307.00,0,22320
75716,1480,580.00,325.00,0,22329
75843,1483,654.00,325.00,0,22338
75971,1485,693.00,325.00,0,22346
76097,1487,638.00,325.00,0,22355
76223,1490,612.00,307.00,0,22364
76349,1492,599.00,308.00,0,22373
76477,1495,676.00,308.00,0,22382
76603,1497,642.00,308.00,0,22390
76729,1499,602.00,308.00,0,22400
76856,1501,651.00,308.00,0,22409
76983,1503,681.00,308.00,0,22417
77107,1505,661.00,309.00,0,22426
77234,1507,664.00,324.00,0,22435
77361,1509,578.00,341.00,0,22444
77487,1511,667.00,341.00,0,22453
77613,1514,653.00,308.00,0,22461
77739,1517,621.00,308.00,0,22470
77867,1519,573.00,308.00,0,22479
77993,1521,640.00,325.00,0,22488
78119,1523,652.00,325.00,0,22497
78246,1526,670.00,308.00,0,22506
78373,1529,504.00,325.00,0,22514
78499,1531,633.00,308.00,0,22523
78625,1533,652.00,325.00,0,22532
78751,1536,678.00,308.00,0,22541
78879,1538,665.00,308.00,0,22550
79005,1539,619.00,324.00,0,22558
79131,1541,660.00,317.00,0,22567
79257,1543,712.00,325.00,0,22577
79384,1546,642.00,308.00,0,22585
79511,1549,596.00,326.00,0,22594
79637,1551,643.00,326.00,0,22603
79763,1553,692.00,324.00,0,22611
79891,1556,649.00,308.00,0,22621
80016,1558,550.00,308.00,0,22629
80143,1560,641.00,325.00,0,22638
80269,1563,724.00,325.00,0,22647
80396,1565,642.00,325.00,0,22656
80521,1567,652.00,325.00,0,22665
80647,1570,639.00,325.00,0,22674
80775,1573,737.00,341.00,0,22682
80903,1575,708.00,341.00,0,22691
81027,1577,592.00,342.00,0,22701
81154,1579,640.00,307.00,0,22709
81281,1581,731.00,308.00,0,22718
81407,1583,644.00,308.00,0,22726
81533,1585,520.00,325.00,0,22735
81659,1588,593.00,325.00,0,22745
81787,1591,714.00,308.00,0,22753
81914,1593,683.00,308.00,0,22762
82039,1595,527.00,308.00,0,22771
82165,1597,605.00,325.00,0,22779
82293,1599,720.00,325.00,0,22789
82418,1601,662.00,313.00,0,22797
82544,1603,545.00,325.00,0,22806
82670,1606,574.00,308.00,0,22815
82798,1609,747.00,341.00,0,22823
82925,1612,726.00,325.00,0,22833
83051,1615,552.00,325.00,0,22842
83177,1616,586.00,325.00,0,22850
83305,1617,714.00,308.00,0,22859
83431,1619,680.00,308.00,0,22868
83556,1621,553.00,325.00,0,22877
83682,1623,536.00,308.00,0,22886
83809,1626,725.00,325.00,0,22894
83937,1629,706.00,308.00,0,22903
84063,1632,570.00,324.00,0,22913
84189,1635,547.00,308.00,0,22921
84315,1637,704.00,325.00,0,22930
84442,1639,696.00,325.00,0,22939
84567,1641,591.00,325.00,0,22947
84693,1643,486.00,308.00,0,22957
84821,1645,713.00,325.00,0,22966
84949,1647,702.00,326.00,0,22974
85074,1650,602.00,325.00,0,22983
85200,1653,500.00,309.00,0,22991
85327,1655,676.00,325.00,0,23001
85454,1657,704.00,325.00,0,23010
85579,1659,621.00,325.00,0,23018
85705,1661,725.00,324.00,0,23027
85833,1663,657.00,324.00,0,23036
85959,1665,693.00,309.00,0,23045
86085,1667,612.00,325.00,0,23054
86211,1671,578.00,308.00,0,23062
86339,1673,642.00,340.00,0,23071
86465,1677,693.00,325.00,0,23080
86591,1679,639.00,342.00,0,23089
86716,1681,585.00,308.00,0,23098
86845,1683,634.00,308.00,0,23107
86971,1685,679.00,326.00,0,23115
87097,1686,617.00,325.00,0,23124
87223,1688,603.00,325.00,0,23134
87350,1690,590.00,325.00,0,23142
87477,1693,656.00,326.00,0,23151
87602,1696,627.00,307.00,0,23159
87729,1699,581.00,325.00,0,23169
87855,1702,610.00,309.00,0,23178
87982,1705,654.00,325.00,0,23186
88108,1707,657.00,325.00,0,23195
88235,1708,643.00,326.00,0,23204
88361,1710,542.00,325.00,0,23213
88488,1712,637.00,308.00,0,23222
88614,1715,639.00,325.00,0,23230
88740,1717,620.00,324.00,0,23239
88867,1720,557.00,308.00,0,23248
88994,1723,629.00,325.00,0,23257
89120,1725,648.00,325.00,0,23266
89247,1728,687.00,325.00,0,23275
89373,1730,490.00,308.00,0,23283
89499,1731,618.00,325.00,0,23292
89625,1733,648.00,308.00,0,23302
89751,1735,640.00,308.00,0,23310
89879,1737,651.00,325.00,0,23319
90005,1741,601.00,341.00,0,23327
90131,1743,640.00,325.00,0,23336
90258,1747,713.00,308.00,0,23346
90385,1749,629.00,325.00,0,23354
90511,1752,583.00,325.00,0,23363
90637,1754,624.00,308.00,0,23372
90763,1756,662.00,308.00,0,23380
90891,1757,632.00,308.00,0,23390
91017,1759,526.00,325.00,0,23399
91143,1761,636.00,324.00,0,23407
91270,1764,703.00,309.00,0,23416
91397,1767,616.00,308.00,0,23425
91522,1769,564.00,308.00,0,23434
91647,1773,619.00,308.00,0,23443
91775,1775,700.00,325.00,0,23451
91902,1777,662.00,341.00,0,23460
92029,1779,573.00,308.00,0,23470
92155,1781,621.00,324.00,0,23478
92281,1784,707.00,308.00,0,23487
92408,1787,646.00,325.00,0,23495
92535,1789,525.00,325.00,0,23504
92659,1792,581.00,308.00,0,23514
92787,1795,722.00,325.00,0,23522
92914,1797,676.00,308.00,0,23531
93040,1799,502.00,308.00,0,23540
93166,1801,604.00,308.00,0,23548
93293,1803,702.00,308.00,0,23558
93419,1805,650.00,307.00,0,23567
93545,1807,536.00,337.00,0,23575
93671,1810,549.00,325.00,0,23584
93799,1813,724.00,342.00,0,23592
93926,1815,701.00,325.00,0,23602
94051,1819,542.00,325.00,0,23611
94177,1821,574.00,325.00,0,23619
94304,1823,691.00,308.00,0,23628
94431,1825,668.00,308.00,0,23638
94557,1827,532.00,310.00,0,23646
94683,1830,527.00,325.00,0,23655
94810,1833,701.00,308.00,0,23663
94938,1835,711.00,326.00,0,23672
95063,1839,555.00,308.00,0,23682
95189,1841,543.00,308.00,0,23690
95315,1843,681.00,308.00,0,23699
95443,1845,686.00,309.00,0,23708
95568,1847,581.00,324.00,0,23716
95694,1849,472.00,325.00,0,23726
95821,1852,669.00,308.00,0,23735
95949,1855,701.00,324.00,0,23743
96075,1857,588.00,325.00,0,23752
96201,1861,601.00,309.00,0,23760
96327,1863,650.00,308.00,0,23770
96455,1865,676.00,326.00,0,23779
96581,1867,600.00,325.00,0,23787
96706,1869,414.00,325.00,0,23796
96833,1871,652.00,308.00,0,23805
96959,1873,687.00,325.00,0,23814
97085,1875,597.00,308.00,0,23823
97212,1879,575.00,324.00,0,23832
97339,1881,634.00,324.00,0,23840
97466,1883,679.00,338.00,0,23849
97591,1885,617.00,308.00,0,23858
97717,1887,535.00,308.00,0,23867
97845,1889,610.00,325.00,0,23876
97972,1891,653.00,325.00,0,23884
98097,1893,593.00,308.00,0,23894
98224,1897,587.00,308.00,0,23903
98351,1899,580.00,325.00,0,23911
98477,1903,647.00,322.00,0,23920
98603,1905,610.00,325.00,0,23928
98729,1907,560.00,308.00,0,23938
98857,1909,606.00,325.00,0,23947
98983,1911,651.00,324.00,0,23955
99109,1913,637.00,325.00,0,23964
99235,1915,637.00,342.00,0,23973
99362,1918,525.00,325.00,0,23982
99488,1921,627.00,309.00,0,23991
99615,1923,621.00,325.00,0,24000
99740,1925,597.00,325.00,0,24008
99869,1927,533.00,325.00,0,24017
99995,1929,595.00,325.00,0,24026
100121,1932,637.00,325.00,0,24035
100251,1935,654.00,308.00,0,24044
100381,1937,457.00,325.00,0,24053
100512,1941,566.00,325.00,0,24062
100641,1943,597.00,325.00,0,24072
100771,1945,676.00,308.00,0,24081
100903,1947,667.00,341.00,0,24090
101032,1949,495.00,308.00,0,24099
101162,1951,585.00,325.00,0,24108
101293,1954,696.00,312.00,0,24117
101423,1957,654.00,325.00,0,24126
101553,1960,532.00,307.00,0,24135
101682,1963,516.00,325.00,0,24144
101813,1965,679.00,308.00,0,24154
101944,1967,689.00,325.00,0,24163
102073,1969,573.00,325.00,0,24172
102203,1971,557.00,308.00,0,24181
102334,1973,640.00,309.00,0,24189
102465,1977,665.00,325.00,0,24199
102594,1979,603.00,308.00,0,24208
102723,1983,534.00,308.00,0,24217
102855,1985,594.00,325.00,0,24226
102985,1987,636.00,342.00,0,24236
103115,1989,628.00,324.00,0,24245
103244,1991,629.00,308.00,0,24254
103375,1993,454.00,308.00,0,24262
103505,1995,574.00,325.00,0,24271
103635,1998,601.00,324.00,0,24281
103765,2001,660.00,325.00,0,24290
103897,2003,628.00,325.00,0,24299
104025,2005,596.00,326.00,0,24308
104155,2007,591.00,308.00,0,24317
104287,2009,691.00,325.00,0,24327
104417,2011,629.00,325.00,0,24336
104545,2013,508.00,308.00,0,24344
104675,2017,532.00,325.00,0,24353
104807,2019,676.00,309.00,0,24363
104938,2022,683.00,325.00,0,24372
105067,2024,548.00,308.00,0,24381
105176,2026,827.00,342.00,0,24390
105194,2027,825.00,426.00,0,24399
105120,2027,826.00,476.00,0,24409
105002,2027,810.00,493.00,0,24418
104875,2026,798.00,493.00,0,24426
104742,2025,683.00,492.00,0,24435
104612,2025,693.00,492.00,0,24444
104482,2025,749.00,509.00,0,24454
104352,2024,782.00,492.00,0,24463
104223,2023,796.00,510.00,0,24472
104095,2021,783.00,493.00,0,24481
103964,2020,775.00,492.00,0,24491
103834,2019,794.00,493.00,0,24500
103705,2017,781.00,475.00,0,24508
103576,2015,786.00,509.00,0,24517
103444,2013,770.00,493.00,0,24526
103314,2011,779.00,509.00,0,24536
103186,2009,811.00,510.00,0,24545
103058,2007,793.00,493.00,0,24554
102928,2005,791.00,493.00,0,24563
102798,2003,792.00,493.00,0,24572
102670,2000,800.00,510.00,0,24582
102542,1997,807.00,510.00,0,24590
102411,1995,790.00,509.00,0,24599
102280,1993,794.00,510.00,0,24608
102152,1991,810.00,492.00,0,24617
102023,1989,809.00,509.00,0,24627
101893,1986,801.00,493.00,0,24636
101762,1983,798.00,493.00,0,24645
101634,1980,805.00,508.00,0,24654
101504,1977,813.00,509.00,0,24664
101372,1975,791.00,492.00,0,24672
101240,1973,796.00,492.00,0,24681
101111,1971,798.00,509.00,0,24690
100981,1968,794.00,508.00,0,24699
100850,1965,812.00,475.00,0,24709
100721,1963,797.00,493.00,0,24718
100592,1959,799.00,493.00,0,24727
100461,1957,798.00,509.00,0,24736
100330,1955,791.00,508.00,0,24744
100200,1953,815.00,492.00,0,24754
100072,1951,800.00,493.00,0,24763
99942,1949,801.00,493.00,0,24772
99816,1946,803.00,492.00,0,24781
99690,1943,814.00,492.00,0,24790
99565,1939,806.00,492.00,0,24799
99438,1937,793.00,492.00,0,24807
99310,1933,791.00,492.00,0,24816
99183,1931,822.00,492.00,0,24825
99058,1929,801.00,492.00,0,24834
98930,1927,797.00,493.00,0,24843
98803,1925,802.00,510.00,0,24852
98677,1923,807.00,492.00,0,24860
98552,1920,817.00,493.00,0,24869
98425,1917,795.00,493.00,0,24878
98298,1915,795.00,508.00,0,24887
98173,1911,821.00,493.00,0,24896
98047,1909,804.00,493.00,0,24904
97920,1907,800.00,493.00,0,24913
97793,1905,803.00,492.00,0,24923
97668,1902,812.00,493.00,0,24931
97542,1899,816.00,510.00,0,24940
97414,1896,791.00,493.00,0,24949
97286,1893,793.00,492.00,0,24957
97160,1891,814.00,493.00,0,24967
97034,1889,803.00,493.00,0,24975
96908,1887,802.00,509.00,0,24984
96780,1885,800.00,493.00,0,24993
96656,1883,816.00,510.00,0,25001
96531,1880,826.00,509.00,0,25011
96404,1877,800.00,509.00,0,25020
96276,1873,797.00,493.00,0,25028
96150,1871,819.00,509.00,0,25037
96024,1868,812.00,509.00,0,25047
95896,1866,803.00,492.00,0,25055
95770,1863,798.00,509.00,0,25064
95644,1861,803.00,494.00,0,25072
95518,1859,824.00,492.00,0,25081
95389,1855,800.00,509.00,0,25091
95262,1853,799.00,510.00,0,25099
95137,1851,812.00,509.00,0,25108
95011,1849,811.00,493.00,0,25117
94885,1847,813.00,509.00,0,25125
94759,1845,803.00,504.00,0,25135
94635,1842,810.00,493.00,0,25143
94509,1839,825.00,491.00,0,25152
94381,1836,801.00,509.00,0,25161
94254,1833,801.00,509.00,0,25169
94128,1830,810.00,510.00,0,25179
94001,1828,804.00,493.00,0,25188
93874,1825,814.00,509.00,0,25196
93746,1823,800.00,493.00,0,25205
93621,1821,802.00,493.00,0,25214
93494,1819,806.00,476.00,0,25223
93366,1815,812.00,509.00,0,25232
93239,1813,799.00,509.00,0,25240
93114,1810,803.00,509.00,0,25249
92988,1807,804.00,493.00,0,25259
92860,1805,825.00,493.00,0,25267
92735,1803,805.00,492.00,0,25276
92611,1800,808.00,492.00,0,25285
92484,1798,815.00,493.00,0,25293
92356,1795,803.00,509.00,0,25303
92229,1793,806.00,509.00,0,25312
92104,1791,799.00,492.00,0,25320
91976,1787,800.00,509.00,0,25329
91848,1785,820.00,505.00,0,25337
91722,1781,805.00,509.00,0,25347
91597,1779,804.00,493.00,0,25356
91470,1777,804.00,497.00,0,25364
91342,1775,799.00,493.00,0,25373
91216,1773,811.00,509.00,0,25382
91091,1771,803.00,509.00,0,25391
90965,1768,802.00,492.00,0,25400
90839,1765,822.00,509.00,0,25408
90714,1763,815.00,509.00,0,25417
90590,1761,818.00,510.00,0,25426
90463,1759,808.00,492.00,0,25435
90334,1757,801.00,509.00,0,25444
90209,1755,815.00,510.00,0,25453
90084,1752,803.00,509.00,0,25461
89956,1749,799.00,510.00,0,25470
89828,1747,816.00,501.00,0,25480
89702,1743,813.00,509.00,0,25488
89576,1741,803.00,493.00,0,25497
89449,1739,803.00,509.00,0,25505
89321,1737,795.00,509.00,0,25515
89195,1735,822.00,492.00,0,25524
89070,1734,807.00,509.00,0,25532
88944,1733,810.00,509.00,0,25541
88818,1731,818.00,493.00,0,25550
88695,1729,822.00,492.00,0,25559
88571,1725,826.00,509.00,0,25568
88444,1722,817.00,509.00,0,25576
88316,1719,809.00,492.00,0,25585
88189,1715,826.00,509.00,0,25594
88063,1713,808.00,508.00,0,25603
87934,1711,797.00,493.00,0,25612
87805,1710,801.00,492.00,0,25621
87679,1709,816.00,509.00,0,25629
87553,1707,821.00,510.00,0,25638
87426,1705,800.00,494.00,0,25648
87299,1701,798.00,492.00,0,25656
87174,1697,826.00,493.00,0,25665
87050,1694,811.00,493.00,0,25673
86924,1692,807.00,509.00,0,25682
86797,1691,813.00,509.00,0,25692
86672,1689,822.00,509.00,0,25700
86547,1689,827.00,509.00,0,25709
86420,1687,811.00,510.00,0,25718
86292,1685,807.00,508.00,0,25726
86168,1682,826.00,509.00,0,25736
86042,1679,820.00,509.00,0,25745
85914,1675,809.00,493.00,0,25753
85787,1671,808.00,493.00,0,25762
85660,1669,813.00,477.00,0,25771
85533,1667,824.00,509.00,0,25780
85404,1666,797.00,510.00,0,25789
85276,1665,793.00,509.00,0,25797
85150,1663,817.00,509.00,0,25806
85024,1659,816.00,509.00,0,25816
84898,1657,809.00,492.00,0,25824
84772,1654,811.00,510.00,0,25833
84649,1651,816.00,492.00,0,25841
84524,1650,826.00,509.00,0,25850
84396,1649,811.00,509.00,0,25860
84269,1647,802.00,493.00,0,25868
84144,1645,821.00,510.00,0,25877
84018,1642,820.00,510.00,0,25886
83890,1639,817.00,493.00,0,25894
83764,1635,812.00,493.00,0,25904
83638,1633,816.00,493.00,0,25913
83511,1630,826.00,492.00,0,25921
83382,1628,800.00,493.00,0,25930
83254,1627,797.00,493.00,0,25938
83128,1625,811.00,509.00,0,25948
83002,1623,812.00,509.00,0,25957
82876,1621,822.00,493.00,0,25965
82751,1619,811.00,492.00,0,25974
82628,1617,818.00,499.00,0,25984
82502,1614,825.00,492.00,0,25992
82375,1611,808.00,493.00,0,26001
82247,1607,809.00,492.00,0,26009
82120,1605,812.00,492.00,0,26018
81992,1603,811.00,494.00,0,26028
81864,1601,826.00,494.00,0,26036
81736,1601,803.00,509.00,0,26045
81612,1599,806.00,493.00,0,26054
81486,1597,816.00,492.00,0,26062
81358,1595,815.00,510.00,0,26072
81232,1591,816.00,509.00,0,26081
81108,1587,814.00,492.00,0,26089
80982,1584,818.00,496.00,0,26098
80855,1582,826.00,493.00,0,26106
80730,1581,808.00,492.00,0,26116
80605,1580,813.00,493.00,0,26125
80478,1579,820.00,493.00,0,26133
80350,1577,815.00,493.00,0,26142
80224,1575,823.00,492.00,0,26151
80099,1573,812.00,475.00,0,26160
79972,1569,815.00,493.00,0,26169
79845,1565,826.00,493.00,0,26178
79718,1562,819.00,492.00,0,26186
79592,1559,813.00,493.00,0,26195
79464,1558,808.00,509.00,0,26204
79334,1557,802.00,509.00,0,26213
79208,1555,818.00,509.00,0,26222
79084,1553,803.00,493.00,0,26230
78958,1551,806.00,509.00,0,26240
78832,1549,825.00,509.00,0,26249
78708,1547,817.00,492.00,0,26257
78584,1545,822.00,493.00,0,26266
78458,1542,816.00,493.00,0,26274
78328,1540,815.00,491.00,0,26284
78202,1538,826.00,493.00,0,26293
78077,1535,814.00,493.00,0,26301
77950,1533,814.00,509.00,0,26310
77822,1531,824.00,509.00,0,26319
77696,1529,817.00,493.00,0,26328
77570,1526,819.00,493.00,0,26337
77443,1524,807.00,493.00,0,26346
77314,1521,800.00,492.00,0,26354
77188,1519,826.00,493.00,0,26363
77062,1516,812.00,495.00,0,26372
76936,1513,802.00,492.00,0,26381
76808,1511,818.00,493.00,0,26390
76684,1509,817.00,475.00,0,26398
76558,1507,822.00,476.00,0,26407
76430,1505,811.00,501.00,0,26417
76302,1503,806.00,509.00,0,26425
76176,1501,826.00,509.00,0,26434
76050,1499,818.00,510.00,0,26442
75923,1497,808.00,492.00,0,26451
75796,1494,811.00,493.00,0,26461
75672,1491,821.00,493.00,0,26469
75546,1489,825.00,509.00,0,26478
75418,1487,802.00,502.00,0,26487
75290,1485,797.00,493.00,0,26496
75164,1482,827.00,494.00,0,26505
75038,1480,813.00,493.00,0,26514
74911,1479,807.00,491.00,0,26522
74785,1477,811.00,509.00,0,26531
74662,1475,820.00,492.00,0,26540
74536,1474,826.00,493.00,0,26549
74410,1472,818.00,509.00,0,26558
74282,1469,810.00,493.00,0,26566
74157,1466,826.00,509.00,0,26575
74030,1463,819.00,509.00,0,26585
73902,1460,815.00,509.00,0,26593
73774,1458,805.00,493.00,0,26602
73650,1457,814.00,493.00,0,26611
73522,1455,825.00,492.00,0,26619
73395,1454,802.00,509.00,0,26629
73267,1452,798.00,476.00,0,26637
73142,1449,822.00,493.00,0,26646
73016,1446,814.00,476.00,0,26655
72890,1443,818.00,476.00,0,26663
72764,1441,814.00,493.00,0,26673
72640,1439,819.00,476.00,0,26682
72515,1437,826.00,493.00,0,26690
72386,1435,812.00,509.00,0,26699
72258,1433,809.00,510.00,0,26707
72132,1431,818.00,507.00,0,26717
72006,1428,816.00,509.00,0,26726
71878,1425,821.00,510.00,0,26734
71751,1423,803.00,492.00,0,26743
71626,1421,811.00,493.00,0,26753
71500,1419,825.00,508.00,0,26761
71371,1416,813.00,475.00,0,26770
71244,1413,807.00,492.00,0,26779
71118,1411,814.00,509.00,0,26787
70992,1409,815.00,492.00,0,26797
70865,1407,826.00,493.00,0,26805
70740,1405,813.00,492.00,0,26814
70616,1405,823.00,509.00,0,26823
70490,1403,826.00,493.00,0,26831
70364,1401,820.00,509.00,0,26841
70237,1399,823.00,509.00,0,26850
70112,1397,816.00,493.00,0,26858
69986,1393,823.00,509.00,0,26867
69860,1389,826.00,492.00,0,26876
69733,1387,816.00,492.00,0,26885
69608,1384,818.00,509.00,0,26894
69480,1382,819.00,493.00,0,26902
69350,1381,808.00,475.00,0,26911
69222,1379,816.00,509.00,0,26920
69095,1377,810.00,509.00,0,26929
68968,1375,810.00,509.00,0,26938
68842,1373,826.00,509.00,0,26947
68717,1369,816.00,492.00,0,26955
68593,1367,823.00,509.00,0,26964
68467,1365,819.00,509.00,0,26973
68338,1361,813.00,509.00,0,26982
68210,1359,821.00,493.00,0,26991
68084,1357,811.00,509.00,0,26999
67958,1355,803.00,493.00,0,27009
67830,1353,817.00,476.00,0,27018
67704,1352,812.00,476.00,0,27026
67580,1351,815.00,493.00,0,27035
67454,1348,814.00,476.00,0,27044
67326,1345,817.00,509.00,0,27053
67200,1343,826.00,509.00,0,27062
67075,1340,813.00,493.00,0,27070
66948,1337,810.00,493.00,0,27079
66820,1335,822.00,493.00,0,27088
66694,1333,826.00,501.00,0,27097
66570,1332,824.00,505.00,0,27106
66443,1331,813.00,509.00,0,27115
66314,1329,807.00,509.00,0,27123
66188,1327,826.00,493.00,0,27132
66064,1325,817.00,509.00,0,27141
65936,1322,812.00,509.00,0,27150
65810,1320,822.00,493.00,0,27159
65686,1318,825.00,509.00,0,27167
65561,1316,826.00,492.00,0,27176
65434,1314,815.00,493.00,0,27186
65305,1311,814.00,493.00,0,27194
65179,1309,826.00,493.00,0,27203
65052,1305,814.00,509.00,0,27212
64924,1303,811.00,494.00,0,27220
64797,1301,813.00,493.00,0,27230
64672,1301,824.00,508.00,0,27238
64548,1300,826.00,509.00,0,27247
64420,1299,816.00,509.00,0,27256
64293,1297,812.00,508.00,0,27265
64168,1293,826.00,509.00,0,27274
64042,1291,825.00,493.00,0,27283
63916,1287,817.00,492.00,0,27291
63789,1283,818.00,493.00,0,27300
63664,1281,825.00,493.00,0,27310
63537,1279,825.00,491.00,0,27318
63408,1278,813.00,510.00,0,27327
63279,1277,799.00,493.00,0,27335
63152,1275,825.00,509.00,0,27344
63026,1273,816.00,492.00,0,27354
62898,1270,809.00,493.00,0,27362
62772,1267,814.00,493.00,0,27371
62650,1265,821.00,492.00,0,27380
62525,1262,826.00,492.00,0,27388
62396,1260,814.00,509.00,0,27398
62269,1257,809.00,509.00,0,27406
62144,1255,818.00,492.00,0,27415
62016,1253,821.00,486.00,0,27424
61888,1252,821.00,509.00,0,27432
61763,1251,818.00,509.00,0,27442
61639,1249,821.00,493.00,0,27451
61513,1248,825.00,509.00,0,27459
61386,1246,817.00,509.00,0,27468
61259,1243,817.00,509.00,0,27478
61134,1240,823.00,493.00,0,27486
61008,1237,824.00,498.00,0,27495
60881,1234,826.00,509.00,0,27503
60754,1231,822.00,509.00,0,27512
60630,1230,819.00,493.00,0,27522
60503,1229,826.00,509.00,0,27530
60374,1227,812.00,509.00,0,27539
60246,1225,809.00,493.00,0,27548
60120,1223,811.00,492.00,0,27556
59993,1221,815.00,493.00,0,27566
59866,1217,826.00,509.00,0,27574
59740,1215,816.00,493.00,0,27583
59616,1213,821.00,493.00,0,27592
59490,1211,826.00,509.00,0,27600
59360,1208,816.00,493.00,0,27610
59232,1206,813.00,509.00,0,27619
59107,1203,808.00,509.00,0,27627
58980,1201,804.00,493.00,0,27636
58852,1198,826.00,492.00,0,27645
58726,1197,813.00,492.00,0,27654
58602,1195,818.00,493.00,0,27663
58476,1194,824.00,509.00,0,27671
58349,1193,819.00,508.00,0,27680
58222,1190,826.00,509.00,0,27689
58098,1187,818.00,493.00,0,27698
57972,1185,817.00,493.00,0,27707
57844,1182,826.00,493.00,0,27716
57720,1179,824.00,493.00,0,27724
57594,1177,824.00,493.00,0,27734
57468,1175,824.00,510.00,0,27743
57338,1174,813.00,509.00,0,27751
57210,1172,821.00,492.00,0,27760
57084,1169,809.00,493.00,0,27768
56958,1167,804.00,509.00,0,27778
56830,1165,820.00,493.00,0,27787
56705,1163,816.00,475.00,0,27795
56582,1162,819.00,493.00,0,27804
56456,1161,819.00,509.00,0,27813
56328,1159,821.00,492.00,0,27822
56202,1157,827.00,493.00,0,27831
56077,1153,815.00,507.00,0,27839
55950,1151,816.00,509.00,0,27848
55822,1148,826.00,509.00,0,27857
55696,1145,820.00,493.00,0,27866
55572,1144,824.00,492.00,0,27875
55444,1143,815.00,505.00,0,27884
55314,1141,808.00,493.00,0,27892
55188,1139,826.00,492.00,0,27901
55062,1137,811.00,509.00,0,27911
54934,1133,807.00,491.00,0,27919
54808,1131,818.00,493.00,0,27928
54684,1129,825.00,493.00,0,27936
54560,1127,826.00,493.00,0,27945
54433,1125,819.00,493.00,0,27955
54304,1123,813.00,493.00,0,27963
54178,1121,826.00,493.00,0,27972
54053,1118,819.00,509.00,0,27981
53924,1115,809.00,493.00,0,27990
53798,1113,818.00,507.00,0,27999
53672,1111,824.00,493.00,0,28008
53546,1111,825.00,509.00,0,28016
53419,1109,811.00,509.00,0,28025
53290,1107,801.00,492.00,0,28034
53164,1104,826.00,492.00,0,28043
53038,1101,814.00,493.00,0,28052
52912,1098,811.00,493.00,0,28060
52785,1095,812.00,493.00,0,28069
52661,1093,824.00,493.00,0,28079
52536,1091,826.00,475.00,0,28087
52408,1090,813.00,493.00,0,28096
52280,1088,810.00,510.00,0,28104
52154,1086,825.00,502.00,0,28113
52028,1083,815.00,493.00,0,28123
51900,1081,810.00,493.00,0,28131
51774,1079,813.00,493.00,0,28140
51650,1078,823.00,493.00,0,28149
51524,1077,825.00,508.00,0,28157
51396,1075,811.00,493.00,0,28167
51270,1071,808.00,509.00,0,28176
51143,1069,817.00,475.00,0,28184
51016,1065,816.00,475.00,0,28193
50888,1061,816.00,493.00,0,28201
50762,1059,813.00,509.00,0,28211
50637,1058,822.00,493.00,0,28220
50511,1057,826.00,509.00,0,28228
50383,1057,810.00,492.00,0,28237
50256,1055,813.00,493.00,0,28247
50131,1053,822.00,509.00,0,28255
50005,1050,814.00,492.00,0,28264
49878,1047,826.00,502.00,0,28273
49753,1044,819.00,509.00,0,28281
49630,1042,824.00,493.00,0,28291
49503,1040,827.00,492.00,0,28299
49375,1039,816.00,492.00,0,28308
49246,1037,811.00,493.00,0,28317
49119,1034,809.00,493.00,0,28325
48992,1031,807.00,493.00,0,28335
48864,1028,826.00,509.00,0,28344
48738,1027,814.00,492.00,0,28352
48615,1025,818.00,493.00,0,28361
48489,1024,826.00,509.00,0,28369
48362,1023,821.00,492.00,0,28379
48235,1021,824.00,505.00,0,28388
48110,1019,823.00,493.00,0,28396
47984,1016,819.00,509.00,0,28405
47858,1013,826.00,509.00,0,28414
47732,1011,819.00,493.00,0,28423
47608,1009,823.00,493.00,0,28432
47482,1007,826.00,493.00,0,28441
47354,1005,819.00,493.00,0,28449
47225,1003,819.00,493.00,0,28459
47098,1001,815.00,493.00,0,28467
46970,998,816.00,510.00,0,28476
46846,995,826.00,510.00,0,28484
46725,994,812.00,475.00,0,28493
46605,993,823.00,509.00,0,28502
46483,993,826.00,493.00,0,28510
46359,991,823.00,509.00,0,28519
46236,989,823.00,493.00,0,28527
46116,987,825.00,509.00,0,28535
45993,985,825.00,509.00,0,28545
45870,981,826.00,492.00,0,28553
45749,979,824.00,509.00,0,28562
45628,976,825.00,492.00,0,28570
45505,973,826.00,509.00,0,28578
45379,972,815.00,509.00,0,28588
45252,970,805.00,508.00,0,28596
45130,969,815.00,508.00,0,28604
45004,967,813.00,509.00,0,28613
44880,965,817.00,509.00,0,28621
44758,963,815.00,493.00,0,28631
44640,961,825.00,509.00,0,28639
44519,960,826.00,493.00,0,28647
44396,959,822.00,509.00,0,28656
44272,957,819.00,509.00,0,28664
44152,953,825.00,493.00,0,28674
44030,951,826.00,492.00,0,28682
43906,947,825.00,509.00,0,28690
43784,945,822.00,493.00,0,28699
43662,943,824.00,476.00,0,28707
43541,941,826.00,492.00,0,28716
43416,940,817.00,509.00,0,28725
43290,939,809.00,492.00,0,28733
43167,937,826.00,493.00,0,28742
43042,935,814.00,509.00,0,28750
42919,932,808.00,509.00,0,28759
42796,929,819.00,493.00,0,28768
42677,927,826.00,493.00,0,28776
42557,927,827.00,509.00,0,28784
42434,925,821.00,493.00,0,28793
42310,923,820.00,493.00,0,28802
42188,921,826.00,492.00,0,28811
42066,918,820.00,509.00,0,28819
41942,915,820.00,510.00,0,28827
41819,911,826.00,492.00,0,28836
41697,909,826.00,509.00,0,28845
41576,907,826.00,509.00,0,28853
41452,905,822.00,509.00,0,28862
41326,904,816.00,509.00,0,28870
41201,902,826.00,493.00,0,28879
41078,900,810.00,492.00,0,28888
40954,897,802.00,476.00,0,28896
40831,895,824.00,509.00,0,28905
40710,893,821.00,492.00,0,28913
40592,891,823.00,493.00,0,28921
40470,891,825.00,492.00,0,28931
40346,889,825.00,492.00,0,28939
40224,887,826.00,493.00,0,28948
40102,883,822.00,492.00,0,28956
39979,881,817.00,493.00,0,28964
39856,877,826.00,509.00,0,28974
39733,875,821.00,493.00,0,28982
39612,873,824.00,492.00,0,28991
39489,871,826.00,508.00,0,28999
39363,871,822.00,509.00,0,29007
39238,869,811.00,492.00,0,29017
39115,867,817.00,509.00,0,29025
38991,863,812.00,493.00,0,29033
38868,861,826.00,492.00,0,29042
38746,858,816.00,475.00,0,29050
38626,856,823.00,510.00,0,29060
38506,855,826.00,493.00,0,29068
38383,854,823.00,509.00,0,29076
38258,853,820.00,510.00,0,29085
38137,851,826.00,510.00,0,29093
38014,848,823.00,493.00,0,29102
37891,845,822.00,475.00,0,29111
37770,843,818.00,492.00,0,29119
37649,841,824.00,493.00,0,29128
37526,839,825.00,509.00,0,29136
37403,837,817.00,510.00,0,29145
37276,835,811.00,509.00,0,29154
37153,833,826.00,509.00,0,29162
37029,831,822.00,509.00,0,29170
36905,828,813.00,509.00,0,29179
36782,825,816.00,493.00,0,29188
36663,824,823.00,493.00,0,29197
36543,823,826.00,509.00,0,29205
36420,821,821.00,509.00,0,29213
36296,820,821.00,509.00,0,29222
36174,818,826.00,493.00,0,29231
36052,815,821.00,493.00,0,29240
35928,812,822.00,509.00,0,29248
35806,809,826.00,493.00,0,29256
35686,807,826.00,493.00,0,29265
35564,805,826.00,493.00,0,29274
35440,804,826.00,509.00,0,29282
35314,803,814.00,492.00,0,29291
35190,801,826.00,502.00,0,29299
35067,799,818.00,509.00,0,29308
34943,795,807.00,492.00,0,29317
34820,793,825.00,494.00,0,29325
34700,791,826.00,492.00,0,29334
34581,790,825.00,475.00,0,29342
34459,789,824.00,492.00,0,29350
34335,788,826.00,509.00,0,29360
34212,786,826.00,495.00,0,29368
34090,783,826.00,499.00,0,29377
33967,780,824.00,509.00,0,29385
33844,777,826.00,494.00,0,29393
33724,774,826.00,493.00,0,29403
33603,772,825.00,498.00,0,29411
33480,771,826.00,495.00,0,29419
33354,769,823.00,510.00,0,29428
33229,767,822.00,508.00,0,29436
33105,765,814.00,493.00,0,29446
32980,763,806.00,492.00,0,29454
32855,760,826.00,509.00,0,29462
32734,758,820.00,493.00,0,29471
32615,756,826.00,510.00,0,29479
32494,755,826.00,493.00,0,29489
32371,753,825.00,492.00,0,29497
32248,751,820.00,493.00,0,29505
32125,749,822.00,493.00,0,29514
32001,745,823.00,502.00,0,29522
31877,741,826.00,507.00,0,29531
31756,739,822.00,491.00,0,29540
31636,737,826.00,509.00,0,29548
31514,735,826.00,509.00,0,29557
31388,733,821.00,509.00,0,29565
31262,731,808.00,493.00,0,29574
31138,729,816.00,493.00,0,29583
31014,726,820.00,509.00,0,29591
30890,723,813.00,475.00,0,29599
30768,721,812.00,492.00,0,29608
30650,719,826.00,493.00,0,29617
30531,719,826.00,493.00,0,29626
30409,718,825.00,492.00,0,29634
30286,717,824.00,493.00,0,29642
30164,715,826.00,492.00,0,29651
30041,712,826.00,493.00,0,29660
29918,709,826.00,509.00,0,29668
29796,705,825.00,509.00,0,29677
29676,703,827.00,493.00,0,29685
29556,701,826.00,492.00,0,29694
29432,699,824.00,492.00,0,29703
29304,697,820.00,509.00,0,29711
29179,695,826.00,492.00,0,29720
29053,692,815.00,510.00,0,29728
28928,689,807.00,509.00,0,29736
28804,687,817.00,492.00,0,29746
28686,685,825.00,493.00,0,29754
28566,683,827.00,492.00,0,29763
28444,683,824.00,493.00,0,29771
28320,683,819.00,493.00,0,29779
28198,681,826.00,492.00,0,29789
28076,678,823.00,492.00,0,29797
27952,675,819.00,476.00,0,29806
27830,671,826.00,492.00,0,29814
27710,668,826.00,492.00,0,29822
27591,665,826.00,509.00,0,29832
27468,663,826.00,492.00,0,29840
27342,662,825.00,509.00,0,29848
27216,660,826.00,509.00,0,29857
27090,657,807.00,493.00,0,29865
26964,655,804.00,492.00,0,29875
26840,653,826.00,509.00,0,29883
26720,651,825.00,492.00,0,29891
26603,649,825.00,492.00,0,29900
26483,649,827.00,493.00,0,29908
26360,648,826.00,509.00,0,29917
26236,647,826.00,509.00,0,29926
26114,644,825.00,509.00,0,29934
25990,641,821.00,509.00,0,29943
25866,637,825.00,492.00,0,29952
25744,633,826.00,493.00,0,29960
25626,631,826.00,509.00,0,29969
25504,629,825.00,502.00,0,29977
25378,627,824.00,509.00,0,29985
25251,626,807.00,493.00,0,29995
25126,624,807.00,493.00,0,30003
25000,621,806.00,492.00,0,30012
24876,619,819.00,493.00,0,30020
24756,617,823.00,509.00,0,30028
24640,615,825.00,509.00,0,30038
24522,615,826.00,492.00,0,30046
24400,614,826.00,509.00,0,30055
24277,613,826.00,492.00,0,30063
24154,610,826.00,509.00,0,30071
24030,607,826.00,510.00,0,30081
23904,603,819.00,493.00,0,30089
23782,599,826.00,492.00,0,30097
23663,597,827.00,476.00,0,30106
23542,595,826.00,492.00,0,30114
23417,593,824.00,509.00,0,30124
23288,591,809.00,492.00,0,30132
23162,589,826.00,493.00,0,30140
23035,587,812.00,525.00,0,30149
22910,585,807.00,493.00,0,30157
22790,583,819.00,493.00,0,30166
22674,581,826.00,492.00,0,30175
22558,580,826.00,493.00,0,30183
22438,579,826.00,493.00,0,30192
22315,579,825.00,492.00,0,30200
22192,576,825.00,493.00,0,30209
22067,573,822.00,509.00,0,30218
21942,569,822.00,509.00,0,30226
21818,565,826.00,509.00,0,30234
21698,561,826.00,493.00,0,30243
21578,558,826.00,493.00,0,30252
21455,556,826.00,492.00,0,30261
21326,555,816.00,509.00,0,30269
21200,553,826.00,509.00,0,30277
21072,551,801.00,509.00,0,30286
20946,549,797.00,509.00,0,30295
20824,547,825.00,493.00,0,30303
20709,545,825.00,492.00,0,30312
20594,544,827.00,510.00,0,30320
20478,543,826.00,493.00,0,30329
20356,543,825.00,494.00,0,30338
20232,541,826.00,509.00,0,30346
20108,537,826.00,509.00,0,30355
19982,533,823.00,509.00,0,30363
19858,529,826.00,493.00,0,30372
19736,524,826.00,493.00,0,30381
19618,521,826.00,509.00,0,30389
19495,519,826.00,509.00,0,30398
19368,517,826.00,509.00,0,30406
19238,515,806.00,509.00,0,30414
19109,513,789.00,492.00,0,30424
18982,511,791.00,493.00,0,30432
18859,510,827.00,508.00,0,30441
18742,509,825.00,492.00,0,30449
18628,507,826.00,493.00,0,30457
18515,507,826.00,493.00,0,30467
18397,507,825.00,503.00,0,30475
18274,505,826.00,509.00,0,30483
18150,503,825.00,507.00,0,30492
18024,499,826.00,503.00,0,30500
17898,495,826.00,509.00,0,30510
17776,491,826.00,486.00,0,30518
17657,487,826.00,509.00,0,30526
17536,483,826.00,493.00,0,30535
17410,481,827.00,493.00,0,30543
17280,480,807.00,509.00,0,30552
17150,478,806.00,509.00,0,30561
17022,476,792.00,506.00,0,30569
16896,475,807.00,492.00,0,30578
16778,473,823.00,499.00,0,30586
16666,472,825.00,490.00,0,30595
16554,471,827.00,493.00,0,30604
16437,471,826.00,509.00,0,30612
16314,471,826.00,493.00,0,30621
16190,469,825.00,510.00,0,30629
16064,465,825.00,498.00,0,30638
15937,462,825.00,509.00,0,30647
15812,458,825.00,509.00,0,30655
15692,454,826.00,509.00,0,30663
15573,451,826.00,492.00,0,30672
15449,449,825.00,499.00,0,30681
15320,447,822.00,510.00,0,30690
15190,445,825.00,508.00,0,30698
15060,443,792.00,492.00,0,30706
14934,441,800.00,493.00,0,30715
14814,439,826.00,493.00,0,30724
14702,438,826.00,493.00,0,30732
14592,437,826.00,493.00,0,30741
14477,437,826.00,476.00,0,30749
14352,435,826.00,509.00,0,30758
14224,434,825.00,493.00,0,30767
14096,431,826.00,510.00,0,30775
13966,428,812.00,509.00,0,30784
13840,424,825.00,493.00,0,30792
13720,420,826.00,493.00,0,30800
13603,417,826.00,492.00,0,30810
13482,414,827.00,493.00,0,30818
13356,411,826.00,509.00,0,30827
13227,409,810.00,492.00,0,30835
13098,407,798.00,509.00,0,30843
12972,405,807.00,493.00,0,30853
12852,403,826.00,493.00,0,30861
12740,402,826.00,493.00,0,30870
12632,401,826.00,475.00,0,30878
12515,401,826.00,493.00,0,30886
12389,401,826.00,509.00,0,30896
12258,400,825.00,509.00,0,30904
12127,397,809.00,509.00,0,30912
11996,395,801.00,493.00,0,30921
11868,391,826.00,492.00,0,30929
11749,386,825.00,492.00,0,30939
11634,382,825.00,492.00,0,30947
11518,378,826.00,475.00,0,30955
11395,375,826.00,509.00,0,30964
11267,372,813.00,492.00,0,30972
11138,369,814.00,509.00,0,30981
11011,367,815.00,509.00,0,30990
10892,365,826.00,492.00,0,30998
10780,363,826.00,493.00,0,31007
10674,362,825.00,492.00,0,31015
10552,362,826.00,493.00,0,31024
10424,362,826.00,492.00,0,31033
10291,361,802.00,509.00,0,31041
10156,360,803.00,509.00,0,31049
10022,357,789.00,509.00,0,31058
9894,353,797.00,476.00,0,31067
9779,349,817.00,493.00,0,31075
9670,345,826.00,509.00,0,31083
9563,341,826.00,492.00,0,31091
9450,337,826.00,509.00,0,31099
9330,333,826.00,475.00,0,31109
9208,331,826.00,475.00,0,31117
9084,327,820.00,493.00,0,31125
8964,325,826.00,493.00,0,31133
8855,324,826.00,476.00,0,31141
8750,323,826.00,476.00,0,31150
8635,323,827.00,509.00,0,31158
8512,323,826.00,526.00,0,31166
8382,324,824.00,509.00,0,31175
8249,324,783.00,509.00,0,31183
8116,324,694.00,509.00,0,31192
7990,322,786.00,509.00,0,31200
7872,318,817.00,493.00,0,31208
7762,314,826.00,493.00,0,31216
7658,308,826.00,476.00,0,31224
7551,304,826.00,492.00,0,31233
7434,300,826.00,492.00,0,31242
7308,296,823.00,493.00,0,31250
7181,292,826.00,509.00,0,31258
7056,290,815.00,509.00,0,31266
6940,286,826.00,509.00,0,31275
6834,285,826.00,476.00,0,31283
6728,284,826.00,492.00,0,31291
6610,284,827.00,526.00,0,31299
6486,284,826.00,509.00,0,31308
6354,284,815.00,509.00,0,31316
6218,284,743.00,509.00,0,31325
6087,284,620.00,509.00,0,31333
5966,282,795.00,493.00,0,31341
5853,278,826.00,492.00,0,31349
5749,274,826.00,459.00,0,31357
5648,269,826.00,493.00,0,31366
5532,264,826.00,509.00,0,31375
5408,260,826.00,494.00,0,31383
5280,254,805.00,494.00,0,31391
5152,250,813.00,493.00,0,31399
5032,246,826.00,493.00,0,31408
4925,243,826.00,475.00,0,31416
4825,240,827.00,493.00,0,31424
4710,240,826.00,493.00,0,31432
4588,240,827.00,492.00,0,31441
4463,240,826.00,509.00,0,31450
4330,241,797.00,493.00,0,31458
4194,241,765.00,509.00,0,31466
4064,242,676.00,493.00,0,31474
3945,242,796.00,493.00,0,31482
3836,239,825.00,476.00,0,31491
3736,236,826.00,476.00,0,31499
3628,231,826.00,493.00,0,31508
3508,226,825.00,510.00,0,31516
3382,221,826.00,510.00,0,31524
3253,216,804.00,509.00,0,31533
3130,210,823.00,493.00,0,31541
3018,206,826.00,493.00,0,31549
2918,202,826.00,476.00,0,31557
2808,198,826.00,493.00,0,31565
2689,196,826.00,499.00,0,31575
2567,195,826.00,509.00,0,31583
2442,195,826.00,509.00,0,31591
2309,195,794.00,493.00,0,31599
2171,195,754.00,509.00,0,31607
2042,195,763.00,477.00,0,31616
1925,195,817.00,492.00,0,31624
1822,194,826.00,475.00,0,31632
1722,191,826.00,493.00,0,31641
1607,188,825.00,509.00,0,31649
1482,183,826.00,510.00,0,31657
1352,178,812.00,493.00,0,31666
1224,172,809.00,509.00,0,31674
1103,167,819.00,493.00,0,31682
996,162,826.00,475.00,0,31690
901,156,827.00,493.00,0,31698
793,151,827.00,493.00,0,31707
678,146,826.00,493.00,0,31715
560,143,827.00,492.00,0,31723
438,140,825.00,509.00,0,31730
306,138,780.00,509.00,0,31738
170,136,518.00,509.00,0,31747
46,134,776.00,493.00,0,31755
-48,132,0.00,459.00,0,31762
-73,130,0.00,408.00,0,31770
-25,126,242.00,341.00,0,31777
59,124,794.00,358.00,0,31785
136,120,265.00,358.00,0,31794
227,116,61.00,325.00,0,31802
329,114,323.00,325.00,0,31809
441,110,483.00,308.00,0,31817
555,108,590.00,308.00,0,31825
671,108,793.00,308.00,0,31834
798,107,826.00,308.00,0,31842
935,107,825.00,308.00,0,31850
1064,107,826.00,308.00,0,31858
1181,107,825.00,325.00,0,31866
1287,107,804.00,342.00,0,31875
1382,108,596.00,358.00,0,31883
1494,109,455.00,308.00,0,31891
1612,109,744.00,326.00,0,31899
1731,109,764.00,325.00,0,31908
1853,109,809.00,308.00,0,31917
1978,109,810.00,308.00,0,31925
2092,109,704.00,341.00,0,31933
2197,109,20.00,341.00,0,31941
2310,109,335.00,308.00,0,31949
2430,110,487.00,308.00,0,31958
2551,111,578.00,325.00,0,31966
2675,114,789.00,325.00,0,31974
2805,116,826.00,308.00,0,31982
2945,120,825.00,309.00,0,31991
3079,122,826.00,308.00,0,32000
3198,126,826.00,310.00,0,32008
3302,128,783.00,342.00,0,32016
3399,130,186.00,308.00,0,32024
3513,132,461.00,308.00,0,32032
3631,133,758.00,325.00,0,32040
3750,134,795.00,325.00,0,32049
3873,135,802.00,309.00,0,32058
3993,136,795.00,308.00,0,32066
4105,136,525.00,325.00,0,32074
4214,138,170.00,325.00,0,32082
4333,139,353.00,308.00,0,32091
4453,140,521.00,309.00,0,32099
4575,143,627.00,308.00,0,32107
4697,146,751.00,308.00,0,32115
4827,150,822.00,308.00,0,32124
4963,154,825.00,291.00,0,32133
5095,158,826.00,308.00,0,32141
5214,161,824.00,325.00,0,32149
5316,164,603.00,326.00,0,32157
5418,166,234.00,325.00,0,32165
5535,167,495.00,325.00,0,32174
5653,168,747.00,342.00,0,32182
5773,170,797.00,307.00,0,32191
5895,170,807.00,308.00,0,32199
6015,170,778.00,325.00,0,32207
6127,172,516.00,324.00,0,32216
6239,173,291.00,325.00,0,32224
6357,175,325.00,325.00,0,32232
6477,178,512.00,324.00,0,32240
6599,182,662.00,308.00,0,32248
6721,186,780.00,308.00,0,32258
6849,191,813.00,308.00,0,32266
6983,196,826.00,307.00,0,32274
7113,200,826.00,309.00,0,32282
7230,204,819.00,324.00,0,32290
7334,206,524.00,325.00,0,32299
7439,208,349.00,325.00,0,32307
7557,210,573.00,308.00,0,32315
7675,210,691.00,325.00,0,32324
7795,211,801.00,325.00,0,32332
7919,212,809.00,325.00,0,32340
8038,213,763.00,316.00,0,32349
8149,214,518.00,308.00,0,32357
8263,216,434.00,325.00,0,32365
8382,218,304.00,308.00,0,32373
8502,220,557.00,308.00,0,32381
8623,224,720.00,325.00,0,32391
8745,229,796.00,325.00,0,32399
8873,234,811.00,308.00,0,32407
9001,238,816.00,308.00,0,32415
9126,242,826.00,308.00,0,32423
9240,244,806.00,325.00,0,32432
9345,245,344.00,325.00,0,32440
9455,246,826.00,325.00,0,32448
9555,247,825.00,341.00,0,32457
9643,248,825.00,342.00,0,32465
9723,248,826.00,341.00,0,32474
9800,250,825.00,341.00,0,32482
9876,251,825.00,358.00,0,32490
9950,252,825.00,358.00,0,32498
10019,254,826.00,358.00,0,32507
10081,254,825.00,358.00,0,32516
10130,256,826.00,391.00,0,32524
10165,256,825.00,391.00,0,32533
10185,257,825.00,409.00,0,32541
10189,258,825.00,408.00,0,32550
10177,258,825.00,425.00,0,32559
10151,258,825.00,425.00,0,32567
10114,258,826.00,442.00,0,32576
10069,257,825.00,442.00,0,32584
10019,256,826.00,459.00,0,32592
9967,255,826.00,442.00,0,32602
9917,254,825.00,442.00,0,32610
9868,252,826.00,458.00,0,32618
9823,252,825.00,442.00,0,32626
9781,251,826.00,442.00,0,32634
9743,250,826.00,442.00,0,32643
9707,250,825.00,425.00,0,32651
9671,250,825.00,425.00,0,32659
9635,250,826.00,442.00,0,32668
9595,250,825.00,442.00,0,32676
9551,250,825.00,442.00,0,32685
9501,250,826.00,459.00,0,32693
9441,249,826.00,459.00,0,32701
9375,247,826.00,459.00,0,32709
9298,244,826.00,476.00,0,32717
9217,240,826.00,476.00,0,32726
9132,236,826.00,475.00,0,32735
9048,232,825.00,475.00,0,32743
8969,228,825.00,459.00,0,32751
8899,224,826.00,458.00,0,32759
8841,222,826.00,442.00,0,32768
8794,222,826.00,442.00,0,32776
8757,222,825.00,443.00,0,32784
8729,225,825.00,425.00,0,32792
8709,228,825.00,409.00,0,32801
8692,231,825.00,408.00,0,32809
8681,234,825.00,425.00,0,32818
8673,238,825.00,408.00,0,32826
8667,239,826.00,409.00,0,32834
8665,240,826.00,408.00,0,32842
8664,240,825.00,408.00,0,32850
8664,239,826.00,409.00,0,32859
8668,237,825.00,408.00,0,32868
8672,235,825.00,408.00,0,32876
8679,233,825.00,408.00,0,32884
8688,231,825.00,391.00,0,32892
8698,230,825.00,408.00,0,32901
8712,229,826.00,391.00,0,32909
8728,229,826.00,392.00,0,32917
8748,229,826.00,391.00,0,32925
8772,231,826.00,391.00,0,32934
8802,232,825.00,375.00,0,32943
8835,233,825.00,375.00,0,32951
8874,233,826.00,375.00,0,32959
8914,233,826.00,375.00,0,32967
8958,233,826.00,375.00,0,32975
9002,231,826.00,375.00,0,32984
9043,229,826.00,375.00,0,32992
9080,227,825.00,391.00,0,33001
9110,227,825.00,391.00,0,33009
9134,225,826.00,391.00,0,33017
9148,225,825.00,391.00,0,33026
9152,225,825.00,409.00,0,33034
9148,225,826.00,409.00,0,33042
9134,226,825.00,409.00,0,33050
9114,227,826.00,425.00,0,33058
9090,228,825.00,442.00,0,33068
9063,229,826.00,425.00,0,33076
9036,230,825.00,425.00,0,33084
9010,230,826.00,442.00,0,33092
8986,230,827.00,442.00,0,33100
8969,230,826.00,409.00,0,33108
8956,228,825.00,425.00,0,33117
8950,227,826.00,424.00,0,33125
8948,226,826.00,408.00,0,33134
8953,226,825.00,408.00,0,33142
8964,226,825.00,391.00,0,33150
8978,226,826.00,392.00,0,33159
8996,227,825.00,392.00,0,33167
9014,227,826.00,392.00,0,33175
9034,228,826.00,392.00,0,33183
9051,229,826.00,391.00,0,33191
9066,229,825.00,391.00,0,33201
9078,229,825.00,405.00,0,33209
9084,229,825.00,391.00,0,33217
9086,229,825.00,408.00,0,33225
9085,229,825.00,409.00,0,33233
9078,228,826.00,425.00,0,33242
9068,227,826.00,420.00,0,33250
9057,227,825.00,425.00,0,33258
9043,227,826.00,408.00,0,33267
9031,227,825.00,408.00,0,33275
9019,227,825.00,409.00,0,33284
9009,227,826.00,419.00,0,33292
9002,227,826.00,425.00,0,33300
8999,228,825.00,409.00,0,33308
8998,228,826.00,409.00,0,33316
9000,228,826.00,409.00,0,33325
9004,228,825.00,394.00,0,33334
9012,228,825.00,391.00,0,33342
9020,228,825.00,392.00,0,33350
9028,227,825.00,409.00,0,33358
9037,226,825.00,408.00,0,33367
9044,226,826.00,404.00,0,33375
9050,226,826.00,391.00,0,33383
9054,226,826.00,409.00,0,33391
9056,226,825.00,408.00,0,33400
9056,226,825.00,408.00,0,33409
9054,226,825.00,408.00,0,33417
9050,226,825.00,408.00,0,33425
9045,226,825.00,409.00,0,33433
9040,226,826.00,408.00,0,33441
9034,226,825.00,408.00,0,33449
9030,226,826.00,425.00,0,33458
9026,225,825.00,408.00,0,33467
9024,225,825.00,408.00,0,33475
9023,224,825.00,408.00,0,33483
9023,224,826.00,408.00,0,33491
9024,224,826.00,391.00,0,33500
9026,224,826.00,408.00,0,33508
9029,224,825.00,409.00,0,33516
9032,224,826.00,408.00,0,33524
9035,224,826.00,408.00,0,33533
9037,224,825.00,408.00,0,33542
9039,224,825.00,409.00,0,33550
9041,224,826.00,408.00,0,33558
9041,224,826.00,408.00,0,33566
9041,224,826.00,409.00,0,33574
9041,224,826.00,409.00,0,33583
9039,223,825.00,409.00,0,33591
9037,223,826.00,408.00,0,33600
9037,223,825.00,408.00,0,33608
9035,223,825.00,408.00,0,33616
9035,223,825.00,409.00,0,33625
9035,223,826.00,408.00,0,33633
9035,223,826.00,408.00,0,33641
9035,223,826.00,408.00,0,33649
9036,223,826.00,409.00,0,33657
9036,223,825.00,409.00,0,33667
9036,223,825.00,408.00,0,33675
9036,223,825.00,408.00,0,33683
9036,223,825.00,409.00,0,33691
9036,222,826.00,409.00,0,33699
9036,222,826.00,408.00,0,33708
9036,222,825.00,408.00,0,33716
9036,222,825.00,409.00,0,33724
9036,222,825.00,409.00,0,33733
9036,222,825.00,408.00,0,33741
9036,222,825.00,408.00,0,33750
9036,222,825.00,408.00,0,33758
9036,222,826.00,408.00,0,33766
9036,222,826.00,408.00,0,33774
9036,222,826.00,409.00,0,33782
9036,222,825.00,409.00,0,33790
9036,222,826.00,409.00,0,33800
9036,222,825.00,409.00,0,33808
9036,222,825.00,409.00,0,33816
9036,222,826.00,409.00,0,33824
9036,222,826.00,409.00,0,33832
9036,222,826.00,409.00,0,33841
9036,222,825.00,409.00,0,33849
9036,222,826.00,409.00,0,33857
9036,222,826.00,409.00,0,33866
9036,222,825.00,408.00,0,33874
9036,222,825.00,409.00,0,33883
9036,222,826.00,408.00,0,33891
9036,222,825.00,409.00,0,33899
9036,222,826.00,409.00,0,33907
9036,222,825.00,409.00,0,33915
9036,222,826.00,409.00,0,33924
9036,222,825.00,408.00,0,33933
9036,222,825.00,408.00,0,33941
9036,222,826.00,409.00,0,33949
9036,222,825.00,408.00,0,33957
9036,222,826.00,409.00,0,33966
9036,222,826.00,409.00,0,33974
9036,222,825.00,408.00,0,33982
9036,222,825.00,408.00,0,33990
9036,222,826.00,408.00,0,33999
9036,222,826.00,408.00,0,34008
9036,222,825.00,408.00,0,34016
9036,222,825.00,409.00,0,34024
9036,222,826.00,409.00,0,34032
9036,222,826.00,409.00,0,34040
9036,222,825.00,409.00,0,34049
9036,222,826.00,408.00,0,34057
9036,222,826.00,409.00,0,34066
9036,222,825.00,408.00,0,34074
9036,222,825.00,409.00,0,34082
9036,222,825.00,409.00,0,34091
9036,222,825.00,409.00,0,34099
9036,222,825.00,409.00,0,34107
9036,222,826.00,408.00,0,34115
9036,222,825.00,409.00,0,34123
9036,222,826.00,408.00,0,34132
9036,222,826.00,408.00,0,34141
9036,222,825.00,408.00,0,34149
9036,222,826.00,409.00,0,34157
9036,222,825.00,409.00,0,34165
9036,222,825.00,409.00,0,34173
9036,222,826.00,409.00,0,34182
9036,222,826.00,409.00,0,34190
9036,223,826.00,408.00,0,34199
9036,223,826.00,408.00,0,34207
9036,223,825.00,409.00,0,34215
9036,223,825.00,409.00,0,34224
9036,223,825.00,409.00,0,34232
9036,223,826.00,409.00,0,34240
9036,223,826.00,409.00,0,34248
9036,223,826.00,408.00,0,34256
9036,223,825.00,408.00,0,34266
9036,223,826.00,408.00,0,34274
9036,223,825.00,408.00,0,34282
9036,223,826.00,408.00,0,34290
9036,223,826.00,408.00,0,34298
9036,223,826.00,408.00,0,34307
9036,223,826.00,409.00,0,34315
9036,224,826.00,408.00,0,34