,7027
1,-1,825.00,408.00,0,7034
1,-1,826.00,408.00,0,7041
1,-1,826.00,408.00,0,7048
1,-1,826.00,408.00,0,7055
1,-1,826.00,408.00,0,7062
1,-1,826.00,408.00,0,7069
1,-1,825.00,408.00,0,7076
1,-1,826.00,408.00,0,7084
1,-1,825.00,408.00,0,7090
1,-1,825.00,408.00,0,7097
1,-1,826.00,408.00,0,7104
1,-1,826.00,409.00,0,7111
1,-1,825.00,408.00,0,7118
1,-1,825.00,408.00,0,7126
1,-1,825.00,408.00,0,7133
1,-1,827.00,409.00,0,7139
1,-1,826.00,408.00,0,7146
1,-1,825.00,408.00,0,7153
1,-1,825.00,408.00,0,7160
1,-1,825.00,408.00,0,7168
1,-1,825.00,408.00,0,7175
1,-1,825.00,408.00,0,7182
1,-1,826.00,408.00,0,7188
1,-1,826.00,409.00,0,7195
1,-1,826.00,409.00,0,7202
1,-1,826.00,408.00,0,7209
1,-1,826.00,408.00,0,7217
1,-1,825.00,408.00,0,7224
1,-1,825.00,408.00,0,7231
1,-1,826.00,409.00,0,7237
1,-1,826.00,408.00,0,7244
1,-1,825.00,408.00,0,7251
1,-1,826.00,409.00,0,7259
1,-1,826.00,408.00,0,7266
1,-1,826.00,408.00,0,7273
1,-1,826.00,408.00,0,7280
1,-1,826.00,408.00,0,7286
1,-1,826.00,408.00,0,7293
1,-1,826.00,408.00,0,7301
1,-1,826.00,408.00,0,7308
1,-1,826.00,408.00,0,7315
1,-1,825.00,408.00,0,7322
1,-1,826.00,408.00,0,7329
1,-1,826.00,408.00,0,7335
1,-1,826.00,408.00,0,7343
1,-1,826.00,408.00,0,7350
1,-1,825.00,408.00,0,7357
1,-1,826.00,408.00,0,7364
1,-1,826.00,408.00,0,7371
1,-1,826.00,408.00,0,7378
1,-1,826.00,408.00,0,7385
1,-1,826.00,408.00,0,7392
1,-1,825.00,408.00,0,7399
1,-1,826.00,408.00,0,7406
1,-1,825.00,408.00,0,7413
1,-1,825.00,408.00,0,7420
1,-1,825.00,408.00,0,7428
1,-1,826.00,409.00,0,7434
1,-1,826.00,408.00,0,7441
1,-1,826.00,408.00,0,7448
1,-1,825.00,408.00,0,7455
1,-1,826.00,409.00,0,7462
1,-1,825.00,408.00,0,7470
1,-1,826.00,408.00,0,7477
1,-1,826.00,408.00,0,7483
1,-1,825.00,408.00,0,7490
1,-1,826.00,408.00,0,7497
1,-1,826.00,408.00,0,7504
1,-1,826.00,408.00,0,7512
1,-1,825.00,408.00,0,7519
1,-1,825.00,408.00,0,7526
1,-1,825.00,408.00,0,7532
1,-1,826.00,409.00,0,7539
1,-1,826.00,408.00,0,7546
1,-1,826.00,408.00,0,7554
1,-1,825.00,409.00,0,7561
1,-1,825.00,408.00,0,7568
1,-1,826.00,408.00,0,7575
1,-1,826.00,408.00,0,7581
1,-1,825.00,408.00,0,7588
1,-1,826.00,408.00,0,7596
1,-1,826.00,408.00,0,7603
1,-1,825.00,408.00,0,7610
1,-1,825.00,408.00,0,7617
1,-1,826.00,408.00,0,7624
1,-1,825.00,409.00,0,7630
1,-1,826.00,408.00,0,7638
1,-1,826.00,409.00,0,7645
1,-1,825.00,408.00,0,7652
1,-1,825.00,408.00,0,7659
1,-1,825.00,408.00,0,7666
1,-1,825.00,408.00,0,7672
1,-1,826.00,408.00,0,7680
1,-1,826.00,408.00,0,7687
1,-1,825.00,408.00,0,7694
1,-1,825.00,408.00,0,7701
1,-1,825.00,408.00,0,7708
1,-1,826.00,408.00,0,7715
1,-1,826.00,408.00,0,7721
1,-1,825.00,409.00,0,7729
1,-1,826.00,409.00,0,7736
1,-1,826.00,408.00,0,7743
1,-1,825.00,408.00,0,7750
1,-1,826.00,408.00,0,7757
1,-1,825.00,408.00,0,7764
1,-1,825.00,409.00,0,7771
1,-1,826.00,408.00,0,7778
1,-1,826.00,408.00,0,7785
1,-1,825.00,408.00,0,7792
1,-1,825.00,409.00,0,7799
1,-1,825.00,408.00,0,7806
1,-1,826.00,408.00,0,7814
1,-1,826.00,408.00,0,7820
1,-1,826.00,408.00,0,7827
1,-1,826.00,408.00,0,7834
1,-1,826.00,408.00,0,7841
1,-1,826.00,408.00,0,7848
1,-1,825.00,408.00,0,7856
1,-1,826.00,408.00,0,7863
1,-1,825.00,408.00,0,7869
1,-1,826.00,408.00,0,7876
1,-1,826.00,408.00,0,7883
1,-1,825.00,408.00,0,7890
1,-1,826.00,409.00,0,7898
1,-1,825.00,408.00,0,7905
1,-1,826.00,408.00,0,7912
1,-1,826.00,408.00,0,7918
1,-1,826.00,408.00,0,7925
1,-1,826.00,408.00,0,7932
1,-1,826.00,408.00,0,7940
1,-1,826.00,408.00,0,7947
1,-1,826.00,408.00,0,7954
1,-1,825.00,408.00,0,7961
1,-1,825.00,408.00,0,7967
1,-1,826.00,408.00,0,7974
1,-1,827.00,408.00,0,7982
1,-1,825.00,408.00,0,7989
1,-1,826.00,408.00,0,7996
1,-1,825.00,408.00,0,8003
1,-1,825.00,408.00,0,8010
1,-1,826.00,408.00,0,8016
1,-1,826.00,408.00,0,8024
1,-1,825.00,409.00,0,8031
1,-1,826.00,408.00,0,8038
1,-1,826.00,408.00,0,8045
1,-1,825.00,408.00,0,8052
1,-1,826.00,408.00,0,8059
1,-1,825.00,409.00,0,8066
1,-1,826.00,408.00,0,8073
1,-1,826.00,408.00,0,8080
1,-1,826.00,408.00,0,8087
1,-1,825.00,408.00,0,8094
1,-1,825.00,408.00,0,8101
1,-1,825.00,408.00,0,8109
1,-1,826.00,409.00,0,8115
1,-1,826.00,408.00,0,8122
1,-1,825.00,408.00,0,8129
1,-1,826.00,408.00,0,8136
1,-1,826.00,408.00,0,8143
1,-1,826.00,408.00,0,8151
1,-1,826.00,408.00,0,8158
2,-1,826.00,408.00,0,8164
2,-1,826.00,408.00,0,8171
2,-1,825.00,408.00,0,8178
2,-1,826.00,408.00,0,8185
2,-1,825.00,408.00,0,8193
2,-1,825.00,408.00,0,8200
2,-1,825.00,408.00,0,8207
2,-1,826.00,408.00,0,8213
2,-1,826.00,408.00,0,8220
2,-1,826.00,408.00,0,8227
2,-1,826.00,409.00,0,8235
2,-1,826.00,408.00,0,8242
2,-1,826.00,408.00,0,8249
2,-1,826.00,408.00,0,8255
2,-1,826.00,408.00,0,8262
2,-1,826.00,409.00,0,8269
2,-1,826.00,408.00,0,8276
2,-1,826.00,408.00,0,8284
2,-1,825.00,408.00,0,8291
2,-1,825.00,408.00,0,8298
2,-1,825.00,408.00,0,8304
2,-1,826.00,408.00,0,8311
2,-1,826.00,409.00,0,8318
2,-1,825.00,408.00,0,8326
2,-1,825.00,408.00,0,8333
2,-1,825.00,408.00,0,8340
2,-1,826.00,408.00,0,8347
2,-1,826.00,408.00,0,8353
2,-1,826.00,408.00,0,8360
2,-1,826.00,408.00,0,8368
2,-1,826.00,408.00,0,8375
2,-1,826.00,408.00,0,8382
2,-1,825.00,408.00,0,8389
2,-1,825.00,408.00,0,8396
2,-1,825.00,409.00,0,8402
2,-1,826.00,408.00,0,8410
2,-1,826.00,408.00,0,8417
2,-1,826.00,408.00,0,8424
2,-1,826.00,408.00,0,8431
2,-1,825.00,408.00,0,8438
2,-1,825.00,409.00,0,8445
2,-1,826.00,408.00,0,8452
2,-1,826.00,408.00,0,8459
2,-1,826.00,409.00,0,8466
2,-1,826.00,408.00,0,8473
2,-1,826.00,408.00,0,8480
2,-1,825.00,408.00,0,8487
2,-1,825.00,408.00,0,8495
2,-1,826.00,408.00,0,8501
2,-1,826.00,408.00,0,8508
2,-1,826.00,408.00,0,8515
2,-1,826.00,408.00,0,8522
2,-1,825.00,408.00,0,8529
2,-1,825.00,408.00,0,8537
2,-1,825.00,408.00,0,8544
2,-1,826.00,408.00,0,8550
2,-1,825.00,409.00,0,8557
2,-1,826.00,408.00,0,8564
2,-1,825.00,408.00,0,8571
2,-1,826.00,408.00,0,8579
2,-1,825.00,408.00,0,8586
2,-1,825.00,408.00,0,8593
2,-1,826.00,408.00,0,8599
2,-1,826.00,408.00,0,8606
2,-1,826.00,408.00,0,8613
2,-1,826.00,408.00,0,8621
2,-1,825.00,408.00,0,8628
2,-2,825.00,408.00,0,8635
2,-2,825.00,408.00,0,8642
2,-2,826.00,408.00,0,8648
2,-2,826.00,408.00,0,8655
2,-2,826.00,408.00,0,8663
2,-2,826.00,409.00,0,8670
2,-2,826.00,408.00,0,8677
2,-2,826.00,408.00,0,8684
2,-2,825.00,408.00,0,8691
2,-2,825.00,408.00,0,8697
2,-2,826.00,408.00,0,8705
2,-2,825.00,409.00,0,8712
2,-2,826.00,408.00,0,8719
2,-2,825.00,408.00,0,8726
2,-2,825.00,408.00,0,8733
2,-2,826.00,408.00,0,8740
2,-2,826.00,408.00,0,8747
2,-2,826.00,408.00,0,8754
2,-2,826.00,408.00,0,8761
2,-2,825.00,408.00,0,8768
2,-2,825.00,408.00,0,8775
2,-2,825.00,408.00,0,8782
2,-2,826.00,408.00,0,8790
2,-2,826.00,408.00,0,8796
2,-2,825.00,408.00,0,8803
2,-2,825.00,408.00,0,8810
2,-2,826.00,408.00,0,8817
2,-2,825.00,408.00,0,8824
2,-2,825.00,408.00,0,8832
2,-2,826.00,408.00,0,8838
2,-2,826.00,408.00,0,8845
2,-2,826.00,408.00,0,8852
2,-2,826.00,408.00,0,8859
2,-2,825.00,408.00,0,8866
2,-2,825.00,408.00,0,8873
2,-2,826.00,408.00,0,8881
2,-2,825.00,408.00,0,8887
2,-2,826.00,408.00,0,8894
2,-2,826.00,408.00,0,8901
2,-2,825.00,408.00,0,8908
2,-2,826.00,408.00,0,8915
2,-2,826.00,408.00,0,8923
2,-2,825.00,408.00,0,8930
2,-2,825.00,409.00,0,8936
2,-2,826.00,408.00,0,8943
2,-2,825.00,408.00,0,8950
2,-2,826.00,408.00,0,8957
2,-2,825.00,408.00,0,8965
2,-2,825.00,408.00,0,8972
2,-2,825.00,408.00,0,8979
2,-2,825.00,408.00,0,8985
2,-2,825.00,408.00,0,8992
2,-2,825.00,408.00,0,8999
2,-2,825.00,408.00,0,9007
2,-2,826.00,408.00,0,9014
2,-2,825.00,408.00,0,9021
2,-2,825.00,408.00,0,9028
2,-2,825.00,408.00,0,9034
2,-2,826.00,408.00,0,9041
2,-2,825.00,408.00,0,9049
2,-2,826.00,408.00,0,9056
2,-2,825.00,408.00,0,9063
2,-2,825.00,408.00,0,9070
2,-2,826.00,408.00,0,9077
2,-2,826.00,408.00,0,9083
2,-2,826.00,408.00,0,9091
2,-2,826.00,408.00,0,9098
2,-2,825.00,408.00,0,9105
2,-2,826.00,408.00,0,9112
2,-2,825.00,409.00,0,9119
2,-2,825.00,408.00,0,9126
2,-2,825.00,408.00,0,9133
2,-2,826.00,408.00,0,9140
2,-2,826.00,408.00,0,9147
2,-2,825.00,408.00,0,9154
2,-2,826.00,408.00,0,9161
2,-2,825.00,408.00,0,9168
2,-2,826.00,408.00,0,9176
2,-2,825.00,408.00,0,9182
2,-2,826.00,408.00,0,9189
2,-2,826.00,408.00,0,9196
2,-2,826.00,408.00,0,9203
2,-2,825.00,408.00,0,9210
2,-2,825.00,408.00,0,9218
2,-2,825.00,408.00,0,9225
2,-2,825.00,408.00,0,9231
2,-2,826.00,408.00,0,9238
2,-2,826.00,408.00,0,9245
2,-2,826.00,408.00,0,9252
2,-2,825.00,409.00,0,9260
2,-2,825.00,408.00,0,9267
2,-2,825.00,408.00,0,9274
2,-2,826.00,408.00,0,9280
2,-2,826.00,408.00,0,9287
2,-2,826.00,408.00,0,9294
2,-2,825.00,408.00,0,9302
2,-2,825.00,408.00,0,9309
2,-2,825.00,408.00,0,9316
2,-2,825.00,408.00,0,9323
2,-2,825.00,408.00,0,9329
2,-2,825.00,408.00,0,9336
2,-2,826.00,408.00,0,9344
2,-2,825.00,408.00,0,9351
2,-2,826.00,408.00,0,9358
2,-2,825.00,408.00,0,9365
2,-2,826.00,408.00,0,9372
2,-2,826.00,408.00,0,9378
2,-2,826.00,408.00,0,9385
2,-2,826.00,408.00,0,9393
2,-2,825.00,408.00,0,9400
2,-2,825.00,408.00,0,9407
2,-2,825.00,408.00,0,9414
2,-2,825.00,408.00,0,9421
2,-2,825.00,408.00,0,9427
2,-2,825.00,409.00,0,9435
2,-2,825.00,408.00,0,9442
2,-2,826.00,408.00,0,9449
2,-2,825.00,408.00,0,9456
2,-2,825.00,408.00,0,9463
2,-2,825.00,408.00,0,9469
2,-2,825.00,408.00,0,9477
2,-2,825.00,408.00,0,9484
2,-2,825.00,408.00,0,9491
2,-2,826.00,408.00,0,9498
2,-2,825.00,408.00,0,9505
2,-2,825.00,408.00,0,9512
2,-2,826.00,408.00,0,9519
2,-2,825.00,408.00,0,9526
2,-2,825.00,408.00,0,9533
2,-2,825.00,408.00,0,9540
2,-2,826.00,408.00,0,9547
2,-2,825.00,408.00,0,9554
2,-2,825.00,408.00,0,9562
2,-2,826.00,408.00,0,9568
2,-2,826.00,408.00,0,9575
2,-2,825.00,408.00,0,9582
2,-2,825.00,408.00,0,9589
2,-2,825.00,408.00,0,9596
2,-2,825.00,408.00,0,9604
2,-2,825.00,408.00,0,9611
2,-2,826.00,408.00,0,9617
2,-2,826.00,408.00,0,9624
2,-2,825.00,408.00,0,9631
2,-2,0.00,408.00,0,9638
28,-2,0.00,359.00,0,9645
97,-2,0.00,324.00,0,9652
193,-2,804.00,324.00,0,9659
296,-2,807.00,324.00,0,9666
394,-1,603.00,324.00,0,9674
496,0,724.00,307.00,0,9681
598,2,778.00,307.00,0,9689
705,2,813.00,307.00,0,9696
816,2,819.00,308.00,0,9703
925,0,811.00,308.00,0,9710
1032,-3,821.00,324.00,0,9718
1139,-4,807.00,326.00,0,9726
1240,-4,493.00,357.00,0,9734
1346,-2,558.00,324.00,0,9742
1456,2,700.00,324.00,0,9749
1564,6,730.00,325.00,0,9757
1674,9,809.00,325.00,0,9764
1788,10,814.00,308.00,0,9773
1907,8,804.00,310.00,0,9780
2020,4,825.00,308.00,0,9787
2128,-1,818.00,307.00,0,9795
2234,-4,771.00,324.00,0,9802
2336,-6,599.00,324.00,0,9810
2443,-6,596.00,324.00,0,9819
2555,-2,775.00,324.00,0,9826
2668,2,807.00,308.00,0,9834
2781,5,814.00,341.00,0,9841
2894,6,800.00,307.00,0,9848
3002,6,812.00,324.00,0,9857
3106,4,791.00,325.00,0,9864
3206,2,556.00,324.00,0,9872
3310,1,589.00,325.00,0,9879
3418,1,591.00,308.00,0,9886
3526,5,775.00,324.00,0,9894
3635,9,796.00,308.00,0,9902
3748,11,805.00,324.00,0,9910
3866,11,812.00,325.00,0,9917
3983,10,820.00,308.00,0,9925
4094,6,812.00,325.00,0,9932
4199,4,799.00,341.00,0,9940
4299,2,655.00,324.00,0,9948
4402,2,639.00,308.00,0,9955
4510,4,785.00,324.00,0,9963
4618,7,789.00,324.00,0,9970
4730,10,805.00,324.00,0,9978
4845,11,811.00,341.00,0,9986
4958,11,804.00,307.00,0,9994
5066,10,704.00,324.00,0,10001
5175,8,657.00,324.00,0,10009
5284,8,603.00,308.00,0,10017
5396,8,627.00,307.00,0,10024
5508,12,778.00,308.00,0,10033
5624,14,791.00,324.00,0,10041
5744,16,804.00,307.00,0,10049
5866,17,808.00,324.00,0,10057
5986,15,817.00,325.00,0,10065
6101,13,807.00,319.00,0,10074
6212,11,754.00,324.00,0,10081
6320,10,634.00,325.00,0,10089
6432,11,591.00,324.00,0,10097
6548,14,751.00,324.00,0,10105
6664,18,803.00,325.00,0,10114
6784,19,807.00,308.00,0,10122
6902,20,790.00,308.00,0,10130
7018,19,803.00,324.00,0,10138
7128,18,726.00,324.00,0,10145
7237,17,479.00,325.00,0,10153
7352,17,690.00,324.00,0,10162
7468,21,760.00,324.00,0,10170
7583,24,632.00,308.00,0,10178
7702,27,805.00,308.00,0,10186
7823,27,810.00,324.00,0,10194
7943,26,806.00,307.00,0,10202
8060,23,810.00,308.00,0,10210
8173,21,804.00,325.00,0,10218
8282,19,657.00,341.00,0,10226
8392,19,565.00,325.00,0,10234
8507,22,760.00,325.00,0,10243
8623,25,793.00,308.00,0,10251
8742,29,807.00,324.00,0,10259
8861,29,806.00,309.00,0,10266
8978,28,803.00,314.00,0,10274
9090,27,718.00,308.00,0,10283
9199,26,632.00,341.00,0,10291
9312,26,643.00,325.00,0,10299
9428,29,634.00,324.00,0,10307
9543,33,730.00,309.00,0,10315
9660,36,802.00,324.00,0,10323
9780,38,809.00,307.00,0,10331
9900,38,796.00,324.00,0,10339
10018,36,812.00,325.00,0,10347
10136,33,809.00,341.00,0,10356
10250,32,575.00,307.00,0,10364
10364,32,636.00,308.00,0,10373
10482,34,725.00,307.00,0,10381
10600,38,720.00,307.00,0,10389
10722,41,802.00,308.00,0,10397
10846,42,802.00,333.00,0,10405
10966,42,806.00,308.00,0,10414
11082,41,729.00,325.00,0,10423
11196,40,655.00,324.00,0,10431
11314,39,659.00,325.00,0,10439
11432,41,642.00,325.00,0,10447
11550,45,734.00,325.00,0,10456
11672,48,800.00,308.00,0,10464
11796,49,811.00,325.00,0,10472
11920,49,794.00,308.00,0,10480
12040,47,808.00,308.00,0,10489
12156,45,802.00,326.00,0,10498
12269,43,605.00,308.00,0,10506
12385,43,642.00,327.00,0,10514
12504,47,764.00,325.00,0,10522
12624,50,775.00,308.00,0,10530
12746,53,784.00,308.00,0,10539
12868,53,798.00,325.00,0,10547
12987,53,801.00,308.00,0,10556
13102,51,679.00,325.00,0,10564
13217,50,600.00,308.00,0,10572
13336,50,707.00,308.00,0,10580
13455,54,702.00,324.00,0,10589
13574,57,654.00,341.00,0,10597
13696,60,801.00,307.00,0,10605
13820,62,807.00,308.00,0,10613
13942,62,799.00,308.00,0,10622
14062,61,795.00,308.00,0,10631
14176,59,777.00,307.00,0,10639
14291,58,648.00,324.00,0,10647
14408,58,616.00,341.00,0,10655
14528,62,736.00,308.00,0,10663
14647,66,798.00,325.00,0,10672
14770,68,804.00,326.00,0,10680
14890,68,788.00,308.00,0,10689
15009,68,799.00,325.00,0,10697
15124,67,703.00,308.00,0,10705
15240,66,547.00,341.00,0,10714
15360,66,700.00,308.00,0,10722
15478,70,734.00,325.00,0,10730
15598,74,709.00,342.00,0,10738
15720,76,802.00,341.00,0,10746
15842,78,806.00,324.00,0,10756
15964,78,802.00,324.00,0,10764
16081,77,762.00,324.00,0,10772
16196,76,722.00,341.00,0,10780
16313,76,685.00,324.00,0,10788
16431,78,637.00,325.00,0,10797
16549,81,682.00,308.00,0,10805
16670,84,805.00,325.00,0,10813
16792,87,804.00,325.00,0,10822
16914,88,779.00,307.00,0,10830
17031,88,787.00,341.00,0,10839
17146,87,725.00,307.00,0,10847
17264,87,642.00,307.00,0,10855
17382,87,668.00,308.00,0,10863
17501,91,732.00,308.00,0,10871
17620,95,764.00,308.00,0,10880
17742,97,795.00,341.00,0,10889
17865,99,800.00,324.00,0,10897
17986,99,801.00,325.00,0,10905
18102,98,725.00,325.00,0,10913
18217,97,653.00,325.00,0,10921
18336,97,723.00,308.00,0,10930
18454,99,666.00,325.00,0,10938
18572,103,622.00,325.00,0,10947
18698,106,802.00,308.00,0,10955
18823,109,808.00,324.00,0,10963
18946,109,793.00,307.00,0,10973
19066,109,620.00,308.00,0,10981
19187,109,731.00,324.00,0,10990
19310,109,703.00,308.00,0,10998
19431,110,612.00,325.00,0,11006
19554,114,696.00,325.00,0,11016
19679,118,801.00,341.00,0,11024
19805,120,809.00,341.00,0,11032
19930,120,789.00,325.00,0,11041
20050,120,746.00,324.00,0,11049
20170,119,745.00,325.00,0,11059
20292,118,689.00,324.00,0,11067
20413,119,589.00,308.00,0,11075
20536,122,698.00,325.00,0,11084
20660,126,792.00,308.00,0,11092
20785,128,802.00,325.00,0,11101
20910,130,745.00,308.00,0,11110
21030,130,732.00,307.00,0,11118
21152,130,751.00,325.00,0,11127
21273,130,645.00,307.00,0,11136
21395,130,619.00,308.00,0,11144
21518,133,737.00,325.00,0,11153
21642,136,795.00,326.00,0,11161
21768,139,798.00,309.00,0,11170
21892,140,777.00,307.00,0,11179
22013,140,782.00,325.00,0,11187
22133,139,748.00,341.00,0,11196
22256,138,534.00,308.00,0,11204
22378,138,681.00,325.00,0,11212
22500,140,713.00,308.00,0,11222
22623,144,746.00,308.00,0,11230
22748,147,735.00,307.00,0,11239
22873,148,788.00,307.00,0,11247
22994,149,780.00,324.00,0,11255
23114,149,673.00,325.00,0,11265
23236,149,613.00,308.00,0,11273
23360,149,716.00,325.00,0,11281
23482,152,716.00,307.00,0,11290
23604,155,689.00,308.00,0,11298
23730,158,777.00,325.00,0,11308
23855,160,795.00,325.00,0,11316
23978,160,794.00,324.00,0,11324
24096,160,654.00,324.00,0,11333
24218,159,678.00,325.00,0,11341
24340,159,729.00,308.00,0,11350
24464,162,678.00,324.00,0,11359
24586,165,538.00,325.00,0,11367
24711,168,795.00,308.00,0,11376
24836,170,800.00,307.00,0,11384
24958,171,758.00,325.00,0,11393
25078,172,553.00,307.00,0,11402
25200,172,741.00,341.00,0,11410
25322,172,723.00,308.00,0,11419
25444,174,656.00,325.00,0,11427
25567,177,616.00,309.00,0,11436
25692,180,798.00,307.00,0,11445
25817,182,801.00,325.00,0,11453
25940,183,767.00,324.00,0,11461
26060,183,630.00,307.00,0,11470
26182,183,745.00,308.00,0,11479
26305,183,724.00,308.00,0,11488
26426,185,581.00,324.00,0,11496
26549,188,676.00,324.00,0,11504
26674,191,798.00,308.00,0,11513
26798,194,800.00,308.00,0,11522
26922,195,691.00,324.00,0,11530
27042,195,673.00,325.00,0,11539
27163,195,747.00,325.00,0,11547
27286,196,675.00,307.00,0,11556
27408,197,577.00,325.00,0,11565
27530,201,711.00,341.00,0,11573
27655,204,802.00,325.00,0,11582
27780,206,801.00,308.00,0,11590
27903,207,713.00,308.00,0,11598
28026,208,744.00,325.00,0,11608
28146,208,746.00,324.00,0,11616
28268,208,670.00,308.00,0,11625
28390,209,638.00,324.00,0,11633
28512,211,700.00,308.00,0,11641
28636,215,783.00,325.00,0,11651
28761,217,785.00,324.00,0,11659
28884,219,755.00,325.00,0,11668
29006,220,741.00,319.00,0,11676
29127,220,709.00,324.00,0,11684
29250,220,565.00,314.00,0,11694
29372,221,671.00,314.00,0,11702
29495,224,715.00,308.00,0,11710
29618,227,735.00,340.00,0,11719
29742,230,742.00,324.00,0,11727
29867,231,790.00,325.00,0,11737
29988,233,774.00,324.00,0,11745
30110,233,672.00,308.00,0,11753
30232,233,633.00,325.00,0,11762
30355,233,724.00,324.00,0,11770
30476,235,695.00,314.00,0,11779
30598,238,643.00,308.00,0,11788
30724,241,765.00,324.00,0,11796
30848,243,786.00,325.00,0,11805
30970,244,738.00,325.00,0,11813
31090,245,636.00,325.00,0,11822
31214,245,708.00,325.00,0,11831
31336,246,724.00,324.00,0,11839
31458,249,663.00,325.00,0,11847
31581,251,558.00,323.00,0,11856
31706,254,793.00,325.00,0,11865
31830,257,795.00,325.00,0,11874
31952,257,723.00,325.00,0,11882
32073,257,603.00,324.00,0,11890
32195,257,754.00,325.00,0,11899
32318,258,725.00,308.00,0,11908
32440,260,611.00,325.00,0,11917
32562,263,599.00,308.00,0,11925
32687,266,787.00,291.00,0,11933
32812,269,795.00,307.00,0,11942
32933,270,655.00,307.00,0,11951
33054,271,660.00,341.00,0,11959
33176,271,764.00,324.00,0,11968
33299,272,713.00,325.00,0,11976
33422,274,582.00,307.00,0,11985
33544,277,675.00,324.00,0,11994
33668,279,797.00,324.00,0,12002
33793,282,797.00,309.00,0,12011
33916,283,642.00,308.00,0,12019
34036,283,687.00,325.00,0,12027
34159,283,765.00,325.00,0,12037
34281,284,689.00,325.00,0,12045
34403,286,665.00,308.00,0,12054
34526,289,683.00,324.00,0,12062
34650,291,782.00,307.00,0,12070
34774,295,769.00,308.00,0,12080
34897,296,666.00,324.00,0,12088
35018,297,716.00,325.00,0,12096
35140,298,742.00,307.00,0,12105
35262,299,686.00,326.00,0,12113
35386,300,644.00,325.00,0,12123
35508,303,716.00,308.00,0,12131
35632,306,756.00,324.00,0,12139
35756,309,653.00,308.00,0,12148
35879,311,739.00,324.00,0,12156
36001,311,744.00,325.00,0,12165
36122,312,706.00,308.00,0,12174
36245,313,593.00,308.00,0,12182
36368,313,694.00,325.00,0,12191
36489,316,711.00,325.00,0,12199
36612,319,664.00,308.00,0,12208
36737,321,715.00,309.00,0,12217
36861,323,766.00,325.00,0,12225
36982,325,721.00,324.00,0,12234
37104,326,645.00,307.00,0,12242
37226,327,635.00,325.00,0,12251
37350,329,705.00,307.00,0,12260
37472,331,704.00,325.00,0,12268
37594,333,653.00,341.00,0,12276
37718,336,758.00,324.00,0,12285
37842,338,786.00,308.00,0,12294
37964,339,709.00,308.00,0,12303
38086,340,631.00,324.00,0,12311
38209,341,710.00,324.00,0,12319
38331,341,717.00,325.00,0,12328
38453,343,646.00,324.00,0,12337
38575,347,570.00,325.00,0,12345
38700,349,789.00,324.00,0,12354
38824,353,796.00,341.00,0,12362
38946,355,666.00,324.00,0,12371
39068,355,590.00,308.00,0,12380
39191,355,735.00,308.00,0,12388
39313,357,713.00,325.00,0,12397
39435,359,594.00,324.00,0,12405
39558,361,605.00,308.00,0,12413
39682,363,788.00,324.00,0,12423
39806,367,794.00,325.00,0,12431
39928,368,649.00,341.00,0,12440
40050,369,666.00,324.00,0,12448
40173,370,758.00,307.00,0,12456
40296,371,705.00,325.00,0,12466
40418,373,562.00,325.00,0,12474
40540,375,651.00,325.00,0,12483
40663,377,785.00,325.00,0,12491
40788,380,761.00,308.00,0,12499
40910,382,640.00,325.00,0,12509
41031,383,690.00,341.00,0,12517
41154,385,760.00,308.00,0,12525
41277,385,667.00,307.00,0,12534
41399,387,673.00,324.00,0,12542
41522,391,694.00,308.00,0,12552
41645,393,762.00,324.00,0,12560
41770,395,744.00,325.00,0,12568
41892,397,667.00,325.00,0,12577
42013,399,727.00,324.00,0,12585
42136,399,745.00,341.00,0,12594
42258,400,519.00,324.00,0,12603
42381,401,658.00,308.00,0,12611
42504,403,684.00,307.00,0,12620
42626,406,700.00,324.00,0,12628
42750,409,643.00,325.00,0,12637
42873,411,704.00,325.00,0,12646
42996,413,712.00,308.00,0,12654
43118,415,704.00,325.00,0,12662
43240,416,617.00,325.00,0,12672
43362,417,694.00,323.00,0,12680
43485,420,684.00,324.00,0,12689
43608,422,650.00,321.00,0,12697
43732,425,704.00,308.00,0,12705
43856,427,750.00,317.00,0,12715
43978,428,697.00,325.00,0,12723
44100,429,645.00,326.00,0,12732
44222,431,671.00,324.00,0,12740
44345,432,714.00,325.00,0,12748
44466,434,659.00,324.00,0,12758
44590,437,649.00,325.00,0,12766
44714,439,745.00,324.00,0,12774
44838,441,771.00,325.00,0,12783
44959,443,660.00,325.00,0,12791
45081,445,535.00,308.00,0,12801
45204,445,712.00,324.00,0,12809
45326,447,728.00,324.00,0,12817
45448,449,633.00,339.00,0,12826
45570,453,565.00,316.00,0,12834
45695,455,783.00,325.00,0,12843
45820,458,788.00,325.00,0,12852
45941,460,635.00,307.00,0,12860
46064,461,608.00,311.00,0,12869
46186,462,744.00,307.00,0,12877
46309,463,708.00,324.00,0,12886
46430,465,580.00,341.00,0,12895
46552,467,622.00,312.00,0,12903
46677,470,782.00,307.00,0,12911
46800,473,786.00,324.00,0,12920
46923,475,590.00,324.00,0,12929
47045,477,660.00,319.00,0,12938
47168,479,739.00,307.00,0,12946
47290,480,684.00,325.00,0,12954
47412,481,542.00,308.00,0,12963
47535,483,655.00,317.00,0,12972
47658,486,785.00,341.00,0,12980
47782,488,758.00,341.00,0,12989
47904,490,704.00,323.00,0,12997
48028,491,684.00,308.00,0,13006
48150,493,746.00,325.00,0,13015
48272,495,650.00,325.00,0,13023
48394,497,606.00,325.00,0,13032
48517,499,661.00,308.00,0,13040
48640,502,729.00,308.00,0,13049
48764,505,703.00,325.00,0,13058
48886,507,667.00,342.00,0,13066
49008,507,708.00,325.00,0,13075
49132,509,709.00,325.00,0,13083
49254,510,525.00,308.00,0,13091
49376,512,631.00,307.00,0,13101
49499,515,682.00,308.00,0,13109
49622,517,663.00,308.00,0,13118
49746,520,637.00,308.00,0,13126
49870,523,710.00,324.00,0,13134
49990,524,710.00,325.00,0,13144
50112,525,675.00,308.00,0,13152
50236,527,614.00,325.00,0,13160
50358,527,696.00,325.00,0,13169
50480,530,653.00,308.00,0,13177
50603,533,614.00,324.00,0,13187
50728,535,685.00,325.00,0,13195
50850,539,741.00,306.00,0,13203
50972,541,674.00,325.00,0,13212
51094,543,634.00,341.00,0,13220
51216,544,684.00,308.00,0,13229
51340,545,712.00,308.00,0,13238
51462,547,657.00,324.00,0,13246
51584,549,488.00,308.00,0,13255
51709,552,734.00,307.00,0,13263
51832,554,766.00,325.00,0,13272
51954,557,639.00,325.00,0,13281
52076,558,542.00,324.00,0,13289
52200,559,725.00,326.00,0,13297
52322,561,727.00,325.00,0,13306
52444,563,617.00,324.00,0,13315
52566,566,562.00,325.00,0,13324
52691,569,766.00,307.00,0,13332
52814,571,768.00,324.00,0,13340
52936,573,592.00,308.00,0,13349
53058,575,606.00,308.00,0,13358
53181,577,742.00,308.00,0,13367
53304,579,699.00,325.00,0,13375
53426,581,579.00,324.00,0,13383
53548,584,625.00,325.00,0,13392
53672,587,763.00,325.00,0,13401
53796,589,745.00,308.00,0,13409
53918,591,590.00,325.00,0,13418
54040,593,645.00,325.00,0,13426
54164,594,747.00,324.00,0,13435
54286,595,671.00,308.00,0,13444
54408,597,594.00,341.00,0,13452
54530,601,652.00,325.00,0,13461
54653,603,755.00,307.00,0,13469
54778,605,719.00,325.00,0,13477
54900,608,585.00,324.00,0,13487
55022,610,687.00,308.00,0,13495
55144,611,731.00,308.00,0,13504
55268,613,635.00,308.00,0,13512
55390,615,612.00,325.00,0,13520
55512,617,675.00,341.00,0,13530
55635,620,711.00,308.00,0,13538
55759,623,626.00,324.00,0,13546
55882,626,650.00,309.00,0,13555
56004,628,682.00,308.00,0,13563
56126,630,705.00,308.00,0,13573
56250,631,543.00,325.00,0,13581
56372,633,654.00,325.00,0,13589
56494,635,685.00,325.00,0,13598
56616,637,653.00,341.00,0,13606
56741,640,660.00,341.00,0,13616
56863,642,694.00,325.00,0,13624
56986,645,681.00,325.00,0,13632
57108,647,635.00,308.00,0,13641
57231,649,602.00,324.00,0,13649
57354,651,683.00,308.00,0,13658
57476,653,650.00,325.00,0,13667
57598,655,606.00,325.00,0,13675
57722,657,699.00,315.00,0,13684
57846,659,737.00,308.00,0,13692
57967,661,654.00,308.00,0,13701
58090,663,608.00,320.00,0,13710
58213,666,655.00,325.00,0,13718
58336,669,706.00,324.00,0,13726
58458,671,612.00,308.00,0,13735
58580,674,503.00,324.00,0,13744
58704,677,726.00,319.00,0,13753
58828,679,741.00,318.00,0,13761
58949,681,624.00,341.00,0,13769
59071,682,557.00,312.00,0,13778
59194,683,712.00,325.00,0,13787
59317,685,689.00,312.00,0,13795
59440,688,570.00,322.00,0,13804
59562,691,565.00,325.00,0,13812
59686,695,739.00,308.00,0,13821
59810,697,737.00,307.00,0,13830
59931,701,578.00,309.00,0,13838
60054,703,624.00,325.00,0,13847
60176,704,740.00,335.00,0,13855
60299,705,693.00,325.00,0,13864
60421,707,515.00,307.00,0,13873
60543,709,619.00,325.00,0,13881
60668,711,744.00,322.00,0,13890
60792,715,721.00,321.00,0,13898
60912,717,550.00,308.00,0,13906
61035,719,642.00,325.00,0,13916
61158,721,736.00,325.00,0,13924
61280,723,640.00,308.00,0,13933
61402,725,587.00,325.00,0,13941
61526,727,643.00,325.00,0,13949
61649,730,710.00,307.00,0,13959
61772,733,683.00,307.00,0,13967
61895,735,577.00,325.00,0,13975
62017,738,662.00,324.00,0,13984
62140,741,726.00,326.00,0,13992
62262,743,710.00,324.00,0,14002
62384,745,625.00,324.00,0,14010
62507,747,658.00,308.00,0,14018
62630,749,685.00,308.00,0,14027
62754,751,574.00,308.00,0,14035
62877,753,650.00,325.00,0,14044
62999,755,664.00,308.00,0,14053
63121,757,660.00,308.00,0,14061
63244,760,555.00,324.00,0,14070
63367,763,682.00,341.00,0,14078
63488,765,673.00,323.00,0,14087
63611,768,625.00,308.00,0,14096
63736,771,635.00,324.00,0,14104
63859,773,699.00,308.00,0,14113
63981,774,640.00,308.00,0,14121
64103,776,609.00,325.00,0,14130
64226,778,613.00,324.00,0,14139
64349,780,671.00,308.00,0,14147
64471,783,663.00,341.00,0,14155
64593,787,597.00,308.00,0,14164
64717,789,696.00,308.00,0,14173
64840,793,739.00,308.00,0,14182
64963,795,642.00,307.00,0,14190
65085,797,620.00,308.00,0,14198
65208,798,680.00,325.00,0,14208
65331,799,679.00,308.00,0,14216
65453,801,586.00,324.00,0,14224
65575,803,515.00,341.00,0,14233
65698,806,712.00,341.00,0,14241
65822,809,726.00,308.00,0,14251
65944,812,595.00,324.00,0,14259
66066,815,557.00,306.00,0,14267
66190,817,706.00,325.00,0,14276
66313,820,685.00,325.00,0,14284
66435,823,565.00,325.00,0,14292
66558,825,571.00,324.00,0,14302
66681,828,749.00,325.00,0,14310
66804,830,748.00,341.00,0,14319
66926,833,548.00,308.00,0,14327
67048,835,626.00,324.00,0,14336
67172,837,727.00,325.00,0,14345
67294,839,650.00,325.00,0,14353
67416,841,513.00,325.00,0,14361
67539,843,604.00,324.00,0,14370
67662,846,730.00,325.00,0,14379
67786,849,695.00,308.00,0,14388
67908,851,614.00,341.00,0,14396
68030,854,653.00,325.00,0,14404
68153,857,705.00,308.00,0,14413
68276,859,618.00,308.00,0,14422
68399,861,540.00,308.00,0,14431
68520,863,626.00,308.00,0,14439
68644,866,692.00,307.00,0,14447
68768,868,665.00,307.00,0,14456
68890,871,591.00,325.00,0,14465
69012,873,667.00,341.00,0,14473
69135,875,691.00,324.00,0,14482
69257,877,470.00,307.00,0,14490
69380,880,601.00,308.00,0,14499
69503,883,648.00,325.00,0,14508
69626,886,650.00,325.00,0,14516
69750,889,564.00,325.00,0,14525
69872,891,627.00,324.00,0,14533
69994,893,664.00,308.00,0,14541
70117,895,653.00,324.00,0,14551
70240,897,558.00,324.00,0,14559
70362,899,651.00,307.00,0,14568
70484,902,636.00,325.00,0,14576
70607,905,573.00,308.00,0,14584
70731,908,633.00,309.00,0,14594
70854,911,678.00,308.00,0,14602
70976,914,634.00,325.00,0,14610
71098,917,593.00,307.00,0,14619
71222,919,649.00,325.00,0,14627
71344,921,685.00,325.00,0,14637
71466,923,620.00,308.00,0,14645
71589,925,606.00,308.00,0,14653
71713,927,656.00,325.00,0,14662
71836,930,705.00,341.00,0,14670
71958,933,588.00,324.00,0,14680
72080,935,626.00,324.00,0,14688
72204,938,673.00,325.00,0,14696
72326,941,694.00,325.00,0,14705
72448,945,596.00,341.00,0,14713
72570,947,518.00,325.00,0,14722
72694,950,721.00,325.00,0,14731
72818,953,723.00,325.00,0,14739
72940,955,563.00,324.00,0,14748
73062,957,565.00,309.00,0,14756
73186,959,695.00,325.00,0,14765
73308,961,671.00,325.00,0,14774
73430,963,543.00,325.00,0,14782
73552,965,565.00,325.00,0,14790
73676,968,713.00,307.00,0,14799
73799,971,694.00,325.00,0,14808
73921,973,514.00,308.00,0,14817
74042,977,598.00,307.00,0,14825
74165,979,718.00,325.00,0,14833
74288,982,634.00,325.00,0,14842
74410,985,516.00,307.00,0,14851
74532,987,619.00,341.00,0,14859
74655,990,722.00,325.00,0,14868
74780,992,670.00,309.00,0,14876
74901,994,524.00,308.00,0,14885
75024,995,638.00,325.00,0,14894
75146,997,695.00,312.00,0,14902
75270,999,591.00,307.00,0,14911
75392,1002,540.00,307.00,0,14919
75518,1005,624.00,325.00,0,14928
75645,1009,667.00,308.00,0,14938
75772,1013,652.00,325.00,0,14946
75898,1015,526.00,325.00,0,14955
76024,1019,624.00,325.00,0,14964
76150,1021,708.00,325.00,0,14972
76277,1023,618.00,325.00,0,14982
76403,1025,583.00,308.00,0,14990
76529,1028,615.00,341.00,0,14999
76656,1031,707.00,341.00,0,15008
76784,1035,660.00,324.00,0,15016
76909,1037,532.00,308.00,0,15026
77036,1041,603.00,307.00,0,15035
77163,1043,707.00,325.00,0,15043
77290,1045,633.00,308.00,0,15052
77415,1048,490.00,307.00,0,15062
77541,1051,574.00,307.00,0,15070
77668,1053,720.00,325.00,0,15079
77796,1056,676.00,325.00,0,15087
77922,1059,508.00,325.00,0,15096
78048,1061,583.00,311.00,0,15106
78174,1064,704.00,308.00,0,15114
78300,1066,639.00,325.00,0,15123
78426,1069,501.00,325.00,0,15132
78552,1071,556.00,341.00,0,15140
78680,1075,707.00,308.00,0,15150
78808,1079,699.00,325.00,0,15158
78932,1082,532.00,307.00,0,15167
79059,1085,557.00,324.00,0,15176
79186,1087,687.00,324.00,0,15184
79312,1090,651.00,325.00,0,15194
79438,1092,555.00,308.00,0,15203
79564,1094,493.00,325.00,0,15211
79691,1096,674.00,308.00,0,15220
79818,1099,687.00,308.00,0,15229
79944,1102,546.00,324.00,0,15238
80070,1105,503.00,308.00,0,15247
80197,1109,669.00,342.00,0,15255
80324,1113,676.00,324.00,0,15264
80450,1116,577.00,308.00,0,15273
80576,1119,463.00,325.00,0,15282
80704,1121,670.00,308.00,0,15291
80830,1123,690.00,324.00,0,15300
80956,1125,560.00,307.00,0,15308
81082,1127,597.00,324.00,0,15318
81209,1130,622.00,325.00,0,15326
81336,1133,660.00,319.00,0,15335
81462,1137,590.00,308.00,0,15344
81588,1141,585.00,325.00,0,15352
81714,1144,652.00,325.00,0,15362
81842,1147,675.00,325.00,0,15371
81967,1149,603.00,325.00,0,15379
82094,1151,557.00,342.00,0,15388
82220,1153,591.00,325.00,0,15397
82346,1155,631.00,307.00,0,15406
82472,1159,586.00,307.00,0,15415
82598,1162,536.00,325.00,0,15423
82726,1166,615.00,307.00,0,15432
82853,1169,647.00,308.00,0,15441
82979,1172,618.00,307.00,0,15450
83105,1175,574.00,308.00,0,15459
83232,1177,542.00,308.00,0,15468
83358,1179,624.00,324.00,0,15476
83484,1181,627.00,325.00,0,15485
83610,1184,561.00,325.00,0,15494
83737,1187,551.00,341.00,0,15503
83864,1190,619.00,325.00,0,15512
83990,1193,629.00,333.00,0,15520
84116,1197,619.00,325.00,0,15529
84244,1200,502.00,307.00,0,15539
84370,1203,592.00,325.00,0,15547
84495,1207,604.00,308.00,0,15556
84622,1209,584.00,308.00,0,15565
84750,1212,521.00,324.00,0,15574
84876,1214,574.00,325.00,0,15583
85002,1217,618.00,325.00,0,15591
85128,1219,641.00,307.00,0,15600
85254,1222,437.00,307.00,0,15609
85381,1225,561.00,325.00,0,15618
85507,1229,619.00,324.00,0,15627
85634,1232,636.00,325.00,0,15636
85761,1235,624.00,342.00,0,15644
85888,1237,525.00,324.00,0,15653
86013,1240,618.00,325.00,0,15663
86140,1243,648.00,325.00,0,15671
86266,1245,566.00,324.00,0,15680
86392,1248,513.00,308.00,0,15688
86518,1251,582.00,308.00,0,15697
86646,1255,646.00,325.00,0,15707
86773,1259,622.00,324.00,0,15715
86900,1263,485.00,325.00,0,15724
87025,1267,607.00,325.00,0,15733
87152,1269,682.00,308.00,0,15741
87278,1272,602.00,324.00,0,15751
87404,1275,507.00,325.00,0,15759
87530,1277,592.00,325.00,0,15768
87657,1279,666.00,325.00,0,15777
87784,1281,633.00,323.00,0,15785
87910,1284,496.00,322.00,0,15795
88036,1287,559.00,308.00,0,15804
88164,1290,663.00,325.00,0,15812
88290,1294,588.00,308.00,0,15821
88416,1297,484.00,325.00,0,15831
88541,1301,522.00,307.00,0,15839
88669,1305,685.00,325.00,0,15848
88796,1307,640.00,308.00,0,15856
88922,1310,484.00,324.00,0,15865
89047,1313,546.00,308.00,0,15875
89174,1315,663.00,319.00,0,15883
89301,1318,623.00,341.00,0,15892
89426,1321,499.00,325.00,0,15901
89553,1325,512.00,324.00,0,15909
89680,1329,669.00,325.00,0,15919
89808,1333,635.00,307.00,0,15928
89933,1335,487.00,324.00,0,15936
90060,1339,506.00,308.00,0,15945
90186,1341,663.00,325.00,0,15953
90314,1345,634.00,325.00,0,15963
90439,1347,513.00,325.00,0,15972
90565,1351,471.00,307.00,0,15980
90692,1355,673.00,325.00,0,15989
90818,1358,664.00,325.00,0,15998
90944,1361,532.00,324.00,0,16007
91071,1364,501.00,341.00,0,16016
91198,1367,639.00,325.00,0,16024
91324,1369,626.00,324.00,0,16033
91450,1371,535.00,308.00,0,16043
91576,1374,409.00,325.00,0,16051
91704,1377,624.00,325.00,0,16060
91831,1379,640.00,325.00,0,16069
91956,1383,531.00,324.00,0,16077
92082,1386,527.00,307.00,0,16087
92209,1389,595.00,308.00,0,16096
92336,1393,621.00,324.00,0,16104
92462,1397,549.00,325.00,0,16113
92588,1399,579.00,307.00,0,16121
92715,1402,607.00,325.00,0,16131
92842,1405,642.00,332.00,0,16140
92968,1407,552.00,341.00,0,16148
93094,1409,537.00,342.00,0,16157
93220,1411,571.00,325.00,0,16166
93348,1413,603.00,324.00,0,16175
93473,1417,550.00,324.00,0,16184
93597,1421,516.00,324.00,0,16193
93725,1425,554.00,324.00,0,16201
93852,1429,608.00,324.00,0,16210
93978,1433,569.00,325.00,0,16219
94104,1436,554.00,307.00,0,16228
94231,1439,520.00,325.00,0,16237
94357,1441,593.00,324.00,0,16245
94482,1443,588.00,308.00,0,16254
94608,1447,526.00,323.00,0,16264
94736,1450,535.00,307.00,0,16272
94863,1454,586.00,325.00,0,16281
94989,1458,590.00,325.00,0,16289
95116,1461,572.00,325.00,0,16299
95242,1465,461.00,308.00,0,16308
95368,1467,555.00,307.00,0,16316
95494,1469,567.00,308.00,0,16325
95620,1473,548.00,308.00,0,16334
95748,1475,466.00,326.00,0,16343
95874,1478,537.00,324.00,0,16352
96000,1481,580.00,325.00,0,16361
96127,1485,601.00,308.00,0,16369
96253,1489,406.00,325.00,0,16378
96380,1491,536.00,324.00,0,16387
96506,1495,572.00,324.00,0,16396
96632,1497,596.00,325.00,0,16405
96760,1501,570.00,324.00,0,16413
96886,1503,506.00,308.00,0,16422
97012,1507,565.00,308.00,0,16432
97139,1509,640.00,307.00,0,16440
97265,1513,546.00,307.00,0,16449
97391,1515,476.00,308.00,0,16457
97517,1519,550.00,324.00,0,16466
97642,1522,611.00,324.00,0,16476
97770,1525,572.00,308.00,0,16484
97896,1527,447.00,308.00,0,16493
98022,1531,556.00,307.00,0,16502
98148,1533,634.00,307.00,0,16510
98274,1537,542.00,307.00,0,16520
98401,1540,514.00,324.00,0,16529
98526,1543,544.00,341.00,0,16537
98654,1547,637.00,325.00,0,16546
98782,1551,597.00,307.00,0,16555
98907,1554,460.00,307.00,0,16564
99033,1557,528.00,321.00,0,16573
99160,1561,642.00,325.00,0,16581
99287,1563,576.00,325.00,0,16590
99412,1567,440.00,308.00,0,16600
99538,1569,490.00,307.00,0,16608
99666,1573,613.00,307.00,0,16617
99792,1575,603.00,308.00,0,16626
99918,1579,436.00,307.00,0,16634
100044,1582,527.00,308.00,0,16644
100176,1586,625.00,325.00,0,16653
100306,1589,576.00,308.00,0,16662
100436,1594,470.00,308.00,0,16671
100565,1597,420.00,325.00,0,16680
100696,1601,618.00,324.00,0,16689
100827,1603,597.00,307.00,0,16698
100956,1607,489.00,325.00,0,16707
101086,1609,521.00,324.00,0,16716
101216,1613,538.00,324.00,0,16726
101347,1617,567.00,323.00,0,16735
101476,1621,551.00,325.00,0,16744
101606,1623,498.00,307.00,0,16753
101737,1627,477.00,323.00,0,16762
101868,1629,522.00,308.00,0,16771
101998,1631,524.00,308.00,0,16780
102127,1634,570.00,308.00,0,16789
102258,1637,583.00,325.00,0,16798
102388,1641,460.00,324.00,0,16807
102518,1646,528.00,325.00,0,16817
102648,1650,596.00,307.00,0,16826
102779,1654,583.00,307.00,0,16835
102908,1657,430.00,324.00,0,16844
103038,1659,521.00,308.00,0,16852
103169,1662,611.00,307.00,0,16862
103300,1664,565.00,308.00,0,16871
103428,1667,435.00,325.00,0,16880
103558,1669,413.00,307.00,0,16889
103689,1673,596.00,324.00,0,16899
103820,1676,583.00,324.00,0,16908
103950,1679,465.00,308.00,0,16917
104080,1683,491.00,325.00,0,16926
104210,1686,527.00,307.00,0,16934
104340,1689,566.00,325.00,0,16944
104470,1691,497.00,308.00,0,16953
104600,1694,451.00,308.00,0,16962
104731,1697,490.00,325.00,0,16971
104861,1699,546.00,342.00,0,16980
104990,1703,509.00,307.00,0,16990
105122,1707,547.00,308.00,0,16999
105226,1710,825.00,375.00,0,17007
105233,1713,825.00,442.00,0,17016
105146,1714,826.00,475.00,0,17026
105026,1714,802.00,493.00,0,17035
104897,1713,679.00,493.00,0,17044
104766,1711,607.00,498.00,0,17053
104639,1709,707.00,492.00,0,17062
104510,1708,708.00,492.00,0,17072
104379,1708,751.00,509.00,0,17081
104250,1708,727.00,492.00,0,17089
104120,1708,735.00,475.00,0,17098
103992,1706,769.00,493.00,0,17107
103862,1704,755.00,509.00,0,17117
103731,1700,807.00,509.00,0,17126
103602,1696,765.00,493.00,0,17135
103473,1692,756.00,493.00,0,17144
103341,1688,728.00,508.00,0,17154
103210,1686,778.00,509.00,0,17163
103082,1683,795.00,492.00,0,17171
102954,1680,774.00,475.00,0,17180
102823,1678,745.00,493.00,0,17189
102692,1675,789.00,509.00,0,17199
102564,1672,795.00,509.00,0,17208
102434,1668,792.00,507.00,0,17217
102302,1664,725.00,509.00,0,17226
102171,1660,747.00,492.00,0,17235
102044,1656,804.00,509.00,0,17245
101914,1652,788.00,492.00,0,17253
101782,1648,765.00,493.00,0,17262
101651,1644,752.00,509.00,0,17271
101522,1641,784.00,509.00,0,17281
101392,1637,809.00,493.00,0,17290
101260,1634,757.00,493.00,0,17299
101130,1630,769.00,510.00,0,17308
101002,1626,788.00,493.00,0,17317
100873,1622,787.00,492.00,0,17327
100742,1619,802.00,492.00,0,17335
100611,1616,784.00,492.00,0,17344
100482,1612,781.00,509.00,0,17353
100351,1608,764.00,476.00,0,17362
100218,1603,780.00,492.00,0,17372
100090,1598,793.00,509.00,0,17381
99961,1595,782.00,492.00,0,17389
99835,1591,773.00,509.00,0,17398
99707,1588,797.00,509.00,0,17408
99582,1584,787.00,476.00,0,17416
99456,1582,778.00,476.00,0,17425
99328,1578,754.00,493.00,0,17434
99201,1575,782.00,509.00,0,17442
99076,1571,802.00,492.00,0,17452
98951,1567,789.00,509.00,0,17461
98824,1562,781.00,492.00,0,17469
98697,1559,794.00,509.00,0,17478
98570,1555,799.00,493.00,0,17486
98445,1552,789.00,509.00,0,17496
98317,1550,764.00,492.00,0,17505
98190,1546,772.00,493.00,0,17513
98064,1544,810.00,493.00,0,17522
97940,1540,786.00,492.00,0,17531
97814,1536,780.00,492.00,0,17540
97687,1532,795.00,509.00,0,17549
97562,1527,791.00,492.00,0,17557
97436,1524,790.00,492.00,0,17566
97308,1520,762.00,475.00,0,17575
97180,1518,774.00,493.00,0,17584
97054,1516,808.00,492.00,0,17593
96928,1512,788.00,509.00,0,17602
96802,1508,780.00,493.00,0,17610
96675,1505,791.00,505.00,0,17619
96550,1501,797.00,493.00,0,17629
96424,1498,803.00,509.00,0,17637
96296,1494,782.00,509.00,0,17646
96168,1491,779.00,509.00,0,17654
96044,1488,803.00,492.00,0,17664
95918,1485,790.00,492.00,0,17673
95790,1482,776.00,492.00,0,17681
95664,1478,787.00,492.00,0,17690
95539,1474,791.00,475.00,0,17699
95412,1470,805.00,475.00,0,17708
95285,1466,783.00,492.00,0,17717
95157,1464,782.00,492.00,0,17726
95032,1462,805.00,493.00,0,17734
94907,1460,798.00,509.00,0,17743
94781,1457,794.00,508.00,0,17752
94655,1454,796.00,492.00,0,17761
94532,1450,805.00,493.00,0,17770
94406,1445,819.00,493.00,0,17778
94278,1441,788.00,493.00,0,17787
94150,1438,790.00,493.00,0,17797
94024,1435,797.00,508.00,0,17805
93898,1433,794.00,509.00,0,17814
93771,1430,795.00,492.00,0,17822
93644,1428,790.00,475.00,0,17831
93519,1424,793.00,509.00,0,17841
93394,1420,817.00,478.00,0,17849
93266,1416,790.00,493.00,0,17858
93139,1412,791.00,509.00,0,17867
93013,1408,797.00,493.00,0,17875
92886,1406,800.00,509.00,0,17885
92759,1404,797.00,509.00,0,17894
92632,1402,792.00,493.00,0,17902
92509,1400,795.00,493.00,0,17911
92384,1397,818.00,509.00,0,17920
92256,1392,798.00,509.00,0,17929
92129,1388,796.00,509.00,0,17938
92004,1383,797.00,492.00,0,17946
91877,1380,794.00,493.00,0,17955
91749,1376,802.00,499.00,0,17965
91622,1374,788.00,492.00,0,17973
91496,1373,791.00,475.00,0,17982
91370,1371,810.00,510.00,0,17991
91242,1369,798.00,509.00,0,17999
91117,1366,800.00,493.00,0,18009
90992,1362,805.00,509.00,0,18017
90868,1358,806.00,492.00,0,18026
90742,1353,816.00,501.00,0,18035
90616,1349,799.00,492.00,0,18043
90490,1346,807.00,509.00,0,18053
90362,1344,806.00,492.00,0,18062
90233,1342,794.00,509.00,0,18070
90105,1340,794.00,492.00,0,18079
89980,1337,789.00,493.00,0,18087
89852,1334,790.00,493.00,0,18097
89726,1330,813.00,493.00,0,18106
89600,1326,798.00,493.00,0,18114
89476,1322,799.00,476.00,0,18123
89349,1318,801.00,509.00,0,18132
89220,1314,799.00,509.00,0,18141
89094,1312,804.00,501.00,0,18150
88968,1310,799.00,493.00,0,18159
88842,1309,794.00,492.00,0,18167
88716,1308,817.00,493.00,0,18177
88592,1306,811.00,509.00,0,18185
88469,1302,813.00,509.00,0,18194
88343,1299,813.00,493.00,0,18203
88216,1294,808.00,492.00,0,18211
88090,1290,814.00,492.00,0,18221
87964,1285,801.00,492.00,0,18230
87835,1282,794.00,494.00,0,18238
87706,1278,811.00,493.00,0,18247
87580,1277,798.00,475.00,0,18255
87453,1276,796.00,492.00,0,18265
87326,1274,793.00,492.00,0,18274
87198,1271,796.00,493.00,0,18282
87072,1268,823.00,492.00,0,18291
86948,1263,800.00,509.00,0,18300
86821,1258,797.00,494.00,0,18309
86694,1254,810.00,509.00,0,18318
86569,1250,815.00,509.00,0,18327
86444,1247,804.00,492.00,0,18335
86314,1245,788.00,493.00,0,18344
86186,1243,786.00,497.00,0,18353
86058,1241,816.00,492.00,0,18362
85932,1239,795.00,493.00,0,18371
85806,1236,794.00,508.00,0,18379
85680,1233,805.00,493.00,0,18388
85557,1230,816.00,475.00,0,18398
85432,1226,819.00,509.00,0,18406
85306,1222,804.00,492.00,0,18415
85178,1219,801.00,509.00,0,18424
85053,1216,826.00,509.00,0,18433
84927,1214,803.00,509.00,0,18442
84799,1212,799.00,493.00,0,18450
84672,1210,803.00,492.00,0,18459
84548,1208,820.00,493.00,0,18468
84424,1206,826.00,492.00,0,18477
84298,1204,810.00,509.00,0,18486
84170,1200,808.00,508.00,0,18495
84046,1196,825.00,509.00,0,18503
83919,1192,810.00,509.00,0,18512
83792,1187,805.00,493.00,0,18521
83665,1184,805.00,492.00,0,18530
83539,1182,813.00,493.00,0,18539
83412,1181,826.00,492.00,0,18547
83284,1180,803.00,509.00,0,18556
83156,1178,800.00,493.00,0,18566
83031,1176,824.00,509.00,0,18574
82906,1171,815.00,493.00,0,18583
82780,1166,808.00,493.00,0,18592
82654,1162,810.00,492.00,0,18600
82529,1158,821.00,510.00,0,18610
82402,1155,826.00,509.00,0,18618
82273,1154,799.00,492.00,0,18627
82144,1153,793.00,493.00,0,18636
82018,1152,807.00,493.00,0,18644
81893,1150,810.00,493.00,0,18654
81766,1146,813.00,492.00,0,18663
81640,1142,811.00,492.00,0,18671
81518,1138,818.00,475.00,0,18680
81392,1133,826.00,493.00,0,18689
81262,1128,803.00,509.00,0,18698
81134,1126,796.00,509.00,0,18707
81006,1124,800.00,493.00,0,18715
80878,1122,794.00,492.00,0,18724
80750,1121,810.00,509.00,0,18734
80624,1120,799.00,509.00,0,18742
80502,1117,809.00,509.00,0,18751
80376,1114,824.00,493.00,0,18760
80250,1110,803.00,509.00,0,18768
80123,1106,801.00,493.00,0,18778
79998,1102,806.00,493.00,0,18786
79870,1098,811.00,508.00,0,18795
79744,1096,822.00,493.00,0,18804
79617,1095,811.00,509.00,0,18812
79492,1094,815.00,509.00,0,18822
79366,1093,826.00,492.00,0,18831
79240,1092,815.00,509.00,0,18839
79113,1088,818.00,509.00,0,18848
78989,1084,812.00,493.00,0,18857
78863,1078,811.00,492.00,0,18866
78736,1074,826.00,509.00,0,18875
78609,1070,812.00,492.00,0,18883
78484,1067,811.00,508.00,0,18892
78355,1066,812.00,492.00,0,18902
78225,1065,803.00,509.00,0,18910
78096,1064,808.00,493.00,0,18919
77970,1061,805.00,496.00,0,18928
77844,1058,802.00,492.00,0,18936
77718,1054,826.00,509.00,0,18946
77594,1050,818.00,509.00,0,18954
77470,1046,811.00,492.00,0,18963
77344,1044,813.00,493.00,0,18972
77215,1041,802.00,492.00,0,18980
77088,1038,813.00,492.00,0,18990
76961,1036,802.00,509.00,0,18999
76834,1034,798.00,509.00,0,19007
76706,1030,816.00,509.00,0,19016
76582,1028,809.00,475.00,0,19025
76458,1026,808.00,492.00,0,19034
76330,1025,805.00,476.00,0,19043
76203,1022,807.00,509.00,0,19051
76078,1020,826.00,493.00,0,19060
75953,1016,811.00,493.00,0,19069
75826,1013,810.00,493.00,0,19078
75700,1010,826.00,493.00,0,19087
75574,1006,818.00,492.00,0,19096
75450,1004,818.00,493.00,0,19104
75322,1002,809.00,510.00,0,19113
75192,1000,803.00,526.00,0,19123
75065,999,826.00,508.00,0,19131
74943,998,808.00,509.00,0,19139
74821,995,807.00,493.00,0,19148
74698,992,822.00,492.00,0,19156
74578,989,821.00,493.00,0,19165
74458,985,820.00,509.00,0,19174
74335,982,817.00,493.00,0,19182
74210,978,807.00,509.00,0,19191
74085,976,821.00,509.00,0,19200
73962,974,801.00,492.00,0,19208
73838,972,803.00,509.00,0,19217
73715,972,819.00,493.00,0,19225
73593,970,812.00,492.00,0,19233
73474,968,816.00,492.00,0,19243
73352,966,826.00,510.00,0,19251
73230,964,818.00,492.00,0,19260
73106,960,823.00,509.00,0,19268
72985,956,816.00,493.00,0,19276
72862,952,814.00,492.00,0,19286
72738,948,826.00,509.00,0,19294
72615,946,812.00,509.00,0,19302
72492,944,817.00,492.00,0,19311
72369,944,820.00,492.00,0,19319
72244,942,814.00,492.00,0,19329
72120,940,808.00,509.00,0,19337
71998,938,808.00,493.00,0,19345
71877,935,814.00,493.00,0,19354
71754,932,827.00,509.00,0,19362
71633,928,815.00,492.00,0,19371
71514,926,825.00,509.00,0,19380
71392,924,826.00,475.00,0,19388
71268,922,813.00,475.00,0,19397
71143,920,804.00,476.00,0,19405
71020,917,818.00,493.00,0,19414
70897,914,814.00,492.00,0,19423
70772,912,811.00,508.00,0,19431
70649,910,808.00,509.00,0,19440
70528,908,821.00,508.00,0,19448
70407,906,826.00,493.00,0,19457
70284,904,814.00,493.00,0,19466
70160,903,812.00,508.00,0,19474
70039,900,826.00,492.00,0,19482
69918,897,821.00,508.00,0,19491
69795,893,818.00,509.00,0,19500
69672,888,822.00,509.00,0,19509
69550,884,825.00,492.00,0,19517
69428,882,826.00,510.00,0,19525
69303,880,807.00,509.00,0,19534
69176,878,796.00,493.00,0,19543
69052,877,826.00,492.00,0,19551
68929,876,806.00,509.00,0,19560
68804,874,801.00,492.00,0,19568
68682,871,813.00,492.00,0,19577
68563,868,824.00,492.00,0,19586
68442,866,826.00,509.00,0,19594
68320,863,816.00,492.00,0,19603
68196,860,812.00,492.00,0,19611
68074,858,826.00,509.00,0,19619
67952,855,816.00,493.00,0,19629
67829,852,810.00,492.00,0,19637
67706,850,826.00,493.00,0,19646
67585,849,823.00,509.00,0,19654
67464,848,819.00,493.00,0,19662
67341,846,822.00,508.00,0,19672
67217,844,819.00,509.00,0,19680
67094,842,826.00,492.00,0,19689
66973,840,821.00,508.00,0,19697
66850,838,816.00,475.00,0,19705
66728,835,826.00,492.00,0,19715
66606,832,824.00,509.00,0,19723
66486,830,826.00,492.00,0,19731
66364,827,826.00,492.00,0,19740
66238,824,822.00,493.00,0,19748
66114,822,819.00,493.00,0,19758
65992,820,820.00,508.00,0,19766
65867,818,820.00,509.00,0,19774
65743,816,826.00,508.00,0,19783
65621,814,815.00,492.00,0,19791
65501,813,824.00,509.00,0,19800
65379,812,826.00,492.00,0,19809
65255,810,821.00,492.00,0,19817
65132,808,818.00,492.00,0,19826
65012,804,826.00,492.00,0,19834
64890,800,826.00,493.00,0,19843
64766,796,826.00,492.00,0,19852
64642,792,818.00,475.00,0,19860
64522,789,823.00,492.00,0,19868
64398,788,826.00,507.00,0,19877
64272,788,807.00,509.00,0,19886
64148,787,806.00,509.00,0,19895
64025,786,825.00,492.00,0,19903
63903,784,820.00,492.00,0,19911
63780,782,821.00,509.00,0,19920
63660,778,825.00,509.00,0,19929
63540,775,826.00,482.00,0,19938
63420,772,826.00,492.00,0,19946
63296,770,823.00,507.00,0,19954
63171,766,812.00,492.00,0,19963
63047,764,826.00,493.00,0,19972
62923,762,819.00,509.00,0,19980
62798,760,808.00,506.00,0,19989
62673,758,810.00,492.00,0,19997
62552,757,823.00,510.00,0,20006
62430,756,825.00,499.00,0,20015
62308,754,818.00,476.00,0,20023
62185,753,815.00,493.00,0,20032
62064,751,825.00,508.00,0,20040
61943,748,821.00,508.00,0,20048
61822,746,826.00,493.00,0,20058
61701,742,826.00,493.00,0,20066
61580,740,826.00,492.00,0,20075
61460,736,826.00,509.00,0,20083
61336,734,826.00,492.00,0,20091
61210,732,822.00,509.00,0,20101
61086,730,826.00,492.00,0,20109
60961,728,816.00,495.00,0,20117
60836,726,811.00,492.00,0,20126
60711,724,826.00,491.00,0,20134
60589,723,817.00,509.00,0,20144
60468,721,821.00,509.00,0,20152
60346,718,825.00,492.00,0,20160
60221,716,818.00,492.00,0,20169
60098,713,824.00,492.00,0,20177
59977,710,813.00,492.00,0,20186
59854,706,818.00,492.00,0,20195
59731,704,826.00,509.00,0,20203
59609,702,816.00,492.00,0,20212
59488,700,820.00,492.00,0,20220
59366,699,826.00,509.00,0,20229
59241,698,826.00,509.00,0,20238
59118,696,817.00,492.00,0,20246
58995,693,816.00,476.00,0,20255
58872,690,817.00,475.00,0,20263
58748,688,826.00,509.00,0,20272
58627,686,813.00,493.00,0,20281
58506,684,824.00,509.00,0,20289
58384,683,826.00,509.00,0,20297
58261,682,823.00,509.00,0,20306
58138,680,823.00,508.00,0,20315
58017,678,826.00,476.00,0,20324
57895,674,826.00,508.00,0,20332
57772,670,824.00,492.00,0,20340
57650,667,824.00,492.00,0,20349
57529,665,826.00,509.00,0,20358
57407,664,826.00,493.00,0,20366
57283,664,822.00,492.00,0,20375
57158,663,820.00,493.00,0,20383
57035,662,826.00,509.00,0,20392
56912,660,824.00,492.00,0,20401
56789,656,824.00,492.00,0,20409
56667,654,823.00,492.00,0,20418
56546,651,826.00,493.00,0,20426
56424,648,826.00,492.00,0,20434
56300,646,826.00,509.00,0,20444
56176,644,825.00,509.00,0,20452
56053,641,827.00,509.00,0,20461
55929,639,823.00,509.00,0,20469
55805,637,820.00,508.00,0,20477
55682,636,825.00,492.00,0,20487
55562,634,826.00,492.00,0,20495
55440,634,826.00,493.00,0,20504
55318,632,824.00,492.00,0,20512
55194,630,824.00,509.00,0,20520
55072,628,826.00,493.00,0,20530
54950,624,825.00,509.00,0,20538
54827,620,823.00,509.00,0,20546
54704,618,826.00,492.00,0,20555
54582,615,826.00,509.00,0,20563
54460,614,826.00,509.00,0,20573
54336,612,823.00,508.00,0,20581
54210,612,818.00,509.00,0,20589
54087,610,826.00,493.00,0,20598
53964,608,816.00,492.00,0,20606
53842,605,823.00,493.00,0,20615
53719,602,826.00,493.00,0,20624
53598,601,825.00,493.00,0,20632
53478,600,826.00,493.00,0,20641
53357,599,826.00,492.00,0,20649
53233,598,826.00,509.00,0,20658
53110,596,826.00,493.00,0,20667
52990,594,826.00,493.00,0,20675
52868,592,826.00,510.00,0,20683
52745,588,826.00,509.00,0,20692
52624,586,826.00,492.00,0,20701
52503,583,826.00,492.00,0,20710
52380,581,825.00,509.00,0,20718
52254,580,826.00,509.00,0,20726
52130,578,823.00,493.00,0,20736
52006,577,826.00,509.00,0,20744
51882,575,823.00,509.00,0,20753
51758,572,826.00,491.00,0,20761
51636,570,826.00,493.00,0,20769
51516,568,825.00,509.00,0,20779
51394,567,826.00,475.00,0,20787
51270,566,821.00,509.00,0,20795
51146,564,821.00,508.00,0,20804
51023,561,826.00,493.00,0,20812
50900,558,825.00,509.00,0,20822
50776,554,821.00,493.00,0,20830
50652,552,820.00,493.00,0,20838
50532,550,826.00,492.00,0,20847
50410,548,825.00,493.00,0,20855
50285,548,821.00,492.00,0,20864
50161,546,821.00,509.00,0,20873
50038,545,826.00,493.00,0,20881
49916,542,822.00,492.00,0,20890
49794,540,820.00,492.00,0,20898
49672,538,824.00,492.00,0,20907
49552,536,826.00,493.00,0,20916
49432,534,825.00,491.00,0,20924
49310,534,826.00,493.00,0,20932
49187,532,825.00,491.00,0,20941
49064,530,826.00,501.00,0,20950
48942,528,826.00,509.00,0,20959
48818,524,825.00,509.00,0,20967
48694,522,826.00,493.00,0,20975
48573,520,826.00,475.00,0,20984
48452,518,825.00,492.00,0,20993
48328,518,826.00,489.00,0,21001
48202,516,826.00,498.00,0,21010
48078,515,826.00,492.00,0,21018
47956,513,824.00,500.00,0,21027
47834,510,820.00,494.00,0,21036
47710,509,826.00,492.00,0,21044
47590,508,826.00,493.00,0,21053
47470,506,827.00,492.00,0,21061
47348,506,826.00,493.00,0,21070
47225,504,825.00,508.00,0,21079
47103,502,826.00,493.00,0,21087
46981,500,827.00,496.00,0,21096
46858,496,825.00,509.00,0,21104
46734,492,826.00,493.00,0,21112
46612,489,826.00,493.00,0,21122
46490,487,825.00,509.00,0,21130
46366,486,826.00,509.00,0,21139
46240,485,825.00,509.00,0,21147
46114,484,826.00,493.00,0,21155
45991,484,823.00,509.00,0,21165
45867,482,823.00,509.00,0,21173
45744,480,826.00,492.00,0,21181
45623,478,824.00,501.00,0,21190
45504,476,826.00,508.00,0,21198
45382,475,826.00,492.00,0,21208
45260,474,825.00,509.00,0,21216
45138,471,825.00,492.00,0,21224
45016,468,826.00,492.00,0,21233
44892,464,826.00,493.00,0,21241
44768,462,826.00,509.00,0,21250
44645,459,826.00,508.00,0,21259
44523,458,825.00,508.00,0,21267
44400,457,826.00,493.00,0,21276
44275,456,823.00,493.00,0,21284
44150,456,821.00,493.00,0,21293
44028,454,826.00,509.00,0,21302
43905,452,825.00,509.00,0,21310
43782,450,826.00,492.00,0,21319
43660,447,825.00,509.00,0,21327
43542,446,826.00,475.00,0,21336
43422,445,825.00,509.00,0,21345
43300,444,825.00,509.00,0,21353
43176,443,826.00,509.00,0,21361
43054,441,826.00,492.00,0,21370
42932,438,826.00,494.00,0,21379
42808,434,826.00,492.00,0,21388
42684,431,825.00,492.00,0,21396
42563,429,826.00,493.00,0,21404
42440,428,826.00,509.00,0,21413
42316,428,826.00,509.00,0,21422
42190,427,825.00,493.00,0,21430
42066,426,826.00,509.00,0,21439
41942,424,825.00,509.00,0,21447
41820,421,823.00,508.00,0,21456
41696,418,825.00,491.00,0,21465
41576,416,826.00,493.00,0,21473
41457,415,826.00,492.00,0,21482
41335,414,826.00,510.00,0,21490
41210,412,826.00,509.00,0,21498
41086,410,826.00,509.00,0,21508
40964,408,826.00,493.00,0,21516
40840,406,826.00,493.00,0,21525
40716,404,825.00,509.00,0,21533
40594,402,826.00,509.00,0,21541
40474,402,826.00,492.00,0,21551
40352,401,825.00,493.00,0,21559
40228,400,826.00,492.00,0,21568
40104,398,826.00,493.00,0,21576
39982,396,826.00,493.00,0,21584
39859,392,826.00,493.00,0,21594
39736,390,826.00,492.00,0,21602
39616,389,826.00,509.00,0,21610
39496,388,826.00,475.00,0,21619
39376,388,826.00,492.00,0,21627
39252,388,826.00,509.00,0,21637
39128,386,826.00,492.00,0,21645
39006,384,826.00,492.00,0,21653
38882,380,826.00,509.00,0,21662
38758,378,826.00,509.00,0,21670
38636,376,826.00,492.00,0,21679
38515,374,826.00,508.00,0,21688
38392,374,826.00,475.00,0,21696
38268,373,826.00,475.00,0,21705
38142,372,825.00,475.00,0,21713
38020,370,826.00,492.00,0,21722
37896,367,826.00,509.00,0,21731
37772,364,826.00,509.00,0,21739
37650,362,826.00,493.00,0,21747
37531,362,826.00,508.00,0,21756
37410,361,826.00,492.00,0,21765
37287,361,826.00,492.00,0,21774
37163,360,825.00,475.00,0,21782
37042,359,825.00,493.00,0,21790
36920,356,826.00,509.00,0,21799
36796,352,826.00,492.00,0,21808
36674,350,825.00,493.00,0,21816
36553,347,825.00,509.00,0,21825
36432,346,826.00,493.00,0,21833
36308,344,826.00,508.00,0,21842
36180,344,826.00,493.00,0,21851
36056,342,826.00,493.00,0,21859
35932,340,826.00,509.00,0,21868
35808,338,826.00,510.00,0,21876
35684,336,826.00,492.00,0,21885
35564,334,825.00,508.00,0,21894
35444,334,826.00,493.00,0,21902
35321,334,825.00,509.00,0,21911
35198,333,825.00,493.00,0,21919
35075,332,826.00,492.00,0,21927
34953,329,826.00,509.00,0,21937
34830,326,826.00,493.00,0,21945
34707,324,826.00,492.00,0,21954
34586,322,826.00,492.00,0,21962
34466,321,826.00,509.00,0,21970
34344,320,826.00,509.00,0,21980
34218,320,825.00,492.00,0,21988
34096,318,826.00,492.00,0,21996
33973,316,826.00,492.00,0,22005
33850,312,826.00,508.00,0,22013
33726,310,826.00,477.00,0,22023
33605,308,826.00,492.00,0,22031
33484,308,826.00,509.00,0,22039
33362,308,825.00,492.00,0,22048
33238,308,826.00,509.00,0,22056
33115,306,825.00,509.00,0,22065
32992,304,826.00,501.00,0,22074
32868,301,826.00,492.00,0,22082
32744,298,826.00,496.00,0,22091
32622,296,825.00,507.00,0,22099
32501,294,826.00,492.00,0,22108
32378,294,826.00,508.00,0,22117
32254,293,826.00,492.00,0,22125
32129,292,826.00,509.00,0,22134
32006,290,826.00,492.00,0,22142
31882,288,826.00,492.00,0,22151
31759,285,826.00,500.00,0,22160
31638,284,825.00,493.00,0,22168
31520,283,826.00,493.00,0,22176
31398,283,826.00,492.00,0,22185
31276,283,826.00,509.00,0,22194
31152,282,826.00,509.00,0,22203
31030,280,825.00,492.00,0,22211
30908,277,826.00,509.00,0,22219
30784,274,826.00,509.00,0,22228
30662,272,825.00,505.00,0,22237
30542,272,826.00,508.00,0,22245
30420,271,826.00,493.00,0,22254
30296,271,826.00,509.00,0,22262
30171,270,825.00,492.00,0,22272
30048,269,826.00,492.00,0,22280
29926,266,826.00,493.00,0,22288
29803,264,826.00,509.00,0,22297
29680,262,826.00,509.00,0,22305
29560,260,826.00,492.00,0,22313
29440,260,826.00,492.00,0,22323
29318,260,826.00,509.00,0,22331
29193,260,826.00,509.00,0,22340
29070,258,824.00,508.00,0,22348
28946,256,826.00,493.00,0,22356
28822,253,826.00,510.00,0,22366
28698,250,826.00,493.00,0,22374
28576,249,827.00,493.00,0,22383
28456,248,825.00,475.00,0,22391
28332,248,826.00,509.00,0,22400
28206,248,826.00,509.00,0,22409
28082,247,825.00,493.00,0,22417
27960,245,826.00,492.00,0,22425
27836,242,827.00,492.00,0,22434
27714,240,826.00,493.00,0,22443
27594,240,826.00,492.00,0,22452
27475,239,826.00,475.00,0,22460
27354,239,825.00,492.00,0,22468
27231,239,826.00,509.00,0,22477
27108,238,825.00,509.00,0,22486
26985,235,826.00,493.00,0,22494
26862,231,826.00,492.00,0,22503
26738,228,826.00,509.00,0,22511
26616,225,825.00,493.00,0,22520
26496,224,825.00,491.00,0,22529
26372,224,827.00,492.00,0,22537
26246,224,826.00,492.00,0,22546
26120,223,826.00,475.00,0,22554
25996,221,826.00,493.00,0,22562
25872,218,825.00,492.00,0,22572
25748,216,826.00,493.00,0,22580
25627,214,827.00,476.00,0,22589
25508,214,825.00,509.00,0,22597
25388,214,826.00,509.00,0,22605
25265,214,826.00,509.00,0,22615
25140,214,826.00,493.00,0,22623
25019,212,826.00,492.00,0,22631
24895,208,826.00,508.00,0,22640
24772,206,826.00,509.00,0,22648
24650,204,826.00,492.00,0,22658
24530,202,825.00,509.00,0,22666
24410,202,826.00,509.00,0,22674
24286,202,826.00,510.00,0,22683
24161,202,826.00,509.00,0,22691
24038,200,826.00,476.00,0,22701
23914,198,826.00,493.00,0,22709
23790,194,826.00,493.00,0,22717
23668,192,826.00,509.00,0,22726
23550,192,826.00,475.00,0,22734
23430,192,826.00,493.00,0,22743
23308,192,826.00,492.00,0,22752
23183,192,826.00,493.00,0,22760
23058,190,826.00,493.00,0,22769
22936,188,825.00,475.00,0,22777
22811,184,826.00,492.00,0,22786
22688,182,826.00,492.00,0,22795
22566,182,825.00,493.00,0,22803
22447,182,826.00,509.00,0,22811
22324,182,826.00,492.00,0,22820
22198,182,826.00,493.00,0,22829
22074,180,826.00,492.00,0,22838
21952,178,826.00,509.00,0,22846
21829,174,826.00,493.00,0,22854
21706,172,826.00,475.00,0,22863
21588,171,826.00,491.00,0,22872
21470,171,826.00,492.00,0,22880
21348,171,826.00,492.00,0,22889
21224,171,826.00,493.00,0,22897
21099,170,826.00,492.00,0,22906
20974,167,825.00,509.00,0,22915
20850,165,826.00,493.00,0,22923
20725,162,826.00,492.00,0,22932
20604,161,826.00,492.00,0,22940
20484,161,826.00,492.00,0,22948
20362,162,827.00,492.00,0,22958
20238,162,826.00,493.00,0,22966
20114,162,826.00,494.00,0,22975
19991,160,826.00,509.00,0,22983
19868,157,826.00,509.00,0,22991
19746,154,826.00,509.00,0,23001
19626,154,826.00,476.00,0,23009
19508,154,826.00,508.00,0,23018
19386,155,825.00,492.00,0,23026
19262,156,826.00,509.00,0,23034
19136,156,826.00,502.00,0,23044
19012,154,826.00,501.00,0,23052
18886,150,826.00,509.00,0,23060
18762,148,826.00,509.00,0,23069
18639,146,826.00,492.00,0,23077
18520,145,826.00,492.00,0,23087
18400,145,825.00,509.00,0,23095
18276,146,826.00,509.00,0,23103
18150,146,826.00,492.00,0,23112
18028,144,825.00,509.00,0,23120
17904,142,826.00,494.00,0,23129
17782,139,826.00,492.00,0,23138
17662,138,826.00,509.00,0,23146
17546,138,827.00,503.00,0,23155
17424,139,826.00,492.00,0,23163
17298,140,826.00,509.00,0,23172
17172,140,827.00,492.00,0,23181
17046,138,826.00,501.00,0,23189
16921,135,826.00,509.00,0,23197
16796,131,825.00,508.00,0,23206
16673,129,826.00,509.00,0,23215
16554,129,825.00,492.00,0,23224
16435,130,826.00,492.00,0,23232
16314,131,826.00,493.00,0,23240
16190,131,826.00,492.00,0,23249
16066,129,827.00,509.00,0,23258
15944,127,826.00,492.00,0,23267
15822,125,826.00,493.00,0,23275
15702,123,826.00,509.00,0,23283
15584,122,826.00,509.00,0,23292
15462,122,825.00,493.00,0,23301
15337,124,827.00,509.00,0,23309
15208,124,826.00,509.00,0,23318
15080,124,826.00,493.00,0,23326
14952,120,826.00,509.00,0,23335
14826,116,826.00,492.00,0,23344
14703,114,826.00,493.00,0,23352
14583,112,826.00,509.00,0,23361
14466,112,826.00,492.00,0,23369
14346,112,826.00,493.00,0,23377
14224,112,826.00,509.00,0,23387
14102,112,826.00,492.00,0,23395
13980,110,826.00,493.00,0,23404
13859,106,826.00,508.00,0,23412
13739,104,826.00,475.00,0,23420
13621,104,826.00,492.00,0,23430
13501,104,827.00,509.00,0,23438
13374,104,826.00,492.00,0,23446
13244,105,826.00,509.00,0,23455
13114,105,827.00,493.00,0,23463
12986,101,826.00,492.00,0,23473
12860,97,825.00,509.00,0,23481
12738,95,826.00,493.00,0,23489
12623,93,827.00,475.00,0,23497
12510,93,826.00,493.00,0,23505
12396,93,826.00,476.00,0,23514
12280,94,826.00,493.00,0,23522
12162,95,826.00,492.00,0,23530
12044,94,826.00,509.00,0,23539
11928,91,826.00,509.00,0,23547
11812,89,826.00,492.00,0,23556
11696,88,826.00,509.00,0,23564
11580,87,827.00,492.00,0,23572
11458,87,826.00,509.00,0,23580
11335,89,826.00,508.00,0,23588
11208,89,826.00,509.00,0,23597
11082,88,826.00,492.00,0,23606
10958,84,822.00,476.00,0,23614
10835,82,825.00,509.00,0,23622
10715,79,826.00,493.00,0,23630
10601,78,826.00,489.00,0,23639
10490,78,826.00,493.00,0,23647
10378,79,826.00,509.00,0,23655
10260,81,826.00,493.00,0,23663
10140,81,826.00,492.00,0,23672
10024,79,826.00,500.00,0,23681
9906,77,826.00,493.00,0,23689
9794,75,825.00,492.00,0,23696
9682,73,826.00,492.00,0,23704
9568,73,826.00,476.00,0,23712
9450,74,826.00,492.00,0,23720
9330,75,826.00,509.00,0,23729
9206,75,826.00,493.00,0,23737
9084,74,826.00,510.00,0,23745
8962,71,819.00,492.00,0,23753
8844,68,824.00,509.00,0,23760
8728,66,826.00,476.00,0,23769
8619,64,826.00,492.00,0,23777
8513,64,826.00,492.00,0,23785
8404,66,826.00,476.00,0,23793
8290,66,826.00,477.00,0,23801
8173,66,826.00,509.00,0,23810
8058,64,825.00,492.00,0,23818
7943,62,825.00,492.00,0,23825
7831,60,826.00,492.00,0,23833
7720,58,826.00,509.00,0,23841
7608,58,826.00,509.00,0,23849
7491,58,826.00,500.00,0,23858
7372,60,826.00,504.00,0,23866
7249,60,825.00,509.00,0,23874
7126,60,825.00,493.00,0,23882
7005,56,825.00,509.00,0,23889
6886,53,825.00,493.00,0,23898
6770,50,826.00,486.00,0,23906
6660,49,826.00,492.00,0,23914
6556,49,825.00,492.00,0,23922
6446,51,826.00,509.00,0,23930
6330,51,826.00,475.00,0,23939
6212,52,825.00,509.00,0,23946
6095,52,825.00,492.00,0,23954
5980,49,825.00,492.00,0,23962
5866,47,826.00,509.00,0,23970
5758,46,826.00,493.00,0,23979
5647,46,826.00,475.00,0,23987
5532,48,826.00,509.00,0,23995
5413,50,826.00,509.00,0,24003
5292,50,826.00,507.00,0,24010
5168,50,825.00,509.00,0,24018
5046,48,826.00,509.00,0,24027
4926,45,822.00,493.00,0,24035
4811,41,826.00,475.00,0,24043
4702,40,826.00,492.00,0,24051
4598,39,826.00,492.00,0,24059
4488,40,826.00,493.00,0,24068
4371,41,826.00,492.00,0,24075
4252,43,826.00,508.00,0,24083
4130,43,826.00,509.00,0,24091
4014,41,826.00,493.00,0,24099
3902,39,826.00,493.00,0,24108
3794,38,826.00,476.00,0,24116
3687,37,826.00,508.00,0,24124
3573,37,826.00,493.00,0,24132
3455,39,826.00,508.00,0,24139
3334,39,826.00,492.00,0,24147
3212,40,826.00,509.00,0,24156
3090,39,826.00,509.00,0,24164
2972,36,826.00,494.00,0,24172
2858,33,826.00,495.00,0,24180
2748,30,825.00,492.00,0,24188
2644,30,826.00,492.00,0,24196
2533,30,825.00,492.00,0,24204
2416,32,826.00,492.00,0,24212
2295,34,826.00,509.00,0,24220
2174,34,825.00,509.00,0,24228
2055,34,826.00,508.00,0,24237
1940,32,826.00,509.00,0,24245
1831,30,826.00,493.00,0,24253
1726,29,825.00,479.00,0,24260
1613,29,826.00,492.00,0,24268
1496,30,827.00,509.00,0,24276
1376,31,826.00,493.00,0,24285
1253,33,826.00,509.00,0,24293
1132,33,824.00,509.00,0,24301
1012,32,826.00,509.00,0,24309
896,29,826.00,509.00,0,24316
788,27,826.00,492.00,0,24325
688,26,826.00,493.00,0,24333
586,25,825.00,482.00,0,24340
474,25,826.00,493.00,0,24348
359,27,826.00,508.00,0,24355
240,29,826.00,492.00,0,24364
122,29,826.00,509.00,0,24372
7,29,825.00,499.00,0,24379
-88,27,0.00,475.00,0,24386
-126,25,0.00,421.00,0,24393
-99,23,0.00,375.00,0,24400
-23,22,807.00,342.00,0,24409
65,21,798.00,342.00,0,24416
149,21,558.00,341.00,0,24424
245,22,385.00,325.00,0,24432
351,24,760.00,324.00,0,24439
459,26,750.00,325.00,0,24448
567,27,724.00,316.00,0,24455
680,28,808.00,341.00,0,24463
797,28,814.00,308.00,0,24471
913,25,799.00,308.00,0,24478
1028,22,822.00,325.00,0,24486
1139,20,808.00,325.00,0,24495
1246,20,494.00,324.00,0,24503
1356,21,605.00,325.00,0,24511
1471,24,770.00,341.00,0,24519
1586,27,674.00,324.00,0,24526
1705,30,810.00,308.00,0,24535
1829,31,821.00,308.00,0,24543
1951,30,820.00,325.00,0,24551
2071,26,823.00,308.00,0,24559
2185,22,813.00,308.00,0,24567
2293,19,790.00,325.00,0,24576
2398,19,510.00,325.00,0,24584
2511,21,768.00,308.00,0,24591
2627,23,793.00,316.00,0,24599
2746,27,805.00,309.00,0,24607
2867,28,809.00,325.00,0,24615
2985,28,825.00,324.00,0,24624
3095,26,826.00,325.00,0,24632
3201,25,825.00,325.00,0,24640
3298,24,825.00,342.00,0,24648
3386,24,825.00,357.00,0,24655
3467,26,826.00,341.00,0,24664
3545,28,826.00,341.00,0,24672
3621,30,825.00,358.00,0,24680
3697,32,826.00,375.00,0,24688
3777,32,825.00,341.00,0,24696
3857,29,825.00,341.00,0,24705
3937,26,825.00,350.00,0,24712
4013,24,825.00,341.00,0,24720
4083,23,825.00,342.00,0,24728
4147,23,826.00,375.00,0,24736
4205,25,826.00,358.00,0,24744
4255,28,825.00,375.00,0,24753
4299,29,826.00,375.00,0,24761
4339,31,826.00,375.00,0,24769
4373,31,825.00,391.00,0,24776
4403,31,825.00,375.00,0,24784
4429,29,826.00,391.00,0,24793
4452,29,825.00,408.00,0,24801
4473,29,826.00,391.00,0,24809
4490,30,825.00,391.00,0,24817
4507,30,825.00,391.00,0,24825
4523,30,824.00,392.00,0,24834
4537,30,825.00,391.00,0,24841
4551,30,825.00,391.00,0,24849
4565,29,826.00,391.00,0,24857
4579,28,825.00,408.00,0,24865
4594,28,826.00,392.00,0,24873
4609,28,825.00,391.00,0,24882
4625,28,825.00,392.00,0,24890
4642,28,825.00,391.00,0,24898
4660,28,825.00,391.00,0,24905
4678,28,826.00,391.00,0,24913
4697,28,826.00,391.00,0,24922
4717,28,826.00,391.00,0,24930
4738,28,825.00,391.00,0,24938
4759,28,825.00,391.00,0,24946
4779,28,825.00,408.00,0,24954
4799,28,825.00,391.00,0,24962
4817,28,826.00,408.00,0,24970
4835,28,825.00,391.00,0,24978
4849,28,825.00,408.00,0,24986
4862,28,825.00,391.00,0,24994
4872,28,826.00,408.00,0,25003
4879,28,826.00,391.00,0,25011
4883,28,825.00,408.00,0,25019
4883,28,825.00,408.00,0,25026
4882,28,826.00,408.00,0,25034
4877,28,826.00,425.00,0,25042
4871,28,826.00,425.00,0,25051
4863,28,826.00,425.00,0,25059
4854,28,825.00,411.00,0,25067
4843,28,825.00,408.00,0,25075
4834,28,825.00,425.00,0,25083
4824,28,825.00,425.00,0,25091
4815,28,825.00,408.00,0,25099
4806,28,826.00,425.00,0,25107
4799,28,826.00,408.00,0,25115
4793,28,826.00,409.00,0,25123
4789,28,825.00,409.00,0,25132
4786,28,825.00,408.00,0,25140
4785,28,825.00,408.00,0,25148
4785,28,826.00,408.00,0,25155
4787,28,826.00,408.00,0,25163
4790,28,825.00,391.00,0,25171
4794,28,825.00,391.00,0,25180
4799,28,826.00,406.00,0,25188
4804,28,825.00,392.00,0,25196
4810,28,825.00,391.00,0,25204
4816,28,825.00,408.00,0,25211
4820,28,826.00,408.00,0,25220
4825,28,826.00,392.00,0,25228
4829,28,826.00,391.00,0,25236
4832,28,825.00,408.00,0,25244
4834,28,826.00,409.00,0,25252
4835,28,825.00,409.00,0,25261
4835,28,825.00,408.00,0,25269
4835,28,825.00,408.00,0,25276
4833,28,825.00,408.00,0,25284
4831,28,826.00,409.00,0,25292
4829,28,825.00,408.00,0,25300
4827,28,826.00,408.00,0,25309
4823,28,825.00,408.00,0,25317
4821,28,825.00,408.00,0,25325
4819,28,826.00,408.00,0,25333
4817,28,825.00,408.00,0,25340
4816,27,825.00,408.00,0,25349
4815,27,826.00,409.00,0,25357
4815,27,826.00,408.00,0,25365
4815,27,826.00,408.00,0,25373
4815,27,826.00,409.00,0,25381
4816,27,826.00,409.00,0,25390
4816,27,825.00,409.00,0,25398
4818,27,825.00,408.00,0,25405
4818,27,825.00,408.00,0,25413
4819,27,825.00,408.00,0,25421
4820,27,825.00,409.00,0,25430
4820,27,825.00,408.00,0,25438
4820,27,826.00,408.00,0,25446
4820,27,825.00,408.00,0,25454
4820,27,825.00,408.00,0,25462
4820,27,825.00,408.00,0,25469
4820,27,825.00,409.00,0,25478
4820,27,825.00,409.00,0,25486
4820,27,825.00,409.00,0,25494
4820,27,826.00,409.00,0,25502
4820,27,825.00,408.00,0,25510
4820,27,825.00,408.00,0,25519
4820,27,825.00,408.00,0,25526
4820,27,825.00,408.00,0,25534
4820,27,826.00,408.00,0,25542
4820,27,826.00,409.00,0,25550
4820,27,825.00,408.00,0,25559
4820,27,826.00,408.00,0,25567
4820,27,826.00,408.00,0,25575
4820,27,825.00,408.00,0,25583
4820,27,825.00,408.00,0,25590
4820,27,825.00,408.00,0,25598
4820,27,826.00,408.00,0,25607
4820,27,825.00,408.00,0,25615
4820,27,826.00,408.00,0,25623
4820,27,826.00,408.00,0,25631
4820,27,825.00,408.00,0,25639
4820,27,825.00,408.00,0,25648
4820,27,825.00,408.00,0,25655
4820,27,825.00,408.00,0,25663
4820,27,826.00,409.00,0,25671
4820,27,826.00,408.00,0,25679
4820,27,826.00,408.00,0,25688
4820,27,825.00,408.00,0,25696
4820,27,826.00,408.00,0,25704
4820,27,825.00,408.00,0,25712
4820,27,825.00,408.00,0,25719
4820,27,826.00,408.00,0,25728
4820,27,826.00,408.00,0,25736
4820,27,826.00,408.00,0,25744
4820,27,826.00,408.00,0,25752
4820,27,825.00,408.00,0,25760
4820,27,825.00,408.00,0,25768
4820,27,824.00,408.00,0,25776
4820,27,825.00,408.00,0,25784
4820,27,826.00,408.00,0,25792
4820,27,825.00,409.00,0,25800
4820,27,826.00,408.00,0,25808
4820,27,825.00,408.00,0,25817
4820,27,825.00,408.00,0,25825
4820,27,825.00,408.00,0,25833
4820,27,825.00,408.00,0,25840
4820,27,825.00,408.00,0,25848
4820,27,825.00,408.00,0,25857
4820,27,825.00,409.00,0,25865
4820,27,826.00,408.00,0,25873
4820,27,825.00,408.00,0,25881
4820,27,826.00,408.00,0,25889
4820,27,825.00,408.00,0,25897
4820,27,825.00,408.00,0,25905
4820,27,826.00,408.00,0,25913
4820,27,826.00,408.00,0,25921
4820,27,826.00,408.00,0,25929
4820,27,826.00,408.00,0,25937
4820,27,825.00,409.00,0,25946
4820,27,825.00,409.00,0,25954
4820,27,825.00,408.00,0,25962
4820,27,826.00,408.00,0,25969
4820,27,826.00,408.00,0,25977
4820,27,826.00,408.00,0,25986
4820,27,825.00,409.00,0,25994
4820,27,825.00,409.00,0,26002
4820,27,826.00,408.00,0,26010
4820,27,826.00,408.00,0,26018
4820,27,826.00,408.00,0,26025
4820,27,826.00,408.00,0,26034
4820,27,825.00,408.00,0,26042
4820,27,826.00,408.00,0,26050
4820,27,826.00,408.00,0,26058
4820,27,826.00,409.00,0,26066
4820,27,826.00,408.00,0,26075
4820,27,825.00,408.00,0,26083
4820,27,826.00,408.00,0,26090
4820,27,826.00,408.00,0,26098
4820,27,826.00,408.00,0,26106
4820,27,826.00,408.00,0,26115
4820,27,825.00,408.00,0,26123
4820,27,825.00,408.00,0,26131
4820,27,825.00,408.00,0,26139
4820,27,826.00,408.00,0,26147
4820,27,825.00,408.00,0,26155
4820,26,826.00,408.00,0,26163
4820,26,826.00,408.00,0,26171
4820,26,825.00,408.00,0,26179
4820,26,826.00,408.00,0,26187
4820,26,826.00,408.00,0,26195
4820,26,826.00,408.00,0,26204
4820,26,826.00,408.00,0,26212
4820,26,825.00,408.00,0,26219
4820,26,826.00,409.00,0,26227
4820,26,826.00,409.00,0,26235
4820,26,825.00,408.00,0,26244
4820,26,826.00,408.00,0,26252
4820,26,825.00,408.00,0,26260
4820,26,826.00,409.00,0,26268
4820,26,826.00,408.00,0,26275
4820,26,825.00,408.00,0,26284
4820,26,825.00,409.00,0,26292
4820,26,825.00,409.00,0,26300
4820,26,826.00,408.00,0,26308
4820,26,826.00,408.00,0,26316
4820,26,825.00,408.00,0,26324
4820,26,826.00,408.00,0,26333
4820,26,825.00,408.00,0,26340
4820,