,826.00,408.00,0,7008
-2,-4,825.00,408.00,0,7015
-2,-4,826.00,409.00,0,7022
-2,-4,826.00,409.00,0,7030
-2,-4,826.00,409.00,0,7037
-2,-4,826.00,408.00,0,7045
-2,-4,825.00,408.00,0,7052
-2,-4,825.00,409.00,0,7059
-2,-4,826.00,408.00,0,7066
-2,-4,826.00,409.00,0,7073
-2,-4,826.00,409.00,0,7080
-2,-4,826.00,409.00,0,7088
-2,-4,825.00,409.00,0,7096
-2,-4,826.00,409.00,0,7103
-2,-4,826.00,408.00,0,7110
-2,-4,825.00,408.00,0,7117
-2,-4,825.00,409.00,0,7124
-2,-4,825.00,408.00,0,7132
-2,-4,826.00,409.00,0,7139
-2,-4,826.00,409.00,0,7146
-2,-4,826.00,409.00,0,7153
-2,-4,826.00,409.00,0,7161
-2,-4,826.00,409.00,0,7169
-2,-4,825.00,408.00,0,7176
-2,-4,825.00,408.00,0,7183
-2,-4,825.00,409.00,0,7190
-2,-4,826.00,408.00,0,7197
-2,-4,826.00,409.00,0,7204
-2,-4,825.00,409.00,0,7212
-2,-4,826.00,409.00,0,7219
-2,-4,825.00,409.00,0,7227
-2,-4,826.00,409.00,0,7234
-2,-4,826.00,409.00,0,7241
-2,-4,825.00,408.00,0,7248
-2,-4,825.00,408.00,0,7256
-2,-4,826.00,409.00,0,7263
-2,-4,825.00,409.00,0,7270
-2,-4,826.00,409.00,0,7277
-2,-4,826.00,409.00,0,7284
-2,-4,825.00,409.00,0,7292
-2,-4,826.00,409.00,0,7300
-2,-4,826.00,408.00,0,7307
-2,-4,825.00,409.00,0,7314
-2,-4,827.00,409.00,0,7321
-2,-4,826.00,409.00,0,7328
-2,-4,826.00,409.00,0,7335
-2,-4,826.00,409.00,0,7343
-2,-4,825.00,408.00,0,7350
-2,-4,826.00,409.00,0,7358
-2,-4,826.00,409.00,0,7365
-2,-4,826.00,408.00,0,7372
-2,-4,826.00,408.00,0,7379
-2,-4,825.00,408.00,0,7387
-2,-4,826.00,409.00,0,7394
-2,-4,826.00,409.00,0,7401
-2,-4,826.00,409.00,0,7408
-2,-4,825.00,408.00,0,7415
-2,-4,826.00,409.00,0,7424
-2,-4,826.00,409.00,0,7431
-2,-4,826.00,409.00,0,7438
-2,-4,825.00,408.00,0,7445
-2,-4,825.00,408.00,0,7452
-2,-4,825.00,409.00,0,7459
-2,-4,826.00,409.00,0,7467
-2,-4,826.00,409.00,0,7474
-2,-4,826.00,409.00,0,7481
-2,-4,826.00,409.00,0,7488
-2,-4,826.00,409.00,0,7496
-2,-4,826.00,409.00,0,7503
-2,-4,825.00,408.00,0,7511
-2,-4,825.00,408.00,0,7518
-2,-4,826.00,409.00,0,7525
-2,-4,826.00,409.00,0,7532
-2,-4,826.00,409.00,0,7539
-2,-4,826.00,409.00,0,7546
-2,-4,827.00,409.00,0,7554
-2,-4,825.00,408.00,0,7562
-2,-4,826.00,409.00,0,7569
-2,-4,825.00,409.00,0,7576
-2,-4,825.00,408.00,0,7583
-2,-4,825.00,409.00,0,7590
-2,-4,825.00,409.00,0,7598
-2,-4,826.00,409.00,0,7605
-2,-4,826.00,409.00,0,7612
-2,-4,826.00,409.00,0,7619
-2,-4,826.00,409.00,0,7627
-2,-4,826.00,409.00,0,7634
-2,-4,826.00,409.00,0,7642
-2,-4,825.00,408.00,0,7649
-2,-4,825.00,409.00,0,7656
-2,-4,826.00,409.00,0,7663
-2,-4,826.00,409.00,0,7670
-2,-4,825.00,409.00,0,7677
-2,-4,826.00,409.00,0,7685
-2,-4,826.00,409.00,0,7693
-2,-4,826.00,409.00,0,7700
-2,-4,826.00,408.00,0,7707
-2,-4,825.00,408.00,0,7714
-2,-4,825.00,408.00,0,7721
-2,-4,826.00,409.00,0,7729
-2,-4,826.00,409.00,0,7736
-2,-4,826.00,408.00,0,7743
-2,-4,826.00,409.00,0,7750
-2,-4,825.00,409.00,0,7758
-2,-4,826.00,408.00,0,7766
-2,-4,826.00,408.00,0,7773
-2,-4,825.00,408.00,0,7780
-2,-4,825.00,408.00,0,7787
-2,-4,826.00,409.00,0,7794
-2,-4,826.00,409.00,0,7801
-2,-4,826.00,408.00,0,7809
-2,-4,826.00,409.00,0,7816
-2,-4,826.00,408.00,0,7824
-2,-4,826.00,408.00,0,7831
-2,-4,826.00,409.00,0,7838
-2,-4,826.00,409.00,0,7845
-2,-4,825.00,409.00,0,7853
-2,-4,826.00,409.00,0,7860
-2,-4,825.00,408.00,0,7867
-2,-4,826.00,408.00,0,7874
-2,-4,826.00,409.00,0,7881
-2,-4,826.00,409.00,0,7889
-2,-4,826.00,409.00,0,7897
-2,-4,826.00,408.00,0,7904
-2,-4,825.00,408.00,0,7911
-2,-4,826.00,408.00,0,7918
-2,-4,826.00,408.00,0,7925
-2,-4,826.00,408.00,0,7932
-2,-4,826.00,409.00,0,7940
-2,-4,826.00,409.00,0,7947
-2,-4,826.00,409.00,0,7954
-2,-4,826.00,409.00,0,7962
-2,-4,826.00,409.00,0,7969
-2,-4,825.00,409.00,0,7976
-2,-4,825.00,408.00,0,7984
-2,-4,825.00,408.00,0,7991
-2,-4,826.00,409.00,0,7998
-2,-4,826.00,408.00,0,8005
-2,-4,825.00,409.00,0,8012
-2,-4,826.00,409.00,0,8019
-2,-4,826.00,408.00,0,8028
-2,-4,826.00,409.00,0,8035
-2,-4,826.00,408.00,0,8042
-2,-4,825.00,408.00,0,8049
-2,-4,825.00,408.00,0,8056
-2,-4,826.00,409.00,0,8064
-2,-4,826.00,409.00,0,8071
-2,-4,826.00,409.00,0,8078
-2,-4,826.00,409.00,0,8085
-2,-4,826.00,409.00,0,8093
-2,-4,826.00,409.00,0,8100
-2,-4,826.00,408.00,0,8108
-2,-4,825.00,408.00,0,8115
-2,-4,826.00,409.00,0,8122
-2,-4,826.00,409.00,0,8129
-2,-4,826.00,409.00,0,8136
-2,-4,826.00,409.00,0,8143
-2,-4,825.00,409.00,0,8151
-2,-4,826.00,409.00,0,8159
-2,-4,825.00,409.00,0,8166
-2,-4,826.00,409.00,0,8173
-2,-4,826.00,408.00,0,8180
-2,-4,825.00,409.00,0,8187
-2,-4,825.00,409.00,0,8195
-2,-4,826.00,409.00,0,8202
-2,-4,826.00,409.00,0,8209
-2,-4,826.00,409.00,0,8216
-2,-4,826.00,409.00,0,8224
-2,-4,826.00,408.00,0,8231
-2,-4,826.00,408.00,0,8239
-2,-4,825.00,409.00,0,8246
-2,-4,825.00,409.00,0,8253
-2,-4,826.00,409.00,0,8260
-2,-4,825.00,409.00,0,8267
-2,-4,825.00,409.00,0,8274
-2,-4,826.00,409.00,0,8282
-2,-4,826.00,409.00,0,8290
-2,-4,826.00,409.00,0,8297
-2,-4,826.00,408.00,0,8304
-2,-4,825.00,408.00,0,8311
-2,-4,826.00,409.00,0,8318
-2,-4,826.00,409.00,0,8326
-2,-4,826.00,409.00,0,8333
-2,-4,826.00,409.00,0,8340
-2,-4,826.00,408.00,0,8347
-2,-4,825.00,409.00,0,8355
-2,-4,826.00,409.00,0,8363
-2,-4,826.00,409.00,0,8370
-2,-4,826.00,409.00,0,8377
-2,-4,826.00,409.00,0,8384
-2,-4,825.00,409.00,0,8391
-2,-4,826.00,409.00,0,8398
-2,-4,826.00,409.00,0,8406
-2,-4,826.00,409.00,0,8413
-2,-4,826.00,409.00,0,8420
-2,-4,826.00,409.00,0,8428
-2,-4,826.00,408.00,0,8435
-2,-4,826.00,408.00,0,8442
-2,-4,825.00,408.00,0,8450
-2,-4,826.00,409.00,0,8457
-2,-4,825.00,409.00,0,8464
-2,-4,826.00,409.00,0,8471
-2,-4,826.00,409.00,0,8478
-2,-4,826.00,409.00,0,8485
-2,-4,826.00,409.00,0,8494
-2,-4,826.00,409.00,0,8501
-2,-4,825.00,408.00,0,8508
-2,-4,825.00,408.00,0,8515
-2,-4,825.00,409.00,0,8522
-2,-4,826.00,409.00,0,8529
-2,-4,826.00,409.00,0,8537
-2,-4,826.00,409.00,0,8544
-2,-4,826.00,409.00,0,8551
-2,-4,826.00,409.00,0,8559
-2,-4,826.00,409.00,0,8566
-2,-4,826.00,408.00,0,8573
-2,-4,826.00,408.00,0,8581
-2,-4,826.00,409.00,0,8588
-2,-4,826.00,409.00,0,8595
-2,-4,826.00,409.00,0,8602
-2,-4,826.00,409.00,0,8609
-2,-4,826.00,409.00,0,8616
-2,-4,826.00,409.00,0,8625
-2,-4,826.00,409.00,0,8632
-2,-4,826.00,409.00,0,8639
-2,-4,826.00,408.00,0,8646
-2,-4,826.00,409.00,0,8653
-2,-4,826.00,409.00,0,8660
-2,-4,827.00,409.00,0,8668
-2,-4,826.00,409.00,0,8675
-2,-4,826.00,409.00,0,8682
-2,-4,826.00,409.00,0,8690
-2,-4,826.00,409.00,0,8697
-2,-4,826.00,409.00,0,8705
-2,-4,825.00,408.00,0,8712
-2,-4,825.00,409.00,0,8719
-2,-4,826.00,409.00,0,8726
-2,-4,825.00,409.00,0,8733
-2,-4,826.00,409.00,0,8740
-2,-4,826.00,409.00,0,8748
-2,-4,826.00,409.00,0,8756
-2,-4,826.00,409.00,0,8763
-2,-4,826.00,408.00,0,8770
-2,-4,826.00,409.00,0,8777
-2,-4,826.00,409.00,0,8784
-2,-4,826.00,409.00,0,8792
-2,-4,826.00,408.00,0,8799
-2,-4,826.00,409.00,0,8806
-2,-4,826.00,409.00,0,8813
-2,-4,826.00,409.00,0,8821
-2,-4,826.00,409.00,0,8828
-2,-4,826.00,409.00,0,8836
-2,-4,826.00,408.00,0,8843
-2,-4,825.00,408.00,0,8850
-2,-4,825.00,409.00,0,8857
-2,-4,826.00,408.00,0,8864
-2,-4,826.00,409.00,0,8871
-2,-4,826.00,409.00,0,8879
-2,-4,826.00,409.00,0,8886
-2,-4,826.00,409.00,0,8894
-2,-4,826.00,409.00,0,8901
-2,-4,825.00,408.00,0,8908
-2,-4,825.00,408.00,0,8915
-2,-4,826.00,409.00,0,8923
-2,-4,825.00,409.00,0,8930
-2,-4,826.00,409.00,0,8937
-2,-4,826.00,409.00,0,8944
-2,-4,826.00,409.00,0,8951
-2,-4,826.00,409.00,0,8960
-2,-4,826.00,409.00,0,8967
-2,-4,826.00,409.00,0,8974
-2,-4,826.00,408.00,0,8981
-2,-4,825.00,409.00,0,8988
-2,-4,826.00,409.00,0,8995
-2,-4,826.00,409.00,0,9003
-2,-4,826.00,409.00,0,9010
-2,-4,826.00,409.00,0,9017
-2,-4,826.00,409.00,0,9025
-2,-4,825.00,409.00,0,9032
-2,-4,826.00,408.00,0,9039
-2,-4,825.00,408.00,0,9047
-2,-4,825.00,409.00,0,9054
-2,-4,826.00,408.00,0,9061
-2,-4,825.00,409.00,0,9068
-2,-4,826.00,409.00,0,9075
-2,-4,826.00,409.00,0,9082
-2,-4,826.00,409.00,0,9091
-2,-4,826.00,408.00,0,9098
-2,-4,826.00,408.00,0,9105
-2,-4,825.00,408.00,0,9112
-2,-4,826.00,409.00,0,9119
-2,-4,826.00,409.00,0,9126
-2,-4,826.00,409.00,0,9134
-2,-4,826.00,408.00,0,9141
-2,-4,825.00,409.00,0,9148
-2,-4,826.00,409.00,0,9156
-2,-4,826.00,409.00,0,9163
-2,-4,825.00,408.00,0,9170
-2,-4,826.00,408.00,0,9178
-2,-4,825.00,409.00,0,9185
-2,-4,826.00,409.00,0,9192
-2,-4,826.00,409.00,0,9199
-2,-4,826.00,409.00,0,9206
-2,-4,826.00,409.00,0,9213
-2,-4,826.00,409.00,0,9222
-2,-4,825.00,408.00,0,9229
-2,-4,826.00,409.00,0,9236
-2,-4,825.00,409.00,0,9243
-2,-4,825.00,409.00,0,9250
-2,-4,826.00,409.00,0,9257
-2,-4,826.00,409.00,0,9265
-2,-4,826.00,409.00,0,9272
-2,-4,826.00,409.00,0,9279
-2,-4,826.00,409.00,0,9287
-2,-4,827.00,409.00,0,9294
-2,-4,826.00,409.00,0,9302
-2,-4,826.00,408.00,0,9309
-2,-4,825.00,408.00,0,9316
-2,-4,826.00,409.00,0,9323
-2,-4,826.00,409.00,0,9330
-2,-4,826.00,409.00,0,9337
-2,-4,826.00,409.00,0,9345
-2,-4,826.00,409.00,0,9352
-2,-4,825.00,409.00,0,9360
-2,-4,825.00,409.00,0,9367
-2,-4,826.00,409.00,0,9374
-2,-4,825.00,409.00,0,9381
-2,-4,825.00,408.00,0,9389
-2,-4,826.00,409.00,0,9396
-2,-4,826.00,408.00,0,9403
-2,-4,826.00,409.00,0,9410
-2,-4,826.00,409.00,0,9417
-2,-4,826.00,408.00,0,9425
-2,-4,826.00,409.00,0,9433
-2,-4,826.00,409.00,0,9440
-2,-4,825.00,408.00,0,9447
-2,-4,825.00,409.00,0,9454
-2,-4,826.00,409.00,0,9461
-2,-4,826.00,409.00,0,9468
-2,-4,826.00,409.00,0,9476
-2,-4,826.00,409.00,0,9483
-2,-4,826.00,409.00,0,9491
-2,-4,826.00,409.00,0,9498
-2,-4,825.00,409.00,0,9505
-2,-4,825.00,408.00,0,9512
-2,-4,825.00,409.00,0,9520
-2,-4,826.00,409.00,0,9527
-2,-4,826.00,409.00,0,9534
-2,-4,826.00,408.00,0,9541
-2,-4,826.00,409.00,0,9548
-2,-4,826.00,409.00,0,9556
-2,-4,826.00,409.00,0,9564
-2,-4,826.00,409.00,0,9571
-2,-4,825.00,409.00,0,9578
-2,-4,826.00,408.00,0,9585
-2,-4,826.00,409.00,0,9592
-2,-4,826.00,409.00,0,9600
-2,-4,826.00,409.00,0,9607
-2,-4,826.00,409.00,0,9614
-3,-4,826.00,409.00,0,9622
-3,-4,825.00,409.00,0,9629
-3,-4,826.00,408.00,0,9636
-3,-4,826.00,409.00,0,9644
-3,-4,825.00,408.00,0,9651
-3,-4,826.00,409.00,0,9658
-3,-4,825.00,409.00,0,9665
-3,-4,826.00,409.00,0,9672
-3,-4,826.00,409.00,0,9679
-3,-4,826.00,409.00,0,9688
-3,-4,826.00,409.00,0,9695
-3,-4,826.00,408.00,0,9702
-3,-4,825.00,408.00,0,9709
-3,-4,826.00,409.00,0,9716
-3,-4,826.00,409.00,0,9723
-3,-4,826.00,409.00,0,9731
-3,-4,827.00,409.00,0,9738
-3,-4,826.00,409.00,0,9745
-3,-4,826.00,409.00,0,9753
-3,-4,826.00,409.00,0,9760
-3,-4,826.00,409.00,0,9767
-3,-4,826.00,408.00,0,9775
-3,-4,826.00,408.00,0,9782
-3,-4,825.00,409.00,0,9789
-3,-4,826.00,409.00,0,9796
-3,-4,825.00,409.00,0,9803
-3,-4,826.00,409.00,0,9810
-3,-4,826.00,409.00,0,9818
-3,-4,826.00,409.00,0,9826
-3,-4,826.00,409.00,0,9833
-3,-4,826.00,408.00,0,9840
-3,-4,825.00,408.00,0,9847
-3,-4,825.00,409.00,0,9854
-3,-4,826.00,409.00,0,9862
-3,-4,826.00,409.00,0,9869
-3,-4,826.00,409.00,0,9876
-3,-4,826.00,409.00,0,9883
-3,-4,826.00,409.00,0,9891
-3,-4,826.00,409.00,0,9899
-3,-4,826.00,408.00,0,9906
-3,-4,825.00,408.00,0,9913
-3,-4,826.00,409.00,0,9920
-3,-4,826.00,408.00,0,9927
-3,-4,826.00,409.00,0,9934
-3,-4,826.00,409.00,0,9942
-3,-4,826.00,409.00,0,9949
-3,-4,826.00,409.00,0,9957
-3,-4,826.00,408.00,0,9964
-3,-4,825.00,409.00,0,9971
-3,-4,826.00,409.00,0,9978
-3,-4,825.00,409.00,0,9986
-3,-4,826.00,409.00,0,9993
-3,-4,826.00,409.00,0,10000
-3,-4,826.00,408.00,0,10008
-3,-4,825.00,409.00,0,10015
-3,-4,826.00,409.00,0,10022
-3,-4,826.00,409.00,0,10031
-3,-4,825.00,408.00,0,10038
-3,-4,826.00,409.00,0,10045
-3,-4,826.00,408.00,0,10053
-3,-4,826.00,409.00,0,10060
-3,-4,826.00,408.00,0,10067
-3,-4,825.00,408.00,0,10076
-3,-4,826.00,409.00,0,10083
-3,-4,826.00,408.00,0,10091
-3,-4,825.00,409.00,0,10098
-3,-4,826.00,409.00,0,10105
-3,-4,826.00,409.00,0,10114
-3,-4,825.00,409.00,0,10121
-3,-4,826.00,409.00,0,10128
-3,-4,826.00,409.00,0,10136
-3,-4,826.00,408.00,0,10143
-3,-4,826.00,409.00,0,10150
-3,-4,825.00,408.00,0,10159
-3,-4,825.00,409.00,0,10166
-3,-4,826.00,408.00,0,10174
-3,-4,825.00,408.00,0,10181
-3,-4,826.00,409.00,0,10188
-3,-4,826.00,409.00,0,10196
-3,-4,826.00,408.00,0,10204
-3,-4,826.00,409.00,0,10211
-3,-4,826.00,408.00,0,10219
-3,-4,826.00,409.00,0,10226
-3,-4,826.00,408.00,0,10233
-3,-4,825.00,409.00,0,10242
-3,-4,826.00,408.00,0,10249
-3,-4,826.00,409.00,0,10257
-3,-4,825.00,408.00,0,10264
-3,-4,826.00,409.00,0,10271
-3,-4,826.00,409.00,0,10279
-3,-4,825.00,409.00,0,10287
-3,-4,826.00,409.00,0,10294
-3,-4,826.00,409.00,0,10302
-3,-4,826.00,408.00,0,10309
-3,-4,826.00,409.00,0,10316
-3,-4,825.00,408.00,0,10324
-3,-4,826.00,408.00,0,10332
-3,-4,826.00,408.00,0,10340
-3,-4,825.00,408.00,0,10347
-3,-4,826.00,409.00,0,10354
-3,-4,826.00,409.00,0,10362
-3,-4,826.00,409.00,0,10370
-3,-4,826.00,409.00,0,10377
-3,-4,826.00,408.00,0,10385
-3,-4,826.00,409.00,0,10392
-3,-4,826.00,409.00,0,10399
-3,-4,826.00,409.00,0,10407
-3,-4,825.00,409.00,0,10415
-3,-5,826.00,409.00,0,10423
-3,-5,825.00,409.00,0,10430
-3,-5,826.00,409.00,0,10437
-3,-5,826.00,408.00,0,10445
-3,-5,825.00,409.00,0,10452
-3,-5,826.00,409.00,0,10460
11,-5,0.00,391.00,0,10467
72,-5,0.00,341.00,0,10474
163,-5,456.00,341.00,0,10482
262,-5,207.00,325.00,0,10489
361,-5,58.00,325.00,0,10498
467,-5,373.00,325.00,0,10505
581,-4,609.00,308.00,0,10513
697,-3,796.00,307.00,0,10521
821,-1,825.00,291.00,0,10528
960,1,826.00,291.00,0,10536
1079,2,825.00,324.00,0,10544
1187,3,826.00,325.00,0,10552
1291,3,825.00,325.00,0,10559
1387,3,614.00,341.00,0,10567
1479,2,314.00,342.00,0,10575
1585,0,473.00,325.00,0,10583
1697,-2,732.00,308.00,0,10591
1812,-4,803.00,308.00,0,10599
1933,-6,813.00,308.00,0,10607
2049,-6,792.00,309.00,0,10615
2154,-6,391.00,325.00,0,10624
2259,-5,56.00,325.00,0,10631
2371,-3,292.00,325.00,0,10639
2488,0,478.00,325.00,0,10647
2602,4,607.00,309.00,0,10654
2719,9,787.00,308.00,0,10662
2843,13,826.00,291.00,0,10671
2981,17,826.00,308.00,0,10679
3111,20,826.00,290.00,0,10687
3225,22,826.00,325.00,0,10694
3329,23,806.00,325.00,0,10702
3422,23,410.00,341.00,0,10711
3527,22,415.00,309.00,0,10719
3642,18,694.00,308.00,0,10727
3755,16,700.00,325.00,0,10735
3873,14,803.00,308.00,0,10743
3991,11,799.00,325.00,0,10752
4101,10,556.00,324.00,0,10759
4207,10,146.00,324.00,0,10767
4319,10,248.00,308.00,0,10775
4435,13,333.00,325.00,0,10783
4552,16,438.00,308.00,0,10791
4671,21,779.00,324.00,0,10800
4793,26,808.00,308.00,0,10808
4923,31,825.00,292.00,0,10815
5059,35,825.00,308.00,0,10823
5181,39,826.00,325.00,0,10831
5287,42,810.00,325.00,0,10840
5380,43,187.00,325.00,0,10848
5483,43,295.00,324.00,0,10856
5599,43,583.00,325.00,0,10864
5713,42,650.00,326.00,0,10872
5829,41,799.00,308.00,0,10880
5947,39,805.00,325.00,0,10888
6061,37,744.00,325.00,0,10896
6168,36,379.00,341.00,0,10904
6277,35,171.00,326.00,0,10912
6392,35,209.00,324.00,0,10920
6507,37,394.00,325.00,0,10929
6627,39,606.00,326.00,0,10937
6747,44,767.00,309.00,0,10944
6872,49,826.00,293.00,0,10952
7006,53,825.00,308.00,0,10960
7137,59,825.00,308.00,0,10969
7251,65,825.00,341.00,0,10977
7348,71,495.00,341.00,0,10985
7443,75,57.00,325.00,0,10992
7553,81,449.00,308.00,0,11000
7669,87,716.00,325.00,0,11009
7784,92,773.00,325.00,0,11017
7903,97,799.00,308.00,0,11025
8021,102,801.00,308.00,0,11033
8137,107,712.00,326.00,0,11041
8246,111,300.00,326.00,0,11049
8363,115,426.00,325.00,0,11058
8482,119,529.00,325.00,0,11067
8603,123,576.00,325.00,0,11075
8724,128,682.00,308.00,0,11083
8849,132,811.00,308.00,0,11091
8981,136,826.00,308.00,0,11100
9111,139,824.00,308.00,0,11108
9230,142,813.00,325.00,0,11116
9337,144,611.00,342.00,0,11124
9441,145,236.00,325.00,0,11132
9559,147,534.00,308.00,0,11142
9679,148,695.00,325.00,0,11150
9799,150,794.00,324.00,0,11158
9921,152,800.00,308.00,0,11166
10041,155,789.00,324.00,0,11174
10159,157,635.00,325.00,0,11184
10275,161,395.00,324.00,0,11192
10397,165,383.00,325.00,0,11201
10521,169,563.00,325.00,0,11209
10645,175,685.00,308.00,0,11217
10771,180,790.00,326.00,0,11227
10901,185,804.00,308.00,0,11235
11033,191,808.00,324.00,0,11243
11162,195,819.00,325.00,0,11252
11278,198,786.00,326.00,0,11260
11387,200,273.00,324.00,0,11270
11507,201,547.00,325.00,0,11278
11630,203,676.00,325.00,0,11286
11753,204,653.00,342.00,0,11295
11879,206,800.00,342.00,0,11303
12004,208,799.00,325.00,0,11312
12125,210,753.00,324.00,0,11321
12241,213,449.00,309.00,0,11329
12362,215,525.00,326.00,0,11338
12485,219,599.00,325.00,0,11346
12609,223,589.00,307.00,0,11355
12733,227,650.00,341.00,0,11364
12861,233,803.00,325.00,0,11372
12991,237,807.00,308.00,0,11380
13119,240,811.00,325.00,0,11389
13237,242,667.00,325.00,0,11398
13350,243,498.00,342.00,0,11407
13470,245,551.00,325.00,0,11415
13592,246,548.00,308.00,0,11423
13715,247,605.00,308.00,0,11432
13840,249,796.00,309.00,0,11441
13966,252,801.00,308.00,0,11450
14089,255,736.00,325.00,0,11458
14206,258,525.00,308.00,0,11466
14327,261,597.00,308.00,0,11475
14449,265,589.00,325.00,0,11484
14573,269,505.00,309.00,0,11492
14696,274,688.00,325.00,0,11501
14823,279,802.00,326.00,0,11509
14951,282,806.00,308.00,0,11518
15077,285,792.00,309.00,0,11527
15197,285,764.00,325.00,0,11535
15313,287,589.00,325.00,0,11544
15433,287,507.00,325.00,0,11552
15555,287,629.00,325.00,0,11560
15678,289,660.00,325.00,0,11570
15803,291,793.00,308.00,0,11578
15929,295,802.00,325.00,0,11587
16052,299,737.00,325.00,0,11595
16172,302,673.00,308.00,0,11603
16291,306,604.00,325.00,0,11613
16414,309,435.00,307.00,0,11621
16537,313,599.00,325.00,0,11629
16661,317,710.00,325.00,0,11638
16785,321,777.00,308.00,0,11646
16911,323,785.00,325.00,0,11656
17037,325,796.00,325.00,0,11664
17159,325,790.00,325.00,0,11672
17275,326,560.00,325.00,0,11681
17395,327,473.00,308.00,0,11689
17518,327,606.00,325.00,0,11698
17641,329,632.00,325.00,0,11707
17765,333,662.00,308.00,0,11715
17891,338,752.00,308.00,0,11724
18015,343,793.00,308.00,0,11732
18136,347,716.00,308.00,0,11741
18255,351,546.00,308.00,0,11750
18377,353,594.00,325.00,0,11758
18501,356,670.00,325.00,0,11767
18623,359,657.00,308.00,0,11776
18747,361,686.00,309.00,0,11784
18873,363,800.00,308.00,0,11793
18999,365,800.00,308.00,0,11801
19121,365,769.00,325.00,0,11809
19239,366,415.00,325.00,0,11819
19359,367,608.00,325.00,0,11827
19481,369,640.00,325.00,0,11836
19604,372,563.00,308.00,0,11844
19727,376,582.00,325.00,0,11852
19853,381,801.00,325.00,0,11862
19978,386,800.00,326.00,0,11870
20100,391,696.00,308.00,0,11878
20220,393,559.00,324.00,0,11887
20342,396,687.00,308.00,0,11895
20465,397,655.00,326.00,0,11905
20587,399,576.00,324.00,0,11913
20710,401,666.00,341.00,0,11921
20835,403,798.00,338.00,0,11930
20960,405,803.00,342.00,0,11938
21083,406,710.00,325.00,0,11947
21202,407,610.00,325.00,0,11956
21323,409,661.00,307.00,0,11964
21445,411,594.00,324.00,0,11973
21568,415,484.00,308.00,0,11981
21691,419,667.00,311.00,0,11990
21815,423,792.00,308.00,0,11999
21941,427,797.00,342.00,0,12007
22064,431,718.00,341.00,0,12016
22185,433,680.00,308.00,0,12024
22307,435,709.00,326.00,0,12033
22428,436,613.00,325.00,0,12042
22551,437,583.00,325.00,0,12050
22674,439,706.00,325.00,0,12058
22797,441,773.00,308.00,0,12067
22923,443,785.00,308.00,0,12076
23046,445,735.00,342.00,0,12085
23167,448,699.00,324.00,0,12093
23287,450,660.00,309.00,0,12101
23410,452,485.00,325.00,0,12110
23533,455,604.00,325.00,0,12119
23655,459,696.00,325.00,0,12127
23778,463,705.00,308.00,0,12136
23903,466,697.00,308.00,0,12144
24028,469,765.00,324.00,0,12153
24149,471,735.00,325.00,0,12162
24269,473,645.00,325.00,0,12170
24393,473,594.00,325.00,0,12179
24515,474,660.00,325.00,0,12187
24637,476,686.00,325.00,0,12195
24761,479,654.00,308.00,0,12205
24885,481,756.00,325.00,0,12213
25010,485,791.00,325.00,0,12222
25131,487,708.00,325.00,0,12230
25251,489,589.00,324.00,0,12238
25373,491,633.00,307.00,0,12248
25497,493,677.00,308.00,0,12256
25619,497,633.00,325.00,0,12264
25742,500,516.00,308.00,0,12273
25867,503,774.00,308.00,0,12281
25991,507,794.00,308.00,0,12291
26113,509,687.00,308.00,0,12299
26233,511,531.00,325.00,0,12307
26355,512,697.00,325.00,0,12316
26478,513,704.00,325.00,0,12324
26601,515,598.00,325.00,0,12334
26724,518,591.00,308.00,0,12342
26849,521,794.00,308.00,0,12350
26973,524,799.00,325.00,0,12359
27095,527,661.00,325.00,0,12367
27215,528,595.00,325.00,0,12376
27337,530,711.00,325.00,0,12385
27459,532,659.00,325.00,0,12393
27582,534,548.00,325.00,0,12402
27705,537,637.00,326.00,0,12410
27830,541,796.00,308.00,0,12419
27955,544,800.00,325.00,0,12428
28076,547,619.00,309.00,0,12436
28197,549,661.00,325.00,0,12444
28320,551,719.00,325.00,0,12453
28443,553,667.00,308.00,0,12462
28565,555,588.00,341.00,0,12471
28687,557,675.00,308.00,0,12479
28811,559,801.00,325.00,0,12487
28936,562,790.00,309.00,0,12496
29059,565,631.00,324.00,0,12505
29179,566,683.00,308.00,0,12513
29301,567,695.00,308.00,0,12522
29423,569,621.00,325.00,0,12530
29546,572,599.00,308.00,0,12539
29669,575,694.00,325.00,0,12548
29793,579,764.00,308.00,0,12556
29917,582,730.00,308.00,0,12565
30039,585,704.00,325.00,0,12573
30161,587,714.00,308.00,0,12582
30283,589,700.00,325.00,0,12591
30407,591,538.00,308.00,0,12599
30528,592,640.00,309.00,0,12608
30651,594,683.00,325.00,0,12616
30774,597,715.00,342.00,0,12624
30899,599,732.00,341.00,0,12634
31022,602,769.00,341.00,0,12642
31143,605,706.00,325.00,0,12651
31265,606,640.00,308.00,0,12659
31387,608,583.00,308.00,0,12667
31511,611,667.00,326.00,0,12677
31632,613,656.00,308.00,0,12685
31755,617,640.00,325.00,0,12693
31880,620,752.00,325.00,0,12702
32004,623,787.00,308.00,0,12710
32125,625,707.00,341.00,0,12720
32247,627,617.00,308.00,0,12728
32371,628,670.00,326.00,0,12736
32493,629,710.00,325.00,0,12745
32615,632,634.00,309.00,0,12753
32737,635,548.00,325.00,0,12762
32862,637,783.00,325.00,0,12771
32986,641,787.00,325.00,0,12779
33107,643,665.00,325.00,0,12788
33228,645,570.00,325.00,0,12796
33351,647,719.00,325.00,0,12805
33474,648,693.00,308.00,0,12814
33596,651,591.00,325.00,0,12822
33719,654,585.00,325.00,0,12831
33843,657,783.00,325.00,0,12839
33967,660,782.00,307.00,0,12848
34089,663,626.00,325.00,0,12857
34211,665,636.00,341.00,0,12865
34333,665,751.00,342.00,0,12873
34455,667,699.00,325.00,0,12882
34578,669,544.00,325.00,0,12891
34701,672,647.00,325.00,0,12900
34825,675,785.00,324.00,0,12908
34949,677,782.00,308.00,0,12916
35071,679,597.00,325.00,0,12925
35192,681,670.00,325.00,0,12934
35315,683,740.00,325.00,0,12942
35437,685,638.00,325.00,0,12951
35559,687,571.00,309.00,0,12959
35683,690,667.00,312.00,0,12968
35807,693,770.00,325.00,0,12977
35931,697,740.00,318.00,0,12985
36053,699,639.00,321.00,0,12994
36175,701,698.00,325.00,0,13002
36297,703,728.00,324.00,0,13010
36420,704,648.00,309.00,0,13020
36542,705,642.00,311.00,0,13028
36664,707,695.00,325.00,0,13037
36788,711,737.00,309.00,0,13045
36912,713,641.00,324.00,0,13053
37035,715,697.00,325.00,0,13063
37157,717,689.00,308.00,0,13071
37278,719,672.00,325.00,0,13080
37401,721,546.00,307.00,0,13088
37524,723,667.00,325.00,0,13096
37645,727,687.00,308.00,0,13106
37769,729,672.00,325.00,0,13114
37893,733,700.00,308.00,0,13122
38017,735,749.00,307.00,0,13131
38139,737,695.00,308.00,0,13139
38261,739,631.00,325.00,0,13149
38383,740,629.00,308.00,0,13157
38507,742,711.00,309.00,0,13165
38629,744,679.00,331.00,0,13174
38750,747,630.00,309.00,0,13182
38875,750,759.00,308.00,0,13191
38999,752,774.00,308.00,0,13200
39121,755,669.00,308.00,0,13208
39243,756,639.00,322.00,0,13217
39365,758,677.00,325.00,0,13225
39488,759,716.00,325.00,0,13234
39609,763,630.00,308.00,0,13243
39732,765,564.00,325.00,0,13251
39856,768,778.00,325.00,0,13259
39981,771,785.00,308.00,0,13268
40102,773,657.00,325.00,0,13277
40224,775,587.00,308.00,0,13286
40347,776,733.00,309.00,0,13294
40471,777,714.00,325.00,0,13302
40592,779,593.00,326.00,0,13312
40715,783,616.00,325.00,0,13320
40839,785,789.00,325.00,0,13328
40963,788,779.00,325.00,0,13337
41083,790,604.00,325.00,0,13345
41205,791,634.00,326.00,0,13355
41329,793,741.00,325.00,0,13363
41451,795,662.00,308.00,0,13371
41573,798,540.00,325.00,0,13380
41696,801,645.00,307.00,0,13388
41820,804,759.00,308.00,0,13398
41945,807,762.00,308.00,0,13406
42066,809,634.00,325.00,0,13414
42188,811,699.00,308.00,0,13423
42310,813,750.00,308.00,0,13431
42434,813,655.00,308.00,0,13440
42556,815,591.00,325.00,0,13449
42678,817,667.00,308.00,0,13457
42801,821,739.00,308.00,0,13466
42926,823,749.00,326.00,0,13474
43048,826,632.00,325.00,0,13483
43169,828,710.00,342.00,0,13492
43292,829,726.00,308.00,0,13500
43414,831,494.00,308.00,0,13508
43537,834,638.00,308.00,0,13517
43661,837,686.00,308.00,0,13526
43783,840,700.00,325.00,0,13535
43907,843,633.00,325.00,0,13543
44030,845,705.00,308.00,0,13551
44152,847,699.00,308.00,0,13560
44275,848,695.00,325.00,0,13569
44397,849,599.00,325.00,0,13577
44519,851,705.00,325.00,0,13586
44642,853,698.00,325.00,0,13594
44764,857,630.00,308.00,0,13603
44889,859,709.00,325.00,0,13612
45012,862,743.00,308.00,0,13620
45133,865,674.00,308.00,0,13629
45255,866,629.00,309.00,0,13637
45379,867,655.00,325.00,0,13646
45501,869,704.00,325.00,0,13655
45623,872,670.00,325.00,0,13663
45746,875,621.00,308.00,0,13672
45870,877,737.00,325.00,0,13680
45995,880,771.00,326.00,0,13688
46115,882,667.00,308.00,0,13698
46237,883,642.00,308.00,0,13706
46361,885,705.00,325.00,0,13715
46483,887,719.00,308.00,0,13723
46605,889,627.00,324.00,0,13731
46727,893,571.00,325.00,0,13741
46851,895,771.00,308.00,0,13749
46976,897,786.00,308.00,0,13757
47098,899,615.00,325.00,0,13766
47219,901,607.00,325.00,0,13774
47343,903,718.00,308.00,0,13784
47465,905,699.00,325.00,0,13792
47587,907,568.00,325.00,0,13800
47709,910,616.00,325.00,0,13809
47833,913,773.00,308.00,0,13817
47957,916,773.00,308.00,0,13826
48079,919,596.00,308.00,0,13835
48201,920,654.00,308.00,0,13843
48325,921,746.00,325.00,0,13852
48447,923,693.00,325.00,0,13860
48569,925,560.00,308.00,0,13869
48691,927,668.00,325.00,0,13878
48815,930,774.00,325.00,0,13886
48939,933,751.00,325.00,0,13895
49061,935,701.00,326.00,0,13903
49183,937,684.00,325.00,0,13912
49307,938,732.00,308.00,0,13921
49428,940,632.00,308.00,0,13929
49551,943,601.00,308.00,0,13937
49673,945,684.00,325.00,0,13946
49796,949,732.00,325.00,0,13955
49920,951,720.00,325.00,0,13964
50043,954,670.00,325.00,0,13972
50165,955,719.00,325.00,0,13980
50288,957,724.00,308.00,0,13989
50411,959,542.00,322.00,0,13998
50533,961,663.00,325.00,0,14006
50655,963,685.00,308.00,0,14015
50778,965,674.00,326.00,0,14023
50903,967,655.00,325.00,0,14032
51025,969,728.00,328.00,0,14041
51147,971,701.00,313.00,0,14049
51269,973,669.00,326.00,0,14058
51393,975,617.00,325.00,0,14066
51515,977,690.00,322.00,0,14074
51637,980,665.00,311.00,0,14084
51759,983,616.00,325.00,0,14092
51884,987,687.00,325.00,0,14101
52007,989,746.00,325.00,0,14109
52129,991,682.00,342.00,0,14117
52251,992,626.00,308.00,0,14127
52374,993,678.00,323.00,0,14135
52497,995,724.00,325.00,0,14143
52619,997,643.00,325.00,0,14152
52741,1000,513.00,325.00,0,14160
52869,1003,729.00,307.00,0,14170
52997,1005,758.00,325.00,0,14179
53122,1008,655.00,308.00,0,14187
53247,1009,625.00,325.00,0,14196
53373,1011,676.00,325.00,0,14205
53501,1014,713.00,342.00,0,14214
53627,1017,664.00,341.00,0,14223
53753,1020,616.00,332.00,0,14232
53881,1023,712.00,325.00,0,14240
54008,1025,740.00,309.00,0,14249
54133,1027,679.00,325.00,0,14258
54259,1029,627.00,325.00,0,14267
54387,1030,643.00,308.00,0,14276
54513,1031,702.00,325.00,0,14284
54639,1034,661.00,325.00,0,14294
54765,1037,623.00,308.00,0,14303
54893,1040,689.00,325.00,0,14311
55019,1043,725.00,325.00,0,14320
55145,1045,688.00,308.00,0,14329
55271,1047,677.00,308.00,0,14338
55397,1048,591.00,342.00,0,14347
55524,1051,687.00,342.00,0,14355
55649,1053,702.00,341.00,0,14364
55776,1056,676.00,308.00,0,14373
55905,1059,621.00,308.00,0,14382
56031,1061,686.00,308.00,0,14391
56157,1063,690.00,325.00,0,14400
56283,1064,690.00,325.00,0,14408
56410,1065,535.00,308.00,0,14417
56536,1068,672.00,326.00,0,14426
56662,1070,686.00,324.00,0,14435
56789,1073,705.00,308.00,0,14444
56916,1076,694.00,308.00,0,14452
57041,1078,656.00,325.00,0,14461
57167,1080,689.00,325.00,0,14471
57294,1081,717.00,325.00,0,14479
57420,1083,657.00,325.00,0,14488
57547,1086,626.00,326.00,0,14497
57673,1089,682.00,325.00,0,14505
57799,1091,733.00,308.00,0,14515
57927,1095,704.00,309.00,0,14523
58053,1097,592.00,308.00,0,14532
58179,1099,683.00,308.00,0,14541
58306,1100,747.00,317.00,0,14550
58433,1102,661.00,308.00,0,14559
58559,1104,591.00,324.00,0,14568
58685,1107,660.00,308.00,0,14576
58811,1109,752.00,308.00,0,14585
58939,1111,735.00,325.00,0,14594
59065,1113,631.00,342.00,0,14603
59191,1115,665.00,342.00,0,14612
59317,1117,749.00,325.00,0,14620
59444,1119,662.00,325.00,0,14629
59570,1122,542.00,325.00,0,14639
59696,1125,637.00,324.00,0,14647
59823,1128,755.00,325.00,0,14656
59951,1131,743.00,308.00,0,14665
60077,1133,583.00,308.00,0,14673
60203,1135,637.00,308.00,0,14683
60329,1136,759.00,325.00,0,14691
60456,1137,711.00,325.00,0,14700
60582,1139,587.00,324.00,0,14709
60707,1142,607.00,308.00,0,14717
60834,1145,762.00,325.00,0,14727
60963,1147,776.00,325.00,0,14736
61087,1149,586.00,324.00,0,14744
61213,1152,611.00,325.00,0,14753
61340,1154,733.00,308.00,0,14763
61467,1157,700.00,308.00,0,14771
61593,1159,586.00,308.00,0,14780
61719,1161,573.00,308.00,0,14788
61847,1164,757.00,326.00,0,14797
61975,1166,770.00,326.00,0,14807
62099,1168,605.00,308.00,0,14815
62225,1169,585.00,315.00,0,14824
62351,1171,723.00,326.00,0,14833
62479,1173,745.00,325.00,0,14841
62605,1175,630.00,342.00,0,14851
62729,1179,545.00,325.00,0,14859
62859,1181,756.00,341.00,0,14868
62985,1183,756.00,325.00,0,14877
63110,1185,628.00,308.00,0,14885
63237,1187,517.00,325.00,0,14895
63363,1189,686.00,309.00,0,14904
63490,1191,693.00,308.00,0,14912
63616,1194,634.00,326.00,0,14921
63742,1197,500.00,325.00,0,14930
63870,1200,731.00,325.00,0,14939
63997,1203,754.00,324.00,0,14948
64122,1204,662.00,308.00,0,14956
64247,1205,627.00,324.00,0,14965
64375,1207,680.00,308.00,0,14974
64502,1209,721.00,342.00,0,14983
64627,1211,661.00,342.00,0,14992
64753,1213,606.00,325.00,0,15001
64881,1217,701.00,325.00,0,15009
65009,1219,735.00,325.00,0,15019
65133,1221,665.00,324.00,0,15028
65259,1224,641.00,308.00,0,15036
65387,1225,615.00,325.00,0,15045
65513,1227,692.00,308.00,0,15053
65639,1230,656.00,308.00,0,15063
65765,1233,617.00,325.00,0,15072
65893,1235,660.00,314.00,0,15080
66019,1237,713.00,308.00,0,15089
66145,1239,703.00,325.00,0,15098
66271,1241,688.00,325.00,0,15107
66398,1243,604.00,326.00,0,15116
66525,1245,695.00,326.00,0,15124
66651,1248,682.00,325.00,0,15133
66777,1251,679.00,325.00,0,15142
66905,1253,612.00,325.00,0,15151
67031,1255,662.00,325.00,0,15160
67157,1257,679.00,325.00,0,15169
67283,1259,683.00,325.00,0,15177
67409,1261,527.00,325.00,0,15186
67536,1263,654.00,308.00,0,15196
67662,1266,672.00,309.00,0,15204
67789,1269,693.00,308.00,0,15213
67916,1273,661.00,308.00,0,15221
68043,1275,654.00,308.00,0,15230
68168,1276,700.00,308.00,0,15240
68295,1277,743.00,325.00,0,15248
68421,1279,670.00,325.00,0,15257
68548,1280,611.00,308.00,0,15266
68673,1283,664.00,325.00,0,15275
68801,1285,714.00,325.00,0,15284
68928,1288,694.00,325.00,0,15293
69053,1291,577.00,325.00,0,15301
69179,1294,667.00,325.00,0,15310
69307,1297,731.00,326.00,0,15319
69433,1299,651.00,325.00,0,15328
69559,1301,619.00,325.00,0,15337
69685,1303,646.00,308.00,0,15345
69811,1305,740.00,308.00,0,15354
69939,1307,724.00,341.00,0,15364
70065,1309,625.00,341.00,0,15372
70191,1311,669.00,325.00,0,15381
70318,1313,754.00,325.00,0,15389
70445,1315,682.00,325.00,0,15398
70571,1318,547.00,325.00,0,15408
70696,1321,623.00,325.00,0,15416
70824,1323,748.00,308.00,0,15425
70951,1325,727.00,308.00,0,15434
71076,1327,537.00,325.00,0,15442
71203,1329,621.00,308.00,0,15452
71329,1331,744.00,325.00,0,15461
71455,1334,682.00,308.00,0,15469
71582,1337,563.00,308.00,0,15478
71707,1339,604.00,307.00,0,15486
71835,1342,765.00,341.00,0,15496
71963,1344,758.00,325.00,0,15505
72089,1346,581.00,310.00,0,15513
72215,1347,599.00,309.00,0,15522
72341,1349,731.00,308.00,0,15532
72468,1351,722.00,325.00,0,15540
72594,1353,580.00,308.00,0,15549
72719,1357,560.00,308.00,0,15557
72847,1359,751.00,308.00,0,15566
72974,1361,748.00,326.00,0,15576
73099,1363,578.00,308.00,0,15584
73225,1365,555.00,308.00,0,15593
73351,1367,724.00,325.00,0,15602
73479,1369,722.00,325.00,0,15610
73605,1373,624.00,326.00,0,15620
73731,1375,525.00,308.00,0,15629
73859,1379,738.00,326.00,0,15637
73985,1381,752.00,308.00,0,15646
74111,1383,626.00,308.00,0,15654
74237,1385,644.00,308.00,0,15664
74364,1386,676.00,308.00,0,15673
74491,1387,710.00,308.00,0,15681
74617,1389,620.00,309.00,0,15690
74743,1392,458.00,308.00,0,15699
74871,1395,698.00,309.00,0,15708
74997,1398,731.00,325.00,0,15717
75122,1401,634.00,308.00,0,15726
75249,1403,610.00,325.00,0,15734
75375,1405,671.00,308.00,0,15744
75503,1408,720.00,342.00,0,15752
75628,1410,670.00,325.00,0,15761
75753,1412,589.00,308.00,0,15770
75881,1414,681.00,325.00,0,15778
76009,1417,708.00,308.00,0,15788
76135,1419,655.00,308.00,0,15797
76261,1421,620.00,308.00,0,15805
76387,1423,634.00,308.00,0,15814
76515,1425,700.00,308.00,0,15822
76640,1428,657.00,325.00,0,15832
76765,1430,619.00,325.00,0,15841
76893,1433,657.00,325.00,0,15849
77019,1435,697.00,324.00,0,15858
77145,1437,671.00,308.00,0,15867
77271,1439,665.00,308.00,0,15876
77398,1441,574.00,342.00,0,15885
77525,1444,678.00,325.00,0,15894
77651,1447,678.00,325.00,0,15902
77777,1449,654.00,308.00,0,15911
77905,1452,604.00,326.00,0,15920
78032,1454,667.00,325.00,0,15929
78157,1456,666.00,324.00,0,15938
78284,1458,698.00,325.00,0,15946
78411,1459,529.00,325.00,0,15955
78537,1461,655.00,324.00,0,15965
78663,1464,672.00,308.00,0,15973
78789,1467,700.00,325.00,0,15982
78917,1469,683.00,308.00,0,15990
79043,1471,624.00,342.00,0,16000
79168,1474,678.00,326.00,0,16009
79295,1476,715.00,325.00,0,16017
79422,1479,653.00,309.00,0,16026
79549,1481,609.00,325.00,0,16035
79674,1483,662.00,308.00,0,16044
79801,1485,703.00,325.00,0,16053
79928,1488,674.00,308.00,0,16062
80054,1490,580.00,325.00,0,16070
80181,1492,665.00,326.00,0,16079
80307,1494,743.00,307.00,0,16088
80434,1496,655.00,308.00,0,16097
80559,1499,644.00,308.00,0,16106
80685,1501,649.00,308.00,0,16114
80812,1503,721.00,308.00,0,16123
80940,1505,713.00,314.00,0,16133
81065,1507,585.00,325.00,0,16141
81191,1510,660.00,325.00,0,16150
81319,1512,737.00,308.00,0,16159
81445,1514,654.00,308.00,0,16167
81571,1517,548.00,325.00,0,16177
81697,1520,616.00,325.00,0,16185
81825,1523,740.00,308.00,0,16194
81951,1525,720.00,325.00,0,16203
82077,1527,562.00,307.00,0,16211
82203,1529,613.00,308.00,0,16221
82330,1531,737.00,308.00,0,16230
82457,1533,706.00,324.00,0,16238
82583,1535,565.00,325.00,0,16247
82708,1537,603.00,308.00,0,16256
82836,1540,759.00,341.00,0,16265
82963,1543,740.00,325.00,0,16274
83089,1545,560.00,325.00,0,16282
83215,1547,597.00,326.00,0,16291
83341,1549,720.00,308.00,0,16301
83468,1551,677.00,308.00,0,16309
83595,1554,575.00,325.00,0,16318
83720,1557,557.00,325.00,0,16327
83847,1560,743.00,325.00,0,16335
83975,1563,757.00,325.00,0,16345
84100,1565,591.00,308.00,0,16353
84226,1566,563.00,325.00,0,16362
84353,1567,730.00,308.00,0,16371
84480,1569,710.00,308.00,0,16379
84605,1571,614.00,342.00,0,16389
84731,1573,509.00,325.00,0,16398
84859,1576,729.00,325.00,0,16406
84987,1579,727.00,325.00,0,16415
85111,1582,600.00,325.00,0,16423
85237,1585,501.00,307.00,0,16433
85365,1587,678.00,325.00,0,16442
85491,1589,695.00,308.00,0,16450
85617,1591,620.00,325.00,0,16459
85743,1593,745.00,316.00,0,16468
85871,1595,696.00,325.00,0,16477
85997,1598,726.00,308.00,0,16486
86123,1601,641.00,308.00,0,16495
86249,1603,612.00,308.00,0,16503
86377,1605,660.00,326.00,0,16513
86503,1607,713.00,342.00,0,16521
86629,1609,645.00,326.00,0,16530
86754,1611,581.00,326.00,0,16539
86883,1613,655.00,308.00,0,16547
87009,1615,688.00,325.00,0,16557
87135,1618,637.00,325.00,0,16566
87261,1621,608.00,308.00,0,16574
87388,1624,603.00,308.00,0,16583
87514,1627,679.00,320.00,0,16592
87641,1629,663.00,309.00,0,16601
87767,1631,612.00,325.00,0,16610
87893,1633,624.00,308.00,0,16618
88020,1635,686.00,308.00,0,16627
88145,1637,670.00,308.00,0,16636
88273,1639,659.00,326.00,0,16645
88399,1641,577.00,325.00,0,16654
88527,1643,654.00,325.00,0,16663
88652,1647,656.00,308.00,0,16671
88778,1650,632.00,325.00,0,16680
88905,1653,585.00,308.00,0,16689
89032,1655,626.00,325.00,0,16698
89157,1657,646.00,317.00,0,16707
89284,1658,663.00,309.00,0,16715
89411,1660,498.00,308.00,0,16724
89537,1663,615.00,308.00,0,16734
89663,1666,655.00,325.00,0,16742
89789,1669,672.00,308.00,0,16751
89917,1672,659.00,307.00,0,16760
90043,1675,609.00,325.00,0,16769
90169,1677,681.00,325.00,0,16778
90296,1679,695.00,308.00,0,16786
90422,1681,654.00,308.00,0,16795
90549,1683,596.00,325.00,0,16804
90675,1685,638.00,325.00,0,16813
90801,1687,690.00,325.00,0,16822
90929,1689,643.00,308.00,0,16831
91055,1692,537.00,309.00,0,16839
91181,1695,647.00,325.00,0,16848
91307,1697,738.00,325.00,0,16858
91435,1701,649.00,321.00,0,16866
91559,1703,575.00,308.00,0,16875
91685,1705,632.00,307.00,0,16883
91813,1708,728.00,342.00,0,16892
91941,1710,703.00,325.00,0,16902
92066,1711,592.00,341.00,0,16910
92192,1713,640.00,308.00,0,16919
92319,1716,721.00,308.00,0,16928
92445,1719,646.00,324.00,0,16936
92572,1722,531.00,325.00,0,16946
92698,1725,609.00,325.00,0,16954
92825,1727,733.00,308.00,0,16963
92952,1729,702.00,325.00,0,16972
93077,1731,507.00,318.00,0,16980
93203,1732,595.00,325.00,0,16990
93331,1735,708.00,325.00,0,16999
93457,1737,662.00,308.00,0,17007
93583,1740,538.00,308.00,0,17016
93709,1744,584.00,325.00,0,17026
93837,1747,739.00,325.00,0,17034
93964,1749,718.00,308.00,0,17043
94089,1751,551.00,315.00,0,17051
94215,1753,592.00,325.00,0,17060
94342,1755,713.00,308.00,0,17070
94469,1757,676.00,325.00,0,17078
94595,1759,552.00,325.00,0,17087
94721,1762,517.00,312.00,0,17096
94848,1765,717.00,308.00,0,17104
94975,1768,712.00,308.00,0,17114
95101,1771,564.00,308.00,0,17122
95227,1773,543.00,325.00,0,17131
95354,1775,693.00,325.00,0,17140
95481,1777,699.00,325.00,0,17148
95606,1779,586.00,325.00,0,17158
95731,1782,500.00,325.00,0,17167
95859,1785,702.00,309.00,0,17175
95987,1788,714.00,325.00,0,17184
96113,1791,589.00,309.00,0,17193
96238,1793,612.00,324.00,0,17202
96365,1795,671.00,325.00,0,17211
96492,1797,680.00,326.00,0,17219
96618,1799,598.00,325.00,0,17228
96743,1801,434.00,324.00,0,17238
96871,1804,678.00,308.00,0,17246
96997,1807,689.00,308.00,0,17255
97123,1811,628.00,325.00,0,17264
97249,1813,582.00,308.00,0,17272
97376,1815,644.00,339.00,0,17282
97503,1817,685.00,325.00,0,17291
97629,1819,631.00,341.00,0,17299
97755,1821,563.00,325.00,0,17308
97883,1825,631.00,309.00,0,17316
98010,1827,680.00,325.00,0,17326
98135,1830,641.00,326.00,0,17335
98261,1833,605.00,308.00,0,17343
98389,1835,589.00,308.00,0,17352
98515,1837,665.00,308.00,0,17361
98641,1839,628.00,308.00,0,17370
98767,1841,579.00,325.00,0,17379
98894,1843,607.00,326.00,0,17387
99021,1846,653.00,326.00,0,17396
99146,1849,646.00,325.00,0,17405
99273,1851,637.00,325.00,0,17414
99399,1853,550.00,325.00,0,17423
99526,1855,644.00,325.00,0,17432
99651,1857,639.00,314.00,0,17440
99778,1860,617.00,308.00,0,17449
99906,1863,556.00,325.00,0,17459
100033,1865,616.00,325.00,0,17467
100162,1868,654.00,325.00,0,17476
100292,1871,695.00,325.00,0,17485
100423,1873,645.00,324.00,0,17495
100553,1875,564.00,325.00,0,17504
100683,1877,613.00,325.00,0,17513
100813,1879,689.00,309.00,0,17522
100943,1883,663.00,308.00,0,17531
101073,1885,494.00,308.00,0,17541
101203,1888,596.00,325.00,0,17549
101333,1891,717.00,340.00,0,17558
101464,1893,668.00,309.00,0,17567
101593,1895,540.00,307.00,0,17576
101723,1898,505.00,325.00,0,17586
101854,1901,707.00,325.00,0,17595
101985,1903,688.00,325.00,0,17604
102114,1906,579.00,325.00,0,17613
102245,1908,580.00,308.00,0,17622
102375,1911,637.00,342.00,0,17631
102505,1913,666.00,308.00,0,17640
102635,1915,596.00,325.00,0,17649
102765,1917,552.00,308.00,0,17658
102895,1919,590.00,308.00,0,17668
103026,1923,629.00,325.00,0,17677
103155,1925,622.00,325.00,0,17686
103286,1928,664.00,325.00,0,17695
103416,1931,454.00,324.00,0,17703
103547,1933,587.00,325.00,0,17713
103676,1936,623.00,309.00,0,17722
103807,1939,673.00,325.00,0,17731
103937,1941,659.00,308.00,0,17740
104067,1944,567.00,325.00,0,17750
104197,1946,600.00,325.00,0,17759
104328,1949,711.00,324.00,0,17768
104457,1951,659.00,325.00,0,17777
104587,1952,527.00,308.00,0,17785
104717,1954,493.00,308.00,0,17795
104848,1956,689.00,325.00,0,17804
104979,1959,687.00,325.00,0,17813
105108,1961,560.00,341.00,0,17822
105216,1965,826.00,358.00,0,17831
105234,1967,826.00,425.00,0,17841
105160,1967,826.00,474.00,0,17850
105043,1967,817.00,493.00,0,17859
104918,1965,802.00,493.00,0,17867
104788,1965,775.00,509.00,0,17876
104656,1964,728.00,495.00,0,17886
104523,1963,736.00,493.00,0,17895
104392,1963,788.00,493.00,0,17904
104264,1962,790.00,476.00,0,17913
104137,1961,786.00,493.00,0,17923
104007,1959,784.00,496.00,0,17932
103876,1957,804.00,510.00,0,17941
103746,1955,786.00,493.00,0,17949
103616,1953,786.00,493.00,0,17958
103486,1950,778.00,509.00,0,17968
103354,1948,775.00,493.00,0,17977
103226,1947,809.00,500.00,0,17986
103097,1945,785.00,476.00,0,17995
102967,1942,786.00,493.00,0,18004
102837,1939,791.00,476.00,0,18014
102709,1937,799.00,493.00,0,18023
102580,1934,804.00,493.00,0,18031
102450,1931,792.00,493.00,0,18040
102319,1927,792.00,510.00,0,18050
102190,1925,803.00,493.00,0,18059
102061,1923,800.00,493.00,0,18068
101931,1923,799.00,492.00,0,18077
101802,1921,799.00,509.00,0,18086
101673,1918,803.00,496.00,0,18096
101544,1915,818.00,509.00,0,18104
101413,1911,798.00,509.00,0,18113
101282,1907,792.00,475.00,0,18122
101152,1904,795.00,498.00,0,18131
101020,1902,792.00,492.00,0,18141
100888,1901,811.00,475.00,0,18150
100758,1899,800.00,493.00,0,18159
100629,1897,798.00,492.00,0,18168
100500,1895,797.00,509.00,0,18178
100369,1891,795.00,508.00,0,18186
100240,1887,816.00,492.00,0,18195
100113,1884,803.00,492.00,0,18204
99983,1881,803.00,509.00,0,18213
99856,1880,813.00,493.00,0,18223
99731,1879,819.00,492.00,0,18231
99606,1877,812.00,509.00,0,18240
99479,1875,800.00,509.00,0,18248
99350,1871,796.00,509.00,0,18257
99225,1867,826.00,493.00,0,18267
99099,1863,799.00,509.00,0,18275
98970,1860,794.00,493.00,0,18284
98842,1859,795.00,493.00,0,18293
98715,1857,803.00,509.00,0,18301
98589,1857,807.00,509.00,0,18311
98462,1855,790.00,493.00,0,18319
98334,1851,791.00,508.00,0,18328
98210,1847,825.00,493.00,0,18337
98086,1843,808.00,493.00,0,18345
97960,1839,805.00,509.00,0,18355
97833,1837,804.00,509.00,0,18364
97708,1837,811.00,509.00,0,18372
97582,1836,819.00,509.00,0,18381
97454,1834,798.00,509.00,0,18391
97326,1831,793.00,492.00,0,18399
97201,1827,814.00,493.00,0,18408
97074,1823,803.00,492.00,0,18416
96946,1819,797.00,492.00,0,18425
96818,1817,796.00,493.00,0,18435
96692,1815,802.00,509.00,0,18443
96566,1814,819.00,509.00,0,18452
96438,1812,789.00,493.00,0,18461
96311,1809,787.00,493.00,0,18469
96186,1805,806.00,493.00,0,18479
96061,1803,805.00,493.00,0,18487
95935,1800,800.00,493.00,0,18496
95810,1798,804.00,509.00,0,18505
95685,1796,810.00,493.00,0,18513
95560,1794,825.00,493.00,0,18523
95431,1791,793.00,492.00,0,18532
95303,1789,796.00,493.00,0,18540
95178,1785,803.00,493.00,0,18549
95051,1782,807.00,509.00,0,18558
94922,1779,803.00,491.00,0,18567
94794,1777,795.00,509.00,0,18576
94669,1775,796.00,493.00,0,18584
94542,1772,813.00,509.00,0,18593
94414,1769,789.00,507.00,0,18603
94287,1767,790.00,493.00,0,18611
94163,1765,795.00,493.00,0,18620
94038,1763,802.00,493.00,0,18629
93912,1761,812.00,509.00,0,18637
93786,1758,803.00,493.00,0,18647
93663,1755,808.00,509.00,0,18656
93537,1753,822.00,509.00,0,18664
93408,1750,810.00,510.00,0,18673
93280,1747,800.00,493.00,0,18681
93154,1745,803.00,493.00,0,18691
93027,1743,796.00,492.00,0,18700
92899,1741,822.00,501.00,0,18708
92772,1738,801.00,509.00,0,18717
92648,1735,804.00,493.00,0,18726
92520,1732,805.00,509.00,0,18735
92393,1730,792.00,493.00,0,18744
92267,1727,799.00,493.00,0,18752
92142,1726,801.00,493.00,0,18761
92017,1724,804.00,493.00,0,18770
91891,1722,826.00,493.00,0,18779
91766,1720,808.00,493.00,0,18788
91642,1717,809.00,493.00,0,18797
91515,1714,813.00,492.00,0,18805
91386,1711,807.00,509.00,0,18814
91258,1709,808.00,509.00,0,18824
91132,1707,798.00,509.00,0,18832
91005,1705,795.00,493.00,0,18841
90876,1703,817.00,509.00,0,18849
90751,1701,805.00,492.00,0,18859
90626,1699,809.00,493.00,0,18868
90500,1695,804.00,497.00,0,18876
90372,1692,799.00,510.00,0,18885
90247,1689,816.00,509.00,0,18894
90122,1687,794.00,492.00,0,18903
89996,1685,800.00,510.00,0,18912
89868,1683,816.00,509.00,0,18920
89743,1683,812.00,475.00,0,18929
89618,1681,814.00,510.00,0,18938
89492,1679,806.00,493.00,0,18947
89364,1676,805.00,509.00,0,18956
89238,1673,826.00,493.00,0,18965
89112,1669,812.00,509.00,0,18973
88984,1666,799.00,493.00,0,18982
88856,1663,814.00,503.00,0,18992
88730,1662,814.00,509.00,0,19000
88604,1661,808.00,493.00,0,19009
88476,1659,797.00,509.00,0,19017
88349,1657,794.00,492.00,0,19026
88224,1655,822.00,508.00,0,19036
88100,1651,808.00,508.00,0,19044
87974,1649,807.00,509.00,0,19053
87848,1646,813.00,476.00,0,19062
87724,1644,826.00,509.00,0,19070
87598,1642,824.00,509.00,0,19080
87470,1641,808.00,510.00,0,19089
87342,1639,802.00,509.00,0,19097
87216,1636,826.00,492.00,0,19106
87089,1633,807.00,492.00,0,19115
86961,1630,800.00,492.00,0,19124
86834,1627,802.00,493.00,0,19133
86708,1625,815.00,493.00,0,19141
86582,1623,826.00,510.00,0,19150
86455,1621,794.00,492.00,0,19160
86327,1620,796.00,491.00,0,19168
86203,1619,826.00,492.00,0,19177
86079,1616,815.00,493.00,0,19185
85953,1613,817.00,492.00,0,19194
85828,1611,821.00,509.00,0,19204
85704,1608,823.00,493.00,0,19212
85578,1605,826.00,492.00,0,19221
85450,1603,803.00,493.00,0,19230
85320,1601,799.00,493.00,0,19238
85193,1599,823.00,510.00,0,19248
85065,1597,810.00,509.00,0,19257
84936,1595,801.00,493.00,0,19265
84810,1592,798.00,492.00,0,19274
84684,1589,813.00,508.00,0,19282
84560,1587,826.00,492.00,0,19292
84431,1583,799.00,509.00,0,19301
84304,1581,799.00,480.00,0,19309
84178,1579,814.00,493.00,0,19318
84053,1577,816.00,476.00,0,19328
83927,1575,815.00,493.00,0,19336
83802,1575,816.00,493.00,0,19345
83678,1573,822.00,476.00,0,19354
83552,1571,826.00,509.00,0,19362
83426,1568,814.00,508.00,0,19372
83298,1564,805.00,496.00,0,19380
83172,1561,814.00,493.00,0,19389
83044,1557,809.00,493.00,0,19398
82914,1555,808.00,493.00,0,19406
82786,1554,798.00,493.00,0,19416
82662,1553,803.00,493.00,0,19425
82534,1552,812.00,475.00,0,19433
82406,1551,807.00,493.00,0,19442
82282,1548,810.00,492.00,0,19450
82158,1545,817.00,493.00,0,19460
82034,1541,818.00,476.00,0,19469
81908,1539,826.00,493.00,0,19477
81783,1536,818.00,493.00,0,19486
81658,1535,821.00,492.00,0,19495
81530,1533,825.00,493.00,0,19504
81402,1531,819.00,509.00,0,19513
81274,1530,803.00,493.00,0,19522
81146,1527,809.00,509.00,0,19530
81020,1525,803.00,493.00,0,19539
80892,1521,825.00,493.00,0,19548
80766,1518,802.00,492.00,0,19557
80640,1515,807.00,476.00,0,19566
80512,1513,807.00,493.00,0,19574
80384,1511,805.00,509.00,0,19584
80258,1510,815.00,492.00,0,19593
80134,1509,810.00,493.00,0,19601
80008,1507,814.00,493.00,0,19610
79883,1504,826.00,493.00,0,19618
79758,1501,820.00,493.00,0,19628
79636,1499,824.00,509.00,0,19637
79508,1497,823.00,509.00,0,19645
79380,1494,818.00,509.00,0,19654
79252,1491,819.00,509.00,0,19663
79124,1489,801.00,493.00,0,19672
78996,1485,797.00,509.00,0,19681
78866,1483,808.00,493.00,0,19690
78739,1481,806.00,493.00,0,19698
78614,1479,808.00,509.00,0,19707
78486,1478,800.00,510.00,0,19716
78358,1477,796.00,493.00,0,19725
78234,1475,826.00,493.00,0,19734
78110,1472,820.00,507.00,0,19742
77986,1469,822.00,509.00,0,19751
77862,1467,826.00,493.00,0,19761
77737,1465,826.00,508.00,0,19769
77613,1463,826.00,493.00,0,19778
77486,1461,818.00,509.00,0,19787
77356,1459,804.00,492.00,0,19795
77229,1457,827.00,492.00,0,19805
77102,1453,804.00,507.00,0,19813
76973,1451,798.00,493.00,0,19822
76844,1449,810.00,509.00,0,19831
76718,1447,818.00,508.00,0,19840
76592,1445,826.00,509.00,0,19849
76465,1443,801.00,509.00,0,19858
76337,1441,796.00,492.00,0,19866
76212,1439,826.00,509.00,0,19875
76088,1436,817.00,496.00,0,19884
75962,1433,815.00,509.00,0,19893
75836,1431,817.00,493.00,0,19902
75712,1429,826.00,492.00,0,19910
75588,1428,826.00,509.00,0,19919
75460,1427,812.00,493.00,0,19929
75332,1425,801.00,493.00,0,19937
75206,1422,821.00,493.00,0,19946
75078,1419,811.00,492.00,0,19955
74950,1415,799.00,475.00,0,19963
74822,1413,809.00,509.00,0,19973
74696,1410,812.00,493.00,0,19981
74570,1408,826.00,509.00,0,19990
74442,1407,801.00,509.00,0,19999
74314,1405,798.00,510.00,0,20007
74188,1403,816.00,492.00,0,20017
74064,1401,817.00,493.00,0,20026
73938,1399,815.00,509.00,0,20034
73814,1397,821.00,494.00,0,20043
73691,1395,826.00,509.00,0,20051
73566,1393,826.00,509.00,0,20061
73438,1390,813.00,493.00,0,20070
73310,1387,809.00,508.00,0,20078
73184,1384,815.00,509.00,0,20087
73054,1381,812.00,476.00,0,20097
72926,1380,807.00,493.00,0,20105
72798,1379,805.00,493.00,0,20114
72672,1377,811.00,493.00,0,20123
72546,1375,825.00,493.00,0,20131
72420,1373,809.00,509.00,0,20141
72294,1371,812.00,509.00,0,20149
72170,1367,824.00,492.00,0,20158
72045,1365,822.00,510.00,0,20167
71919,1361,823.00,493.00,0,20175
71793,1359,812.00,493.00,0,20185
71668,1358,823.00,509.00,0,20194
71541,1357,826.00,500.00,0,20202
71412,1355,807.00,493.00,0,20211
71284,1353,807.00,492.00,0,20220
71158,1351,809.00,507.00,0,20229
71030,1347,805.00,493.00,0,20238
70903,1345,824.00,510.00,0,20246
70777,1341,811.00,509.00,0,20255
70652,1339,813.00,510.00,0,20264
70524,1336,816.00,505.00,0,20273
70396,1335,809.00,493.00,0,20282
70268,1333,803.00,492.00,0,20291
70143,1332,804.00,509.00,0,20299
70018,1330,809.00,509.00,0,20308
69893,1329,826.00,509.00,0,20317
69768,1327,819.00,509.00,0,20326
69646,1325,821.00,492.00,0,20335
69520,1322,826.00,509.00,0,20343
69393,1319,820.00,492.00,0,20353
69265,1317,817.00,493.00,0,20362
69138,1313,811.00,493.00,0,20370
69010,1311,810.00,509.00,0,20379
68880,1309,826.00,509.00,0,20388
68754,1307,811.00,492.00,0,20397
68628,1305,809.00,493.00,0,20406
68501,1304,811.00,509.00,0,20414
68372,1302,804.00,509.00,0,20423
68247,1299,820.00,509.00,0,20432
68122,1297,811.00,493.00,0,20441
67997,1295,806.00,493.00,0,20450
67872,1293,826.00,509.00,0,20459
67747,1291,823.00,493.00,0,20467
67623,1289,824.00,509.00,0,20476
67497,1287,822.00,509.00,0,20486
67368,1285,812.00,509.00,0,20494
67241,1283,826.00,492.00,0,20503
67115,1279,812.00,493.00,0,20511
66986,1275,805.00,492.00,0,20520
66858,1273,818.00,509.00,0,20530
66731,1271,822.00,509.00,0,20538
66606,1271,818.00,493.00,0,20547
66478,1269,805.00,509.00,0,20556
66350,1268,806.00,509.00,0,20564
66226,1265,826.00,492.00,0,20574
66101,1263,814.00,493.00,0,20582
65975,1259,814.00,492.00,0,20591
65850,1255,821.00,493.00,0,20600
65725,1253,826.00,493.00,0,20609
65600,1251,826.00,509.00,0,20618
65471,1251,803.00,493.00,0,20627
65342,1249,802.00,492.00,0,20635
65214,1248,826.00,509.00,0,20644
65088,1245,814.00,509.00,0,20654
64960,1242,804.00,509.00,0,20662
64833,1239,807.00,493.00,0,20671
64709,1236,821.00,509.00,0,20679
64584,1233,826.00,492.00,0,20688
64456,1232,807.00,509.00,0,20698
64328,1231,797.00,477.00,0,20706
64202,1229,826.00,476.00,0,20715
64076,1227,816.00,493.00,0,20724
63950,1225,813.00,493.00,0,20732
63825,1223,818.00,492.00,0,20742
63702,1221,823.00,493.00,0,20750
63576,1220,826.00,474.00,0,20759
63450,1217,815.00,475.00,0,20768
63322,1215,813.00,510.00,0,20776
63196,1213,826.00,509.00,0,20786
63068,1209,817.00,509.00,0,20795
62940,1206,807.00,493.00,0,20803
62812,1203,803.00,493.00,0,20812
62686,1202,816.00,476.00,0,20822
62560,1201,825.00,492.00,0,20830
62432,1199,797.00,492.00,0,20839
62303,1197,804.00,508.00,0,20847
62178,1195,817.00,492.00,0,20856
62054,1193,818.00,475.00,0,20866
61927,1191,823.00,508.00,0,20874
61802,1188,819.00,493.00,0,20883
61679,1186,826.00,493.00,0,20892
61554,1184,825.00,476.00,0,20900
61425,1181,819.00,508.00,0,20910
61296,1179,809.00,493.00,0,20919
61169,1176,808.00,493.00,0,20927
61040,1173,807.00,493.00,0,20936
60913,1171,814.00,493.00,0,20944
60786,1170,800.00,509.00,0,20954
60662,1169,808.00,493.00,0,20963
60536,1167,824.00,509.00,0,20971
60408,1166,815.00,485.00,0,20980
60282,1163,812.00,493.00,0,20989
60158,1161,817.00,475.00,0,20998
60032,1157,821.00,493.00,0,21007
59906,1155,825.00,493.00,0,21015
59781,1153,820.00,492.00,0,21024
59656,1151,824.00,509.00,0,21033
59530,1149,826.00,493.00,0,21042
59400,1148,819.00,492.00,0,21051
59272,1146,811.00,493.00,0,21060
59146,1143,810.00,493.00,0,21068
59019,1140,811.00,509.00,0,21078
58892,1137,826.00,493.00,0,21087
58766,1135,809.00,485.00,0,21095
58642,1133,813.00,493.00,0,21104
58515,1133,816.00,492.00,0,21112
58387,1131,814.00,493.00,0,21122
58260,1129,822.00,493.00,0,21131
58136,1127,818.00,509.00,0,21139
58010,1123,820.00,493.00,0,21148
57883,1121,826.00,493.00,0,21157
57758,1118,824.00,506.00,0,21166
57632,1116,824.00,509.00,0,21175
57506,1115,822.00,493.00,0,21184
57376,1113,807.00,493.00,0,21192
57248,1111,821.00,493.00,0,21201
57122,1109,807.00,505.00,0,21210
56994,1107,803.00,493.00,0,21219
56868,1105,822.00,493.00,0,21228
56744,1103,820.00,476.00,0,21236
56620,1101,821.00,510.00,0,21245
56494,1099,817.00,509.00,0,21255
56366,1096,818.00,509.00,0,21263
56240,1093,826.00,492.00,0,21272
56114,1091,819.00,505.00,0,21280
55986,1088,811.00,492.00,0,21289
55858,1086,826.00,493.00,0,21299
55732,1085,823.00,493.00,0,21307
55608,1083,822.00,493.00,0,21316
55480,1082,813.00,509.00,0,21325
55352,1080,801.00,492.00,0,21334
55225,1077,826.00,493.00,0,21343
55099,1073,805.00,492.00,0,21352
54972,1070,800.00,492.00,0,21360
54844,1067,811.00,476.00,0,21369
54720,1065,826.00,493.00,0,21378
54594,1063,826.00,493.00,0,21387
54466,1062,809.00,509.00,0,21396
54338,1061,802.00,509.00,0,21404
54212,1059,826.00,493.00,0,21413
54086,1056,812.00,493.00,0,21423
53960,1053,811.00,493.00,0,21431
53834,1051,822.00,509.00,0,21440
53711,1049,825.00,493.00,0,21448
53586,1048,826.00,509.00,0,21457
53459,1046,811.00,493.00,0,21467
53330,1044,806.00,509.00,0,21475
53205,1041,826.00,493.00,0,21484
53078,1038,812.00,493.00,0,21493
52948,1035,801.00,493.00,0,21501
52822,1033,813.00,493.00,0,21511
52697,1031,824.00,509.00,0,21520
52572,1030,826.00,492.00,0,21528
52444,1029,807.00,509.00,0,21537
52316,1027,804.00,492.00,0,21545
52192,1025,825.00,508.00,0,21555
52066,1023,818.00,510.00,0,21564
51940,1021,820.00,509.00,0,21572
51816,1019,826.00,509.00,0,21581
51693,1017,826.00,492.00,0,21591
51568,1015,826.00,493.00,0,21599
51440,1013,821.00,510.00,0,21608
51311,1011,811.00,493.00,0,21617
51184,1007,824.00,509.00,0,21625
51056,1004,814.00,493.00,0,21635
50927,1001,812.00,493.00,0,21643
50799,999,808.00,492.00,0,21652
50678,997,822.00,510.00,0,21660
50556,996,826.00,475.00,0,21669
50431,995,805.00,492.00,0,21678
50307,994,799.00,493.00,0,21686
50185,991,824.00,509.00,0,21695
50064,989,815.00,493.00,0,21703
49942,985,818.00,509.00,0,21711
49820,983,823.00,509.00,0,21721
49701,981,825.00,475.00,0,21729
49580,979,826.00,492.00,0,21738
49456,978,811.00,493.00,0,21746
49330,977,804.00,493.00,0,21754
49206,974,826.00,493.00,0,21764
49082,971,810.00,509.00,0,21772
48958,969,805.00,494.00,0,21780
48834,966,813.00,508.00,0,21789
48715,964,822.00,495.00,0,21797
48594,963,826.00,492.00,0,21807
48470,962,814.00,493.00,0,21815
48346,961,808.00,493.00,0,21823
48224,959,826.00,499.00,0,21832
48102,956,817.00,496.00,0,21840
47980,953,820.00,496.00,0,21850
47858,951,825.00,492.00,0,21858
47737,949,827.00,509.00,0,21866
47616,947,826.00,506.00,0,21875
47493,945,818.00,480.00,0,21883
47368,943,811.00,493.00,0,21892
47242,941,822.00,475.00,0,21901
47119,939,802.00,475.00,0,21909
46995,936,803.00,509.00,0,21918
46872,934,819.00,509.00,0,21926
46749,932,816.00,508.00,0,21935
46630,931,821.00,493.00,0,21944
46508,931,825.00,493.00,0,21952
46384,929,820.00,509.00,0,21960
46263,928,824.00,492.00,0,21969
46142,925,820.00,510.00,0,21978
46021,923,824.00,493.00,0,21987
45898,920,825.00,492.00,0,21995
45778,917,826.00,493.00,0,22003
45658,915,826.00,475.00,0,22012
45534,913,826.00,493.00,0,22021
45408,911,823.00,493.00,0,22029
45282,909,806.00,492.00,0,22038
45158,906,804.00,493.00,0,22046
45032,903,802.00,476.00,0,22055
44906,901,818.00,503.00,0,22064
44784,899,807.00,475.00,0,22072
44664,897,818.00,509.00,0,22081
44542,896,826.00,509.00,0,22089
44418,894,810.00,493.00,0,22098
44294,892,806.00,493.00,0,22107
44173,889,820.00,493.00,0,22115
44051,887,799.00,510.00,0,22124
43928,883,816.00,476.00,0,22132
43808,881,819.00,509.00,0,22140
43687,879,824.00,475.00,0,22150
43565,877,826.00,493.00,0,22158
43440,876,809.00,493.00,0,22167
43314,875,801.00,509.00,0,22175
43192,872,826.00,509.00,0,22183
43068,869,814.00,493.00,0,22193
42944,867,810.00,493.00,0,22201
42822,864,816.00,492.00,0,22209
42702,863,825.00,492.00,0,22218
42581,861,826.00,491.00,0,22226
42458,859,816.00,509.00,0,22236
42334,858,808.00,493.00,0,22244
42212,856,826.00,493.00,0,22252
42090,853,818.00,493.00,0,22261
41967,850,815.00,492.00,0,22269
41844,847,826.00,494.00,0,22278
41724,845,826.00,493.00,0,22287
41602,844,826.00,493.00,0,22295
41478,843,812.00,510.00,0,22304
41352,841,811.00,508.00,0,22312
41228,840,826.00,493.00,0,22321
41104,837,809.00,508.00,0,22330
40981,834,804.00,493.00,0,22338
40858,831,823.00,493.00,0,22346
40738,829,826.00,493.00,0,22355
40618,828,824.00,493.00,0,22364
40497,827,822.00,509.00,0,22373
40372,825,819.00,509.00,0,22381
40248,823,826.00,493.00,0,22389
40126,821,811.00,493.00,0,22398
40004,818,818.00,493.00,0,22407
39880,815,826.00,492.00,0,22416
39760,813,824.00,493.00,0,22424
39639,811,826.00,493.00,0,22432
39516,810,826.00,510.00,0,22441
39390,809,815.00,492.00,0,22450
39266,807,810.00,493.00,0,22458
39143,805,808.00,493.00,0,22467
39018,801,810.00,492.00,0,22475
38895,799,826.00,493.00,0,22484
38774,795,816.00,491.00,0,22493
38654,794,824.00,493.00,0,22501
38533,793,826.00,492.00,0,22510
38409,791,823.00,492.00,0,22518
38286,790,811.00,476.00,0,22526
38163,788,821.00,509.00,0,22536
38040,785,815.00,493.00,0,22544
37916,783,826.00,509.00,0,22553
37795,781,820.00,509.00,0,22561
37676,779,826.00,510.00,0,22569
37554,777,826.00,476.00,0,22579
37430,775,814.00,477.00,0,22587
37304,773,806.00,476.00,0,22595
37181,771,817.00,475.00,0,22604
37056,768,817.00,493.00,0,22612
36932,765,814.00,510.00,0,22622
36810,762,807.00,492.00,0,22630
36690,760,822.00,509.00,0,22638
36569,759,826.00,509.00,0,22647
36445,759,818.00,492.00,0,22656
36321,757,810.00,493.00,0,22664
36198,755,826.00,509.00,0,22673
36076,753,820.00,476.00,0,22681
35954,750,821.00,509.00,0,22690
35832,747,823.00,493.00,0,22699
35713,745,826.00,492.00,0,22707
35592,744,826.00,509.00,0,22716
35470,743,821.00,494.00,0,22724
35344,741,815.00,493.00,0,22733
35219,738,826.00,492.00,0,22742
35094,735,815.00,509.00,0,22750
34968,732,807.00,493.00,0,22759
34846,729,822.00,509.00,0,22767
34725,727,826.00,509.00,0,22775
34604,725,827.00,492.00,0,22785
34482,725,821.00,492.00,0,22793
34356,723,813.00,509.00,0,22802
34234,722,825.00,492.00,0,22810
34112,719,818.00,509.00,0,22818
33988,716,814.00,493.00,0,22828
33867,713,826.00,475.00,0,22836
33747,711,827.00,509.00,0,22844
33628,708,826.00,509.00,0,22853
33506,707,826.00,493.00,0,22861
33380,705,819.00,509.00,0,22871
33254,702,821.00,509.00,0,22879
33129,699,806.00,509.00,0,22887
33004,697,802.00,509.00,0,22896
32879,694,821.00,493.00,0,22904
32759,693,816.00,496.00,0,22913
32640,691,824.00,476.00,0,22922
32518,691,826.00,510.00,0,22930
32396,689,823.00,493.00,0,22939
32272,687,822.00,506.00,0,22947
32151,685,817.00,500.00,0,22956
32028,681,822.00,509.00,0,22965
31905,678,826.00,509.00,0,22973
31785,675,826.00,493.00,0,22982
31665,673,824.00,492.00,0,22990
31544,671,826.00,509.00,0,22999
31419,669,821.00,509.00,0,23008
31292,668,804.00,509.00,0,23016
31166,666,808.00,510.00,0,23024
31040,663,805.00,493.00,0,23033
30914,660,812.00,493.00,0,23042
30793,657,812.00,493.00,0,23051
30676,655,825.00,509.00,0,23059
30556,655,826.00,509.00,0,23067
30433,653,817.00,505.00,0,23076
30309,653,809.00,508.00,0,23085
30186,650,826.00,493.00,0,23093
30062,647,820.00,509.00,0,23102
29940,645,820.00,492.00,0,23110
29818,641,826.00,509.00,0,23119
29700,639,826.00,492.00,0,23128
29580,637,826.00,509.00,0,23136
29456,636,823.00,509.00,0,23145
29330,635,806.00,509.00,0,23153
29204,632,826.00,509.00,0,23161
29078,629,804.00,509.00,0,23171
28953,626,802.00,509.00,0,23179
28830,623,816.00,509.00,0,23188
28712,621,825.00,492.00,0,23196
28594,619,826.00,494.00,0,23204
28472,619,822.00,493.00,0,23214
28348,618,821.00,510.00,0,23222
28224,617,826.00,509.00,0,23231
28100,614,814.00,493.00,0,23239
27976,611,816.00,493.00,0,23247
27855,608,826.00,509.00,0,23257
27736,605,826.00,493.00,0,23265
27617,604,826.00,476.00,0,23273
27495,603,826.00,493.00,0,23282
27368,601,816.00,509.00,0,23290
27242,599,826.00,493.00,0,23300
27116,595,796.00,475.00,0,23308
26990,591,795.00,476.00,0,23316
26866,588,817.00,476.00,0,23325
26747,585,820.00,493.00,0,23333
26630,584,826.00,493.00,0,23342
26509,583,826.00,509.00,0,23351
26384,583,822.00,509.00,0,23359
26260,581,823.00,510.00,0,23368
26136,579,814.00,491.00,0,23376
26012,577,810.00,476.00,0,23385
25888,573,826.00,493.00,0,23394
25769,571,823.00,493.00,0,23402
25650,569,826.00,493.00,0,23410
25530,567,826.00,492.00,0,23419
25404,565,826.00,493.00,0,23428
25278,563,813.00,509.00,0,23437
25153,561,807.00,509.00,0,23445
25026,557,807.00,510.00,0,23453
24902,555,827.00,493.00,0,23462
24782,552,822.00,494.00,0,23471
24666,550,826.00,493.00,0,23479
24548,549,825.00,492.00,0,23488
24425,549,826.00,508.00,0,23496
24301,547,823.00,509.00,0,23505
24177,546,823.00,492.00,0,23514
24052,543,821.00,493.00,0,23522
23927,540,826.00,509.00,0,23531
23806,537,825.00,493.00,0,23539
23687,535,826.00,492.00,0,23548
23567,533,826.00,493.00,0,23557
23443,531,823.00,509.00,0,23565
23315,529,804.00,510.00,0,23574
23188,527,812.00,492.00,0,23582
23062,524,801.00,492.00,0,23590
22938,521,805.00,493.00,0,23600
22817,519,820.00,509.00,0,23608
22701,517,826.00,476.00,0,23617
22584,515,826.00,493.00,0,23625
22465,515,826.00,493.00,0,23633
22342,514,826.00,509.00,0,23643
22217,513,826.00,509.00,0,23651
22092,509,824.00,510.00,0,23659
21966,507,820.00,492.00,0,23668
21843,503,826.00,493.00,0,23676
21724,499,826.00,493.00,0,23686
21604,497,825.00,509.00,0,23694
21480,495,824.00,509.00,0,23702
21352,492,804.00,492.00,0,23711
21224,489,825.00,508.00,0,23719
21096,487,787.00,476.00,0,23728
20970,485,795.00,492.00,0,23737
20848,483,820.00,510.00,0,23745
20733,481,827.00,509.00,0,23754
20620,480,826.00,493.00,0,23762
20503,479,826.00,508.00,0,23771
20382,479,826.00,493.00,0,23780
20258,478,826.00,493.00,0,23788
20134,475,826.00,493.00,0,23797
20008,473,824.00,509.00,0,23805
19885,469,826.00,493.00,0,23814
19764,465,827.00,476.00,0,23823
19646,462,826.00,509.00,0,23831
19524,459,826.00,493.00,0,23839
19396,457,825.00,509.00,0,23848
19267,456,805.00,493.00,0,23857
19138,453,793.00,493.00,0,23866
19010,451,794.00,492.00,0,23874
18886,449,826.00,509.00,0,23882
18768,447,826.00,493.00,0,23891
18656,445,826.00,493.00,0,23900
18540,444,827.00,493.00,0,23908
18420,443,826.00,509.00,0,23917
18295,443,826.00,509.00,0,23925
18170,441,826.00,509.00,0,23934
18042,437,820.00,509.00,0,23943
17918,434,826.00,510.00,0,23951
17796,431,826.00,493.00,0,23960
17678,427,826.00,509.00,0,23968
17560,425,827.00,502.00,0,23976
17434,423,822.00,508.00,0,23986
17304,421,798.00,476.00,0,23994
17176,419,808.00,509.00,0,24003
17047,417,801.00,509.00,0,24011
16924,415,819.00,507.00,0,24019
16807,413,826.00,492.00,0,24029
16695,411,826.00,493.00,0,24037
16584,410,826.00,493.00,0,24045
16466,409,826.00,509.00,0,24054
16341,409,826.00,493.00,0,24062
16214,407,826.00,509.00,0,24072
16086,405,823.00,509.00,0,24080
15958,401,820.00,510.00,0,24088
15834,397,826.00,492.00,0,24097
15714,393,826.00,493.00,0,24105
15594,391,826.00,493.00,0,24115
15470,388,824.00,493.00,0,24123
15340,385,801.00,509.00,0,24131
15210,383,813.00,494.00,0,24140
15080,381,790.00,509.00,0,24148
14956,379,801.00,509.00,0,24157
14840,377,826.00,492.00,0,24166
14730,375,826.00,493.00,0,24174
14622,375,826.00,493.00,0,24183
14504,375,825.00,509.00,0,24192
14378,375,826.00,493.00,0,24200
14248,373,826.00,509.00,0,24209
14117,371,808.00,509.00,0,24217
13986,367,803.00,494.00,0,24225
13862,363,826.00,492.00,0,24235
13742,359,826.00,476.00,0,24243
13626,355,826.00,509.00,0,24252
13505,351,825.00,508.00,0,24260
13378,348,819.00,493.00,0,24268
13248,345,806.00,493.00,0,24278
13120,343,786.00,509.00,0,24286
12996,340,804.00,509.00,0,24294
12878,338,826.00,492.00,0,24303
12771,337,826.00,493.00,0,24311
12663,337,826.00,493.00,0,24321
12541,337,826.00,509.00,0,24329
12413,337,826.00,493.00,0,24337
12280,337,813.00,509.00,0,24346
12146,335,789.00,510.00,0,24354
12014,333,783.00,509.00,0,24364
11888,328,815.00,476.00,0,24372
11770,323,822.00,492.00,0,24380
11656,319,826.00,493.00,0,24389
11540,315,826.00,493.00,0,24397
11418,311,826.00,494.00,0,24406
11290,307,805.00,510.00,0,24415
11162,305,800.00,509.00,0,24423
11037,302,816.00,509.00,0,24432
10920,301,826.00,493.00,0,24440
10813,299,826.00,493.00,0,24449
10704,299,826.00,493.00,0,24458
10580,299,825.00,510.00,0,24466
10450,299,825.00,493.00,0,24474
10313,299,790.00,509.00,0,24483
10176,299,761.00,526.00,0,24492
10044,296,788.00,510.00,0,24501
9920,293,802.00,492.00,0,24509
9807,287,825.00,476.00,0,24517
9701,283,826.00,475.00,0,24525
9594,279,827.00,493.00,0,24534
9482,274,826.00,493.00,0,24542
9360,270,826.00,492.00,0,24550
9236,267,826.00,509.00,0,24558
9113,264,826.00,509.00,0,24567
8996,262,826.00,509.00,0,24576
8888,261,826.00,486.00,0,24584
8780,260,827.00,492.00,0,24592
8662,260,827.00,509.00,0,24600
8539,260,826.00,509.00,0,24608
8408,262,825.00,510.00,0,24616
8272,262,756.00,509.00,0,24625
8140,262,605.00,509.00,0,24634
8016,260,777.00,492.00,0,24642
7899,257,826.00,493.00,0,24650
7791,252,827.00,493.00,0,24658
7688,248,825.00,493.00,0,24667
7580,244,826.00,493.00,0,24675
7461,239,826.00,509.00,0,24683
7336,234,823.00,509.00,0,24691
7208,231,826.00,509.00,0,24700
7084,228,819.00,493.00,0,24709
6970,225,826.00,476.00,0,24717
6869,224,826.00,475.00,0,24725
6758,222,826.00,509.00,0,24733
6638,222,826.00,493.00,0,24741
6514,222,826.00,493.00,0,24750
6380,224,808.00,510.00,0,24758
6244,224,671.00,495.00,0,24767
6114,224,622.00,492.00,0,24775
5994,223,791.00,475.00,0,24783
5881,219,826.00,492.00,0,24792
5778,215,826.00,476.00,0,24800
5676,211,826.00,493.00,0,24808
5560,205,826.00,509.00,0,24816
5436,201,826.00,509.00,0,24824
5308,195,808.00,508.00,0,24834
5182,191,817.00,509.00,0,24842
5064,187,826.00,493.00,0,24850
4962,183,826.00,476.00,0,24858
4857,181,826.00,493.00,0,24866
4738,181,826.00,509.00,0,24875
4616,180,826.00,493.00,0,24883
4492,180,826.00,493.00,0,24891
4358,181,799.00,509.00,0,24900
4220,182,752.00,492.00,0,24908
4091,182,716.00,509.00,0,24916
3973,182,802.00,493.00,0,24925
3864,180,826.00,492.00,0,24933
3765,177,826.00,476.00,0,24941
3656,173,826.00,492.00,0,24949
3536,167,826.00,509.00,0,24957
3410,162,826.00,492.00,0,24967
3282,157,811.00,509.00,0,24975
3160,151,825.00,493.00,0,24983
3053,146,826.00,493.00,0,24991
2952,141,826.00,475.00,0,24999
2838,138,826.00,493.00,0,25008
2720,135,826.00,509.00,0,25016
2598,134,827.00,493.00,0,25024
2472,133,826.00,509.00,0,25033
2336,133,785.00,509.00,0,25041
2196,133,604.00,510.00,0,25050
2070,133,784.00,492.00,0,25058
1955,133,819.00,493.00,0,25066
1852,133,826.00,493.00,0,25074
1752,131,827.00,493.00,0,25082
1636,127,826.00,493.00,0,25091
1512,123,826.00,493.00,0,25100
1382,119,816.00,509.00,0,25108
1253,114,816.00,491.00,0,25116
1136,109,826.00,494.00,0,25124
1034,103,826.00,476.00,0,25133
932,98,826.00,459.00,0,25141
824,93,825.00,492.00,0,25148
712,89,827.00,493.00,0,25156
598,85,827.00,493.00,0,25164
480,81,825.00,509.00,0,25171
350,79,774.00,509.00,0,25180
216,75,503.00,524.00,0,25187
97,73,667.00,492.00,0,25195
-5,69,816.00,475.00,0,25202
-88,65,0.00,459.00,0,25209
-109,61,0.00,408.00,0,25218
-65,57,0.00,342.00,0,25225
19,53,809.00,325.00,0,25232
105,47,733.00,341.00,0,25240
189,42,84.00,358.00,0,25247
282,37,83.00,325.00,0,25254
385,32,243.00,325.00,0,25263
495,28,481.00,326.00,0,25271
607,25,671.00,325.00,0,25278
723,23,788.00,325.00,0,25286
851,23,826.00,308.00,0,25294
987,23,825.00,308.00,0,25302
1106,24,826.00,325.00,0,25310
1218,27,826.00,309.00,0,25318
1318,30,798.00,342.00,0,25326
1411,32,48.00,323.00,0,25333
1515,36,414.00,308.00,0,25341
1629,38,702.00,325.00,0,25350
1743,40,613.00,325.00,0,25358
1863,42,810.00,325.00,0,25366
1986,42,819.00,308.00,0,25374
2103,43,801.00,326.00,0,25382
2205,43,253.00,324.00,0,25390
2310,43,139.00,324.00,0,25398
2425,43,448.00,308.00,0,25406
2542,43,546.00,325.00,0,25414
2661,43,795.00,325.00,0,25422
2783,43,811.00,308.00,0,25431
2917,44,826.00,293.00,0,25439
3053,44,826.00,308.00,0,25447
3173,44,825.00,308.00,0,25454
3280,44,818.00,325.00,0,25462
3374,44,300.00,342.00,0,25470
3475,44,240.00,326.00,0,25479
3589,44,544.00,324.00,0,25487
3703,44,676.00,308.00,0,25495
3819,44,802.00,325.00,0,25503
3941,45,810.00,291.00,0,25511
4059,46,791.00,325.00,0,25519
4164,46,416.00,325.00,0,25527
4268,48,61.00,342.00,0,25535
4379,50,273.00,325.00,0,25543
4497,53,488.00,326.00,0,25551
4615,56,610.00,325.00,0,25559
4733,60,766.00,325.00,0,25567
4859,65,827.00,325.00,0,25575
4995,70,826.00,308.00,0,25583
5123,75,826.00,308.00,0,25591
5238,80,818.00,325.00,0,25600
5335,84,624.00,357.00,0,25608
5431,89,127.00,325.00,0,25616
5543,93,513.00,325.00,0,25623
5658,96,743.00,326.00,0,25631
5772,100,752.00,325.00,0,25639
5894,103,807.00,308.00,0,25649
6018,106,808.00,309.00,0,25657
6133,108,717.00,325.00,0,25665
6231,110,825.00,340.00,0,25673
6309,112,826.00,358.00,0,25681
6361,114,825.00,375.00,0,25690
6387,116,826.00,391.00,0,25698
6390,118,826.00,425.00,0,25706
6368,120,825.00,440.00,0,25715
6325,121,826.00,442.00,0,25723
6265,122,825.00,459.00,0,25732
6192,122,826.00,459.00,0,25740
6112,122,825.00,459.00,0,25748
6029,120,826.00,476.00,0,25756
5951,117,826.00,459.00,0,25764
5879,114,826.00,475.00,0,25773
5817,110,825.00,442.00,0,25782
5761,106,825.00,442.00,0,25790
5711,102,825.00,458.00,0,25798
5663,98,825.00,442.00,0,25806
5613,95,826.00,442.00,0,25815
5557,92,825.00,442.00,0,25822
5493,90,825.00,459.00,0,25830
5417,88,826.00,493.00,0,25838
5331,86,826.00,475.00,0,25846
5240,85,826.00,476.00,0,25854
5151,84,826.00,493.00,0,25863
5071,82,825.00,475.00,0,25871
5007,80,825.00,459.00,0,25879
4963,80,825.00,441.00,0,25886
4937,78,826.00,425.00,0,25894
4933,78,826.00,409.00,0,25903
4948,77,825.00,392.00,0,25911
4979,76,826.00,392.00,0,25919
5023,76,825.00,376.00,0,25927
5077,76,826.00,358.00,0,25935
5132,76,825.00,359.00,0,25944
5184,76,826.00,358.00,0,25951
5227,76,826.00,375.00,0,25959
5257,76,826.00,392.00,0,25967
5274,76,826.00,391.00,0,25975
5277,76,826.00,409.00,0,25984
5265,76,826.00,409.00,0,25992
5242,76,826.00,442.00,0,26000
5210,76,825.00,442.00,0,26007
5174,76,825.00,443.00,0,26015
5140,76,826.00,443.00,0,26023
5110,75,826.00,425.00,0,26032
5090,75,826.00,409.00,0,26040
5079,75,826.00,409.00,0,26048
5079,74,826.00,409.00,0,26056
5090,73,826.00,409.00,0,26064
5109,73,825.00,409.00,0,26072
5133,73,825.00,392.00,0,26080
5157,73,825.00,375.00,0,26088
5180,73,826.00,391.00,0,26096
5197,73,826.00,409.00,0,26104
5207,73,826.00,409.00,0,26113
5209,73,825.00,409.00,0,26121
5203,73,825.00,409.00,0,26129
5191,73,825.00,409.00,0,26136
5175,73,825.00,426.00,0,26144
5157,73,825.00,425.00,0,26152
5141,73,826.00,425.00,0,26161
5129,73,826.00,409.00,0,26169
5121,73,826.00,409.00,0,26177
5120,73,825.00,408.00,0,26185
5124,73,825.00,409.00,0,26193
5133,73,825.00,391.00,0,26201
5144,73,826.00,409.00,0,26209
5157,73,826.00,392.00,0,26217
5168,72,825.00,409.00,0,26225
5176,72,826.00,408.00,0,26233
5180,71,826.00,409.00,0,26242
5180,71,826.00,409.00,0,26250
5175,71,825.00,425.00,0,26257
5169,71,825.00,425.00,0,26265
5161,71,826.00,409.00,0,26273
5153,71,826.00,409.00,0,26281
5146,71,826.00,425.00,0,26290
5142,71,826.00,408.00,0,26298
5141,71,826.00,409.00,0,26306
5142,71,826.00,409.00,0,26314
5146,71,825.00,408.00,0,26321
5150,71,826.00,408.00,0,26330
5156,71,826.00,409.00,0,26338
5160,71,826.00,409.00,0,26346
5163,71,825.00,409.00,0,26354
5164,71,826.00,409.00,0,26362
5164,71,826.00,409.00,0,26371
5162,71,825.00,408.00,0,26379
5159,71,825.00,408.00,0,26386
5157,71,826.00,408.00,0,26394
5154,71,826.00,426.00,0,26402
5153,71,826.00,408.00,0,26411
5153,71,826.00,409.00,0,26419
5153,71,825.00,409.00,0,26427
5155,71,825.00,409.00,0,26435
5155,71,825.00,408.00,0,26443
5157,70,825.00,408.00,0,26450
5157,70,826.00,409.00,0,26459
5157,70,826.00,409.00,0,26467
5157,70,826.00,409.00,0,26475
5156,70,826.00,409.00,0,26483
5156,70,825.00,409.00,0,26491
5156,70,826.00,408.00,0,26500
5156,70,825.00,408.00,0,26507
5156,70,825.00,408.00,0,26515
5156,70,825.00,409.00,0,26523
5156,70,826.00,409.00,0,26531
5156,70,826.00,409.00,0,26540
5156,70,826.00,409.00,0,26548
5156,70,825.00,409.00,0,26556
5156,70,825.00,409.00,0,26564
5156,70,825.00,408.00,0,26571
5156,70,826.00,408.00,0,26579
5156,70,826.00,409.00,0,26588
5156,70,826.00,409.00,0,26596
5156,70,826.00,409.00,0,26604
5156,70,826.00,409.00,0,26612
5156,70,826.00,409.00,0,26620
5156,70,826.00,409.00,0,26629
5156,69,825.00,409.00,0,26636
5156,69,825.00,409.00,0,26644
5156,69,826.00,409.00,0,26652
5156,69,826.00,409.00,0,26660
5156,69,826.00,409.00,0,26669
5156,69,826.00,409.00,0,26677
5156,69,826.00,409.00,0,26685
5156,69,825.00,408.00,0,26693
5156,69,825.00,409.00,0,26700
5156,69,825.00,408.00,0,26708
5156,69,826.00,408.00,0,26717
5156,69,826.00,408.00,0,26725
5156,69,826.00,409.00,0,26733
5156,69,826.00,409.00,0,26741
5156,69,825.00,408.00,0,26749
5156,69,825.00,409.00,0,26757
5156,69,825.00,409.00,0,26765
5156,69,826.00,409.00,0,26773
5156,69,825.00,408.00,0,26781
5156,69,826.00,409.00,0,26789
5156,69,826.00,409.00,0,26798
5156,69,826.00,409.00,0,26806
5156,69,826.00,409.00,0,26814
5156,69,825.00,408.00,0,26821
5156,69,825.00,408.00,0,26829
5156,69,825.00,409.00,0,26838
5156,69,826.00,409.00,0,26846
5156,69,826.00,408.00,0,26854
5156,69,826.00,409.00,0,26862
5156,69,826.00,409.00,0,26870
5156,69,825.00,408.00,0,26878
5156,69,825.00,408.00,0,26886
5156,69,825.00,409.00,0,26894
5156,69,826.00,409.00,0,26902
5156,69,825.00,409.00,0,26910
5156,69,826.00,409.00,0,26918
5156,69,826.00,408.00,0,26927
5156,69,826.00,409.00,0,26935
5156,69,825.00,408.00,0,26943
5156,69,825.00,408.00,0,26950
5156,69,826.00,409.00,0,26958
5156,69,826.00,409.00,0,26967
5156,69,826.00,409.00,0,26975
5156,68,826.00,408.00,0,26983
5156,68,826.00,408.00,0,26991
5156,68,826.00,409.00,0,26999
5156,68,825.00,408.00,0,27006
5156,68,825.00,408.00,0,27015
5156,68,826.00,409.00,0,27023
5156,68,825.00,409.00,0,27031
5156,68,826.00,408.00,0,27039
5156,68,826.00,409.00,0,27047
5156,68,825.00,409.00,0,27056
5156,68,825.00,409.00,0,27064
5156,68,825.00,408.00,0,27071
5156,68,825.00,408.00,0,27079
5156,68,826.00,409.00,0,27087
5156,68,826.00,409.00,0,27096
5156,68,826.00,409.00,0,27104
5156,68,826.00,409.00,0,27112
5156,68,826.00,409.00,0,27120
5156,68,825.00,409.00,0,27128
5156,67,825.00,408.00,0,27136
5156,67,825.00,409.00,0,27144
5156,67,826.00,409.00,0,27152
5156,67,826.00,409.00,0,27160
5156,67,825.00,408.00,0,27168
5156,67,826.00,409.00,0,27176
5156,67,826.00,409.00,0,27185
5156,67,825.00,409.00,0,27193
5156,67,825.00,408.00,0,27200
5156,67,825.00,408.00,0,27208
5156,67,826.00,409.00,0,27216
5156,67,826.00,409.00,0,27225
5156,67,826.00,408.00,0,27233
5156,67,826.00,409.00,0,27241
5156,67,825.00,409.00,0,27249
5156,67,825.00,409.00,0,27256
5156,67,825.00,408.00,0,27265
5156,67,825.00,409.00,0,27273
5156,67,825.00,409.00,0,27281
5156,67,825.00,409.00,0,27289
5156,67,825.00,409.00,0,27297
5156,67,825.00,408.00,0,27305
5156,67,825.00,408.00,0,27314
5156,67,825.00,409.00,0,27321
5156,67,825.00,409.00,0,27329
5156,67,826.00,409.00,0,27337
5156,67,825.00,409.00,0,27345
5156,67,826.00,409.00,0,27354
5156,67,826.00,409.00,0,27362
5156,67,826.00,408.00,0,27370
5156,67,826.00,409.00,0,27378
5156,67,826.00,408.00,0,27385
5156,67,825.00,408.00,0,27394
5156,66,826.00,409.00,0,27402
5156,66,826.00,409.00,0,27410
5156,66,826.00,409.00,0,27418
5156,66,825.00,409.00,0,27426
5156,66,825.00,409.00,0,27435
5156,66,825.00,409.00,0,27443
5156,66,825.00,408.00,0,27450
5156,66,825.00,409.00,0,27458
5156,66,825.00,409.00,0,27466
5156,66,825.00,408.00,0,27474
5156,66,826.00,409.00,0,27483
5156,66,825.00,409.00,0,27491
5156,66,826.00,408.00,0,27499
5156,66,825.00,409.00,0,27506
5156,66,825.00,408.00,0,27514
5156,65,826.00,409.00,0,27523
5156,65,826.00,409.00,0,27531
5156,65,826.00,409.00,0,27539
5156,65,825.00,409.00,0,27547
5156,65,826.00,409.00,0,27555
5156,65,826.00,409.00,0,27564
5156,65,825.00,409.00,0,27571
5156,65,825.00,409.00,0,27579
5156,65,826.00,409.00,0,27587
5156,65,826.00,409.00,0,27595
5156,65,826.00,409.00,0,27603
5156,65,826.00,409.00,0,27612
5156,65,826.00,408.00,0,27620
5156,65,825.00,409.00,0,27628
5156,65,825.00,409.00,0,27635
5156,65,826.00,408.00,0,27643
5156,65,826.00,409.00,0,27652
5156,65,825.00,409.00,0,27660
5156,65,826.00,409.00,0,27668
5156,65,826.00,409.00,0,27676
5156,65,826.00,409.00,0,27684
5156,65,825.00,409.00,0,27693
5156,65,825.00,408.00,0,27700
5156,65,825.00,409.00,0,27708
5156,65,826.00,409.00,0,27716
5156,65,826.00,409.00,0,27724
5156,65,826.00,409.00,0,27732
5156,65,826.00,409.00,0,27741
5156,65,825.00,409.00,0,27749
5156,65,825.00,408.00,0,27757
5156,65,825.00,408.00,0,27764
5156,65,825.00,409.00,0,27772
5156,65,825.00,409.00,0,27781
5156,65,826.00,409.00,0,27789
5156,65,825.00,409.00,0,27797
5156,65,825.00,409.00,0,27805
5156,65,825.00,409.00,0,27813
5156,65,826.00,409.00,0,27821
5156,65,825.00,408.00,0,27829
5156,65,825.00,409.00,0,27837
5156,65,825.00,409.00,0,27845
5156,65,826.00,408.00,0,27853
5156,64,826.00,409.00,0,27862
5156,64,826.00,409.00,0,27870
5156,64,825.00,409.00,0,27878
5156,64,825.00,408.00,0,27885
5156,64,825.00,408.00,0,27893
5156,64,826.00,409.00,0,27901
5156,64,826.00,409.00,0,27910
5156,64,826.00,409.00,0,27918
5156,64,826.00,408.00,0,27926
5156,64,825.00,409.00,0,27934
5156,64,826.00,409.00,0,27942
5156,64,825.00,408.00,0,27950
5156,63,826.00,408.00,0,27958
5156,63,826.00,409.00,0,27966
5156,63,826.00,409.00,0,27974
5156,63,826.00,409.00,0,27982
5156,63,825.00,409.00,0,27991
5156,63,825.00,409.00,0,27999
5156,63,825.00,409.00,0,28007
5156,63,826.00,408.00,0,28014
5156,63,826.00,409.00,0,28022
5156,63,826.00,409.00,0,28030
5156,63,826.00,409.00,0,28039
5156,63,826.00,409.00,0,28047
5156,63,826.00,408.00,0,28055
5156,63,825.00,409.00,0,28063
5156,63,825.00,409.00,0,28070
5156,63,826.00,408.00,0,28079
5156,63,826.00,408.00,0,28087
5156,63,825.00,409.00,0,28095
5156,63,826.00,409.00,0,28103
5156,63,826.00,409.00,0,28111
5156,63,825.00,409.00,0,28120
5156,63,825.00,409.00,0,28128
5156,63,825.00,408.00,0,28135
5156,63,826.00,408.00,0,28143
5156,63,826.00,408.00,0,28151
5156,63,826.00,409.00,0,28160
5156,63,826.00,408.00,0,28168
5156,63,826.00,409.00,0,28176
5156,63,826.00,409.00,0,28184
5156,63,825.00,408.00,0,28192
5156,63,825.00,408.00,0,28199
5156,63,826.00