826.00,409.00,0,8682
0,0,826.00,408.00,0,8688
0,0,826.00,408.00,0,8695
0,0,825.00,409.00,0,8701
0,0,826.00,408.00,0,8709
0,0,825.00,408.00,0,8716
0,0,826.00,408.00,0,8722
0,0,826.00,408.00,0,8729
0,0,825.00,408.00,0,8735
0,0,826.00,409.00,0,8742
0,0,826.00,409.00,0,8750
0,0,826.00,408.00,0,8756
0,0,826.00,409.00,0,8763
0,0,826.00,409.00,0,8769
0,0,826.00,409.00,0,8776
0,0,826.00,409.00,0,8783
0,0,826.00,408.00,0,8790
0,0,826.00,408.00,0,8797
0,0,825.00,408.00,0,8803
0,0,826.00,409.00,0,8810
0,0,826.00,408.00,0,8817
0,0,825.00,409.00,0,8823
0,0,826.00,409.00,0,8830
0,0,825.00,408.00,0,8837
0,0,826.00,409.00,0,8844
0,0,826.00,408.00,0,8851
0,0,826.00,408.00,0,8857
0,0,826.00,409.00,0,8864
0,0,825.00,408.00,0,8870
0,0,826.00,409.00,0,8878
0,0,826.00,408.00,0,8885
0,0,826.00,408.00,0,8891
0,0,826.00,409.00,0,8898
0,0,825.00,409.00,0,8904
0,0,826.00,408.00,0,8911
0,0,825.00,409.00,0,8919
0,0,826.00,408.00,0,8925
0,0,826.00,409.00,0,8932
0,0,825.00,408.00,0,8939
0,0,827.00,409.00,0,8945
0,0,825.00,408.00,0,8952
0,0,826.00,408.00,0,8958
0,0,826.00,409.00,0,8966
0,0,826.00,408.00,0,8973
0,0,826.00,408.00,0,8979
0,0,826.00,409.00,0,8986
0,0,825.00,408.00,0,8992
0,0,826.00,409.00,0,8999
0,0,826.00,408.00,0,9007
0,0,826.00,408.00,0,9013
0,0,826.00,408.00,0,9020
0,0,826.00,408.00,0,9026
0,0,826.00,409.00,0,9033
0,0,826.00,408.00,0,9040
0,0,826.00,408.00,0,9047
0,0,825.00,409.00,0,9054
0,0,825.00,408.00,0,9060
0,0,826.00,408.00,0,9067
0,0,825.00,408.00,0,9074
0,0,826.00,409.00,0,9080
0,0,826.00,408.00,0,9088
0,0,825.00,409.00,0,9094
0,0,826.00,408.00,0,9101
0,0,826.00,408.00,0,9108
0,0,826.00,409.00,0,9114
0,0,826.00,409.00,0,9121
0,0,825.00,409.00,0,9127
0,0,826.00,409.00,0,9135
0,0,826.00,408.00,0,9142
0,0,826.00,409.00,0,9148
0,0,826.00,408.00,0,9155
0,0,825.00,409.00,0,9161
0,0,826.00,409.00,0,9168
0,0,825.00,408.00,0,9176
0,0,826.00,409.00,0,9182
0,0,826.00,408.00,0,9189
0,0,825.00,408.00,0,9195
0,0,826.00,408.00,0,9202
0,0,826.00,408.00,0,9209
0,0,826.00,409.00,0,9216
0,0,826.00,408.00,0,9223
0,0,826.00,408.00,0,9229
0,0,826.00,408.00,0,9236
0,0,826.00,408.00,0,9243
0,0,826.00,409.00,0,9249
0,0,826.00,408.00,0,9256
0,0,825.00,408.00,0,9263
0,0,826.00,408.00,0,9270
0,0,826.00,409.00,0,9277
0,0,826.00,409.00,0,9283
0,0,826.00,409.00,0,9290
0,0,825.00,408.00,0,9296
0,0,826.00,409.00,0,9304
0,0,826.00,409.00,0,9311
0,0,826.00,409.00,0,9317
0,0,826.00,409.00,0,9324
0,0,825.00,408.00,0,9330
0,0,826.00,408.00,0,9337
0,0,826.00,408.00,0,9345
0,0,826.00,408.00,0,9351
0,0,826.00,409.00,0,9358
0,0,825.00,408.00,0,9364
0,0,825.00,409.00,0,9371
0,0,825.00,408.00,0,9378
0,0,826.00,408.00,0,9384
0,0,826.00,408.00,0,9392
0,0,825.00,408.00,0,9398
0,0,826.00,409.00,0,9405
0,0,825.00,409.00,0,9412
0,0,826.00,409.00,0,9418
0,0,826.00,409.00,0,9425
0,0,825.00,408.00,0,9432
0,0,826.00,409.00,0,9439
0,0,826.00,408.00,0,9446
0,0,826.00,409.00,0,9452
0,0,826.00,408.00,0,9459
0,0,826.00,408.00,0,9465
0,0,826.00,408.00,0,9473
0,0,826.00,409.00,0,9480
0,0,826.00,409.00,0,9486
0,0,826.00,408.00,0,9493
0,0,826.00,408.00,0,9499
0,0,826.00,409.00,0,9506
0,0,826.00,408.00,0,9513
0,0,826.00,409.00,0,9520
0,0,826.00,408.00,0,9527
0,0,825.00,408.00,0,9533
0,0,825.00,408.00,0,9540
0,0,826.00,409.00,0,9547
0,0,826.00,409.00,0,9553
0,0,826.00,409.00,0,9561
0,0,825.00,409.00,0,9567
0,0,826.00,408.00,0,9574
0,0,826.00,409.00,0,9581
0,0,826.00,409.00,0,9587
0,0,826.00,409.00,0,9594
0,0,826.00,409.00,0,9601
0,0,827.00,409.00,0,9608
0,0,826.00,409.00,0,9615
0,0,826.00,409.00,0,9621
0,0,825.00,409.00,0,9628
0,0,826.00,408.00,0,9634
0,0,826.00,409.00,0,9641
0,0,826.00,408.00,0,9649
0,0,825.00,408.00,0,9655
0,0,826.00,409.00,0,9662
0,0,826.00,408.00,0,9668
0,0,826.00,408.00,0,9675
0,0,826.00,409.00,0,9682
0,0,825.00,408.00,0,9689
0,0,826.00,408.00,0,9696
0,0,826.00,409.00,0,9702
0,0,826.00,408.00,0,9709
0,0,826.00,409.00,0,9716
0,0,826.00,408.00,0,9722
0,0,826.00,408.00,0,9730
0,0,825.00,408.00,0,9736
0,0,827.00,408.00,0,9743
0,0,826.00,409.00,0,9750
0,0,826.00,408.00,0,9756
0,0,827.00,409.00,0,9763
0,0,825.00,408.00,0,9769
0,0,826.00,409.00,0,9777
0,0,826.00,409.00,0,9784
0,0,826.00,408.00,0,9790
0,0,826.00,409.00,0,9797
0,0,826.00,408.00,0,9804
0,0,826.00,408.00,0,9810
0,0,826.00,409.00,0,9818
0,0,826.00,408.00,0,9824
0,0,826.00,409.00,0,9831
0,0,826.00,409.00,0,9838
0,0,826.00,408.00,0,9844
0,0,826.00,409.00,0,9851
0,0,825.00,408.00,0,9858
0,0,826.00,409.00,0,9865
0,0,825.00,409.00,0,9872
0,0,826.00,408.00,0,9878
0,0,826.00,409.00,0,9885
0,0,825.00,408.00,0,9891
0,0,826.00,408.00,0,9899
0,0,825.00,408.00,0,9906
0,0,826.00,409.00,0,9912
0,0,826.00,408.00,0,9919
0,0,825.00,409.00,0,9925
0,0,826.00,408.00,0,9932
0,0,826.00,408.00,0,9939
0,0,826.00,409.00,0,9946
0,0,825.00,408.00,0,9953
0,0,826.00,408.00,0,9959
0,0,826.00,408.00,0,9966
0,0,825.00,408.00,0,9973
0,0,826.00,409.00,0,9979
0,0,826.00,409.00,0,9987
0,0,825.00,408.00,0,9993
0,0,826.00,409.00,0,10000
0,0,826.00,409.00,0,10007
0,0,825.00,408.00,0,10014
0,0,825.00,409.00,0,10021
0,0,825.00,408.00,0,10028
0,0,826.00,408.00,0,10035
0,0,826.00,409.00,0,10042
0,0,826.00,408.00,0,10049
0,0,826.00,409.00,0,10056
0,0,826.00,409.00,0,10063
0,0,825.00,408.00,0,10071
0,0,826.00,408.00,0,10077
0,0,826.00,409.00,0,10084
0,0,826.00,409.00,0,10091
0,0,826.00,408.00,0,10098
0,0,826.00,409.00,0,10105
0,0,826.00,408.00,0,10113
0,0,825.00,408.00,0,10119
0,0,826.00,408.00,0,10126
0,0,825.00,409.00,0,10133
0,0,826.00,408.00,0,10140
0,0,826.00,409.00,0,10147
0,0,826.00,408.00,0,10155
0,0,826.00,409.00,0,10162
0,0,825.00,408.00,0,10168
0,0,826.00,409.00,0,10175
0,0,826.00,408.00,0,10182
0,0,826.00,409.00,0,10189
0,0,826.00,409.00,0,10196
0,0,826.00,409.00,0,10204
0,0,826.00,409.00,0,10211
0,0,825.00,408.00,0,10217
0,0,826.00,408.00,0,10224
0,0,826.00,409.00,0,10231
0,0,826.00,408.00,0,10238
0,0,826.00,409.00,0,10246
0,0,826.00,409.00,0,10253
0,0,826.00,409.00,0,10260
0,0,825.00,408.00,0,10266
0,0,826.00,409.00,0,10273
0,0,826.00,409.00,0,10280
0,0,825.00,409.00,0,10288
0,0,826.00,409.00,0,10295
0,0,826.00,408.00,0,10302
0,0,826.00,409.00,0,10309
0,0,825.00,409.00,0,10315
0,0,826.00,408.00,0,10322
0,0,826.00,409.00,0,10330
0,0,826.00,409.00,0,10337
0,0,826.00,409.00,0,10344
0,0,826.00,408.00,0,10351
0,0,826.00,409.00,0,10358
0,0,826.00,408.00,0,10364
0,0,826.00,408.00,0,10372
0,0,826.00,408.00,0,10379
0,0,826.00,409.00,0,10386
0,0,826.00,409.00,0,10393
0,0,826.00,409.00,0,10400
0,0,826.00,409.00,0,10407
0,0,825.00,408.00,0,10414
0,0,826.00,408.00,0,10421
0,0,826.00,408.00,0,10428
0,0,826.00,409.00,0,10435
0,0,827.00,409.00,0,10442
0,0,826.00,408.00,0,10449
0,0,826.00,408.00,0,10457
0,0,825.00,409.00,0,10463
0,0,826.00,408.00,0,10470
0,0,826.00,408.00,0,10477
0,0,826.00,408.00,0,10484
0,0,826.00,408.00,0,10491
0,0,826.00,409.00,0,10499
0,0,825.00,408.00,0,10506
0,0,825.00,408.00,0,10512
0,0,826.00,408.00,0,10519
0,0,826.00,408.00,0,10526
0,0,826.00,409.00,0,10533
0,0,826.00,409.00,0,10541
0,0,826.00,408.00,0,10548
0,0,825.00,408.00,0,10555
0,0,826.00,408.00,0,10561
0,0,826.00,409.00,0,10568
0,0,826.00,408.00,0,10575
0,0,826.00,409.00,0,10583
0,0,826.00,409.00,0,10590
0,0,826.00,408.00,0,10597
0,0,826.00,409.00,0,10604
0,0,826.00,408.00,0,10610
0,0,826.00,408.00,0,10617
0,0,826.00,409.00,0,10625
0,0,825.00,409.00,0,10632
0,0,826.00,409.00,0,10639
0,0,826.00,409.00,0,10646
0,0,825.00,408.00,0,10653
0,0,825.00,408.00,0,10659
0,0,826.00,409.00,0,10667
0,0,826.00,408.00,0,10674
0,0,826.00,409.00,0,10681
0,0,825.00,409.00,0,10688
0,0,826.00,408.00,0,10695
0,0,826.00,408.00,0,10701
0,0,825.00,409.00,0,10708
0,0,826.00,409.00,0,10716
0,0,826.00,409.00,0,10723
0,0,826.00,408.00,0,10730
0,0,825.00,408.00,0,10737
0,0,826.00,409.00,0,10744
0,0,826.00,409.00,0,10750
0,0,825.00,408.00,0,10758
0,0,826.00,409.00,0,10765
0,0,825.00,408.00,0,10772
0,0,826.00,409.00,0,10779
0,0,826.00,409.00,0,10786
0,0,826.00,409.00,0,10793
0,0,825.00,409.00,0,10800
0,0,826.00,408.00,0,10807
0,0,826.00,409.00,0,10814
0,0,826.00,409.00,0,10821
0,0,825.00,409.00,0,10828
0,0,826.00,409.00,0,10835
0,0,826.00,408.00,0,10843
0,0,826.00,408.00,0,10849
0,0,825.00,408.00,0,10856
0,0,826.00,409.00,0,10863
0,0,826.00,409.00,0,10870
0,0,826.00,409.00,0,10877
0,0,826.00,408.00,0,10885
0,0,825.00,409.00,0,10892
0,0,825.00,409.00,0,10898
0,0,825.00,408.00,0,10905
0,0,827.00,409.00,0,10912
0,0,826.00,409.00,0,10919
0,0,826.00,409.00,0,10927
0,0,826.00,409.00,0,10934
0,0,826.00,409.00,0,10941
0,0,825.00,408.00,0,10947
0,0,825.00,408.00,0,10954
0,0,826.00,410.00,0,10961
0,0,826.00,409.00,0,10969
0,0,826.00,409.00,0,10976
0,0,826.00,409.00,0,10983
0,0,826.00,409.00,0,10990
0,0,825.00,408.00,0,10996
0,0,825.00,409.00,0,11003
0,0,826.00,409.00,0,11011
0,0,826.00,408.00,0,11018
0,0,826.00,408.00,0,11025
0,0,826.00,409.00,0,11032
0,0,826.00,409.00,0,11039
0,0,825.00,408.00,0,11045
0,0,826.00,408.00,0,11053
0,0,826.00,408.00,0,11060
0,0,825.00,408.00,0,11067
0,0,826.00,408.00,0,11074
0,0,826.00,409.00,0,11081
0,0,826.00,409.00,0,11088
0,0,825.00,408.00,0,11095
0,0,826.00,408.00,0,11102
0,0,826.00,409.00,0,11109
0,0,826.00,409.00,0,11116
0,0,826.00,409.00,0,11123
0,0,825.00,408.00,0,11130
0,0,825.00,408.00,0,11138
0,0,826.00,408.00,0,11144
0,0,826.00,408.00,0,11151
0,0,826.00,409.00,0,11158
0,0,826.00,409.00,0,11165
0,0,825.00,409.00,0,11172
0,0,826.00,408.00,0,11180
0,0,826.00,409.00,0,11187
0,0,825.00,408.00,0,11193
0,0,825.00,408.00,0,11200
0,0,825.00,408.00,0,11207
0,0,826.00,408.00,0,11214
0,0,826.00,408.00,0,11222
0,0,825.00,409.00,0,11229
0,0,825.00,409.00,0,11236
0,0,825.00,408.00,0,11242
0,0,826.00,409.00,0,11249
0,0,826.00,409.00,0,11256
0,0,826.00,409.00,0,11264
0,0,826.00,408.00,0,11271
0,0,826.00,409.00,0,11278
0,0,825.00,408.00,0,11285
0,0,826.00,408.00,0,11291
0,0,826.00,408.00,0,11298
0,0,826.00,409.00,0,11305
0,0,825.00,409.00,0,11313
0,0,826.00,408.00,0,11320
0,0,826.00,409.00,0,11327
0,0,825.00,408.00,0,11333
0,0,825.00,409.00,0,11340
0,0,826.00,409.00,0,11347
0,0,826.00,408.00,0,11355
0,0,826.00,409.00,0,11362
0,0,826.00,409.00,0,11369
0,0,825.00,408.00,0,11376
0,0,825.00,409.00,0,11382
0,0,825.00,408.00,0,11389
0,0,826.00,409.00,0,11397
0,0,825.00,409.00,0,11404
0,0,826.00,409.00,0,11411
0,0,826.00,409.00,0,11418
0,0,826.00,408.00,0,11425
0,0,825.00,409.00,0,11431
0,0,826.00,408.00,0,11439
0,0,826.00,408.00,0,11446
0,0,826.00,409.00,0,11453
0,0,826.00,408.00,0,11460
0,0,826.00,408.00,0,11467
0,0,825.00,408.00,0,11474
0,0,825.00,408.00,0,11481
0,0,826.00,409.00,0,11488
0,0,826.00,409.00,0,11495
0,0,826.00,409.00,0,11502
0,0,825.00,409.00,0,11509
0,0,826.00,409.00,0,11516
0,0,826.00,409.00,0,11524
0,0,825.00,408.00,0,11530
0,0,826.00,408.00,0,11537
0,0,826.00,409.00,0,11544
0,0,825.00,409.00,0,11551
0,0,826.00,409.00,0,11558
0,0,826.00,409.00,0,11566
0,0,826.00,409.00,0,11573
0,0,825.00,408.00,0,11579
0,0,826.00,408.00,0,11586
0,0,826.00,408.00,0,11593
0,0,826.00,409.00,0,11600
0,0,826.00,409.00,0,11608
0,0,826.00,409.00,0,11615
0,0,826.00,409.00,0,11622
0,0,825.00,408.00,0,11628
0,0,826.00,408.00,0,11635
0,0,826.00,408.00,0,11642
0,0,825.00,409.00,0,11650
0,0,826.00,409.00,0,11657
0,0,826.00,409.00,0,11664
0,0,826.00,409.00,0,11671
0,0,826.00,408.00,0,11677
0,0,826.00,408.00,0,11684
0,0,826.00,409.00,0,11692
0,0,826.00,409.00,0,11699
0,0,826.00,409.00,0,11706
0,0,825.00,408.00,0,11713
0,0,825.00,408.00,0,11720
0,0,826.00,408.00,0,11726
0,0,826.00,408.00,0,11734
0,0,826.00,409.00,0,11741
0,0,825.00,409.00,0,11748
0,0,826.00,409.00,0,11755
0,0,826.00,408.00,0,11762
0,0,826.00,408.00,0,11769
0,0,825.00,409.00,0,11776
0,0,826.00,408.00,0,11783
0,0,826.00,409.00,0,11790
0,0,826.00,409.00,0,11797
0,0,826.00,408.00,0,11804
0,0,826.00,408.00,0,11811
0,0,825.00,408.00,0,11819
0,0,826.00,408.00,0,11825
0,0,826.00,408.00,0,11832
0,0,826.00,409.00,0,11839
0,0,826.00,409.00,0,11846
0,0,827.00,408.00,0,11853
0,0,826.00,409.00,0,11860
0,0,825.00,408.00,0,11868
0,0,825.00,408.00,0,11874
0,0,826.00,409.00,0,11881
0,0,826.00,408.00,0,11888
0,0,826.00,409.00,0,11895
0,0,826.00,408.00,0,11902
0,0,825.00,409.00,0,11910
0,0,825.00,408.00,0,11916
0,0,825.00,408.00,0,11923
0,0,826.00,408.00,0,11930
0,0,826.00,409.00,0,11937
0,0,826.00,409.00,0,11944
0,0,825.00,409.00,0,11952
0,0,826.00,409.00,0,11959
0,0,825.00,409.00,0,11965
0,0,825.00,408.00,0,11972
0,0,826.00,408.00,0,11979
0,0,826.00,409.00,0,11986
0,0,826.00,408.00,0,11994
0,0,826.00,408.00,0,12001
0,0,826.00,409.00,0,12008
0,0,825.00,409.00,0,12014
0,0,826.00,408.00,0,12021
0,0,826.00,409.00,0,12028
0,0,826.00,409.00,0,12036
0,0,826.00,409.00,0,12043
0,0,826.00,408.00,0,12050
0,0,826.00,409.00,0,12057
0,0,825.00,409.00,0,12063
0,0,826.00,408.00,0,12070
0,0,826.00,409.00,0,12078
0,0,825.00,409.00,0,12085
0,0,826.00,409.00,0,12092
0,0,826.00,409.00,0,12099
0,0,826.00,409.00,0,12106
0,0,825.00,409.00,0,12112
0,0,826.00,408.00,0,12120
0,0,826.00,409.00,0,12127
0,0,826.00,408.00,0,12134
0,0,826.00,409.00,0,12141
0,0,826.00,409.00,0,12148
0,0,826.00,408.00,0,12155
0,0,826.00,408.00,0,12162
0,0,825.00,408.00,0,12169
0,0,826.00,409.00,0,12176
0,0,826.00,409.00,0,12183
0,0,825.00,408.00,0,12190
0,0,826.00,409.00,0,12197
0,0,825.00,409.00,0,12205
0,0,825.00,408.00,0,12211
0,0,826.00,408.00,0,12218
0,0,826.00,408.00,0,12225
0,0,826.00,408.00,0,12232
0,0,825.00,408.00,0,12239
0,0,825.00,409.00,0,12247
0,0,826.00,408.00,0,12254
0,0,826.00,408.00,0,12260
0,0,826.00,408.00,0,12267
0,0,826.00,408.00,0,12274
0,0,826.00,409.00,0,12281
0,0,826.00,408.00,0,12289
0,0,826.00,409.00,0,12296
0,0,825.00,408.00,0,12303
0,0,825.00,408.00,0,12309
0,0,826.00,408.00,0,12316
0,0,826.00,408.00,0,12323
0,0,826.00,409.00,0,12331
0,0,826.00,408.00,0,12338
0,0,826.00,408.00,0,12345
0,0,825.00,409.00,0,12352
0,0,826.00,408.00,0,12358
0,0,826.00,408.00,0,12365
0,0,825.00,408.00,0,12372
0,0,826.00,409.00,0,12380
0,0,826.00,409.00,0,12387
0,0,826.00,409.00,0,12394
0,0,825.00,408.00,0,12401
0,0,825.00,408.00,0,12407
0,0,826.00,408.00,0,12414
0,0,826.00,408.00,0,12422
0,0,826.00,409.00,0,12429
0,0,826.00,408.00,0,12436
0,0,826.00,409.00,0,12443
0,0,825.00,408.00,0,12450
0,0,825.00,408.00,0,12456
0,0,826.00,409.00,0,12464
0,0,826.00,408.00,0,12471
0,0,826.00,408.00,0,12478
0,0,825.00,409.00,0,12485
0,0,825.00,408.00,0,12492
0,0,825.00,408.00,0,12498
0,0,825.00,408.00,0,12506
0,0,826.00,409.00,0,12513
0,0,826.00,409.00,0,12520
0,0,826.00,408.00,0,12527
0,0,826.00,408.00,0,12534
0,0,826.00,408.00,0,12541
0,0,825.00,408.00,0,12548
0,0,825.00,408.00,0,12555
0,0,826.00,408.00,0,12562
0,0,825.00,408.00,0,12569
0,0,826.00,408.00,0,12576
0,0,825.00,408.00,0,12583
0,0,825.00,408.00,0,12591
0,0,825.00,408.00,0,12597
0,0,826.00,408.00,0,12604
0,0,826.00,408.00,0,12611
0,0,826.00,408.00,0,12618
0,0,826.00,408.00,0,12625
0,0,826.00,408.00,0,12633
0,0,825.00,408.00,0,12640
0,0,825.00,409.00,0,12646
0,0,826.00,408.00,0,12653
0,0,826.00,408.00,0,12660
0,0,826.00,408.00,0,12667
0,0,825.00,409.00,0,12675
0,0,826.00,409.00,0,12682
0,0,826.00,408.00,0,12689
0,0,826.00,408.00,0,12695
0,0,826.00,408.00,0,12702
0,0,826.00,408.00,0,12709
0,0,826.00,408.00,0,12717
0,0,826.00,408.00,0,12724
0,0,825.00,408.00,0,12731
0,0,826.00,408.00,0,12738
0,0,825.00,408.00,0,12744
0,0,826.00,408.00,0,12751
0,0,826.00,409.00,0,12759
0,0,826.00,408.00,0,12766
0,0,826.00,408.00,0,12773
0,0,825.00,409.00,0,12780
0,0,825.00,408.00,0,12787
0,0,825.00,408.00,0,12793
0,0,826.00,408.00,0,12801
0,0,826.00,408.00,0,12808
0,0,826.00,408.00,0,12815
0,0,826.00,409.00,0,12822
0,0,826.00,409.00,0,12829
0,0,826.00,408.00,0,12836
0,0,825.00,408.00,0,12843
0,0,825.00,408.00,0,12850
0,0,826.00,408.00,0,12857
0,0,826.00,408.00,0,12864
0,0,826.00,409.00,0,12871
0,0,826.00,408.00,0,12878
0,0,825.00,408.00,0,12886
0,0,825.00,408.00,0,12892
0,0,826.00,408.00,0,12899
0,0,825.00,408.00,0,12906
0,0,825.00,409.00,0,12913
0,0,826.00,409.00,0,12920
0,0,826.00,409.00,0,12928
0,0,825.00,408.00,0,12935
0,0,825.00,408.00,0,12941
0,0,826.00,408.00,0,12948
0,0,826.00,409.00,0,12955
0,0,826.00,409.00,0,12962
0,0,826.00,408.00,0,12969
0,0,826.00,408.00,0,12977
0,0,825.00,408.00,0,12984
0,0,825.00,408.00,0,12990
0,0,826.00,408.00,0,12997
0,0,826.00,408.00,0,13004
0,0,826.00,408.00,0,13011
0,0,826.00,409.00,0,13019
0,0,826.00,408.00,0,13026
0,0,826.00,408.00,0,13033
0,0,825.00,408.00,0,13039
0,0,826.00,409.00,0,13046
0,0,825.00,409.00,0,13053
0,0,826.00,408.00,0,13061
0,0,826.00,409.00,0,13068
0,0,826.00,408.00,0,13075
0,0,825.00,408.00,0,13082
0,0,825.00,408.00,0,13088
0,0,826.00,409.00,0,13095
0,0,826.00,408.00,0,13103
0,0,826.00,408.00,0,13110
0,0,826.00,408.00,0,13117
0,0,826.00,409.00,0,13124
0,0,826.00,408.00,0,13130
0,0,825.00,408.00,0,13137
0,0,826.00,408.00,0,13145
0,0,826.00,408.00,0,13152
0,0,825.00,409.00,0,13159
0,0,825.00,409.00,0,13166
0,0,825.00,408.00,0,13173
0,0,825.00,408.00,0,13179
0,0,825.00,408.00,0,13187
0,0,825.00,408.00,0,13194
0,0,825.00,408.00,0,13201
0,0,826.00,408.00,0,13208
0,0,826.00,408.00,0,13215
0,0,826.00,409.00,0,13222
0,0,825.00,408.00,0,13229
0,0,826.00,408.00,0,13236
0,0,826.00,408.00,0,13243
0,0,826.00,409.00,0,13250
0,0,826.00,408.00,0,13257
0,0,826.00,408.00,0,13264
0,0,826.00,409.00,0,13272
0,0,825.00,409.00,0,13278
0,0,826.00,408.00,0,13285
0,0,826.00,409.00,0,13292
0,0,826.00,408.00,0,13299
0,0,826.00,408.00,0,13306
0,0,826.00,409.00,0,13314
0,0,826.00,408.00,0,13321
0,0,825.00,408.00,0,13327
0,0,826.00,408.00,0,13334
0,0,825.00,409.00,0,13341
0,0,825.00,408.00,0,13348
0,0,826.00,409.00,0,13356
0,0,826.00,408.00,0,13363
0,0,826.00,409.00,0,13370
0,0,826.00,408.00,0,13376
0,0,826.00,408.00,0,13383
0,0,826.00,408.00,0,13390
0,0,826.00,409.00,0,13398
0,0,826.00,408.00,0,13405
0,0,826.00,408.00,0,13412
0,0,825.00,409.00,0,13419
0,0,825.00,408.00,0,13425
0,0,826.00,408.00,0,13432
0,0,826.00,409.00,0,13440
0,0,826.00,408.00,0,13447
0,0,826.00,409.00,0,13454
0,0,826.00,408.00,0,13461
0,0,826.00,408.00,0,13468
0,0,826.00,408.00,0,13474
0,0,825.00,408.00,0,13481
0,0,825.00,409.00,0,13489
0,0,826.00,409.00,0,13496
0,0,826.00,409.00,0,13503
0,0,825.00,408.00,0,13510
0,0,825.00,408.00,0,13517
0,0,825.00,408.00,0,13523
0,0,826.00,408.00,0,13531
0,0,826.00,408.00,0,13538
0,0,826.00,409.00,0,13545
0,0,826.00,408.00,0,13552
0,0,826.00,408.00,0,13559
0,0,826.00,408.00,0,13566
0,0,826.00,408.00,0,13573
0,0,826.00,408.00,0,13580
0,0,825.00,408.00,0,13587
0,0,826.00,408.00,0,13594
0,0,826.00,409.00,0,13601
0,0,825.00,408.00,0,13608
0,0,826.00,408.00,0,13616
0,0,825.00,408.00,0,13622
0,0,826.00,409.00,0,13629
0,0,826.00,409.00,0,13636
0,0,826.00,409.00,0,13643
0,0,826.00,408.00,0,13650
0,0,826.00,408.00,0,13658
0,0,826.00,408.00,0,13665
0,0,825.00,408.00,0,13671
0,0,826.00,409.00,0,13678
0,0,826.00,409.00,0,13685
0,0,826.00,409.00,0,13692
0,0,826.00,408.00,0,13700
0,0,825.00,408.00,0,13707
0,0,826.00,409.00,0,13713
0,0,825.00,408.00,0,13720
0,0,826.00,409.00,0,13727
0,0,826.00,409.00,0,13734
0,0,826.00,409.00,0,13742
0,0,826.00,408.00,0,13749
0,0,825.00,408.00,0,13756
0,0,825.00,408.00,0,13762
0,0,825.00,408.00,0,13769
0,0,826.00,408.00,0,13776
0,0,826.00,408.00,0,13784
0,0,826.00,408.00,0,13791
0,0,826.00,409.00,0,13798
0,0,825.00,409.00,0,13805
0,0,826.00,409.00,0,13811
0,0,826.00,408.00,0,13818
0,0,826.00,409.00,0,13826
0,0,826.00,408.00,0,13833
0,0,826.00,408.00,0,13840
0,0,826.00,408.00,0,13847
0,0,826.00,408.00,0,13854
0,0,825.00,408.00,0,13860
0,0,826.00,408.00,0,13868
1,0,0.00,408.00,0,13875
34,0,0.00,358.00,0,13881
110,0,96.00,341.00,0,13888
213,0,806.00,308.00,0,13896
314,0,732.00,341.00,0,13903
412,2,623.00,325.00,0,13911
515,4,625.00,341.00,0,13919
622,5,787.00,325.00,0,13926
731,6,805.00,308.00,0,13934
843,6,816.00,325.00,0,13941
957,5,811.00,308.00,0,13948
1069,2,820.00,307.00,0,13957
1178,0,812.00,324.00,0,13965
1280,0,634.00,325.00,0,13972
1384,1,455.00,308.00,0,13980
1495,5,581.00,341.00,0,13987
1608,9,786.00,309.00,0,13996
1720,13,801.00,325.00,0,14004
1840,13,805.00,308.00,0,14012
1962,10,808.00,308.00,0,14020
2082,6,818.00,309.00,0,14027
2192,1,812.00,308.00,0,14035
2296,-2,649.00,325.00,0,14044
2404,-2,583.00,324.00,0,14052
2520,1,660.00,325.00,0,14059
2632,6,777.00,308.00,0,14067
2745,10,809.00,342.00,0,14075
2865,12,815.00,308.00,0,14084
2986,12,801.00,324.00,0,14091
3102,8,814.00,325.00,0,14099
3210,4,802.00,325.00,0,14107
3314,2,511.00,325.00,0,14114
3422,2,622.00,308.00,0,14123
3532,5,711.00,325.00,0,14131
3645,9,726.00,325.00,0,14138
3758,13,808.00,308.00,0,14146
3879,15,811.00,308.00,0,14154
3999,15,795.00,325.00,0,14162
4116,12,813.00,325.00,0,14171
4229,8,803.00,308.00,0,14178
4333,6,490.00,324.00,0,14186
4441,5,645.00,325.00,0,14193
4552,7,759.00,325.00,0,14201
4664,11,682.00,325.00,0,14210
4782,14,807.00,308.00,0,14218
4902,15,811.00,308.00,0,14226
5020,15,800.00,308.00,0,14234
5134,13,801.00,324.00,0,14241
5243,11,701.00,341.00,0,14249
5354,10,559.00,307.00,0,14258
5469,10,673.00,308.00,0,14266
5586,14,770.00,308.00,0,14274
5700,17,791.00,324.00,0,14282
5821,19,805.00,308.00,0,14290
5941,20,810.00,308.00,0,14299
6060,20,811.00,324.00,0,14306
6175,16,808.00,316.00,0,14314
6284,15,731.00,341.00,0,14322
6394,14,607.00,308.00,0,14330
6509,15,620.00,325.00,0,14339
6624,18,747.00,325.00,0,14347
6740,22,804.00,308.00,0,14355
6860,23,808.00,325.00,0,14362
6978,23,792.00,307.00,0,14370
7094,21,809.00,325.00,0,14379
7205,19,726.00,324.00,0,14387
7315,19,497.00,308.00,0,14395
7429,20,695.00,325.00,0,14403
7545,23,727.00,308.00,0,14411
7660,27,666.00,325.00,0,14419
7778,30,803.00,309.00,0,14427
7900,31,810.00,325.00,0,14435
8019,30,798.00,308.00,0,14443
8136,28,808.00,308.00,0,14451
8248,25,801.00,325.00,0,14459
8356,24,579.00,308.00,0,14468
8468,25,628.00,325.00,0,14476
8584,28,758.00,307.00,0,14484
8698,32,765.00,307.00,0,14491
8818,35,803.00,325.00,0,14499
8936,35,805.00,308.00,0,14508
9052,34,803.00,308.00,0,14516
9165,32,639.00,309.00,0,14524
9276,31,643.00,324.00,0,14532
9389,31,643.00,326.00,0,14540
9504,34,610.00,324.00,0,14548
9620,38,765.00,329.00,0,14556
9738,41,804.00,324.00,0,14564
9856,43,807.00,325.00,0,14572
9976,43,792.00,308.00,0,14580
10094,41,814.00,308.00,0,14588
10212,37,804.00,325.00,0,14597
10326,36,616.00,339.00,0,14605
10441,36,661.00,308.00,0,14614
10558,39,728.00,307.00,0,14622
10677,43,709.00,324.00,0,14630
10800,46,801.00,308.00,0,14639
10922,47,805.00,321.00,0,14647
11042,47,797.00,325.00,0,14655
11157,45,669.00,325.00,0,14663
11272,44,657.00,307.00,0,14671
11390,44,684.00,341.00,0,14681
11510,46,604.00,308.00,0,14689
11628,50,711.00,307.00,0,14697
11750,54,801.00,308.00,0,14705
11872,56,807.00,308.00,0,14713
11996,56,786.00,308.00,0,14722
12116,54,810.00,340.00,0,14730
12233,51,800.00,308.00,0,14738
12346,51,475.00,324.00,0,14747
12464,51,646.00,307.00,0,14755
12582,55,753.00,325.00,0,14764
12700,58,756.00,341.00,0,14772
12822,61,802.00,325.00,0,14780
12945,62,801.00,308.00,0,14788
13064,62,800.00,325.00,0,14796
13178,61,648.00,307.00,0,14804
13295,60,644.00,307.00,0,14814
13413,60,705.00,307.00,0,14822
13532,62,669.00,325.00,0,14830
13652,66,672.00,325.00,0,14838
13773,70,806.00,324.00,0,14846
13896,71,803.00,308.00,0,14855
14018,71,797.00,308.00,0,14863
14138,69,801.00,325.00,0,14871
14254,67,796.00,325.00,0,14880
14368,67,652.00,341.00,0,14888
14486,68,603.00,324.00,0,14897
14604,71,744.00,307.00,0,14905
14724,75,793.00,325.00,0,14913
14846,77,803.00,325.00,0,14921
14968,78,791.00,308.00,0,14929
15086,78,799.00,308.00,0,14938
15200,76,683.00,324.00,0,14947
15318,76,580.00,307.00,0,14955
15436,77,713.00,308.00,0,14963
15555,80,726.00,341.00,0,14971
15674,84,708.00,325.00,0,14980
15797,87,804.00,307.00,0,14988
15920,88,805.00,308.00,0,14996
16041,88,798.00,307.00,0,15004
16158,86,758.00,324.00,0,15013
16274,84,747.00,324.00,0,15022
16390,84,700.00,341.00,0,15030
16509,84,602.00,325.00,0,15038
16627,88,715.00,325.00,0,15046
16747,91,799.00,325.00,0,15054
16870,94,798.00,308.00,0,15063
16989,94,779.00,309.00,0,15071
17107,94,766.00,326.00,0,15080
17222,93,704.00,324.00,0,15088
17340,93,515.00,325.00,0,15096
17459,94,681.00,322.00,0,15105
17578,97,750.00,341.00,0,15113
17697,101,728.00,308.00,0,15121
17824,104,798.00,307.00,0,15130
17950,104,800.00,341.00,0,15138
18074,104,803.00,309.00,0,15148
18194,102,757.00,324.00,0,15156
18314,100,616.00,325.00,0,15164
18435,100,716.00,308.00,0,15173
18557,102,729.00,308.00,0,15181
18679,106,683.00,337.00,0,15190
18804,109,800.00,330.00,0,15199
18930,110,801.00,319.00,0,15207
19052,110,800.00,325.00,0,15216
19172,110,630.00,307.00,0,15224
19294,108,684.00,310.00,0,15233
19416,108,726.00,325.00,0,15242
19538,110,686.00,325.00,0,15250
19660,114,619.00,325.00,0,15258
19786,118,798.00,324.00,0,15267
19912,119,802.00,326.00,0,15276
20036,120,796.00,325.00,0,15285
20156,120,679.00,341.00,0,15293
20277,118,731.00,316.00,0,15301
20398,118,721.00,308.00,0,15310
20520,119,614.00,307.00,0,15319
20643,123,655.00,317.00,0,15327
20768,126,800.00,313.00,0,15336
20893,129,804.00,311.00,0,15344
21016,129,764.00,325.00,0,15353
21136,129,668.00,307.00,0,15362
21258,128,745.00,307.00,0,15370
21379,128,677.00,308.00,0,15379
21502,130,578.00,325.00,0,15387
21624,133,692.00,308.00,0,15396
21748,136,800.00,307.00,0,15405
21874,138,800.00,308.00,0,15413
21999,140,752.00,308.00,0,15422
22120,140,770.00,342.00,0,15430
22240,140,755.00,325.00,0,15438
22362,139,669.00,308.00,0,15448
22484,139,616.00,325.00,0,15456
22606,143,717.00,325.00,0,15465
22730,146,795.00,325.00,0,15473
22855,149,800.00,325.00,0,15481
22980,151,758.00,325.00,0,15491
23100,151,754.00,325.00,0,15499
23220,151,740.00,324.00,0,15507
23343,151,522.00,325.00,0,15516
23465,151,658.00,308.00,0,15524
23588,155,726.00,325.00,0,15534
23712,158,747.00,309.00,0,15542
23837,161,732.00,307.00,0,15550
23962,163,789.00,325.00,0,15559
24083,163,770.00,308.00,0,15567
24204,163,714.00,342.00,0,15576
24326,163,629.00,325.00,0,15585
24448,163,728.00,325.00,0,15593
24570,165,709.00,307.00,0,15602
24692,168,680.00,308.00,0,15610
24818,172,761.00,325.00,0,15619
24942,174,794.00,307.00,0,15628
25064,174,751.00,307.00,0,15636
25184,174,629.00,308.00,0,15645
25306,174,674.00,341.00,0,15653
25428,174,733.00,308.00,0,15662
25551,178,699.00,325.00,0,15671
25674,181,674.00,325.00,0,15679
25800,184,790.00,308.00,0,15687
25924,186,803.00,308.00,0,15696
26048,186,777.00,326.00,0,15705
26167,186,651.00,309.00,0,15714
26290,185,731.00,325.00,0,15722
26412,185,744.00,341.00,0,15730
26533,186,652.00,325.00,0,15739
26656,189,591.00,308.00,0,15748
26780,193,798.00,308.00,0,15756
26906,195,802.00,325.00,0,15765
27028,196,712.00,309.00,0,15773
27148,196,614.00,308.00,0,15782
27270,196,744.00,324.00,0,15791
27393,197,728.00,308.00,0,15799
27515,199,612.00,341.00,0,15808
27637,201,676.00,324.00,0,15816
27762,205,798.00,308.00,0,15824
27886,207,801.00,325.00,0,15834
28010,208,726.00,325.00,0,15842
28130,208,683.00,308.00,0,15851
28253,208,772.00,325.00,0,15859
28375,208,697.00,308.00,0,15867
28497,209,600.00,325.00,0,15877
28620,211,707.00,341.00,0,15885
28743,215,798.00,342.00,0,15893
28868,217,797.00,325.00,0,15902
28990,219,730.00,325.00,0,15910
29112,220,713.00,307.00,0,15920
29234,220,745.00,325.00,0,15928
29356,221,654.00,308.00,0,15936
29479,223,624.00,324.00,0,15945
29602,225,728.00,325.00,0,15953
29725,228,792.00,325.00,0,15963
29850,230,754.00,308.00,0,15971
29973,231,750.00,325.00,0,15979
30094,232,758.00,325.00,0,15988
30216,232,733.00,325.00,0,15996
30338,232,558.00,309.00,0,16005
30462,233,671.00,325.00,0,16014
30583,235,701.00,324.00,0,16022
30706,239,710.00,308.00,0,16031
30831,242,710.00,308.00,0,16039
30954,244,778.00,325.00,0,16048
31076,245,748.00,325.00,0,16057
31197,245,678.00,309.00,0,16065
31320,245,641.00,325.00,0,16073
31442,247,698.00,307.00,0,16082
31564,249,690.00,308.00,0,16091
31687,252,662.00,325.00,0,16100
31812,255,744.00,308.00,0,16108
31936,257,794.00,325.00,0,16116
32058,257,753.00,312.00,0,16125
32179,257,632.00,341.00,0,16134
32302,258,701.00,325.00,0,16142
32425,259,731.00,325.00,0,16151
32547,261,657.00,324.00,0,16159
32668,263,525.00,308.00,0,16168
32794,267,779.00,320.00,0,16177
32918,269,797.00,321.00,0,16185
33040,271,706.00,317.00,0,16194
33160,271,588.00,325.00,0,16202
33283,272,742.00,325.00,0,16211
33406,273,733.00,325.00,0,16220
33528,275,635.00,324.00,0,16228
33651,277,616.00,325.00,0,16237
33776,281,786.00,325.00,0,16245
33900,283,794.00,325.00,0,16253
34022,285,675.00,308.00,0,16263
34144,285,640.00,322.00,0,16271
34266,285,766.00,325.00,0,16280
34388,286,727.00,307.00,0,16288
34510,287,605.00,325.00,0,16296
34633,290,638.00,324.00,0,16306
34757,293,796.00,325.00,0,16314
34881,295,797.00,325.00,0,16322
35004,297,610.00,326.00,0,16331
35124,299,672.00,309.00,0,16339
35247,299,760.00,308.00,0,16349
35370,301,696.00,325.00,0,16357
35492,302,588.00,308.00,0,16365
35614,305,698.00,325.00,0,16374
35738,307,764.00,308.00,0,16382
35864,309,778.00,325.00,0,16391
35986,311,657.00,325.00,0,16400
36107,312,719.00,325.00,0,16408
36230,313,750.00,325.00,0,16417
36352,313,662.00,325.00,0,16425
36474,315,657.00,341.00,0,16434
36596,317,700.00,325.00,0,16443
36719,320,733.00,308.00,0,16451
36844,323,735.00,308.00,0,16460
36967,325,714.00,308.00,0,16468
37089,326,727.00,308.00,0,16477
37210,327,710.00,324.00,0,16486
37334,327,570.00,308.00,0,16494
37456,329,701.00,325.00,0,16502
37578,331,701.00,341.00,0,16512
37700,334,694.00,308.00,0,16520
37825,337,715.00,325.00,0,16529
37949,339,772.00,325.00,0,16537
38072,340,727.00,308.00,0,16545
38192,341,678.00,308.00,0,16555
38316,341,634.00,308.00,0,16563
38438,343,723.00,324.00,0,16571
38560,345,677.00,307.00,0,16580
38682,347,653.00,341.00,0,16588
38808,350,761.00,325.00,0,16598
38931,353,793.00,342.00,0,16606
39052,354,691.00,308.00,0,16614
39174,355,637.00,325.00,0,16623
39298,356,705.00,324.00,0,16631
39420,357,715.00,325.00,0,16640
39542,359,643.00,325.00,0,16649
39664,363,560.00,325.00,0,16657
39789,365,784.00,324.00,0,16666
39912,367,789.00,308.00,0,16674
40034,369,678.00,325.00,0,16683
40156,369,592.00,325.00,0,16692
40279,370,746.00,324.00,0,16700
40402,371,722.00,308.00,0,16708
40524,373,605.00,324.00,0,16717
40646,376,598.00,324.00,0,16726
40770,379,784.00,308.00,0,16735
40894,381,785.00,325.00,0,16743
41016,383,623.00,325.00,0,16751
41138,385,651.00,307.00,0,16760
41260,385,768.00,325.00,0,16769
41384,387,684.00,325.00,0,16778
41506,388,553.00,309.00,0,16786
41628,391,648.00,308.00,0,16794
41752,393,774.00,325.00,0,16803
41876,396,764.00,325.00,0,16812
41998,397,626.00,325.00,0,16820
42120,399,683.00,308.00,0,16829
42242,400,765.00,324.00,0,16837
42365,401,683.00,308.00,0,16846
42488,403,695.00,308.00,0,16855
42610,405,682.00,325.00,0,16863
42734,409,769.00,308.00,0,16872
42858,411,727.00,307.00,0,16880
42980,413,636.00,325.00,0,16888
43102,415,707.00,325.00,0,16898
43224,415,740.00,325.00,0,16906
43346,417,523.00,341.00,0,16915
43468,418,647.00,307.00,0,16923
43592,420,694.00,325.00,0,16931
43715,423,716.00,308.00,0,16941
43840,426,632.00,325.00,0,16949
43962,429,704.00,325.00,0,16957
44084,429,698.00,307.00,0,16966
44206,431,697.00,308.00,0,16974
44329,431,605.00,325.00,0,16984
44452,433,712.00,325.00,0,16992
44573,435,700.00,325.00,0,17000
44696,437,648.00,325.00,0,17009
44821,439,698.00,325.00,0,17017
44944,442,741.00,325.00,0,17027
45066,444,689.00,308.00,0,17035
45188,445,638.00,307.00,0,17043
45310,447,665.00,325.00,0,17052
45433,448,727.00,325.00,0,17060
45555,451,668.00,341.00,0,17069
45677,453,648.00,324.00,0,17078
45802,455,735.00,308.00,0,17086
45926,457,765.00,308.00,0,17095
46048,459,678.00,325.00,0,17103
46170,461,633.00,325.00,0,17112
46292,462,707.00,325.00,0,17121
46416,463,722.00,325.00,0,17129
46538,465,648.00,325.00,0,17137
46659,469,560.00,324.00,0,17146
46784,471,772.00,325.00,0,17155
46907,473,782.00,319.00,0,17164
47029,475,640.00,315.00,0,17172
47152,477,595.00,325.00,0,17180
47274,478,742.00,310.00,0,17189
47397,479,714.00,325.00,0,17198
47519,481,582.00,307.00,0,17206
47642,483,636.00,325.00,0,17215
47766,486,764.00,324.00,0,17223
47890,489,775.00,340.00,0,17232
48011,491,603.00,308.00,0,17241
48134,493,654.00,312.00,0,17249
48256,493,764.00,308.00,0,17258
48379,495,675.00,322.00,0,17266
48501,497,551.00,322.00,0,17275
48623,499,648.00,308.00,0,17284
48747,502,765.00,308.00,0,17292
48871,505,752.00,323.00,0,17301
48993,507,644.00,317.00,0,17309
49114,509,683.00,308.00,0,17317
49238,510,749.00,325.00,0,17327
49361,511,657.00,320.00,0,17335
49483,513,592.00,325.00,0,17344
49606,515,669.00,307.00,0,17352
49728,518,720.00,308.00,0,17360
49852,521,699.00,324.00,0,17370
49976,523,658.00,325.00,0,17378
50097,525,720.00,308.00,0,17386
50219,526,729.00,325.00,0,17395
50343,528,540.00,326.00,0,17403
50465,530,666.00,325.00,0,17413
50588,533,685.00,325.00,0,17421
50710,535,686.00,308.00,0,17429
50834,537,640.00,325.00,0,17438
50957,539,696.00,325.00,0,17446
51079,541,714.00,342.00,0,17455
51200,542,689.00,308.00,0,17464
51324,543,607.00,307.00,0,17472
51447,545,690.00,325.00,0,17481
51569,548,661.00,308.00,0,17489
51691,551,618.00,308.00,0,17498
51816,553,688.00,325.00,0,17507
51940,555,747.00,325.00,0,17515
52061,557,685.00,325.00,0,17524
52183,559,635.00,324.00,0,17532
52306,561,678.00,341.00,0,17541
52429,562,729.00,325.00,0,17550
52551,564,653.00,325.00,0,17558
52674,567,745.00,325.00,0,17566
52798,569,723.00,324.00,0,17575
52921,571,755.00,325.00,0,17584
53042,574,630.00,307.00,0,17593
53164,576,536.00,307.00,0,17601
53288,577,701.00,308.00,0,17609
53410,579,732.00,341.00,0,17618
53532,581,638.00,325.00,0,17627
53655,584,544.00,307.00,0,17635
53780,587,757.00,325.00,0,17644
53903,589,752.00,308.00,0,17652
54025,591,615.00,325.00,0,17661
54146,593,580.00,308.00,0,17670
54270,595,737.00,308.00,0,17678
54393,597,709.00,325.00,0,17687
54514,599,583.00,325.00,0,17695
54636,601,625.00,325.00,0,17703
54760,603,754.00,308.00,0,17713
54884,605,747.00,308.00,0,17721
55006,607,559.00,308.00,0,17730
55128,609,644.00,325.00,0,17738
55252,611,744.00,325.00,0,17746
55374,613,658.00,308.00,0,17756
55496,615,565.00,325.00,0,17764
55618,617,662.00,341.00,0,17772
55742,621,760.00,325.00,0,17781
55866,623,716.00,308.00,0,17789
55988,626,589.00,308.00,0,17799
56111,628,670.00,324.00,0,17807
56233,629,726.00,309.00,0,17815
56356,631,639.00,325.00,0,17824
56478,633,604.00,325.00,0,17832
56601,635,674.00,324.00,0,17842
56724,638,731.00,325.00,0,17850
56848,641,693.00,325.00,0,17858
56970,643,646.00,325.00,0,17867
57093,645,689.00,308.00,0,17875
57215,647,707.00,325.00,0,17884
57338,649,528.00,308.00,0,17893
57460,651,658.00,325.00,0,17901
57582,653,682.00,325.00,0,17910
57705,656,666.00,325.00,0,17918
57830,659,638.00,325.00,0,17927
57952,661,713.00,341.00,0,17936
58074,663,689.00,307.00,0,17944
58197,665,660.00,325.00,0,17952
58320,667,599.00,324.00,0,17961
58442,669,676.00,325.00,0,17970
58564,671,655.00,325.00,0,17979
58687,673,605.00,324.00,0,17987
58811,675,669.00,308.00,0,17995
58934,677,718.00,325.00,0,18004
59056,680,659.00,341.00,0,18013
59178,682,624.00,324.00,0,18021
59301,685,667.00,325.00,0,18030
59424,687,700.00,308.00,0,18038
59546,690,643.00,325.00,0,18048
59668,693,484.00,307.00,0,18056
59793,695,717.00,307.00,0,18064
59916,697,731.00,308.00,0,18073
60038,699,627.00,325.00,0,18081
60160,701,567.00,341.00,0,18089
60284,703,717.00,325.00,0,18099
60406,705,697.00,323.00,0,18107
60528,707,585.00,324.00,0,18116
60650,710,547.00,318.00,0,18124
60774,713,752.00,325.00,0,18132
60898,715,745.00,315.00,0,18142
61020,717,569.00,320.00,0,18150
61142,719,619.00,340.00,0,18159
61265,721,744.00,307.00,0,18167
61387,723,698.00,325.00,0,18176
61510,725,546.00,325.00,0,18185
61632,727,611.00,325.00,0,18193
61756,731,734.00,325.00,0,18201
61880,733,729.00,325.00,0,18210
62002,735,548.00,325.00,0,18219
62124,737,641.00,308.00,0,18228
62246,739,728.00,325.00,0,18236
62370,741,666.00,341.00,0,18244
62492,743,593.00,324.00,0,18253
62614,745,642.00,308.00,0,18262
62738,747,721.00,308.00,0,18270
62862,751,692.00,325.00,0,18279
62984,753,574.00,309.00,0,18287
63106,757,660.00,308.00,0,18296
63229,759,727.00,325.00,0,18305
63352,761,653.00,308.00,0,18313
63473,763,620.00,325.00,0,18322
63596,764,666.00,325.00,0,18330
63718,766,686.00,325.00,0,18338
63843,768,538.00,308.00,0,18348
63965,771,623.00,308.00,0,18356
64088,773,666.00,325.00,0,18365
64210,775,659.00,308.00,0,18373
64333,779,543.00,324.00,0,18381
64456,781,669.00,324.00,0,18391
64578,785,689.00,325.00,0,18399
64700,787,630.00,308.00,0,18408
64824,790,634.00,308.00,0,18416
64948,792,703.00,325.00,0,18424
65070,793,658.00,308.00,0,18434
65192,795,620.00,308.00,0,18442
65315,797,605.00,308.00,0,18450
65437,799,669.00,325.00,0,18459
65559,801,639.00,326.00,0,18467
65682,805,592.00,341.00,0,18477
65806,808,683.00,324.00,0,18485
65930,811,736.00,325.00,0,18493
66051,815,652.00,325.00,0,18502
66174,817,596.00,308.00,0,18510
66297,818,677.00,325.00,0,18519
66420,820,694.00,308.00,0,18528
66542,822,597.00,324.00,0,18536
66664,824,500.00,325.00,0,18545
66788,827,699.00,308.00,0,18553
66911,829,731.00,324.00,0,18562
67033,831,612.00,325.00,0,18571
67155,833,553.00,325.00,0,18579
67278,836,710.00,307.00,0,18587
67402,838,679.00,326.00,0,18596
67524,841,560.00,325.00,0,18605
67645,843,560.00,308.00,0,18614
67770,847,730.00,325.00,0,18622
67893,849,726.00,308.00,0,18630
68015,852,568.00,325.00,0,18639
68136,854,621.00,325.00,0,18648
68260,856,736.00,325.00,0,18657
68384,858,664.00,325.00,0,18665
68505,860,518.00,308.00,0,18673
68628,863,595.00,325.00,0,18682
68752,865,725.00,325.00,0,18691
68875,868,703.00,325.00,0,18699
68996,871,557.00,307.00,0,18708
69119,873,667.00,341.00,0,18716
69242,875,732.00,325.00,0,18725
69364,877,627.00,309.00,0,18734
69487,880,607.00,325.00,0,18742
69610,883,637.00,325.00,0,18751
69733,885,694.00,308.00,0,18759
69856,888,663.00,308.00,0,18767
69980,891,573.00,324.00,0,18777
70101,893,662.00,308.00,0,18785
70223,895,702.00,326.00,0,18794
70346,897,459.00,307.00,0,18802
70468,899,600.00,325.00,0,18810
70591,901,637.00,308.00,0,18820
70714,904,653.00,307.00,0,18828
70838,907,564.00,325.00,0,18836
70962,911,639.00,325.00,0,18845
71083,913,662.00,308.00,0,18853
71206,916,673.00,308.00,0,18863
71328,917,564.00,308.00,0,18871
71451,919,664.00,341.00,0,18879
71572,921,659.00,325.00,0,18888
71696,923,591.00,325.00,0,18896
71819,926,619.00,325.00,0,18906
71943,929,682.00,326.00,0,18914
72065,933,637.00,308.00,0,18922
72187,936,603.00,325.00,0,18931
72310,939,626.00,308.00,0,18939
72433,941,698.00,308.00,0,18948
72556,944,636.00,324.00,0,18957
72677,947,602.00,325.00,0,18965
72801,949,680.00,308.00,0,18974
72925,951,699.00,307.00,0,18982
73046,953,612.00,325.00,0,18991
73168,955,639.00,325.00,0,19000
73292,957,664.00,307.00,0,19008
73415,959,685.00,325.00,0,19016
73536,962,598.00,324.00,0,19025
73658,965,501.00,324.00,0,19034
73783,968,719.00,325.00,0,19043
73906,971,721.00,324.00,0,19051
74028,974,574.00,308.00,0,19059
74151,977,555.00,308.00,0,19068
74274,979,704.00,325.00,0,19077
74396,981,669.00,308.00,0,19085
74518,983,543.00,324.00,0,19094
74640,986,558.00,342.00,0,19102
74764,988,734.00,341.00,0,19111
74888,991,711.00,324.00,0,19120
75010,993,518.00,324.00,0,19128
75132,997,600.00,324.00,0,19137
75256,999,710.00,318.00,0,19145
75378,1003,650.00,308.00,0,19154
75504,1005,521.00,308.00,0,19163
75630,1008,589.00,324.00,0,19172
75758,1010,708.00,325.00,0,19181
75884,1013,686.00,307.00,0,19189
76010,1014,511.00,324.00,0,19198
76136,1016,592.00,325.00,0,19208
76262,1019,717.00,324.00,0,19216
76390,1021,666.00,341.00,0,19225
76515,1025,537.00,342.00,0,19233
76642,1028,550.00,325.00,0,19243
76769,1032,724.00,308.00,0,19252
76896,1035,702.00,308.00,0,19260
77022,1038,533.00,308.00,0,19269
77148,1040,562.00,308.00,0,19278
77275,1041,701.00,327.00,0,19287
77401,1043,664.00,308.00,0,19296
77527,1046,564.00,325.00,0,19305
77653,1049,494.00,307.00,0,19313
77780,1051,699.00,308.00,0,19322
77908,1055,706.00,308.00,0,19331
78033,1057,562.00,324.00,0,19340
78159,1060,521.00,325.00,0,19349
78286,1063,675.00,325.00,0,19357
78413,1065,671.00,325.00,0,19366
78539,1068,573.00,308.00,0,19376
78664,1071,471.00,315.00,0,19384
78792,1075,680.00,308.00,0,19393
78920,1079,694.00,307.00,0,19401
79045,1081,582.00,307.00,0,19410
79172,1083,614.00,324.00,0,19420
79298,1085,629.00,308.00,0,19428
79425,1087,664.00,325.00,0,19437
79550,1089,583.00,307.00,0,19446
79676,1091,575.00,324.00,0,19454
79804,1094,648.00,324.00,0,19464
79931,1097,677.00,325.00,0,19473
80056,1101,618.00,341.00,0,19481
80182,1105,589.00,341.00,0,19490
80309,1109,609.00,309.00,0,19499
80436,1111,649.00,308.00,0,19508
80562,1113,605.00,308.00,0,19517
80688,1115,540.00,325.00,0,19525
80816,1117,603.00,325.00,0,19534
80942,1119,644.00,324.00,0,19544
81068,1123,603.00,308.00,0,19552
81194,1126,591.00,307.00,0,19561
81322,1129,563.00,325.00,0,19569
81448,1133,642.00,325.00,0,19578
81573,1136,643.00,325.00,0,19588
81699,1139,595.00,325.00,0,19596
81827,1141,568.00,325.00,0,19605
81953,1143,631.00,325.00,0,19614
82079,1145,610.00,325.00,0,19622
82206,1147,618.00,325.00,0,19632
82332,1151,500.00,308.00,0,19641
82459,1154,603.00,325.00,0,19649
82585,1159,617.00,325.00,0,19658
82712,1163,617.00,308.00,0,19666
82840,1166,537.00,308.00,0,19676
82966,1169,588.00,308.00,0,19685
83091,1171,635.00,325.00,0,19693
83218,1173,673.00,325.00,0,19702
83344,1175,446.00,324.00,0,19712
83470,1177,580.00,324.00,0,19720
83596,1181,613.00,340.00,0,19729
83722,1183,647.00,325.00,0,19738
83850,1187,626.00,324.00,0,19746
83977,1191,541.00,324.00,0,19756
84103,1194,623.00,325.00,0,19764
84230,1197,680.00,325.00,0,19773
84356,1200,592.00,308.00,0,19782
84482,1203,519.00,308.00,0,19790
84608,1206,595.00,324.00,0,19800
84735,1209,669.00,307.00,0,19809
84863,1211,630.00,322.00,0,19817
84988,1215,509.00,325.00,0,19826
85114,1218,621.00,325.00,0,19834
85241,1221,695.00,326.00,0,19844
85368,1225,616.00,341.00,0,19853
85494,1227,517.00,341.00,0,19861
85620,1230,593.00,326.00,0,19870
85746,1233,667.00,308.00,0,19879
85874,1235,642.00,309.00,0,19888
85999,1237,492.00,308.00,0,19897
86126,1240,588.00,325.00,0,19906
86253,1243,692.00,325.00,0,19914
86379,1247,622.00,309.00,0,19923
86505,1250,486.00,309.00,0,19932
86631,1253,563.00,308.00,0,19941
86758,1257,703.00,325.00,0,19950
86885,1261,681.00,311.00,0,19958
87011,1263,486.00,325.00,0,19968
87137,1266,573.00,308.00,0,19977
87264,1268,708.00,341.00,0,19985
87390,1270,635.00,341.00,0,19994
87516,1271,521.00,342.00,0,20002
87642,1274,517.00,325.00,0,20012
87770,1276,664.00,325.00,0,20021
87897,1279,665.00,325.00,0,20029
88022,1283,514.00,324.00,0,20038
88149,1287,518.00,314.00,0,20047
88276,1291,679.00,325.00,0,20056
88402,1295,653.00,325.00,0,20065
88528,1298,529.00,308.00,0,20074
88652,1300,482.00,307.00,0,20082
88779,1303,687.00,325.00,0,20091
88907,1305,673.00,325.00,0,20100
89032,1307,536.00,325.00,0,20109
89158,1311,493.00,325.00,0,20118
89286,1314,648.00,308.00,0,20126
89412,1317,638.00,308.00,0,20135
89538,1321,555.00,326.00,0,20145
89664,1324,433.00,342.00,0,20153
89791,1327,650.00,316.00,0,20162
89918,1330,669.00,324.00,0,20171
90044,1333,551.00,308.00,0,20179
90170,1336,557.00,323.00,0,20189
90296,1339,604.00,325.00,0,20197
90424,1343,636.00,308.00,0,20206
90549,1345,571.00,309.00,0,20215
90674,1349,564.00,308.00,0,20224
90802,1351,638.00,308.00,0,20233
90930,1354,667.00,341.00,0,20242
91055,1357,587.00,358.00,0,20250
91182,1359,562.00,308.00,0,20259
91308,1362,574.00,324.00,0,20268
91436,1365,622.00,308.00,0,20277
91561,1367,573.00,308.00,0,20286
91688,1371,507.00,319.00,0,20294
91814,1374,559.00,325.00,0,20303
91941,1377,622.00,325.00,0,20313
92067,1381,587.00,308.00,0,20321
92194,1383,568.00,325.00,0,20330
92320,1387,536.00,324.00,0,20339
92446,1389,625.00,324.00,0,20347
92572,1393,590.00,308.00,0,20357
92698,1395,555.00,325.00,0,20365
92826,1398,540.00,325.00,0,20374
92952,1401,586.00,325.00,0,20383
93078,1403,603.00,325.00,0,20391
93205,1405,591.00,308.00,0,20401
93332,1409,478.00,326.00,0,20410
93458,1413,561.00,324.00,0,20418
93584,1416,592.00,325.00,0,20427
93710,1420,586.00,307.00,0,20435
93838,1423,477.00,325.00,0,20445
93964,1427,545.00,325.00,0,20454
94090,1429,595.00,308.00,0,20462
94216,1431,630.00,324.00,0,20471
94342,1433,408.00,325.00,0,20481
94470,1436,548.00,341.00,0,20489
94596,1439,594.00,341.00,0,20498
94722,1443,630.00,341.00,0,20507
94850,1447,590.00,324.00,0,20515
94975,1451,511.00,325.00,0,20525
95102,1455,596.00,309.00,0,20533
95228,1457,643.00,308.00,0,20542
95355,1459,546.00,307.00,0,20551
95481,1462,504.00,308.00,0,20559
95607,1465,572.00,308.00,0,20569
95734,1467,634.00,308.00,0,20578
95862,1471,593.00,308.00,0,20586
95986,1475,469.00,324.00,0,20595
96112,1479,576.00,307.00,0,20604
96240,1482,669.00,325.00,0,20613
96366,1485,585.00,325.00,0,20622
96492,1488,490.00,325.00,0,20630
96618,1491,562.00,325.00,0,20639
96745,1494,642.00,308.00,0,20648
96874,1497,613.00,307.00,0,20657
96999,1500,472.00,308.00,0,20666
97124,1503,551.00,324.00,0,20675
97252,1507,655.00,308.00,0,20683
97378,1509,583.00,324.00,0,20692
97504,1511,440.00,324.00,0,20701
97630,1514,506.00,325.00,0,20710
97758,1517,649.00,325.00,0,20719
97884,1519,614.00,307.00,0,20727
98009,1522,443.00,309.00,0,20737
98136,1525,525.00,325.00,0,20746
98263,1528,650.00,324.00,0,20754
98390,1531,597.00,325.00,0,20763
98516,1535,476.00,325.00,0,20772
98642,1539,479.00,316.00,0,20781
98769,1543,642.00,308.00,0,20790
98896,1546,625.00,308.00,0,20798
99022,1549,470.00,325.00,0,20807
99148,1552,487.00,325.00,0,20816
99274,1555,633.00,308.00,0,20825
99401,1557,599.00,307.00,0,20834
99527,1560,494.00,308.00,0,20843
99653,1563,435.00,323.00,0,20851
99780,1567,638.00,325.00,0,20860
99907,1570,632.00,325.00,0,20870
100032,1574,517.00,325.00,0,20878
100163,1578,601.00,325.00,0,20887
100294,1581,579.00,308.00,0,20896
100424,1585,616.00,325.00,0,20905
100554,1589,547.00,341.00,0,20915
100683,1592,496.00,307.00,0,20924
100814,1595,546.00,308.00,0,20933
100945,1599,587.00,325.00,0,20942
101074,1602,577.00,342.00,0,20951
101204,1605,582.00,309.00,0,20960
101335,1609,432.00,324.00,0,20969
101465,1612,530.00,308.00,0,20978
101594,1615,554.00,308.00,0,20987
101725,1619,594.00,308.00,0,20997
101856,1621,564.00,325.00,0,21006
101986,1625,433.00,325.00,0,21015
102115,1627,562.00,325.00,0,21024
102246,1631,642.00,324.00,0,21032
102376,1635,545.00,324.00,0,21042
102506,1637,444.00,325.00,0,21051
102634,1641,492.00,325.00,0,21060
102766,1644,630.00,308.00,0,21069
102898,1647,603.00,325.00,0,21079
103026,1649,468.00,308.00,0,21088
103156,1653,451.00,323.00,0,21097
103287,1655,602.00,325.00,0,21106
103417,1659,570.00,307.00,0,21114
103547,1663,531.00,325.00,0,21124
103676,1666,494.00,325.00,0,21133
103808,1669,550.00,325.00,0,21142
103939,1673,576.00,325.00,0,21151
104068,1675,545.00,324.00,0,21160
104198,1678,543.00,324.00,0,21170
104328,1681,448.00,324.00,0,21179
104458,1684,509.00,307.00,0,21188
104588,1687,544.00,307.00,0,21196
104718,1691,573.00,325.00,0,21206
104850,1695,548.00,325.00,0,21215
104979,1698,440.00,308.00,0,21224
105109,1701,543.00,307.00,0,21233
105212,1704,826.00,358.00,0,21242
105210,1706,826.00,442.00,0,21252
105120,1707,826.00,493.00,0,21261
105005,1707,797.00,493.00,0,21270
104878,1706,689.00,491.00,0,21278
104746,1705,578.00,492.00,0,21287
104620,1703,774.00,493.00,0,21297
104490,1702,771.00,509.00,0,21306
104360,1701,652.00,492.00,0,21315
104230,1701,715.00,476.00,0,21324
104103,1699,780.00,509.00,0,21334
103972,1697,785.00,509.00,0,21343
103841,1695,757.00,509.00,0,21352
103712,1691,745.00,509.00,0,21360
103584,1687,746.00,492.00,0,21369
103452,1683,771.00,493.00,0,21379
103321,1681,789.00,493.00,0,21388
103192,1677,773.00,492.00,0,21397
103064,1675,765.00,475.00,0,21406
102934,1673,773.00,510.00,0,21415
102802,1672,798.00,509.00,0,21425
102673,1670,783.00,509.00,0,21433
102545,1667,782.00,509.00,0,21442
102414,1663,769.00,494.00,0,21451
102282,1659,776.00,509.00,0,21460
102153,1654,809.00,493.00,0,21470
102024,1649,782.00,493.00,0,21479
101892,1644,737.00,509.00,0,21488
101761,1640,754.00,509.00,0,21497
101632,1636,791.00,509.00,0,21507
101502,1633,787.00,491.00,0,21515
101370,1629,722.00,510.00,0,21524
101240,1627,757.00,510.00,0,21533
101112,1623,798.00,509.00,0,21542
100982,1619,795.00,508.00,0,21552
100852,1615,797.00,509.00,0,21561
100720,1611,775.00,510.00,0,21570
100592,1608,776.00,493.00,0,21579
100462,1605,790.00,509.00,0,21588
100330,1601,791.00,492.00,0,21597
100200,1597,779.00,493.00,0,21606
100071,1593,783.00,493.00,0,21615
99942,1587,784.00,493.00,0,21624
99814,1583,806.00,475.00,0,21633
99687,1579,776.00,492.00,0,21642
99562,1576,770.00,493.00,0,21651
99434,1573,778.00,509.00,0,21659
99306,1571,784.00,509.00,0,21668
99181,1568,797.00,509.00,0,21678
99056,1563,790.00,509.00,0,21686
98931,1559,788.00,509.00,0,21695
98804,1555,802.00,509.00,0,21704
98678,1551,786.00,509.00,0,21712
98552,1549,780.00,493.00,0,21722
98424,1546,784.00,509.00,0,21730
98296,1545,780.00,509.00,0,21739
98171,1542,800.00,509.00,0,21748
98047,1539,792.00,509.00,0,21756
97921,1534,787.00,493.00,0,21766
97795,1529,799.00,493.00,0,21775
97668,1523,786.00,501.00,0,21783
97543,1519,784.00,476.00,0,21792
97415,1517,780.00,493.00,0,21801
97286,1515,780.00,495.00,0,21810
97160,1513,807.00,493.00,0,21819
97034,1511,784.00,492.00,0,21827
96908,1509,784.00,492.00,0,21836
96783,1505,797.00,493.00,0,21846
96658,1500,804.00,493.00,0,21854
96534,1495,800.00,509.00,0,21863
96407,1490,787.00,493.00,0,21872
96278,1487,779.00,493.00,0,21880
96151,1484,809.00,492.00,0,21890
96024,1482,781.00,508.00,0,21898
95896,1480,764.00,492.00,0,21907
95768,1477,789.00,509.00,0,21916
95644,1474,792.00,509.00,0,21924
95518,1469,801.00,509.00,0,21934
95392,1465,790.00,509.00,0,21943
95264,1460,785.00,493.00,0,21951
95139,1456,807.00,493.00,0,21960
95013,1453,791.00,509.00,0,21969
94885,1451,784.00,508.00,0,21978
94758,1449,784.00,493.00,0,21987
94633,1447,788.00,493.00,0,21995
94508,1443,803.00,493.00,0,22004
94381,1439,784.00,493.00,0,22013
94253,1435,777.00,493.00,0,22022
94128,1431,805.00,493.00,0,22031
94002,1428,793.00,493.00,0,22040
93876,1425,791.00,492.00,0,22048
93748,1423,789.00,507.00,0,22057
93624,1421,796.00,493.00,0,22066
93498,1417,809.00,508.00,0,22075
93372,1414,791.00,493.00,0,22084
93244,1411,789.00,509.00,0,22092
93120,1406,810.00,493.00,0,22102
92994,1402,795.00,509.00,0,22111
92868,1399,792.00,492.00,0,22119
92740,1397,790.00,509.00,0,22128
92616,1395,799.00,493.00,0,22137
92489,1393,815.00,509.00,0,22146
92361,1391,788.00,509.00,0,22155
92235,1388,790.00,509.00,0,22163
92110,1384,805.00,508.00,0,22172
91984,1379,800.00,493.00,0,22181
91857,1375,799.00,509.00,0,22190
91730,1371,794.00,493.00,0,22199
91604,1367,792.00,475.00,0,22208
91478,1365,824.00,509.00,0,22216
91348,1363,787.00,493.00,0,22225
91220,1361,786.00,492.00,0,22235
91096,1359,795.00,509.00,0,22243
90970,1355,796.00,493.00,0,22252
90844,1351,807.00,509.00,0,22260
90718,1347,796.00,509.00,0,22269
90594,1343,799.00,509.00,0,22279
90467,1339,813.00,492.00,0,22287
90339,1337,791.00,509.00,0,22296
90210,1335,788.00,492.00,0,22305
90084,1333,791.00,492.00,0,22313
89958,1331,798.00,509.00,0,22323
89831,1327,814.00,493.00,0,22331
89706,1325,797.00,509.00,0,22340
89582,1320,794.00,493.00,0,22349
89456,1315,815.00,493.00,0,22358
89328,1311,797.00,510.00,0,22367
89200,1309,795.00,493.00,0,22376
89074,1306,793.00,476.00,0,22384
88948,1304,795.00,493.00,0,22393
88821,1303,816.00,509.00,0,22403
88696,1301,794.00,492.00,0,22411
88572,1299,806.00,510.00,0,22420
88446,1295,812.00,501.00,0,22428
88319,1291,803.00,493.00,0,22437
88193,1287,805.00,510.00,0,22447
88067,1282,800.00,508.00,0,22455
87940,1279,800.00,493.00,0,22464
87812,1276,817.00,498.00,0,22473
87684,1274,797.00,509.00,0,22481
87559,1273,795.00,492.00,0,22491
87432,1271,800.00,509.00,0,22499
87304,1268,794.00,509.00,0,22508
87179,1265,808.00,493.00,0,22517
87054,1261,801.00,509.00,0,22525
86928,1256,801.00,509.00,0,22535
86801,1251,808.00,492.00,0,22544
86676,1247,806.00,492.00,0,22552
86550,1245,797.00,493.00,0,22561
86422,1243,793.00,493.00,0,22571
86292,1241,787.00,475.00,0,22579
86165,1239,806.00,509.00,0,22588
86039,1237,789.00,493.00,0,22596
85912,1233,794.00,509.00,0,22605
85785,1229,801.00,493.00,0,22615
85660,1225,804.00,493.00,0,22623
85536,1221,806.00,509.00,0,22632
85408,1218,795.00,509.00,0,22641
85281,1215,789.00,492.00,0,22649
85154,1211,811.00,493.00,0,22659
85028,1209,795.00,509.00,0,22668
84900,1207,787.00,493.00,0,22676
84774,1206,799.00,493.00,0,22685
84650,1205,811.00,509.00,0,22693
84526,1202,807.00,493.00,0,22703
84401,1199,799.00,509.00,0,22712
84274,1195,795.00,492.00,0,22720
84149,1191,826.00,482.00,0,22729
84023,1187,803.00,493.00,0,22738
83896,1183,799.00,492.00,0,22747
83768,1179,802.00,492.00,0,22756
83642,1177,811.00,509.00,0,22764
83514,1177,811.00,509.00,0,22773
83386,1175,793.00,509.00,0,22782
83259,1173,795.00,492.00,0,22791
83134,1171,822.00,510.00,0,22800
83010,1167,803.00,492.00,0,22809
82884,1163,800.00,493.00,0,22817
82758,1158,804.00,493.00,0,22827
82634,1154,816.00,492.00,0,22836
82508,1151,817.00,492.00,0,22844
82379,1149,795.00,508.00,0,22853
82250,1147,792.00,493.00,0,22861
82123,1146,811.00,492.00,0,22871
81996,1145,801.00,493.00,0,22880
81870,1141,799.00,509.00,0,22888
81744,1138,801.00,493.00,0,22897
81620,1134,816.00,493.00,0,22906
81494,1129,825.00,509.00,0,22915
81367,1125,798.00,509.00,0,22924
81238,1122,795.00,509.00,0,22933
81111,1119,805.00,509.00,0,22941
80984,1117,800.00,493.00,0,22950
80856,1115,800.00,493.00,0,22959
80729,1114,794.00,492.00,0,22968
80605,1112,804.00,509.00,0,22977
80480,1109,826.00,476.00,0,22985
80353,1106,800.00,491.00,0,22994
80227,1102,798.00,508.00,0,23004
80102,1098,807.00,492.00,0,23012
79976,1095,809.00,492.00,0,23021
79848,1092,808.00,492.00,0,23029
79722,1090,798.00,493.00,0,23038
79598,1089,810.00,493.00,0,23048
79472,1087,826.00,492.00,0,23056
79345,1086,811.00,509.00,0,23065
79218,1083,805.00,509.00,0,23074
79094,1079,810.00,493.00,0,23083
78968,1075,815.00,495.00,0,23092
78840,1071,817.00,493.00,0,23101
78715,1067,804.00,492.00,0,23109
78590,1063,812.00,509.00,0,23118
78462,1062,821.00,509.00,0,23127
78332,1061,810.00,492.00,0,23136
78204,1060,804.00,509.00,0,23145
78078,1058,801.00,509.00,0,23153
77952,1055,812.00,494.00,0,23162
77826,1051,826.00,493.00,0,23172
77701,1047,811.00,492.00,0,23180
77578,1043,817.00,493.00,0,23189
77452,1040,826.00,493.00,0,23197
77323,1037,813.00,508.00,0,23206
77195,1035,804.00,493.00,0,23216
77069,1033,799.00,493.00,0,23224
76941,1031,800.00,492.00,0,23233
76814,1029,820.00,475.00,0,23242
76688,1027,803.00,493.00,0,23250
76564,1025,807.00,476.00,0,23260
76438,1021,813.00,493.00,0,23269
76310,1019,812.00,497.00,0,23277
76184,1015,820.00,493.00,0,23286
76058,1011,807.00,492.00,0,23294
75931,1009,805.00,493.00,0,23304
75804,1005,819.00,493.00,0,23313
75678,1003,809.00,493.00,0,23321
75552,1001,810.00,492.00,0,23330
75426,999,808.00,510.00,0,23339
75301,997,801.00,509.00,0,23348
75178,995,809.00,493.00,0,23356
75056,993,803.00,509.00,0,23365
74933,989,810.00,492.00,0,23373
74811,987,825.00,493.00,0,23382
74690,984,807.00,475.00,0,23391
74569,981,811.00,491.00,0,23399
74447,979,821.00,509.00,0,23407
74322,975,811.00,492.00,0,23416
74198,973,807.00,494.00,0,23425
74076,971,807.00,493.00,0,23434
73952,969,809.00,509.00,0,23442
73829,967,826.00,509.00,0,23450
73706,965,810.00,509.00,0,23459
73587,963,816.00,509.00,0,23468
73465,961,826.00,493.00,0,23476
73342,959,810.00,509.00,0,23485
73218,957,808.00,493.00,0,23493
73098,953,821.00,493.00,0,23502
72976,949,818.00,491.00,0,23511
72852,946,819.00,509.00,0,23519
72728,943,815.00,509.00,0,23528
72607,939,817.00,492.00,0,23536
72484,938,827.00,509.00,0,23544
72360,937,797.00,509.00,0,23554
72234,935,795.00,509.00,0,23562
72111,934,808.00,492.00,0,23571
71988,931,812.00,493.00,0,23579
71867,928,814.00,493.00,0,23587
71745,925,817.00,509.00,0,23597
71625,921,823.00,510.00,0,23605
71504,917,826.00,493.00,0,23613
71379,915,803.00,492.00,0,23622
71254,913,799.00,492.00,0,23630
71130,911,821.00,493.00,0,23640
71006,908,802.00,492.00,0,23648
70882,906,800.00,493.00,0,23656
70759,905,803.00,509.00,0,23665
70638,903,817.00,492.00,0,23673
70518,901,826.00,493.00,0,23683
70396,899,813.00,509.00,0,23691
70272,897,804.00,476.00,0,23699
70152,895,826.00,493.00,0,23708
70030,891,818.00,509.00,0,23716
69908,888,819.00,509.00,0,23725
69786,885,824.00,493.00,0,23734
69664,881,822.00,509.00,0,23742
69542,879,818.00,493.00,0,23751
69418,877,807.00,475.00,0,23759
69292,875,803.00,492.00,0,23768
69168,874,815.00,476.00,0,23777
69044,872,802.00,476.00,0,23785
68921,869,805.00,509.00,0,23793
68798,867,815.00,492.00,0,23802
68677,865,811.00,492.00,0,23811
68556,862,821.00,509.00,0,23820
68434,859,824.00,509.00,0,23828
68311,857,813.00,493.00,0,23836
68188,854,822.00,509.00,0,23845
68066,851,812.00,492.00,0,23854
67942,849,806.00,493.00,0,23862
67819,847,826.00,509.00,0,23871
67696,845,814.00,510.00,0,23879
67576,843,817.00,493.00,0,23888
67454,841,826.00,509.00,0,23897
67329,839,818.00,492.00,0,23905
67206,837,814.00,493.00,0,23914
67084,834,814.00,493.00,0,23922
66962,831,815.00,492.00,0,23931
66838,829,823.00,493.00,0,23940
66716,826,811.00,493.00,0,23948
66595,824,821.00,509.00,0,23957
66473,822,826.00,509.00,0,23965
66348,820,813.00,492.00,0,23973
66224,817,810.00,493.00,0,23983
66103,815,821.00,492.00,0,23991
65980,813,827.00,505.00,0,24000
65856,809,817.00,477.00,0,24008
65734,808,814.00,509.00,0,24016
65613,807,819.00,493.00,0,24026
65492,805,826.00,509.00,0,24034
65369,805,817.00,509.00,0,24042
65246,803,812.00,508.00,0,24051
65125,800,827.00,493.00,0,24059
65002,797,823.00,493.00,0,24069
64880,793,821.00,506.00,0,24077
64756,789,820.00,505.00,0,24085
64635,786,825.00,492.00,0,24094
64513,783,826.00,493.00,0,24102
64388,781,814.00,494.00,0,24111
64263,780,806.00,509.00,0,24120
64138,779,826.00,493.00,0,24128
64016,777,817.00,493.00,0,24137
63892,776,812.00,493.00,0,24145
63770,774,824.00,493.00,0,24154
63650,772,826.00,493.00,0,24163
63530,769,826.00,503.00,0,24171
63408,767,824.00,493.00,0,24179
63284,764,817.00,492.00,0,24188
63161,761,826.00,493.00,0,24197
63038,757,819.00,509.00,0,24206
62914,753,809.00,509.00,0,24214
62788,751,824.00,510.00,0,24222
62666,749,817.00,492.00,0,24231
62544,748,813.00,510.00,0,24240
62420,747,810.00,509.00,0,24249
62295,746,805.00,509.00,0,24257
62173,744,826.00,509.00,0,24265
62052,741,813.00,492.00,0,24274
61930,737,821.00,509.00,0,24283
61808,733,826.00,493.00,0,24291
61687,730,820.00,493.00,0,24300
61566,727,822.00,493.00,0,24308
61444,725,825.00,492.00,0,24317
61318,725,816.00,492.00,0,24326
61194,724,813.00,493.00,0,24334
61070,723,813.00,509.00,0,24343
60947,721,810.00,509.00,0,24351
60824,718,826.00,493.00,0,24359
60702,715,815.00,492.00,0,24369
60583,713,824.00,493.00,0,24377
60462,711,826.00,493.00,0,24386
60337,709,818.00,508.00,0,24394
60214,707,812.00,493.00,0,24402
60092,705,822.00,509.00,0,24412
59969,701,815.00,493.00,0,24420
59846,699,826.00,492.00,0,24428
59724,697,817.00,493.00,0,24437
59604,695,826.00,509.00,0,24445
59482,693,826.00,493.00,0,24455
59357,692,817.00,509.00,0,24463
59234,691,815.00,509.00,0,24471
59110,687,826.00,510.00,0,24480
58986,685,818.00,494.00,0,24488
58862,681,813.00,493.00,0,24498
58740,679,813.00,509.00,0,24506
58619,677,820.00,493.00,0,24514
58496,675,826.00,509.00,0,24523
58373,674,814.00,509.00,0,24531
58248,673,811.00,492.00,0,24540
58127,671,826.00,492.00,0,24549
58005,669,818.00,493.00,0,24557
57882,665,820.00,509.00,0,24566
57760,663,823.00,492.00,0,24574
57641,660,826.00,509.00,0,24583
57520,659,826.00,509.00,0,24592
57397,657,820.00,492.00,0,24600
57272,656,814.00,492.00,0,24608
57150,655,826.00,509.00,0,24617
57027,653,821.00,492.00,0,24626
56902,650,820.00,509.00,0,24635
56780,647,826.00,509.00,0,24643
56658,645,826.00,493.00,0,24651
56538,643,827.00,509.00,0,24660
56415,641,825.00,493.00,0,24669
56290,639,820.00,509.00,0,24677
56166,637,826.00,509.00,0,24686
56043,633,816.00,476.00,0,24694
55920,631,819.00,493.00,0,24704
55796,629,826.00,509.00,0,24712
55674,627,819.00,493.00,0,24720
55554,627,824.00,509.00,0,24729
55431,627,826.00,492.00,0,24737
55307,625,825.00,509.00,0,24745
55186,623,826.00,491.00,0,24755
55065,621,826.00,493.00,0,24763
54942,617,825.00,493.00,0,24772
54819,614,826.00,493.00,0,24780
54697,611,826.00,509.00,0,24788
54577,609,827.00,493.00,0,24798
54454,607,826.00,509.00,0,24806
54329,605,826.00,509.00,0,24815
54204,603,818.00,508.00,0,24823
54080,601,821.00,509.00,0,24832
53956,599,824.00,509.00,0,24841
53832,597,825.00,492.00,0,24849
53710,596,817.00,493.00,0,24857
53590,595,822.00,492.00,0,24866
53468,593,826.00,493.00,0,24875
53344,591,821.00,509.00,0,24884
53221,589,821.00,508.00,0,24892
53100,587,826.00,493.00,0,24900
52978,585,826.00,510.00,0,24909
52854,581,827.00,492.00,0,24918
52732,578,820.00,476.00,0,24926
52610,575,826.00,509.00,0,24935
52488,573,826.00,493.00,0,24943
52364,573,822.00,509.00,0,24952
52238,571,813.00,494.00,0,24961
52115,569,826.00,509.00,0,24969
51992,567,822.00,510.00,0,24978
51868,565,821.00,492.00,0,24986
51747,563,821.00,492.00,0,24994
51626,561,826.00,492.00,0,25004
51506,561,826.00,494.00,0,25012
51384,559,825.00,509.00,0,25021
51260,557,825.00,508.00,0,25029
51138,555,826.00,509.00,0,25037
51016,552,826.00,509.00,0,25047
50892,549,826.00,508.00,0,25055
50768,545,824.00,493.00,0,25064
50647,543,826.00,492.00,0,25072
50526,542,827.00,493.00,0,25080
50401,541,818.00,499.00,0,25090
50275,541,813.00,492.00,0,25098
50152,539,826.00,506.00,0,25106
50029,537,820.00,495.00,0,25115
49906,534,818.00,492.00,0,25123
49784,531,826.00,493.00,0,25133
49664,529,826.00,509.00,0,25141
49544,528,826.00,490.00,0,25149
49423,527,827.00,509.00,0,25158
49298,525,824.00,492.00,0,25166
49175,523,826.00,508.00,0,25175
49053,521,822.00,493.00,0,25184
48930,519,822.00,493.00,0,25192
48805,516,826.00,493.00,0,25201
48683,514,826.00,493.00,0,25209
48562,513,826.00,493.00,0,25218
48440,511,825.00,493.00,0,25227
48314,511,825.00,493.00,0,25235
48190,509,826.00,492.00,0,25243
48068,507,823.00,496.00,0,25252
47945,504,822.00,493.00,0,25261
47822,501,826.00,493.00,0,25270
47701,499,826.00,508.00,0,25278
47582,499,826.00,493.00,0,25286
47461,498,826.00,509.00,0,25295
47338,497,827.00,493.00,0,25304
47214,496,826.00,493.00,0,25313
47092,493,826.00,493.00,0,25321
46970,489,826.00,508.00,0,25329
46846,485,826.00,493.00,0,25338
46722,483,826.00,492.00,0,25347
46602,480,826.00,510.00,0,25355
46478,479,826.00,475.00,0,25364
46352,478,823.00,511.00,0,25372
46227,478,821.00,493.00,0,25381
46104,477,824.00,492.00,0,25390
45980,475,824.00,475.00,0,25398
45857,473,824.00,492.00,0,25407
45736,471,825.00,509.00,0,25415
45616,469,826.00,510.00,0,25423
45496,467,826.00,492.00,0,25433
45373,465,827.00,509.00,0,25441
45249,463,826.00,509.00,0,25450
45126,460,826.00,493.00,0,25458
45003,457,821.00,493.00,0,25466
44878,453,821.00,493.00,0,25476
44754,451,820.00,493.00,0,25484
44632,449,825.00,493.00,0,25492
44509,449,826.00,509.00,0,25501
44384,449,819.00,509.00,0,25509
44259,447,815.00,509.00,0,25519
44136,445,826.00,492.00,0,25527
44014,443,824.00,509.00,0,25535
43892,441,823.00,509.00,0,25544
43770,438,826.00,494.00,0,25552
43652,437,826.00,493.00,0,25561
43532,435,825.00,492.00,0,25570
43411,435,827.00,493.00,0,25578
43287,433,826.00,509.00,0,25587
43164,431,826.00,509.00,0,25595
43041,428,826.00,509.00,0,25604
42917,425,825.00,492.00,0,25613
42792,423,826.00,475.00,0,25621
42670,421,826.00,509.00,0,25630
42549,421,826.00,492.00,0,25638
42426,421,826.00,509.00,0,25647
42300,420,827.00,510.00,0,25656
42178,419,825.00,493.00,0,25664
42056,416,826.00,509.00,0,25672
41934,413,824.00,492.00,0,25681
41812,410,826.00,492.00,0,25690
41691,407,826.00,493.00,0,25699
41572,407,825.00,493.00,0,25707
41450,405,826.00,509.00,0,25715
41326,405,826.00,509.00,0,25724
41202,403,826.00,493.00,0,25733
41078,401,826.00,492.00,0,25741
40954,399,826.00,509.00,0,25750
40830,396,826.00,492.00,0,25758
40707,395,823.00,493.00,0,25767
40586,393,826.00,492.00,0,25776
40464,393,826.00,493.00,0,25784
40339,393,821.00,493.00,0,25793
40215,391,822.00,492.00,0,25801
40093,389,827.00,509.00,0,25809
39971,387,826.00,492.00,0,25819
39849,385,826.00,493.00,0,25827
39728,383,826.00,509.00,0,25836
39610,382,825.00,492.00,0,25844
39490,381,826.00,492.00,0,25852
39368,381,827.00,492.00,0,25862
39244,380,826.00,492.00,0,25870
39122,377,826.00,493.00,0,25879
38999,374,825.00,509.00,0,25887
38874,371,826.00,493.00,0,25895
38751,368,826.00,492.00,0,25905
38629,367,826.00,492.00,0,25913
38506,366,826.00,492.00,0,25921
38380,365,826.00,509.00,0,25930
38255,365,822.00,493.00,0,25938
38131,363,826.00,492.00,0,25948
38006,361,824.00,509.00,0,25956
37883,358,824.00,510.00,0,25964
37760,356,826.00,509.00,0,25973
37641,355,826.00,509.00,0,25981
37522,355,826.00,493.00,0,25990
37400,355,826.00,492.00,0,25999
37277,354,826.00,493.00,0,26007
37154,353,827.00,509.00,0,26016
37032,349,825.00,509.00,0,26024
36910,347,826.00,493.00,0,26033
36787,343,827.00,492.00,0,26042
36666,341,827.00,509.00,0,26050
36546,339,826.00,509.00,0,26058
36422,337,826.00,507.00,0,26067
36296,337,826.00,509.00,0,26076
36170,335,826.00,493.00,0,26085
36046,333,821.00,509.00,0,26093
35922,331,820.00,496.00,0,26101
35798,329,827.00,509.00,0,26110
35675,327,827.00,493.00,0,26119
35556,327,826.00,493.00,0,26128
35434,327,826.00,509.00,0,26136
35309,325,826.00,509.00,0,26144
35187,324,827.00,492.00,0,26153
35064,321,826.00,508.00,0,26162
34941,318,824.00,492.00,0,26170
34818,315,826.00,492.00,0,26179
34696,313,826.00,509.00,0,26187
34576,313,827.00,493.00,0,26196
34454,312,826.00,509.00,0,26205
34330,311,826.00,509.00,0,26213
34205,309,826.00,493.00,0,26222
34082,307,826.00,498.00,0,26230
33960,305,827.00,492.00,0,26238
33837,303,826.00,509.00,0,26248
33715,301,826.00,510.00,0,26256
33596,301,826.00,492.00,0,26265
33476,301,826.00,492.00,0,26273
33353,301,826.00,493.00,0,26281
33230,299,826.00,489.00,0,26291
33108,297,826.00,504.00,0,26299
32984,293,826.00,509.00,0,26307
32860,290,826.00,492.00,0,26316
32736,287,826.00,509.00,0,26324
32616,287,826.00,493.00,0,26334
32494,286,825.00,493.00,0,26342
32368,285,826.00,509.00,0,26350
32243,285,826.00,509.00,0,26359
32118,283,826.00,502.00,0,26368
31995,281,827.00,509.00,0,26376
31872,278,826.00,492.00,0,26385
31750,277,826.00,476.00,0,26393
31632,276,826.00,493.00,0,26402
31511,276,826.00,493.00,0,26411
31389,276,826.00,509.00,0,26419
31266,275,825.00,509.00,0,26428
31144,273,826.00,493.00,0,26436
31022,271,826.00,492.00,0,26445
30898,268,826.00,492.00,0,26454
30775,265,826.00,492.00,0,26462
30654,265,826.00,492.00,0,26471
30534,265,826.00,494.00,0,26479
30411,265,826.00,493.00,0,26487
30286,265,827.00,493.00,0,26497
30163,263,826.00,491.00,0,26505
30040,261,826.00,493.00,0,26514
29916,257,826.00,475.00,0,26522
29794,255,826.00,493.00,0,26530
29673,253,826.00,493.00,0,26540
29554,253,826.00,492.00,0,26548
29432,253,827.00,492.00,0,26556
29306,253,826.00,509.00,0,26565
29182,252,826.00,492.00,0,26573
29059,249,826.00,492.00,0,26583
28934,247,825.00,493.00,0,26591
28810,243,826.00,511.00,0,26599
28688,241,826.00,493.00,0,26608
28568,241,826.00,509.00,0,26616
28444,241,826.00,509.00,0,26625
28319,241,826.00,509.00,0,26634
28194,240,826.00,509.00,0,26642
28071,238,826.00,509.00,0,26651
27948,235,826.00,493.00,0,26659
27825,233,826.00,492.00,0,26668
27706,231,827.00,509.00,0,26677
27588,231,826.00,493.00,0,26685
27467,231,826.00,492.00,0,26694
27345,231,826.00,492.00,0,26702
27221,231,826.00,492.00,0,26711
27098,229,826.00,493.00,0,26720
26975,225,825.00,509.00,0,26728
26852,222,826.00,510.00,0,26736
26728,219,826.00,509.00,0,26745
26609,217,826.00,493.00,0,26754
26486,217,826.00,509.00,0,26763
26360,217,826.00,492.00,0,26771
26236,215,826.00,493.00,0,26779
26110,214,826.00,509.00,0,26788
25986,212,826.00,509.00,0,26797
25861,209,826.00,509.00,0,26805
25738,208,826.00,492.00,0,26814
25620,207,826.00,509.00,0,26822
25501,207,826.00,492.00,0,26831
25378,207,825.00,509.00,0,26840
25255,207,826.00,493.00,0,26848
25132,205,826.00,509.00,0,26857
25008,201,826.00,493.00,0,26865
24884,199,826.00,493.00,0,26873
24761,197,826.00,492.00,0,26883
24642,195,825.00,509.00,0,26891
24522,195,826.00,492.00,0,26900
24399,195,826.00,475.00,0,26908
24274,195,825.00,476.00,0,26916
24150,194,826.00,493.00,0,26926
24026,191,826.00,509.00,0,26934
23903,189,826.00,491.00,0,26942
23782,187,826.00,508.00,0,26951
23663,185,826.00,509.00,0,26959
23545,185,826.00,493.00,0,26969
23423,185,826.00,509.00,0,26977
23298,185,826.00,509.00,0,26985
23174,184,826.00,493.00,0,26994
23050,182,826.00,492.00,0,27002
22924,178,826.00,510.00,0,27012
22800,175,826.00,492.00,0,27020
22678,174,826.00,493.00,0,27028
22558,174,827.00,509.00,0,27037
22435,174,826.00,509.00,0,27045
22310,175,827.00,509.00,0,27054
22185,175,826.00,508.00,0,27063
22062,173,826.00,509.00,0,27071
21939,169,826.00,493.00,0,27080
21818,167,825.00,492.00,0,27088
21698,166,826.00,493.00,0,27097
21581,165,826.00,493.00,0,27106
21461,165,826.00,476.00,0,27114
21337,165,826.00,495.00,0,27122
21212,165,826.00,475.00,0,27131
21088,162,826.00,499.00,0,27140
20962,159,826.00,492.00,0,27149
20836,156,826.00,479.00,0,27157
20713,154,826.00,502.00,0,27165
20593,154,826.00,493.00,0,27174
20471,154,826.00,509.00,0,27183
20347,155,826.00,508.00,0,27191
20223,155,826.00,492.00,0,27200
20100,153,826.00,507.00,0,27208
19978,150,826.00,492.00,0,27217
19856,147,825.00,492.00,0,27226
19736,147,827.00,493.00,0,27234
19620,147,825.00,492.00,0,27243
19499,148,826.00,492.00,0,27251
19374,149,826.00,493.00,0,27260
19248,149,826.00,492.00,0,27269
19122,146,826.00,509.00,0,27277
18996,142,826.00,509.00,0,27286
18870,139,826.00,492.00,0,27294
18747,136,826.00,509.00,0,27302
18628,136,826.00,492.00,0,27312
18507,136,826.00,492.00,0,27320
18384,137,826.00,509.00,0,27329
18259,137,826.00,504.00,0,27337
18136,135,826.00,509.00,0,27345
18014,133,827.00,509.00,0,27355
17892,131,826.00,509.00,0,27363
17774,129,827.00,493.00,0,27371
17658,129,826.00,492.00,0,27380
17536,130,826.00,508.00,0,27388
17410,131,826.00,509.00,0,27398
17283,131,825.00,509.00,0,27406
17156,130,826.00,492.00,0,27414
17028,126,826.00,509.00,0,27423
16902,122,826.00,510.00,0,27431
16778,120,826.00,493.00,0,27440
16658,119,826.00,492.00,0,27449
16540,119,827.00,509.00,0,27457
16419,120,826.00,493.00,0,27466
16296,121,826.00,508.00,0,27474
16173,121,827.00,493.00,0,27483
16052,119,827.00,509.00,0,27492
15931,117,826.00,492.00,0,27500
15812,115,826.00,492.00,0,27509
15694,114,826.00,509.00,0,27517
15574,114,826.00,492.00,0,27526
15448,116,827.00,493.00,0,27535
15319,116,825.00,509.00,0,27543
15190,115,827.00,509.00,0,27551
15062,112,823.00,493.00,0,27560
14934,108,823.00,493.00,0,27569
14810,105,827.00,509.00,0,27578
14690,103,825.00,475.00,0,27586
14572,103,827.00,492.00,0,27594
14454,103,826.00,492.00,0,27603
14332,103,826.00,509.00,0,27612
14210,103,826.00,493.00,0,27620
14089,101,826.00,509.00,0,27629
13968,98,826.00,509.00,0,27637
13853,96,826.00,492.00,0,27645
13738,95,826.00,492.00,0,27654
13624,95,826.00,493.00,0,27662
13502,96,825.00,493.00,0,27670
13376,96,827.00,492.00,0,27679
13250,96,825.00,509.00,0,27687
13124,94,826.00,475.00,0,27696
13000,90,816.00,493.00,0,27704
12878,86,825.00,493.00,0,27712
12760,84,826.00,509.00,0,27720
12648,84,826.00,492.00,0,27728
12535,85,826.00,493.00,0,27737
12420,86,826.00,509.00,0,27746
12302,87,826.00,493.00,0,27754
12185,87,826.00,491.00,0,27762
12068,85,826.00,493.00,0,27770
11950,82,826.00,509.00,0,27779
11836,80,826.00,475.00,0,27787
11719,79,827.00,495.00,0,27795
11601,79,826.00,509.00,0,27803
11478,81,826.00,509.00,0,27812
11352,81,826.00,509.00,0,27821
11226,81,826.00,526.00,0,27829
11101,78,826.00,493.00,0,27837
10978,75,826.00,492.00,0,27845
10858,72,827.00,475.00,0,27853
10742,71,826.00,509.00,0,27862
10632,71,826.00,475.00,0,27870
10520,72,826.00,492.00,0,27879
10402,73,826.00,492.00,0,27887
10281,73,827.00,508.00,0,27895
10160,71,826.00,492.00,0,27904
10041,68,826.00,509.00,0,27912
9923,65,826.00,492.00,0,27920
9811,63,826.00,492.00,0,27928
9701,63,827.00,492.00,0,27936
9588,63,825.00,509.00,0,27944
9468,65,827.00,509.00,0,27952
9346,66,826.00,521.00,0,27960
9224,66,827.00,509.00,0,27968
9104,64,827.00,493.00,0,27976
8986,60,826.00,509.00,0,27984
8870,58,826.00,509.00,0,27993
8760,56,826.00,492.00,0,28001
8656,56,826.00,475.00,0,28009
8544,57,826.00,475.00,0,28016
8428,58,826.00,493.00,0,28024
8308,59,827.00,492.00,0,28033
8189,58,826.00,499.00,0,28041
8070,55,827.00,509.00,0,28049
7954,52,826.00,493.00,0,28057
7840,50,826.00,493.00,0,28065
7733,49,826.00,493.00,0,28072
7626,49,825.00,492.00,0,28081
7508,51,826.00,509.00,0,28089
7388,53,826.00,509.00,0,28097
7267,53,826.00,509.00,0,28105
7148,53,827.00,476.00,0,28113
7029,49,826.00,492.00,0,28122
6915,47,827.00,492.00,0,28130
6805,45,825.00,493.00,0,28137
6700,45,826.00,474.00,0,28145
6588,46,827.00,509.00,0,28153
6469,48,826.00,509.00,0,28162
6347,49,827.00,509.00,0,28170
6224,49,826.00,510.00,0,28178
6104,47,826.00,475.00,0,28186
5986,43,826.00,509.00,0,28194
5871,41,825.00,492.00,0,28201
5763,39,827.00,475.00,0,28210
5659,39,826.00,492.00,0,28218
5548,41,826.00,510.00,0,28226
5430,42,827.00,509.00,0,28234
5310,43,826.00,509.00,0,28242
5190,42,826.00,475.00,0,28251
5074,40,826.00,492.00,0,28259
4960,38,825.00,492.00,0,28266
4852,36,826.00,492.00,0,28274
4744,36,826.00,509.00,0,28282
4630,38,827.00,493.00,0,28291
4512,39,826.00,509.00,0,28299
4391,40,826.00,509.00,0,28307
4268,40,827.00,497.00,0,28315
4148,38,825.00,493.00,0,28322
4028,35,826.00,492.00,0,28331
3914,32,826.00,493.00,0,28339
3804,31,827.00,492.00,0,28347
3700,31,826.00,493.00,0,28355
3590,31,826.00,509.00,0,28363
3471,33,826.00,509.00,0,28371
3350,35,826.00,509.00,0,28380
3230,35,826.00,492.00,0,28387
3112,34,827.00,492.00,0,28395
2999,32,826.00,509.00,0,28403
2891,30,827.00,493.00,0,28411
2784,29,826.00,493.00,0,28420
2670,29,826.00,509.00,0,28428
2554,30,826.00,509.00,0,28436
2434,32,826.00,510.00,0,28444
2312,33,827.00,492.00,0,28451
2191,33,826.00,492.00,0,28460
2072,31,826.00,509.00,0,28468
1954,28,826.00,509.00,0,28476
1843,25,826.00,493.00,0,28484
1738,23,826.00,493.00,0,28492
1630,23,826.00,492.00,0,28500
1512,24,826.00,509.00,0,28509
1392,25,826.00,503.00,0,28516
1269,26,826.00,508.00,0,28524
1151,26,826.00,493.00,0,28532
1036,25,826.00,492.00,0,28540
927,24,826.00,493.00,0,28549
826,23,826.00,500.00,0,28556
718,23,826.00,493.00,0,28564
606,23,826.00,492.00,0,28571
493,26,825.00,508.00,0,28579
376,27,826.00,503.00,0,28588
258,28,827.00,509.00,0,28595
139,28,826.00,492.00,0,28603
22,24,823.00,475.00,0,28610
-76,20,0.00,475.00,0,28617
-108,17,0.00,408.00,0,28625
-74,15,0.00,374.00,0,28633
4,14,802.00,340.00,0,28640
84,14,801.00,341.00,0,28647
165,15,430.00,325.00,0,28655
262,18,566.00,341.00,0,28663
368,21,700.00,325.00,0,28670
475,24,692.00,325.00,0,28679
584,26,792.00,309.00,0,28686
695,27,796.00,324.00,0,28694
810,27,812.00,325.00,0,28702
930,23,823.00,341.00,0,28709
1048,19,824.00,308.00,0,28718
1166,15,819.00,309.00,0,28726
1279,13,811.00,325.00,0,28734
1386,13,755.00,308.00,0,28742
1491,15,459.00,325.00,0,28750
1605,19,758.00,308.00,0,28759
1722,23,803.00,342.00,0,28766
1842,25,807.00,308.00,0,28774
1964,25,808.00,308.00,0,28782
2084,22,821.00,308.00,0,28790
2198,18,810.00,325.00,0,28798
2305,16,685.00,325.00,0,28807
2413,14,613.00,323.00,0,28815
2526,14,685.00,307.00,0,28822
2642,16,763.00,325.00,0,28830
2760,20,805.00,308.00,0,28838
2882,22,816.00,325.00,0,28847
3002,22,802.00,308.00,0,28855
3120,21,812.00,308.00,0,28863
3232,18,806.00,325.00,0,28871
3340,17,530.00,307.00,0,28879
3449,16,622.00,325.00,0,28887
3564,16,750.00,307.00,0,28895
3678,20,765.00,308.00,0,28903
3798,22,804.00,308.00,0,28911
3919,23,815.00,308.00,0,28919
4039,23,814.00,308.00,0,28928
4154,21,807.00,308.00,0,28936
4264,19,798.00,341.00,0,28944
4372,18,564.00,324.00,0,28951
4486,18,615.00,307.00,0,28959
4600,20,790.00,325.00,0,28967
4716,22,800.00,325.00,0,28976
4836,24,805.00,325.00,0,28984
4958,24,806.00,325.00,0,28992
5075,23,815.00,325.00,0,29000
5188,21,802.00,325.00,0,29008
5294,21,590.00,324.00,0,29016
5406,21,675.00,325.00,0,29024
5522,23,677.00,308.00,0,29032
5637,26,756.00,325.00,0,29040
5754,28,805.00,325.00,0,29048
5875,29,817.00,308.00,0,29057
5996,29,796.00,309.00,0,29065
6113,27,814.00,325.00,0,29073
6226,24,803.00,308.00,0,29080
6334,24,493.00,324.00,0,29088
6445,24,661.00,325.00,0,29096
6560,28,747.00,325.00,0,29105
6674,30,756.00,307.00,0,29113
6794,33,805.00,308.00,0,29121
6914,34,813.00,324.00,0,29129
7034,34,808.00,326.00,0,29136
7150,32,805.00,325.00,0,29145
7260,30,791.00,325.00,0,29153
7368,29,566.00,308.00,0,29161
7482,30,592.00,325.00,0,29169
7597,33,789.00,325.00,0,29177
7713,37,796.00,308.00,0,29186
7832,39,803.00,308.00,0,29194
7953,39,805.00,324.00,0,29201
8072,38,816.00,325.00,0,29209
8187,35,810.00,325.00,0,29217
8298,33,761.00,325.00,0,29225
8406,33,654.00,342.00,0,29234
8520,34,605.00,324.00,0,29242
8634,37,737.00,308.00,0,29250
8752,41,801.00,308.00,0,29258
8872,43,807.00,308.00,0,29265
8991,43,793.00,341.00,0,29274
9108,43,810.00,325.00,0,29282
9219,40,826.00,325.00,0,29290
9323,39,826.00,325.00,0,29298
9419,39,826.00,341.00,0,29306
9507,42,825.00,341.00,0,29315
9588,46,825.00,341.00,0,29323
9666,49,825.00,341.00,0,29330
9742,50,826.00,341.00,0,29338
9820,50,825.00,341.00,0,29346
9898,48,826.00,341.00,0,29355
9976,45,826.00,341.00,0,29363
10050,43,826.00,358.00,0,29371
10126,41,825.00,358.00,0,29379
10195,41,825.00,358.00,0,29387
10258,43,826.00,358.00,0,29395
10316,46,825.00,375.00,0,29404
10366,49,826.00,357.00,0,29413
10412,49,825.00,375.00,0,29421
10450,49,826.00,378.00,0,29429
10484,48,825.00,391.00,0,29437
10512,47,825.00,391.00,0,29446
10536,47,826.00,391.00,0,29454
10555,47,826.00,391.00,0,29462
10570,48,826.00,399.00,0,29470
10584,48,825.00,391.00,0,29479
10593,48,825.00,408.00,0,29488
10601,48,825.00,408.00,0,29496
10607,48,826.00,391.00,0,29504
10611,47,825.00,402.00,0,29512
10612,47,826.00,409.00,0,29520
10612,47,826.00,408.00,0,29529
10610,47,825.00,409.00,0,29537
10608,47,826.00,408.00,0,29546
10604,47,825.00,408.00,0,29554
10598,47,826.00,408.00,0,29562
10590,47,826.00,425.00,0,29571
10582,47,825.00,408.00,0,29579
10572,47,826.00,409.00,0,29587
10562,47,826.00,425.00,0,29595
10548,47,826.00,425.00,0,29603
10534,47,825.00,425.00,0,29613
10517,47,825.00,425.00,0,29621
10498,47,826.00,425.00,0,29629
10476,46,826.00,443.00,0,29637
10452,46,826.00,426.00,0,29645
10423,46,826.00,442.00,0,29654
10392,45,826.00,442.00,0,29662
10357,44,826.00,442.00,0,29670
10319,44,825.00,442.00,0,29679
10278,44,826.00,442.00,0,29687
10235,42,826.00,443.00,0,29696
10190,42,826.00,443.00,0,29704
10145,41,826.00,442.00,0,29712
10100,40,826.00,459.00,0,29720
10055,40,826.00,442.00,0,29728
10012,40,825.00,442.00,0,29736
9971,40,826.00,442.00,0,29745
9935,40,826.00,425.00,0,29753
9902,40,826.00,425.00,0,29761
9873,40,826.00,425.00,0,29769
9848,40,826.00,425.00,0,29777
9827,40,826.00,408.00,0,29786
9810,40,826.00,425.00,0,29794
9798,40,825.00,408.00,0,29801
9788,40,826.00,408.00,0,29809
9784,40,826.00,408.00,0,29817
9782,40,825.00,409.00,0,29826
9784,40,826.00,409.00,0,29834
9789,40,825.00,408.00,0,29842
9798,40,825.00,408.00,0,29850
9808,40,826.00,391.00,0,29858
9821,40,826.00,391.00,0,29865
9837,40,826.00,391.00,0,29874
9854,40,826.00,391.00,0,29882
9874,40,826.00,392.00,0,29890
9894,40,826.00,392.00,0,29898
9916,40,827.00,391.00,0,29906
9939,39,826.00,391.00,0,29915
9962,39,825.00,391.00,0,29923
9984,39,826.00,391.00,0,29930
10006,39,826.00,391.00,0,29939
10028,39,825.00,391.00,0,29947
10048,39,825.00,391.00,0,29956
10068,39,825.00,391.00,0,29964
10084,39,826.00,391.00,0,29972
10098,39,826.00,391.00,0,29980
10110,39,826.00,392.00,0,29988
10118,39,825.00,408.00,0,29997
10124,39,826.00,408.00,0,30006
10126,39,826.00,408.00,0,30014
10125,39,825.00,408.00,0,30022
10121,39,826.00,409.00,0,30030
10115,39,825.00,408.00,0,30039
10107,39,825.00,408.00,0,30047
10098,39,826.00,425.00,0,30055
10087,39,826.00,425.00,0,30063
10075,39,826.00,408.00,0,30072
10063,39,825.00,425.00,0,30081
10051,39,826.00,408.00,0,30089
10039,39,826.00,408.00,0,30097
10028,39,826.00,425.00,0,30105
10017,39,826.00,408.00,0,30113
10007,39,826.00,408.00,0,30121
10000,39,826.00,425.00,0,30130
9993,39,826.00,425.00,0,30138
9989,39,825.00,409.00,0,30146
9986,39,826.00,408.00,0,30154
9984,39,825.00,408.00,0,30162
9984,39,826.00,408.00,0,30171
9985,39,826.00,408.00,0,30179
9987,39,825.00,408.00,0,30186
9991,39,825.00,391.00,0,30194
9996,39,826.00,391.00,0,30202
10000,39,826.00,408.00,0,30211
10006,39,826.00,391.00,0,30219
10012,39,826.00,408.00,0,30228
10018,39,825.00,409.00,0,30236
10024,39,826.00,408.00,0,30244
10028,39,826.00,408.00,0,30253
10034,39,826.00,408.00,0,30261
10038,39,826.00,409.00,0,30269
10042,39,826.00,408.00,0,30277
10044,39,826.00,409.00,0,30285
10046,39,826.00,408.00,0,30295
10046,39,825.00,408