,0,8374
5,-5,825.00,408.00,0,8381
5,-5,826.00,409.00,0,8388
5,-5,826.00,409.00,0,8395
5,-5,825.00,408.00,0,8402
5,-5,826.00,409.00,0,8410
5,-5,826.00,408.00,0,8416
5,-5,826.00,409.00,0,8423
5,-5,825.00,408.00,0,8430
5,-5,825.00,409.00,0,8437
5,-5,826.00,409.00,0,8444
5,-5,825.00,408.00,0,8452
5,-5,825.00,408.00,0,8459
5,-5,826.00,408.00,0,8465
5,-5,826.00,409.00,0,8472
5,-5,825.00,408.00,0,8479
5,-5,825.00,408.00,0,8486
5,-5,826.00,409.00,0,8494
5,-5,825.00,409.00,0,8501
5,-5,825.00,409.00,0,8508
5,-5,826.00,408.00,0,8514
5,-5,825.00,409.00,0,8521
5,-5,826.00,409.00,0,8528
5,-5,825.00,409.00,0,8536
5,-5,825.00,409.00,0,8543
5,-5,825.00,408.00,0,8550
5,-5,825.00,408.00,0,8557
5,-5,826.00,409.00,0,8563
5,-5,826.00,409.00,0,8570
5,-5,825.00,409.00,0,8578
5,-5,825.00,409.00,0,8585
5,-5,825.00,409.00,0,8592
5,-5,825.00,408.00,0,8599
5,-5,825.00,409.00,0,8606
5,-5,826.00,409.00,0,8612
5,-5,826.00,409.00,0,8620
5,-5,826.00,409.00,0,8627
5,-5,825.00,408.00,0,8634
5,-5,825.00,408.00,0,8641
5,-5,825.00,408.00,0,8648
5,-5,826.00,408.00,0,8655
5,-5,825.00,408.00,0,8662
5,-5,825.00,409.00,0,8669
5,-5,825.00,408.00,0,8676
5,-5,826.00,408.00,0,8683
5,-5,825.00,408.00,0,8690
5,-5,825.00,408.00,0,8697
5,-5,826.00,409.00,0,8704
5,-5,825.00,408.00,0,8711
5,-5,826.00,408.00,0,8718
5,-5,825.00,408.00,0,8725
5,-5,826.00,409.00,0,8732
5,-5,825.00,408.00,0,8739
5,-5,825.00,408.00,0,8747
5,-5,825.00,409.00,0,8753
5,-5,826.00,409.00,0,8760
5,-5,825.00,409.00,0,8767
5,-5,826.00,409.00,0,8774
5,-5,826.00,409.00,0,8781
5,-5,825.00,409.00,0,8788
5,-5,825.00,408.00,0,8796
5,-5,825.00,409.00,0,8802
5,-5,825.00,408.00,0,8809
5,-5,826.00,408.00,0,8816
5,-5,825.00,409.00,0,8823
5,-5,826.00,409.00,0,8830
5,-5,825.00,408.00,0,8838
5,-5,825.00,408.00,0,8845
5,-5,825.00,409.00,0,8851
5,-5,825.00,409.00,0,8858
5,-5,826.00,409.00,0,8865
5,-5,825.00,408.00,0,8872
5,-5,826.00,408.00,0,8880
5,-5,825.00,409.00,0,8887
5,-5,825.00,408.00,0,8894
5,-5,825.00,409.00,0,8900
5,-5,826.00,408.00,0,8907
5,-5,826.00,409.00,0,8914
5,-5,825.00,408.00,0,8922
5,-5,825.00,409.00,0,8929
5,-5,825.00,409.00,0,8936
5,-5,825.00,408.00,0,8943
5,-5,826.00,409.00,0,8949
5,-5,825.00,408.00,0,8956
5,-5,826.00,409.00,0,8964
5,-5,825.00,408.00,0,8971
5,-5,826.00,409.00,0,8978
5,-5,825.00,408.00,0,8985
5,-5,825.00,408.00,0,8992
5,-5,826.00,409.00,0,8998
5,-5,825.00,409.00,0,9006
5,-5,826.00,409.00,0,9013
5,-5,825.00,408.00,0,9020
5,-5,825.00,408.00,0,9027
5,-5,825.00,409.00,0,9034
5,-5,825.00,408.00,0,9041
5,-5,825.00,409.00,0,9048
5,-5,825.00,409.00,0,9055
5,-5,825.00,409.00,0,9062
5,-5,826.00,409.00,0,9069
5,-5,826.00,409.00,0,9076
5,-5,825.00,408.00,0,9083
5,-5,825.00,408.00,0,9091
5,-5,826.00,409.00,0,9097
5,-5,826.00,409.00,0,9104
5,-5,826.00,408.00,0,9111
5,-5,825.00,409.00,0,9118
5,-5,825.00,409.00,0,9125
5,-5,825.00,408.00,0,9133
5,-5,825.00,408.00,0,9140
5,-5,826.00,409.00,0,9146
5,-5,826.00,408.00,0,9153
5,-5,826.00,409.00,0,9160
5,-5,825.00,408.00,0,9167
5,-5,826.00,408.00,0,9175
5,-5,825.00,409.00,0,9182
5,-5,825.00,408.00,0,9189
5,-5,826.00,409.00,0,9195
5,-5,825.00,409.00,0,9202
5,-5,826.00,409.00,0,9209
5,-5,825.00,408.00,0,9217
5,-5,825.00,409.00,0,9224
5,-5,825.00,408.00,0,9231
5,-5,825.00,408.00,0,9238
5,-5,826.00,409.00,0,9244
5,-5,826.00,408.00,0,9251
5,-5,825.00,409.00,0,9259
5,-5,825.00,408.00,0,9266
5,-5,825.00,408.00,0,9273
5,-5,825.00,408.00,0,9280
5,-5,826.00,408.00,0,9286
5,-5,826.00,409.00,0,9293
5,-5,825.00,408.00,0,9300
5,-5,826.00,409.00,0,9308
5,-5,825.00,408.00,0,9315
5,-5,825.00,408.00,0,9322
5,-5,825.00,408.00,0,9329
5,-5,825.00,409.00,0,9335
5,-5,825.00,409.00,0,9342
5,-5,826.00,409.00,0,9350
5,-5,825.00,410.00,0,9357
5,-5,825.00,409.00,0,9364
5,-5,826.00,408.00,0,9371
5,-5,825.00,408.00,0,9378
5,-5,825.00,409.00,0,9384
5,-5,825.00,409.00,0,9392
5,-5,826.00,409.00,0,9399
5,-5,826.00,409.00,0,9406
5,-5,825.00,409.00,0,9413
5,-5,825.00,408.00,0,9420
5,-5,825.00,408.00,0,9427
5,-5,826.00,408.00,0,9434
5,-5,826.00,409.00,0,9441
5,-5,826.00,408.00,0,9448
5,-5,826.00,409.00,0,9455
5,-5,825.00,408.00,0,9462
5,-5,825.00,409.00,0,9469
5,-5,825.00,409.00,0,9477
5,-5,825.00,409.00,0,9483
5,-5,826.00,409.00,0,9490
5,-5,825.00,409.00,0,9497
5,-5,825.00,409.00,0,9504
5,-5,826.00,409.00,0,9511
5,-5,825.00,409.00,0,9519
5,-5,825.00,408.00,0,9526
5,-5,825.00,409.00,0,9532
5,-5,826.00,408.00,0,9539
5,-5,825.00,408.00,0,9546
5,-5,825.00,409.00,0,9553
5,-5,826.00,409.00,0,9561
5,-5,826.00,408.00,0,9568
5,-5,826.00,408.00,0,9575
5,-5,825.00,409.00,0,9581
5,-5,825.00,409.00,0,9588
5,-5,826.00,409.00,0,9595
5,-5,826.00,409.00,0,9603
5,-5,826.00,409.00,0,9610
5,-5,825.00,409.00,0,9617
5,-5,826.00,408.00,0,9624
5,-5,826.00,409.00,0,9630
5,-5,826.00,409.00,0,9637
5,-5,825.00,409.00,0,9645
5,-5,825.00,409.00,0,9652
5,-5,826.00,409.00,0,9659
5,-5,826.00,408.00,0,9666
5,-5,826.00,409.00,0,9673
5,-5,825.00,408.00,0,9679
5,-5,826.00,409.00,0,9687
5,-5,826.00,409.00,0,9694
5,-5,825.00,409.00,0,9701
5,-5,825.00,409.00,0,9708
5,-5,825.00,408.00,0,9715
5,-5,826.00,408.00,0,9722
5,-5,826.00,409.00,0,9729
5,-5,826.00,408.00,0,9736
5,-5,826.00,408.00,0,9743
5,-5,826.00,409.00,0,9750
5,-5,825.00,409.00,0,9757
5,-5,825.00,408.00,0,9764
5,-5,826.00,409.00,0,9772
5,-5,825.00,408.00,0,9778
5,-5,826.00,409.00,0,9785
5,-5,826.00,409.00,0,9792
5,-5,825.00,409.00,0,9799
5,-5,825.00,408.00,0,9806
5,-5,825.00,408.00,0,9814
5,-5,825.00,409.00,0,9821
5,-5,826.00,409.00,0,9827
5,-5,826.00,409.00,0,9834
5,-5,825.00,408.00,0,9841
5,-5,825.00,408.00,0,9848
5,-5,825.00,409.00,0,9856
5,-5,826.00,408.00,0,9863
5,-5,826.00,409.00,0,9869
5,-5,826.00,409.00,0,9876
5,-5,825.00,408.00,0,9883
5,-5,826.00,409.00,0,9890
5,-5,825.00,409.00,0,9897
5,-5,825.00,408.00,0,9905
5,-5,825.00,408.00,0,9912
5,-5,825.00,408.00,0,9918
5,-5,826.00,409.00,0,9925
5,-5,826.00,409.00,0,9932
5,-5,825.00,408.00,0,9939
5,-5,826.00,409.00,0,9947
5,-5,825.00,409.00,0,9954
5,-5,826.00,408.00,0,9961
5,-5,826.00,408.00,0,9967
5,-5,826.00,408.00,0,9974
5,-5,825.00,409.00,0,9981
5,-5,826.00,409.00,0,9989
5,-5,826.00,409.00,0,9996
5,-5,825.00,409.00,0,10003
5,-5,825.00,409.00,0,10010
5,-5,825.00,409.00,0,10017
5,-5,825.00,409.00,0,10024
5,-5,826.00,409.00,0,10032
5,-5,825.00,409.00,0,10039
5,-5,826.00,409.00,0,10046
5,-5,825.00,409.00,0,10054
5,-5,825.00,408.00,0,10061
5,-5,825.00,409.00,0,10068
5,-5,826.00,408.00,0,10076
5,-5,825.00,408.00,0,10083
5,-5,826.00,409.00,0,10090
5,-5,825.00,409.00,0,10097
5,-5,826.00,409.00,0,10104
5,-5,825.00,409.00,0,10112
5,-5,825.00,408.00,0,10120
5,-5,825.00,409.00,0,10127
5,-5,825.00,409.00,0,10134
5,-5,825.00,409.00,0,10141
5,-5,826.00,409.00,0,10148
5,-5,826.00,409.00,0,10156
5,-5,826.00,409.00,0,10163
5,-5,825.00,409.00,0,10170
5,-5,826.00,409.00,0,10177
5,-5,826.00,409.00,0,10184
5,-5,825.00,408.00,0,10192
5,-5,825.00,408.00,0,10200
5,-5,825.00,409.00,0,10207
5,-5,825.00,409.00,0,10214
5,-5,825.00,409.00,0,10221
5,-5,826.00,408.00,0,10228
5,-5,825.00,409.00,0,10235
5,-5,826.00,408.00,0,10243
5,-5,826.00,409.00,0,10250
5,-5,825.00,408.00,0,10258
5,-5,825.00,408.00,0,10265
5,-5,825.00,409.00,0,10272
5,-5,826.00,408.00,0,10279
5,-5,826.00,409.00,0,10287
5,-5,825.00,408.00,0,10294
5,-5,826.00,409.00,0,10301
5,-5,826.00,408.00,0,10308
5,-5,826.00,408.00,0,10315
5,-5,825.00,408.00,0,10323
5,-5,826.00,408.00,0,10331
5,-5,825.00,408.00,0,10338
5,-5,826.00,409.00,0,10345
5,-5,825.00,409.00,0,10352
5,-5,826.00,408.00,0,10359
5,-5,826.00,408.00,0,10366
5,-5,825.00,409.00,0,10374
5,-5,826.00,409.00,0,10381
5,-5,825.00,409.00,0,10389
5,-5,825.00,408.00,0,10396
5,-5,825.00,409.00,0,10403
5,-5,826.00,409.00,0,10411
5,-5,826.00,408.00,0,10418
5,-5,826.00,409.00,0,10425
5,-5,826.00,408.00,0,10432
5,-5,826.00,409.00,0,10439
5,-5,826.00,409.00,0,10446
5,-5,825.00,408.00,0,10455
5,-5,825.00,408.00,0,10462
5,-5,825.00,409.00,0,10469
5,-5,826.00,409.00,0,10476
5,-5,826.00,409.00,0,10483
5,-5,826.00,409.00,0,10490
5,-5,826.00,408.00,0,10498
5,-5,826.00,409.00,0,10505
5,-5,826.00,408.00,0,10512
5,-5,826.00,408.00,0,10520
5,-5,825.00,408.00,0,10527
5,-5,826.00,409.00,0,10534
5,-5,826.00,408.00,0,10542
5,-5,826.00,409.00,0,10549
5,-5,826.00,408.00,0,10556
5,-5,826.00,409.00,0,10563
5,-5,826.00,408.00,0,10570
5,-5,825.00,409.00,0,10577
5,-5,826.00,409.00,0,10586
5,-5,825.00,408.00,0,10593
5,-5,825.00,409.00,0,10600
5,-5,825.00,409.00,0,10607
5,-5,826.00,408.00,0,10614
5,-5,826.00,409.00,0,10621
5,-5,826.00,408.00,0,10629
5,-5,826.00,408.00,0,10636
5,-5,826.00,409.00,0,10643
5,-5,826.00,408.00,0,10650
5,-5,825.00,408.00,0,10658
5,-5,825.00,409.00,0,10665
5,-5,826.00,408.00,0,10673
5,-5,826.00,408.00,0,10680
5,-5,825.00,408.00,0,10687
5,-5,826.00,409.00,0,10694
5,-5,825.00,409.00,0,10701
5,-5,825.00,409.00,0,10708
5,-5,826.00,409.00,0,10716
5,-5,825.00,408.00,0,10724
5,-5,825.00,408.00,0,10731
5,-5,825.00,408.00,0,10738
5,-5,826.00,408.00,0,10745
5,-5,826.00,409.00,0,10753
5,-5,825.00,408.00,0,10760
5,-5,826.00,408.00,0,10767
5,-5,825.00,408.00,0,10774
5,-5,825.00,409.00,0,10781
5,-5,825.00,408.00,0,10789
5,-5,825.00,408.00,0,10797
5,-5,825.00,408.00,0,10804
5,-5,826.00,409.00,0,10811
5,-5,825.00,408.00,0,10818
5,-5,826.00,408.00,0,10825
5,-5,826.00,409.00,0,10832
5,-5,826.00,409.00,0,10840
5,-5,826.00,408.00,0,10847
5,-5,825.00,408.00,0,10855
5,-5,825.00,408.00,0,10862
5,-5,826.00,408.00,0,10869
5,-5,825.00,409.00,0,10876
5,-5,825.00,408.00,0,10884
5,-5,826.00,409.00,0,10891
5,-5,826.00,409.00,0,10898
5,-5,826.00,408.00,0,10905
5,-5,826.00,408.00,0,10912
5,-5,825.00,409.00,0,10920
5,-5,826.00,408.00,0,10928
5,-5,825.00,408.00,0,10935
5,-5,825.00,408.00,0,10942
5,-5,826.00,408.00,0,10949
5,-5,825.00,408.00,0,10956
5,-5,826.00,408.00,0,10963
5,-5,826.00,408.00,0,10971
5,-5,826.00,409.00,0,10978
5,-5,826.00,408.00,0,10986
5,-5,825.00,408.00,0,10993
5,-5,825.00,408.00,0,11000
5,-5,825.00,408.00,0,11008
5,-5,825.00,409.00,0,11015
5,-5,826.00,408.00,0,11022
5,-5,826.00,409.00,0,11029
5,-5,826.00,409.00,0,11036
5,-5,825.00,409.00,0,11043
5,-5,826.00,408.00,0,11052
5,-5,825.00,408.00,0,11059
5,-5,826.00,408.00,0,11066
5,-5,826.00,409.00,0,11073
5,-5,826.00,408.00,0,11080
5,-5,826.00,409.00,0,11087
5,-5,825.00,409.00,0,11095
5,-5,826.00,408.00,0,11102
5,-5,825.00,408.00,0,11109
5,-5,826.00,408.00,0,11116
5,-5,825.00,408.00,0,11124
5,-5,825.00,408.00,0,11131
5,-5,826.00,408.00,0,11139
5,-5,826.00,409.00,0,11146
5,-5,825.00,409.00,0,11153
5,-5,825.00,409.00,0,11160
5,-5,826.00,409.00,0,11167
5,-5,826.00,408.00,0,11174
5,-5,826.00,409.00,0,11182
5,-5,825.00,408.00,0,11190
5,-5,825.00,408.00,0,11197
5,-5,825.00,409.00,0,11204
5,-5,825.00,409.00,0,11211
5,-5,825.00,408.00,0,11218
5,-5,826.00,409.00,0,11226
5,-5,825.00,408.00,0,11233
5,-5,826.00,409.00,0,11240
5,-5,825.00,408.00,0,11247
5,-5,825.00,408.00,0,11255
5,-5,825.00,408.00,0,11262
5,-5,825.00,409.00,0,11270
5,-5,825.00,408.00,0,11277
5,-5,825.00,409.00,0,11284
5,-5,826.00,409.00,0,11291
5,-5,826.00,408.00,0,11298
5,-5,826.00,409.00,0,11305
5,-5,825.00,408.00,0,11313
5,-5,826.00,408.00,0,11321
5,-5,825.00,408.00,0,11328
5,-5,825.00,408.00,0,11335
5,-5,826.00,409.00,0,11342
5,-5,826.00,408.00,0,11350
5,-5,826.00,408.00,0,11357
5,-5,825.00,409.00,0,11364
5,-5,826.00,409.00,0,11371
5,-5,826.00,409.00,0,11378
5,-5,825.00,408.00,0,11386
5,-6,825.00,408.00,0,11394
5,-6,825.00,409.00,0,11401
5,-6,826.00,409.00,0,11408
5,-6,825.00,409.00,0,11415
5,-6,826.00,409.00,0,11422
5,-6,826.00,409.00,0,11429
5,-6,826.00,409.00,0,11437
5,-6,826.00,408.00,0,11444
5,-6,826.00,408.00,0,11452
5,-6,826.00,408.00,0,11459
5,-6,825.00,408.00,0,11466
5,-6,826.00,409.00,0,11473
5,-6,826.00,408.00,0,11481
5,-6,826.00,409.00,0,11488
5,-6,826.00,409.00,0,11495
5,-6,826.00,409.00,0,11502
5,-6,826.00,409.00,0,11509
5,-6,826.00,408.00,0,11517
5,-6,825.00,408.00,0,11525
5,-6,825.00,408.00,0,11532
5,-6,825.00,409.00,0,11539
5,-6,826.00,409.00,0,11546
5,-6,826.00,409.00,0,11553
5,-6,825.00,408.00,0,11560
5,-6,826.00,409.00,0,11568
5,-6,826.00,408.00,0,11575
5,-6,825.00,408.00,0,11582
5,-6,825.00,408.00,0,11590
5,-6,825.00,408.00,0,11597
5,-6,825.00,409.00,0,11604
5,-6,826.00,408.00,0,11612
5,-6,825.00,409.00,0,11619
5,-6,826.00,409.00,0,11626
5,-6,826.00,409.00,0,11633
5,-6,826.00,408.00,0,11640
5,-6,826.00,409.00,0,11648
5,-6,826.00,408.00,0,11656
5,-6,825.00,408.00,0,11663
5,-6,825.00,408.00,0,11670
5,-6,825.00,409.00,0,11677
5,-6,826.00,408.00,0,11684
5,-6,826.00,409.00,0,11692
5,-6,826.00,408.00,0,11699
5,-6,826.00,408.00,0,11706
5,-6,826.00,408.00,0,11713
5,-6,825.00,408.00,0,11721
5,-6,825.00,408.00,0,11728
5,-6,826.00,408.00,0,11736
5,-6,825.00,409.00,0,11743
5,-6,826.00,409.00,0,11750
5,-6,825.00,409.00,0,11757
5,-6,826.00,409.00,0,11764
5,-6,826.00,409.00,0,11771
5,-6,825.00,408.00,0,11779
5,-6,826.00,408.00,0,11787
5,-6,825.00,408.00,0,11794
5,-6,825.00,409.00,0,11801
5,-6,825.00,409.00,0,11808
5,-6,825.00,408.00,0,11815
5,-6,826.00,408.00,0,11823
5,-6,826.00,409.00,0,11830
5,-6,825.00,408.00,0,11837
5,-6,825.00,408.00,0,11844
5,-6,825.00,408.00,0,11852
5,-6,825.00,409.00,0,11859
5,-6,825.00,408.00,0,11867
5,-6,825.00,408.00,0,11874
5,-6,825.00,409.00,0,11881
5,-6,826.00,409.00,0,11888
5,-6,825.00,408.00,0,11895
5,-6,826.00,409.00,0,11902
5,-6,826.00,409.00,0,11910
5,-6,826.00,408.00,0,11918
5,-6,825.00,408.00,0,11925
5,-6,825.00,409.00,0,11932
5,-6,825.00,408.00,0,11939
5,-6,826.00,408.00,0,11947
5,-6,825.00,408.00,0,11954
5,-6,825.00,409.00,0,11961
5,-6,826.00,409.00,0,11968
5,-6,826.00,409.00,0,11975
5,-6,825.00,409.00,0,11983
5,-6,825.00,408.00,0,11991
5,-6,825.00,409.00,0,11998
5,-6,825.00,409.00,0,12005
5,-6,825.00,409.00,0,12012
5,-6,825.00,408.00,0,12019
5,-6,826.00,408.00,0,12026
5,-6,826.00,409.00,0,12034
5,-6,825.00,408.00,0,12041
5,-6,826.00,409.00,0,12048
5,-6,825.00,408.00,0,12056
5,-6,825.00,409.00,0,12063
5,-6,825.00,409.00,0,12070
5,-6,825.00,409.00,0,12078
5,-6,826.00,408.00,0,12085
5,-6,826.00,408.00,0,12092
5,-6,826.00,408.00,0,12099
5,-6,826.00,409.00,0,12106
5,-6,826.00,409.00,0,12113
5,-6,826.00,408.00,0,12122
5,-6,825.00,408.00,0,12129
5,-6,825.00,408.00,0,12136
5,-6,826.00,409.00,0,12143
5,-6,826.00,408.00,0,12150
5,-6,825.00,408.00,0,12157
5,-6,826.00,409.00,0,12165
5,-6,825.00,409.00,0,12172
5,-6,826.00,408.00,0,12179
5,-6,826.00,408.00,0,12187
5,-6,825.00,408.00,0,12194
5,-6,825.00,408.00,0,12201
5,-6,826.00,409.00,0,12209
9,-6,0.00,376.00,0,12215
53,-6,0.00,341.00,0,12222
139,-7,208.00,325.00,0,12230
245,-7,825.00,325.00,0,12238
334,-7,807.00,344.00,0,12246
407,-7,399.00,357.00,0,12254
488,-7,825.00,342.00,0,12261
573,-7,825.00,342.00,0,12269
661,-7,826.00,325.00,0,12277
760,-7,825.00,308.00,0,12284
869,-7,826.00,325.00,0,12293
978,-7,826.00,325.00,0,12301
1080,-7,825.00,326.00,0,12308
1169,-7,826.00,358.00,0,12316
1241,-7,113.00,341.00,0,12324
1301,-7,826.00,375.00,0,12333
1333,-7,826.00,391.00,0,12341
1340,-6,826.00,409.00,0,12349
1322,-5,826.00,425.00,0,12357
1298,-4,825.00,425.00,0,12364
1268,-3,826.00,442.00,0,12372
1242,-3,0.00,409.00,0,12381
1261,-2,0.00,375.00,0,12388
1319,-1,0.00,341.00,0,12395
1415,-1,231.00,308.00,0,12403
1528,-1,825.00,342.00,0,12411
1634,-1,826.00,325.00,0,12420
1743,-1,826.00,325.00,0,12428
1860,0,825.00,341.00,0,12436
1977,0,825.00,324.00,0,12443
2085,1,826.00,308.00,0,12451
2177,1,826.00,325.00,0,12459
2248,1,826.00,358.00,0,12467
2297,1,826.00,358.00,0,12475
2326,1,825.00,392.00,0,12482
2337,1,826.00,409.00,0,12490
2331,1,826.00,425.00,0,12497
2307,1,826.00,442.00,0,12506
2269,1,826.00,442.00,0,12514
2242,1,0.00,425.00,0,12521
2261,1,0.00,375.00,0,12528
2320,1,0.00,375.00,0,12535
2416,1,530.00,323.00,0,12544
2524,1,802.00,325.00,0,12551
2628,1,793.00,325.00,0,12559
2740,1,815.00,307.00,0,12567
2857,1,826.00,308.00,0,12574
2971,1,809.00,325.00,0,12582
3074,2,722.00,325.00,0,12590
3169,3,185.00,324.00,0,12598
3274,3,182.00,325.00,0,12606
3385,5,451.00,325.00,0,12613
3496,6,480.00,308.00,0,12621
3610,8,648.00,325.00,0,12628
3730,10,815.00,308.00,0,12637
3860,13,826.00,308.00,0,12645
3988,15,826.00,309.00,0,12653
4103,17,815.00,326.00,0,12661
4198,19,314.00,341.00,0,12669
4300,21,365.00,343.00,0,12678
4417,23,559.00,323.00,0,12686
4533,25,749.00,309.00,0,12693
4649,27,792.00,325.00,0,12701
4772,29,817.00,325.00,0,12709
4898,31,826.00,325.00,0,12718
5017,33,816.00,325.00,0,12726
5118,35,444.00,325.00,0,12734
5220,37,161.00,325.00,0,12742
5334,39,361.00,325.00,0,12750
5449,41,404.00,325.00,0,12758
5566,43,645.00,325.00,0,12766
5686,47,805.00,325.00,0,12774
5812,51,825.00,309.00,0,12782
5940,55,818.00,325.00,0,12790
6060,59,822.00,308.00,0,12798
6162,63,616.00,341.00,0,12807
6261,69,71.00,308.00,0,12814
6371,73,496.00,324.00,0,12822
6488,77,648.00,308.00,0,12830
6604,82,664.00,308.00,0,12838
6724,86,808.00,308.00,0,12847
6848,90,821.00,291.00,0,12855
6970,93,811.00,325.00,0,12862
7082,95,802.00,325.00,0,12870
7183,97,319.00,325.00,0,12878
7292,99,119.00,308.00,0,12887
7407,101,517.00,325.00,0,12895
7526,103,647.00,325.00,0,12903
7648,106,748.00,316.00,0,12911
7774,109,812.00,308.00,0,12920
7903,113,819.00,325.00,0,12929
8028,116,824.00,308.00,0,12937
8141,119,757.00,325.00,0,12945
8246,122,282.00,325.00,0,12953
8360,125,499.00,308.00,0,12961
8481,129,622.00,325.00,0,12969
8600,131,658.00,325.00,0,12978
8722,135,807.00,308.00,0,12987
8850,137,820.00,308.00,0,12995
8974,139,807.00,325.00,0,13003
9088,141,767.00,340.00,0,13011
9196,143,403.00,341.00,0,13020
9311,144,390.00,325.00,0,13028
9430,147,486.00,308.00,0,13036
9550,149,666.00,325.00,0,13044
9670,153,798.00,325.00,0,13053
9796,157,814.00,326.00,0,13062
9924,162,806.00,325.00,0,13070
10046,167,814.00,326.00,0,13078
10160,171,650.00,325.00,0,13087
10274,174,301.00,324.00,0,13095
10396,177,624.00,308.00,0,13104
10519,179,701.00,308.00,0,13113
10642,182,718.00,325.00,0,13121
10769,184,808.00,308.00,0,13129
10898,185,806.00,308.00,0,13138
11022,186,805.00,325.00,0,13147
11135,187,463.00,325.00,0,13156
11252,187,396.00,308.00,0,13164
11374,189,538.00,307.00,0,13172
11498,191,556.00,308.00,0,13181
11622,195,553.00,308.00,0,13190
11749,199,805.00,308.00,0,13199
11878,205,815.00,307.00,0,13207
12004,210,804.00,309.00,0,13215
12123,215,680.00,325.00,0,13224
12237,219,509.00,342.00,0,13233
12358,221,641.00,342.00,0,13241
12482,224,638.00,308.00,0,13250
12604,226,652.00,325.00,0,13258
12729,227,807.00,325.00,0,13267
12857,228,810.00,308.00,0,13276
12982,228,800.00,325.00,0,13284
13100,228,573.00,325.00,0,13293
13215,228,509.00,341.00,0,13301
13336,229,512.00,325.00,0,13309
13460,231,456.00,324.00,0,13319
13582,235,616.00,308.00,0,13327
13710,240,799.00,308.00,0,13336
13836,245,810.00,308.00,0,13344
13962,251,792.00,307.00,0,13352
14082,255,721.00,325.00,0,13362
14199,259,595.00,325.00,0,13370
14320,263,598.00,342.00,0,13378
14443,265,575.00,342.00,0,13387
14565,267,705.00,308.00,0,13395
14690,268,804.00,325.00,0,13405
14818,269,808.00,325.00,0,13413
14943,269,785.00,325.00,0,13421
15063,269,707.00,325.00,0,13430
15180,269,530.00,325.00,0,13438
15300,270,555.00,308.00,0,13448
15422,273,533.00,341.00,0,13456
15546,277,656.00,308.00,0,13464
15670,283,793.00,325.00,0,13473
15798,289,800.00,325.00,0,13481
15923,294,791.00,342.00,0,13490
16044,299,790.00,325.00,0,13499
16162,302,618.00,341.00,0,13507
16283,304,494.00,325.00,0,13516
16406,305,668.00,325.00,0,13524
16529,306,704.00,325.00,0,13533
16652,307,762.00,342.00,0,13542
16779,307,790.00,308.00,0,13550
16905,307,795.00,325.00,0,13558
17025,308,757.00,342.00,0,13568
17142,309,486.00,325.00,0,13576
17264,311,500.00,308.00,0,13585
17386,315,581.00,308.00,0,13593
17509,319,619.00,308.00,0,13601
17633,325,670.00,308.00,0,13611
17759,331,802.00,324.00,0,13619
17885,335,797.00,308.00,0,13627
18008,340,786.00,325.00,0,13636
18126,343,573.00,308.00,0,13644
18248,343,641.00,325.00,0,13654
18370,344,681.00,308.00,0,13662
18493,345,632.00,308.00,0,13670
18616,345,572.00,325.00,0,13679
18742,345,797.00,326.00,0,13687
18868,347,804.00,308.00,0,13696
18988,349,737.00,308.00,0,13705
19106,351,489.00,325.00,0,13713
19228,353,628.00,308.00,0,13722
19352,357,626.00,308.00,0,13730
19474,361,534.00,325.00,0,13739
19596,365,611.00,308.00,0,13748
19722,371,799.00,308.00,0,13756
19848,375,801.00,325.00,0,13765
19970,378,713.00,308.00,0,13773
20090,379,604.00,325.00,0,13782
20211,380,705.00,325.00,0,13791
20334,380,655.00,325.00,0,13799
20456,381,535.00,325.00,0,13807
20579,381,671.00,325.00,0,13816
20704,383,796.00,325.00,0,13825
20829,386,799.00,309.00,0,13834
20952,389,674.00,307.00,0,13842
21072,391,648.00,325.00,0,13850
21194,394,692.00,342.00,0,13859
21315,397,603.00,326.00,0,13868
21438,400,643.00,325.00,0,13876
21561,403,665.00,308.00,0,13885
21686,407,788.00,325.00,0,13893
21811,411,801.00,308.00,0,13902
21934,413,715.00,325.00,0,13911
22055,415,701.00,308.00,0,13919
22174,416,676.00,325.00,0,13928
22297,417,467.00,331.00,0,13936
22420,418,613.00,308.00,0,13944
22543,420,702.00,325.00,0,13954
22667,423,772.00,324.00,0,13962
22792,425,699.00,308.00,0,13971
22916,429,759.00,322.00,0,13979
23036,431,721.00,325.00,0,13987
23157,433,647.00,309.00,0,13997
23279,435,544.00,325.00,0,14005
23402,437,642.00,324.00,0,14014
23524,440,673.00,324.00,0,14022
23648,443,697.00,325.00,0,14030
23771,447,754.00,325.00,0,14040
23895,449,789.00,325.00,0,14048
24016,451,726.00,325.00,0,14056
24137,453,600.00,308.00,0,14065
24259,455,619.00,325.00,0,14073
24382,456,662.00,325.00,0,14083
24504,458,682.00,341.00,0,14091
24627,461,666.00,325.00,0,14099
24753,463,799.00,325.00,0,14108
24877,466,794.00,325.00,0,14116
24999,468,708.00,325.00,0,14125
25119,470,599.00,325.00,0,14134
25241,471,653.00,308.00,0,14142
25364,473,662.00,325.00,0,14151
25486,476,612.00,325.00,0,14159
25608,479,573.00,335.00,0,14168
25734,483,797.00,342.00,0,14177
25858,486,800.00,316.00,0,14185
25980,489,684.00,325.00,0,14193
26101,491,569.00,307.00,0,14202
26223,492,702.00,325.00,0,14211
26346,493,668.00,308.00,0,14220
26468,495,581.00,309.00,0,14228
26592,498,639.00,308.00,0,14236
26716,501,790.00,309.00,0,14245
26840,504,797.00,325.00,0,14254
26962,507,660.00,325.00,0,14262
27083,508,641.00,325.00,0,14271
27206,509,729.00,325.00,0,14279
27328,511,638.00,325.00,0,14288
27450,513,531.00,325.00,0,14297
27572,515,629.00,308.00,0,14305
27697,519,785.00,308.00,0,14314
27822,522,790.00,324.00,0,14322
27944,525,641.00,309.00,0,14331
28065,527,685.00,325.00,0,14340
28186,529,730.00,308.00,0,14348
28310,531,628.00,325.00,0,14357
28432,533,668.00,306.00,0,14365
28556,536,686.00,308.00,0,14373
28680,539,768.00,308.00,0,14383
28804,541,760.00,308.00,0,14391
28926,543,689.00,325.00,0,14400
29048,545,717.00,325.00,0,14408
29169,547,717.00,308.00,0,14416
29291,547,477.00,308.00,0,14426
29414,549,611.00,308.00,0,14434
29536,552,686.00,325.00,0,14442
29660,555,698.00,308.00,0,14451
29785,559,677.00,325.00,0,14459
29908,563,725.00,308.00,0,14469
30030,565,710.00,325.00,0,14477
30151,567,695.00,341.00,0,14485
30273,569,572.00,308.00,0,14494
30396,571,671.00,308.00,0,14502
30519,573,700.00,325.00,0,14512
30641,575,677.00,326.00,0,14520
30767,578,744.00,325.00,0,14528
30890,580,783.00,325.00,0,14537
31012,582,721.00,325.00,0,14545
31132,583,617.00,308.00,0,14554
31256,585,638.00,325.00,0,14563
31378,587,695.00,342.00,0,14571
31500,589,640.00,325.00,0,14580
31624,592,645.00,308.00,0,14588
31748,595,756.00,309.00,0,14597
31872,599,785.00,325.00,0,14606
31993,601,666.00,308.00,0,14614
32115,603,532.00,325.00,0,14622
32237,605,693.00,308.00,0,14631
32360,607,717.00,325.00,0,14640
32482,609,632.00,325.00,0,14649
32605,611,580.00,325.00,0,14657
32730,613,793.00,324.00,0,14665
32854,616,800.00,325.00,0,14674
32976,619,650.00,325.00,0,14683
33097,620,609.00,325.00,0,14691
33219,621,724.00,308.00,0,14700
33342,623,664.00,325.00,0,14708
33464,625,564.00,325.00,0,14717
33586,629,632.00,325.00,0,14726
33711,632,797.00,325.00,0,14734
33836,635,797.00,325.00,0,14743
33957,638,609.00,309.00,0,14751
34078,640,652.00,308.00,0,14759
34202,641,743.00,326.00,0,14769
34324,643,656.00,325.00,0,14777
34446,645,542.00,325.00,0,14786
34568,647,680.00,325.00,0,14794
34692,650,792.00,325.00,0,14802
34818,653,790.00,325.00,0,14812
34940,655,715.00,326.00,0,14820
35061,657,697.00,309.00,0,14829
35184,658,731.00,326.00,0,14837
35305,659,632.00,309.00,0,14845
35428,661,586.00,325.00,0,14855
35550,665,671.00,325.00,0,14863
35674,667,756.00,308.00,0,14871
35798,671,743.00,325.00,0,14880
35920,673,679.00,342.00,0,14888
36042,676,719.00,308.00,0,14898
36165,677,697.00,325.00,0,14906
36288,679,529.00,325.00,0,14914
36410,681,657.00,324.00,0,14923
36532,683,693.00,323.00,0,14931
36655,686,710.00,308.00,0,14940
36780,689,680.00,325.00,0,14949
36904,691,727.00,308.00,0,14957
37025,693,729.00,325.00,0,14966
37146,694,664.00,308.00,0,14974
37270,695,603.00,325.00,0,14983
37392,698,669.00,325.00,0,14992
37514,701,670.00,325.00,0,15000
37637,704,626.00,308.00,0,15008
37762,707,715.00,324.00,0,15017
37886,710,753.00,308.00,0,15026
38006,713,695.00,325.00,0,15035
38128,714,627.00,342.00,0,15043
38250,715,674.00,324.00,0,15051
38374,717,712.00,309.00,0,15060
38496,719,652.00,325.00,0,15069
38618,721,494.00,310.00,0,15078
38744,725,762.00,325.00,0,15086
38867,727,781.00,322.00,0,15094
38988,729,677.00,325.00,0,15104
39110,731,570.00,325.00,0,15112
39233,733,728.00,342.00,0,15120
39356,735,728.00,325.00,0,15129
39478,737,609.00,324.00,0,15137
39600,739,573.00,325.00,0,15147
39725,743,785.00,326.00,0,15155
39850,745,782.00,324.00,0,15163
39970,748,612.00,312.00,0,15172
40092,749,612.00,308.00,0,15180
40215,751,745.00,308.00,0,15188
40338,753,701.00,325.00,0,15198
40460,755,570.00,308.00,0,15206
40582,757,643.00,325.00,0,15215
40707,761,791.00,325.00,0,15223
40831,763,776.00,308.00,0,15232
40953,765,607.00,308.00,0,15241
41074,767,664.00,314.00,0,15249
41198,768,750.00,325.00,0,15257
41320,769,679.00,325.00,0,15266
41442,771,586.00,342.00,0,15275
41564,775,674.00,325.00,0,15284
41687,777,774.00,325.00,0,15292
41812,781,741.00,308.00,0,15300
41935,783,613.00,325.00,0,15309
42056,785,697.00,324.00,0,15318
42178,787,734.00,308.00,0,15326
42302,788,647.00,325.00,0,15335
42423,790,620.00,308.00,0,15343
42546,793,704.00,325.00,0,15352
42669,795,737.00,308.00,0,15361
42794,798,706.00,307.00,0,15369
42916,801,682.00,308.00,0,15378
43038,802,704.00,308.00,0,15386
43161,803,714.00,325.00,0,15395
43284,805,549.00,325.00,0,15404
43406,807,660.00,325.00,0,15412
43528,809,678.00,308.00,0,15421
43650,813,677.00,325.00,0,15429
43775,815,678.00,325.00,0,15437
43898,817,730.00,308.00,0,15447
44020,819,692.00,325.00,0,15455
44142,821,638.00,308.00,0,15464
44265,823,607.00,308.00,0,15472
44388,825,710.00,342.00,0,15480
44510,827,682.00,308.00,0,15490
44632,830,627.00,307.00,0,15498
44757,833,722.00,308.00,0,15506
44881,835,779.00,341.00,0,15515
45002,837,693.00,308.00,0,15523
45124,839,620.00,308.00,0,15533
45247,840,696.00,326.00,0,15541
45370,841,721.00,325.00,0,15549
45492,843,632.00,325.00,0,15558
45614,847,526.00,324.00,0,15566
45739,849,758.00,325.00,0,15575
45862,852,776.00,325.00,0,15584
45984,855,668.00,342.00,0,15592
46105,856,584.00,325.00,0,15601
46228,857,714.00,308.00,0,15609
46352,859,725.00,324.00,0,15618
46474,861,600.00,325.00,0,15627
46596,864,582.00,308.00,0,15635
46720,867,768.00,308.00,0,15644
46844,869,767.00,308.00,0,15652
46966,871,629.00,325.00,0,15661
47088,873,657.00,341.00,0,15670
47210,875,755.00,308.00,0,15678
47334,876,708.00,325.00,0,15686
47456,879,560.00,325.00,0,15695
47578,881,638.00,325.00,0,15704
47702,884,757.00,308.00,0,15713
47826,887,756.00,325.00,0,15721
47948,889,587.00,308.00,0,15729
48070,891,671.00,308.00,0,15738
48192,892,763.00,342.00,0,15747
48314,893,668.00,325.00,0,15755
48437,896,595.00,308.00,0,15764
48560,899,681.00,324.00,0,15772
48684,902,755.00,308.00,0,15781
48808,905,739.00,308.00,0,15790
48930,907,615.00,325.00,0,15798
49052,909,712.00,308.00,0,15807
49175,910,744.00,324.00,0,15815
49297,911,675.00,308.00,0,15823
49420,913,643.00,342.00,0,15833
49542,915,687.00,308.00,0,15841
49665,917,717.00,308.00,0,15850
49790,921,597.00,308.00,0,15858
49912,923,676.00,325.00,0,15866
50034,925,683.00,325.00,0,15876
50156,927,696.00,326.00,0,15884
50278,929,570.00,308.00,0,15892
50402,931,685.00,308.00,0,15901
50524,934,720.00,341.00,0,15909
50646,937,664.00,308.00,0,15919
50771,939,686.00,325.00,0,15927
50894,941,734.00,325.00,0,15935
51016,943,686.00,308.00,0,15944
51138,944,647.00,308.00,0,15952
51261,945,617.00,325.00,0,15962
51384,947,701.00,308.00,0,15970
51506,950,659.00,307.00,0,15978
51628,953,633.00,342.00,0,15987
51752,955,735.00,341.00,0,15995
51876,958,763.00,325.00,0,16004
51998,961,669.00,325.00,0,16013
52119,962,627.00,325.00,0,16021
52242,963,686.00,325.00,0,16030
52365,965,712.00,307.00,0,16038
52488,967,643.00,325.00,0,16047
52610,971,535.00,308.00,0,16056
52734,973,772.00,325.00,0,16064
52858,975,781.00,325.00,0,16072
52979,977,640.00,325.00,0,16081
53102,979,596.00,325.00,0,16090
53225,979,725.00,325.00,0,16099
53348,981,712.00,308.00,0,16107
53469,983,564.00,308.00,0,16115
53592,987,597.00,325.00,0,16124
53716,989,766.00,307.00,0,16133
53840,992,769.00,309.00,0,16141
53961,995,591.00,325.00,0,16150
54083,996,637.00,307.00,0,16158
54206,997,746.00,308.00,0,16167
54330,999,692.00,326.00,0,16176
54451,1001,556.00,312.00,0,16185
54577,1004,637.00,308.00,0,16193
54706,1007,771.00,318.00,0,16202
54832,1009,772.00,324.00,0,16211
54958,1011,581.00,307.00,0,16220
55084,1013,648.00,325.00,0,16229
55210,1014,760.00,325.00,0,16237
55337,1016,717.00,341.00,0,16246
55463,1018,574.00,325.00,0,16256
55589,1021,616.00,341.00,0,16264
55717,1024,764.00,308.00,0,16273
55844,1027,760.00,308.00,0,16282
55969,1029,594.00,308.00,0,16290
56095,1031,607.00,325.00,0,16300
56222,1033,716.00,308.00,0,16309
56349,1035,703.00,308.00,0,16317
56475,1037,613.00,309.00,0,16326
56600,1039,560.00,323.00,0,16334
56728,1042,764.00,325.00,0,16344
56856,1045,775.00,325.00,0,16353
56981,1047,639.00,325.00,0,16361
57107,1049,582.00,341.00,0,16370
57234,1051,737.00,342.00,0,16379
57361,1053,732.00,313.00,0,16388
57486,1055,634.00,308.00,0,16397
57612,1058,522.00,308.00,0,16405
57740,1061,748.00,309.00,0,16414
57867,1063,747.00,325.00,0,16423
57992,1065,641.00,315.00,0,16432
58118,1066,636.00,308.00,0,16441
58245,1068,685.00,325.00,0,16450
58372,1070,712.00,321.00,0,16458
58498,1073,646.00,308.00,0,16467
58624,1075,621.00,324.00,0,16477
58752,1079,732.00,325.00,0,16485
58880,1081,777.00,341.00,0,16494
59004,1083,678.00,341.00,0,16502
59130,1085,638.00,325.00,0,16512
59257,1085,665.00,325.00,0,16521
59384,1087,713.00,309.00,0,16529
59510,1089,666.00,308.00,0,16538
59636,1093,602.00,325.00,0,16547
59763,1095,678.00,325.00,0,16556
59890,1098,730.00,325.00,0,16565
60016,1100,667.00,308.00,0,16573
60142,1101,652.00,308.00,0,16582
60268,1103,611.00,308.00,0,16591
60395,1105,699.00,325.00,0,16600
60521,1108,694.00,325.00,0,16609
60646,1111,673.00,325.00,0,16618
60775,1113,681.00,341.00,0,16626
60902,1116,708.00,325.00,0,16635
61028,1117,707.00,326.00,0,16645
61154,1119,701.00,325.00,0,16653
61280,1120,572.00,325.00,0,16662
61407,1122,667.00,325.00,0,16670
61532,1125,672.00,324.00,0,16679
61659,1127,677.00,325.00,0,16689
61788,1130,613.00,325.00,0,16697
61913,1133,673.00,325.00,0,16706
62039,1135,692.00,308.00,0,16715
62166,1137,722.00,325.00,0,16723
62291,1139,521.00,325.00,0,16733
62418,1141,645.00,325.00,0,16741
62544,1143,703.00,325.00,0,16750
62670,1147,735.00,342.00,0,16759
62798,1149,691.00,309.00,0,16768
62925,1151,629.00,315.00,0,16777
63052,1153,707.00,326.00,0,16786
63178,1154,733.00,309.00,0,16794
63304,1155,654.00,324.00,0,16803
63430,1157,589.00,308.00,0,16813
63556,1160,672.00,325.00,0,16821
63683,1163,747.00,325.00,0,16830
63810,1165,714.00,308.00,0,16838
63936,1167,577.00,325.00,0,16847
64062,1170,682.00,325.00,0,16857
64188,1172,744.00,307.00,0,16865
64315,1175,657.00,342.00,0,16874
64441,1177,581.00,341.00,0,16883
64568,1179,669.00,325.00,0,16891
64694,1182,763.00,308.00,0,16901
64822,1184,726.00,308.00,0,16910
64948,1185,585.00,324.00,0,16918
65074,1187,663.00,325.00,0,16927
65201,1189,754.00,317.00,0,16935
65327,1191,695.00,308.00,0,16945
65453,1193,557.00,326.00,0,16954
65578,1196,615.00,308.00,0,16962
65706,1199,762.00,325.00,0,16971
65833,1202,757.00,308.00,0,16980
65959,1204,570.00,308.00,0,16989
66084,1205,637.00,308.00,0,16998
66212,1207,740.00,309.00,0,17006
66338,1209,716.00,341.00,0,17015
66464,1211,595.00,341.00,0,17025
66590,1213,607.00,325.00,0,17033
66718,1217,755.00,309.00,0,17042
66846,1219,758.00,325.00,0,17051
66971,1222,611.00,325.00,0,17059
67097,1224,614.00,325.00,0,17069
67224,1226,740.00,315.00,0,17078
67350,1227,734.00,325.00,0,17086
67476,1229,591.00,308.00,0,17095
67602,1231,555.00,308.00,0,17103
67729,1233,736.00,308.00,0,17113
67856,1236,762.00,328.00,0,17122
67982,1238,620.00,324.00,0,17130
68108,1240,570.00,325.00,0,17139
68234,1243,696.00,307.00,0,17148
68362,1245,723.00,325.00,0,17157
68488,1249,652.00,325.00,0,17166
68614,1251,515.00,325.00,0,17175
68741,1253,726.00,308.00,0,17183
68869,1255,749.00,325.00,0,17192
68994,1257,634.00,308.00,0,17201
69120,1258,611.00,325.00,0,17210
69247,1259,685.00,308.00,0,17219
69374,1261,716.00,325.00,0,17227
69499,1265,648.00,309.00,0,17236
69624,1267,634.00,308.00,0,17246
69752,1271,714.00,325.00,0,17254
69880,1273,743.00,309.00,0,17263
70006,1275,675.00,342.00,0,17271
70132,1277,621.00,309.00,0,17281
70258,1279,637.00,325.00,0,17290
70384,1281,684.00,308.00,0,17298
70510,1283,667.00,325.00,0,17307
70636,1285,602.00,325.00,0,17316
70764,1288,644.00,308.00,0,17325
70891,1291,713.00,326.00,0,17334
71017,1293,671.00,308.00,0,17343
71144,1295,662.00,325.00,0,17351
71270,1297,613.00,325.00,0,17360
71396,1299,695.00,325.00,0,17369
71522,1301,686.00,324.00,0,17378
71648,1304,656.00,308.00,0,17387
71776,1307,636.00,325.00,0,17395
71903,1309,687.00,308.00,0,17404
72028,1311,703.00,325.00,0,17414
72155,1313,679.00,308.00,0,17422
72282,1315,546.00,308.00,0,17431
72408,1317,655.00,325.00,0,17439
72534,1319,667.00,325.00,0,17448
72660,1321,667.00,325.00,0,17458
72788,1324,565.00,308.00,0,17466
72914,1327,625.00,308.00,0,17475
73040,1329,681.00,325.00,0,17484
73166,1331,733.00,325.00,0,17492
73294,1333,528.00,326.00,0,17502
73420,1335,652.00,325.00,0,17511
73546,1338,684.00,324.00,0,17519
73672,1340,715.00,341.00,0,17528
73800,1342,681.00,308.00,0,17537
73926,1343,576.00,325.00,0,17546
74052,1345,666.00,325.00,0,17555
74178,1347,710.00,326.00,0,17563
74304,1351,633.00,308.00,0,17572
74431,1353,585.00,308.00,0,17582
74557,1357,663.00,308.00,0,17590
74684,1359,728.00,325.00,0,17599
74812,1361,704.00,325.00,0,17608
74937,1363,548.00,308.00,0,17616
75062,1364,666.00,308.00,0,17626
75190,1365,745.00,325.00,0,17634
75316,1367,660.00,341.00,0,17643
75443,1370,586.00,325.00,0,17652
75568,1373,640.00,325.00,0,17660
75695,1377,754.00,308.00,0,17670
75824,1379,718.00,309.00,0,17679
75949,1382,562.00,326.00,0,17687
76075,1384,639.00,325.00,0,17696
76202,1385,732.00,309.00,0,17704
76328,1387,678.00,308.00,0,17714
76454,1389,537.00,308.00,0,17723
76580,1391,610.00,308.00,0,17731
76708,1394,755.00,325.00,0,17740
76834,1397,741.00,308.00,0,17750
76960,1399,579.00,325.00,0,17758
77086,1402,655.00,341.00,0,17767
77214,1404,751.00,342.00,0,17776
77340,1406,721.00,325.00,0,17784
77466,1408,585.00,308.00,0,17794
77592,1411,587.00,326.00,0,17802
77719,1413,726.00,308.00,0,17811
77846,1415,743.00,325.00,0,17820
77970,1417,573.00,308.00,0,17828
78096,1419,585.00,325.00,0,17838
78223,1421,723.00,324.00,0,17847
78350,1424,720.00,308.00,0,17855
78475,1427,601.00,325.00,0,17864
78601,1429,549.00,325.00,0,17873
78728,1431,743.00,308.00,0,17882
78856,1434,753.00,325.00,0,17891
78981,1436,618.00,313.00,0,17899
79108,1437,555.00,324.00,0,17908
79234,1439,716.00,324.00,0,17917
79362,1441,711.00,324.00,0,17926
79487,1444,613.00,308.00,0,17935
79612,1447,490.00,325.00,0,17944
79740,1449,710.00,308.00,0,17952
79867,1451,726.00,308.00,0,17961
79993,1454,613.00,325.00,0,17970
80118,1456,618.00,324.00,0,17979
80246,1459,668.00,308.00,0,17988
80372,1461,726.00,308.00,0,17996
80498,1463,660.00,325.00,0,18006
80624,1465,607.00,308.00,0,18015
80752,1467,688.00,341.00,0,18023
80879,1469,730.00,325.00,0,18032
81004,1471,666.00,325.00,0,18041
81130,1473,627.00,324.00,0,18050
81258,1475,634.00,325.00,0,18059
81384,1478,702.00,325.00,0,18067
81510,1481,646.00,325.00,0,18076
81636,1483,591.00,313.00,0,18085
81764,1485,664.00,325.00,0,18094
81890,1487,686.00,308.00,0,18103
82016,1489,649.00,325.00,0,18112
82142,1491,647.00,325.00,0,18120
82269,1494,603.00,325.00,0,18129
82396,1496,682.00,308.00,0,18138
82521,1499,683.00,308.00,0,18147
82648,1501,642.00,325.00,0,18156
82776,1503,609.00,326.00,0,18164
82902,1505,663.00,325.00,0,18173
83028,1507,685.00,308.00,0,18183
83154,1510,677.00,308.00,0,18191
83281,1512,551.00,325.00,0,18200
83408,1515,643.00,325.00,0,18209
83532,1517,659.00,324.00,0,18217
83660,1519,654.00,308.00,0,18227
83787,1521,569.00,325.00,0,18235
83913,1523,622.00,325.00,0,18244
84039,1525,660.00,308.00,0,18253
84165,1527,693.00,326.00,0,18262
84292,1530,487.00,325.00,0,18271
84418,1533,636.00,341.00,0,18280
84544,1536,673.00,308.00,0,18288
84671,1539,691.00,308.00,0,18297
84798,1541,680.00,307.00,0,18307
84924,1543,577.00,308.00,0,18315
85050,1545,662.00,308.00,0,18324
85177,1546,721.00,308.00,0,18332
85304,1548,622.00,308.00,0,18341
85430,1551,571.00,308.00,0,18351
85556,1554,638.00,308.00,0,18359
85683,1557,719.00,325.00,0,18368
85810,1560,707.00,313.00,0,18377
85936,1562,689.00,308.00,0,18385
86062,1564,652.00,325.00,0,18395
86189,1565,745.00,341.00,0,18403
86315,1567,644.00,325.00,0,18412
86441,1569,561.00,342.00,0,18421
86567,1571,634.00,325.00,0,18429
86694,1575,711.00,308.00,0,18439
86822,1579,716.00,325.00,0,18448
86948,1581,533.00,308.00,0,18456
87074,1583,638.00,325.00,0,18465
87201,1585,733.00,308.00,0,18475
87328,1586,671.00,326.00,0,18483
87453,1587,548.00,325.00,0,18492
87579,1589,583.00,325.00,0,18500
87706,1592,721.00,309.00,0,18509
87833,1595,707.00,321.00,0,18519
87958,1598,541.00,324.00,0,18527
88085,1601,623.00,325.00,0,18536
88212,1604,726.00,325.00,0,18545
88339,1606,704.00,325.00,0,18553
88465,1607,582.00,325.00,0,18563
88590,1609,554.00,308.00,0,18572
88718,1611,718.00,325.00,0,18580
88846,1613,719.00,325.00,0,18589
88970,1616,553.00,326.00,0,18597
89098,1619,577.00,325.00,0,18607
89224,1621,720.00,308.00,0,18616
89350,1625,700.00,308.00,0,18624
89476,1627,591.00,308.00,0,18633
89602,1629,532.00,324.00,0,18642
89730,1631,728.00,325.00,0,18651
89856,1633,727.00,325.00,0,18660
89982,1635,595.00,342.00,0,18668
90108,1637,529.00,341.00,0,18677
90235,1639,679.00,325.00,0,18686
90362,1642,693.00,325.00,0,18695
90488,1645,614.00,326.00,0,18704
90614,1648,462.00,308.00,0,18713
90742,1651,693.00,309.00,0,18721
90868,1653,711.00,325.00,0,18731
90994,1655,619.00,325.00,0,18740
91120,1657,595.00,325.00,0,18748
91247,1659,657.00,308.00,0,18757
91373,1661,686.00,307.00,0,18765
91498,1663,624.00,307.00,0,18775
91624,1665,594.00,308.00,0,18784
91753,1669,689.00,308.00,0,18792
91879,1671,692.00,325.00,0,18801
92005,1675,622.00,308.00,0,18810
92132,1677,606.00,308.00,0,18819
92258,1679,615.00,308.00,0,18828
92385,1681,662.00,325.00,0,18836
92511,1683,635.00,307.00,0,18845
92636,1685,575.00,325.00,0,18854
92764,1687,611.00,323.00,0,18863
92891,1689,658.00,308.00,0,18872
93017,1693,648.00,324.00,0,18881
93143,1695,659.00,309.00,0,18889
93270,1699,591.00,325.00,0,18898
93396,1701,671.00,307.00,0,18908
93522,1703,670.00,324.00,0,18916
93648,1705,617.00,325.00,0,18925
93776,1707,597.00,324.00,0,18933
93902,1709,632.00,325.00,0,18942
94028,1713,644.00,325.00,0,18952
94155,1715,662.00,308.00,0,18960
94282,1719,521.00,308.00,0,18969
94408,1721,649.00,322.00,0,18978
94534,1723,647.00,325.00,0,18987
94660,1725,652.00,308.00,0,18996
94788,1728,532.00,308.00,0,19004
94914,1730,606.00,325.00,0,19013
95040,1733,656.00,309.00,0,19022
95166,1735,699.00,308.00,0,19031
95294,1737,480.00,308.00,0,19040
95419,1740,602.00,325.00,0,19049
95545,1743,644.00,324.00,0,19057
95672,1745,679.00,308.00,0,19066
95799,1747,646.00,325.00,0,19076
95926,1750,559.00,325.00,0,19084
96051,1752,637.00,325.00,0,19093
96178,1754,696.00,326.00,0,19101
96304,1757,606.00,308.00,0,19110
96430,1759,695.00,325.00,0,19120
96558,1763,644.00,342.00,0,19128
96684,1765,696.00,308.00,0,19137
96811,1767,662.00,325.00,0,19146
96936,1769,645.00,309.00,0,19154
97062,1771,649.00,342.00,0,19164
97190,1773,731.00,342.00,0,19173
97316,1775,648.00,341.00,0,19181
97442,1778,549.00,308.00,0,19190
97568,1781,592.00,308.00,0,19198
97696,1784,712.00,326.00,0,19208
97823,1787,677.00,325.00,0,19217
97948,1789,520.00,325.00,0,19225
98074,1791,603.00,325.00,0,19234
98201,1793,714.00,325.00,0,19244
98328,1795,639.00,308.00,0,19252
98454,1797,507.00,325.00,0,19261
98580,1799,571.00,325.00,0,19269
98707,1803,715.00,309.00,0,19278
98834,1806,697.00,308.00,0,19288
98959,1809,544.00,325.00,0,19296
99086,1811,609.00,342.00,0,19305
99214,1813,718.00,325.00,0,19314
99340,1815,670.00,325.00,0,19322
99466,1817,542.00,325.00,0,19332
99591,1820,521.00,325.00,0,19341
99719,1823,700.00,307.00,0,19349
99846,1825,692.00,325.00,0,19358
99972,1828,524.00,325.00,0,19366
100098,1830,537.00,308.00,0,19376
100228,1832,691.00,308.00,0,19385
100358,1835,696.00,325.00,0,19394
100488,1837,607.00,325.00,0,19403
100618,1841,684.00,331.00,0,19412
100748,1843,656.00,309.00,0,19422
100879,1846,693.00,326.00,0,19431
101009,1849,618.00,308.00,0,19440
101140,1851,604.00,325.00,0,19448
101269,1853,558.00,308.00,0,19458
101400,1855,644.00,325.00,0,19467
101529,1857,635.00,310.00,0,19476
101660,1860,637.00,325.00,0,19485
101790,1863,640.00,317.00,0,19494
101920,1865,564.00,308.00,0,19504
102050,1867,627.00,325.00,0,19513
102180,1870,701.00,325.00,0,19522
102310,1873,622.00,325.00,0,19530
102440,1875,533.00,341.00,0,19539
102570,1877,585.00,325.00,0,19549
102701,1879,693.00,308.00,0,19558
102832,1882,680.00,325.00,0,19567
102962,1884,532.00,341.00,0,19576
103091,1887,560.00,308.00,0,19586
103222,1889,678.00,308.00,0,19595
103352,1892,676.00,325.00,0,19603
103482,1895,583.00,341.00,0,19612
103612,1897,460.00,325.00,0,19621
103743,1900,668.00,325.00,0,19631
103873,1902,672.00,321.00,0,19640
104002,1904,609.00,341.00,0,19649
104132,1906,574.00,308.00,0,19658
104264,1908,571.00,325.00,0,19667
104393,1910,630.00,309.00,0,19677
104522,1913,625.00,325.00,0,19685
104653,1915,585.00,308.00,0,19694
104784,1918,509.00,325.00,0,19703
104914,1921,581.00,325.00,0,19713
105044,1923,641.00,325.00,0,19722
105154,1925,826.00,358.00,0,19731
105170,1927,826.00,426.00,0,19740
105092,1927,826.00,475.00,0,19749
104982,1927,823.00,493.00,0,19759
104864,1926,810.00,492.00,0,19767
104736,1926,812.00,509.00,0,19776
104606,1925,794.00,493.00,0,19785
104474,1925,772.00,493.00,0,19794
104338,1924,642.00,493.00,0,19804
104207,1924,741.00,510.00,0,19813
104079,1922,803.00,493.00,0,19822
103950,1920,787.00,492.00,0,19831
103818,1918,773.00,493.00,0,19841
103688,1914,757.00,509.00,0,19849
103558,1912,787.00,509.00,0,19858
103428,1909,806.00,492.00,0,19867
103296,1907,770.00,493.00,0,19876
103166,1905,774.00,492.00,0,19886
103038,1904,792.00,493.00,0,19895
102911,1902,796.00,493.00,0,19904
102781,1900,805.00,492.00,0,19913
102652,1898,793.00,493.00,0,19922
102524,1894,792.00,508.00,0,19931
102395,1892,806.00,509.00,0,19940
102264,1889,794.00,493.00,0,19949
102134,1886,803.00,510.00,0,19958
102004,1883,795.00,492.00,0,19968
101873,1881,792.00,507.00,0,19977
101742,1879,801.00,493.00,0,19986
101612,1877,795.00,493.00,0,19995
101482,1875,797.00,510.00,0,20004
101352,1872,786.00,492.00,0,20013
101221,1870,787.00,492.00,0,20022
101092,1866,822.00,493.00,0,20031
100964,1863,801.00,509.00,0,20040
100832,1860,796.00,510.00,0,20049
100704,1858,793.00,493.00,0,20059
100574,1856,799.00,492.00,0,20068
100444,1855,818.00,510.00,0,20077
100314,1853,789.00,493.00,0,20086
100184,1850,790.00,492.00,0,20094
100055,1847,808.00,509.00,0,20104
99926,1844,816.00,509.00,0,20113
99798,1840,811.00,502.00,0,20122
99672,1837,794.00,492.00,0,20130
99546,1835,799.00,493.00,0,20140
99418,1834,814.00,509.00,0,20148
99290,1832,796.00,509.00,0,20157
99163,1830,794.00,506.00,0,20166
99038,1827,801.00,493.00,0,20174
98913,1823,804.00,493.00,0,20184
98787,1820,813.00,493.00,0,20193
98660,1816,792.00,493.00,0,20201
98536,1815,799.00,508.00,0,20210
98409,1814,809.00,476.00,0,20218
98280,1813,801.00,482.00,0,20228
98154,1811,799.00,493.00,0,20237
98030,1808,806.00,492.00,0,20245
97903,1803,807.00,509.00,0,20254
97776,1799,810.00,509.00,0,20263
97649,1796,795.00,492.00,0,20272
97523,1794,794.00,494.00,0,20281
97395,1792,800.00,492.00,0,20290
97266,1791,796.00,509.00,0,20298
97138,1788,800.00,492.00,0,20307
97014,1786,799.00,509.00,0,20316
96888,1782,797.00,492.00,0,20325
96761,1778,815.00,492.00,0,20334
96636,1776,794.00,476.00,0,20342
96512,1774,802.00,509.00,0,20352
96386,1773,807.00,493.00,0,20361
96257,1771,805.00,508.00,0,20369
96131,1768,812.00,492.00,0,20378
96006,1766,808.00,509.00,0,20387
95880,1762,800.00,493.00,0,20396
95753,1758,822.00,509.00,0,20405
95626,1756,801.00,493.00,0,20413
95500,1754,796.00,492.00,0,20422
95372,1751,797.00,509.00,0,20431
95243,1749,794.00,493.00,0,20440
95116,1746,802.00,476.00,0,20449
94990,1744,796.00,476.00,0,20458
94864,1741,796.00,501.00,0,20466
94738,1738,808.00,492.00,0,20475
94612,1736,806.00,509.00,0,20484
94488,1734,808.00,509.00,0,20493
94361,1731,799.00,493.00,0,20502
94232,1728,790.00,493.00,0,20510
94107,1726,819.00,509.00,0,20519
93980,1723,796.00,493.00,0,20529
93853,1720,795.00,493.00,0,20537
93726,1718,800.00,493.00,0,20546
93601,1716,805.00,493.00,0,20555
93476,1714,797.00,492.00,0,20563
93348,1711,790.00,493.00,0,20573
93220,1708,790.00,493.00,0,20581
93095,1706,822.00,475.00,0,20590
92970,1704,799.00,476.00,0,20599
92844,1701,805.00,508.00,0,20608
92718,1699,809.00,493.00,0,20617
92593,1698,816.00,491.00,0,20626
92468,1695,819.00,492.00,0,20634
92342,1692,805.00,493.00,0,20643
92214,1690,797.00,492.00,0,20653
92088,1687,824.00,492.00,0,20661
91961,1684,806.00,493.00,0,20670
91833,1682,798.00,493.00,0,20678
91706,1680,798.00,509.00,0,20687
91581,1678,806.00,494.00,0,20697
91455,1676,811.00,492.00,0,20705
91328,1674,796.00,509.00,0,20714
91200,1671,796.00,475.00,0,20723
91075,1668,816.00,474.00,0,20731
90950,1664,809.00,493.00,0,20741
90823,1662,800.00,492.00,0,20749
90696,1660,807.00,509.00,0,20758
90572,1659,812.00,492.00,0,20767
90446,1658,825.00,493.00,0,20775
90318,1656,806.00,509.00,0,20785
90191,1654,799.00,493.00,0,20794
90066,1650,821.00,493.00,0,20802
89940,1646,809.00,492.00,0,20811
89812,1642,801.00,493.00,0,20820
89684,1640,796.00,493.00,0,20829
89558,1638,800.00,509.00,0,20838
89432,1637,826.00,508.00,0,20846
89303,1636,798.00,492.00,0,20855
89176,1635,802.00,509.00,0,20865
89052,1632,813.00,493.00,0,20873
88928,1629,821.00,493.00,0,20882
88802,1625,819.00,493.00,0,20891
88676,1622,809.00,493.00,0,20899
88552,1620,819.00,509.00,0,20909
88425,1618,826.00,492.00,0,20917
88296,1617,802.00,492.00,0,20926
88168,1616,803.00,509.00,0,20935
88042,1614,813.00,509.00,0,20943
87916,1612,813.00,509.00,0,20953
87789,1608,812.00,493.00,0,20962
87663,1604,802.00,510.00,0,20970
87538,1601,808.00,493.00,0,20979
87412,1598,821.00,509.00,0,20988
87282,1596,812.00,509.00,0,20997
87154,1596,802.00,493.00,0,21006
87028,1594,804.00,493.00,0,21014
86902,1593,808.00,493.00,0,21023
86777,1591,826.00,510.00,0,21032
86652,1588,812.00,509.00,0,21041
86529,1585,815.00,493.00,0,21050
86403,1582,826.00,509.00,0,21059
86274,1578,812.00,509.00,0,21067
86146,1576,809.00,509.00,0,21076
86020,1574,804.00,506.00,0,21086
85892,1573,800.00,509.00,0,21094
85764,1572,823.00,509.00,0,21103
85638,1570,801.00,475.00,0,21111
85514,1567,803.00,493.00,0,21121
85388,1564,810.00,492.00,0,21130
85259,1560,810.00,509.00,0,21138
85132,1557,812.00,493.00,0,21147
85007,1554,806.00,509.00,0,21156
84881,1553,805.00,492.00,0,21165
84754,1552,826.00,510.00,0,21174
84629,1552,811.00,493.00,0,21182
84504,1550,815.00,492.00,0,21191
84379,1548,823.00,509.00,0,21200
84252,1545,816.00,509.00,0,21209
84126,1541,823.00,493.00,0,21218
84000,1538,807.00,492.00,0,21227
83872,1534,805.00,493.00,0,21235
83743,1532,810.00,493.00,0,21244
83616,1530,799.00,475.00,0,21254
83490,1530,802.00,492.00,0,21262
83362,1528,803.00,492.00,0,21271
83234,1527,800.00,493.00,0,21279
83108,1525,825.00,509.00,0,21288
82986,1522,810.00,493.00,0,21298
82860,1518,815.00,509.00,0,21306
82734,1515,823.00,492.00,0,21315
82610,1512,823.00,509.00,0,21324
82486,1510,823.00,493.00,0,21332
82358,1509,816.00,509.00,0,21342
82230,1508,802.00,492.00,0,21350
82102,1506,826.00,509.00,0,21359
81976,1504,805.00,492.00,0,21368
81848,1502,810.00,509.00,0,21377
81721,1500,814.00,492.00,0,21386
81596,1496,814.00,476.00,0,21395
81471,1494,818.00,494.00,0,21403
81343,1491,811.00,509.00,0,21412
81215,1488,803.00,493.00,0,21422
81088,1486,825.00,493.00,0,21430
80962,1484,808.00,493.00,0,21439
80834,1482,800.00,491.00,0,21447
80708,1480,803.00,492.00,0,21456
80584,1480,820.00,509.00,0,21466
80458,1478,825.00,493.00,0,21474
80332,1476,810.00,493.00,0,21483
80205,1474,804.00,493.00,0,21492
80080,1470,826.00,492.00,0,21500
79954,1467,813.00,493.00,0,21510
79826,1464,805.00,493.00,0,21519
79698,1462,805.00,508.00,0,21527
79573,1460,813.00,493.00,0,21536
79446,1458,826.00,493.00,0,21544
79317,1456,799.00,492.00,0,21554
79189,1455,798.00,509.00,0,21563
79064,1453,819.00,493.00,0,21571
78939,1450,818.00,492.00,0,21580
78813,1448,815.00,492.00,0,21590
78688,1446,814.00,509.00,0,21598
78565,1444,825.00,509.00,0,21607
78440,1441,826.00,493.00,0,21615
78312,1438,810.00,509.00,0,21624
78184,1436,803.00,496.00,0,21634
78057,1434,820.00,509.00,0,21642
77928,1432,809.00,475.00,0,21651
77800,1430,814.00,509.00,0,21660
77673,1428,800.00,493.00,0,21668
77548,1426,815.00,509.00,0,21678
77422,1424,826.00,493.00,0,21687
77294,1422,801.00,492.00,0,21695
77168,1420,807.00,495.00,0,21704
77043,1416,815.00,492.00,0,21712
76918,1414,819.00,492.00,0,21722
76791,1410,824.00,509.00,0,21731
76665,1409,811.00,492.00,0,21739
76542,1408,816.00,503.00,0,21748
76415,1406,826.00,510.00,0,21757
76287,1406,810.00,509.00,0,21766
76160,1404,809.00,475.00,0,21775
76035,1401,818.00,509.00,0,21783
75908,1398,814.00,493.00,0,21792
75780,1394,826.00,494.00,0,21801
75653,1391,811.00,510.00,0,21810
75528,1388,814.00,494.00,0,21819
75400,1386,817.00,509.00,0,21828
75270,1384,802.00,493.00,0,21836
75142,1384,804.00,509.00,0,21846
75017,1382,801.00,509.00,0,21855
74891,1380,802.00,493.00,0,21863
74766,1378,826.00,493.00,0,21872
74642,1376,820.00,509.00,0,21880
74519,1374,822.00,492.00,0,21890
74394,1371,826.00,509.00,0,21899
74266,1368,817.00,509.00,0,21907
74138,1366,815.00,476.00,0,21916
74012,1362,807.00,476.00,0,21925
73882,1360,803.00,493.00,0,21934
73754,1358,822.00,493.00,0,21943
73628,1358,805.00,493.00,0,21952
73502,1356,808.00,492.00,0,21960
73375,1354,807.00,509.00,0,21969
73247,1352,803.00,492.00,0,21978
73122,1350,824.00,509.00,0,21987
72998,1347,811.00,493.00,0,21996
72872,1344,812.00,492.00,0,22004
72746,1341,826.00,493.00,0,22013
72622,1338,820.00,493.00,0,22023
72497,1337,820.00,509.00,0,22031
72371,1336,817.00,510.00,0,22040
72241,1335,809.00,475.00,0,22048
72114,1334,826.00,493.00,0,22057
71988,1331,813.00,509.00,0,22067
71860,1328,810.00,493.00,0,22075
71733,1326,814.00,492.00,0,22084
71608,1323,821.00,504.00,0,22093
71482,1320,819.00,493.00,0,22102
71355,1318,812.00,509.00,0,22111
71226,1316,805.00,493.00,0,22120
71100,1314,824.00,509.00,0,22128
70974,1312,803.00,493.00,0,22137
70848,1309,807.00,492.00,0,22146
70720,1307,816.00,492.00,0,22155
70597,1306,823.00,492.00,0,22164
70472,1304,824.00,493.00,0,22172
70345,1302,811.00,504.00,0,22181
70217,1300,805.00,492.00,0,22191
70091,1297,825.00,509.00,0,22199
69965,1294,815.00,510.00,0,22208
69837,1292,808.00,509.00,0,22217
69710,1289,809.00,492.00,0,22225
69584,1287,820.00,492.00,0,22235
69458,1286,825.00,508.00,0,22243
69330,1284,805.00,509.00,0,22252
69203,1282,804.00,510.00,0,22261
69077,1280,823.00,493.00,0,22269
68952,1277,813.00,476.00,0,22279
68825,1274,810.00,493.00,0,22288
68700,1273,815.00,500.00,0,22296
68576,1272,823.00,476.00,0,22305
68452,1270,826.00,493.00,0,22313
68325,1269,820.00,491.00,0,22323
68198,1267,817.00,493.00,0,22332
68072,1264,826.00,493.00,0,22340
67946,1261,824.00,509.00,0,22349
67818,1258,816.00,493.00,0,22359
67691,1255,812.00,493.00,0,22367
67566,1252,820.00,509.00,0,22376
67438,1252,826.00,510.00,0,22385
67309,1250,806.00,509.00,0,22393
67180,1250,801.00,493.00,0,22403
67055,1248,816.00,510.00,0,22411
66929,1245,817.00,475.00,0,22420
66802,1242,816.00,475.00,0,22429
66678,1239,818.00,508.00,0,22437
66555,1236,821.00,493.00,0,22447
66429,1234,826.00,509.00,0,22456
66300,1231,818.00,509.00,0,22464
66172,1229,812.00,494.00,0,22473
66045,1228,816.00,509.00,0,22482
65916,1226,807.00,492.00,0,22491
65788,1224,814.00,509.00,0,22500
65663,1222,802.00,492.00,0,22508
65538,1220,811.00,493.00,0,22517
65413,1218,826.00,493.00,0,22526
65285,1215,809.00,509.00,0,22535
65158,1212,808.00,493.00,0,22544
65032,1208,815.00,508.00,0,22553
64906,1206,810.00,492.00,0,22561
64778,1204,826.00,501.00,0,22571
64653,1204,811.00,494.00,0,22579
64530,1203,821.00,492.00,0,22588
64404,1202,827.00,509.00,0,22597
64278,1200,825.00,509.00,0,22605
64152,1198,825.00,493.00,0,22615
64026,1194,821.00,493.00,0,22624
63899,1191,818.00,509.00,0,22632
63771,1188,826.00,508.00,0,22641
63644,1186,812.00,492.00,0,22650
63518,1184,812.00,492.00,0,22659
63391,1182,819.00,492.00,0,22668
63262,1181,811.00,493.00,0,22676
63134,1180,817.00,509.00,0,22685
63008,1177,810.00,493.00,0,22694
62882,1174,811.00,493.00,0,22703
62756,1172,826.00,503.00,0,22712
62632,1170,822.00,493.00,0,22721
62509,1170,825.00,493.00,0,22729
62384,1168,827.00,509.00,0,22738
62256,1166,824.00,493.00,0,22747
62130,1164,827.00,493.00,0,22756
62004,1160,823.00,509.00,0,22765
61876,1157,820.00,509.00,0,22773
61748,1154,826.00,493.00,0,22782
61621,1151,815.00,509.00,0,22792
61496,1150,813.00,509.00,0,22800
61366,1148,805.00,492.00,0,22809
61236,1147,803.00,493.00,0,22818
61109,1146,825.00,492.00,0,22827
60984,1143,811.00,492.00,0,22836
60858,1140,808.00,493.00,0,22844
60732,1137,825.00,492.00,0,22853
60609,1135,823.00,492.00,0,22862
60486,1133,824.00,493.00,0,22871
60360,1132,821.00,493.00,0,22880
60231,1130,813.00,493.00,0,22889
60104,1128,826.00,493.00,0,22897
59978,1126,813.00,493.00,0,22906
59850,1123,812.00,493.00,0,22916
59723,1120,814.00,491.00,0,22924
59598,1118,823.00,509.00,0,22933
59473,1117,820.00,493.00,0,22941
59345,1116,805.00,492.00,0,22950
59216,1114,803.00,493.00,0,22960
59090,1112,825.00,509.00,0,22968
58965,1110,819.00,509.00,0,22977
58838,1107,816.00,492.00,0,22986
58713,1104,822.00,509.00,0,22994
58589,1102,826.00,509.00,0,23004
58465,1101,826.00,493.00,0,23012
58338,1100,819.00,492.00,0,23021
58210,1098,814.00,493.00,0,23030
58083,1095,826.00,508.00,0,23038
57956,1092,818.00,509.00,0,23048
57828,1090,811.00,509.00,0,23057
57700,1088,805.00,476.00,0,23065
57576,1086,818.00,493.00,0,23074
57450,1085,826.00,493.00,0,23084
57322,1084,808.00,492.00,0,23092
57194,1082,810.00,493.00,0,23101
57068,1079,826.00,492.00,0,23109
56942,1076,817.00,492.00,0,23118
56816,1072,821.00,509.00,0,23128
56690,1070,820.00,510.00,0,23136
56566,1068,823.00,492.00,0,23145
56441,1066,826.00,509.00,0,23154
56313,1066,817.00,508.00,0,23162
56184,1064,809.00,493.00,0,23172
56058,1063,825.00,509.00,0,23180
55932,1060,818.00,509.00,0,23189
55804,1058,820.00,493.00,0,23198
55678,1054,812.00,477.00,0,23206
55554,1052,823.00,493.00,0,23216
55428,1050,825.00,475.00,0,23225
55299,1048,818.00,509.00,0,23233
55170,1046,810.00,510.00,0,23242
55044,1044,812.00,492.00,0,23251
54916,1041,811.00,493.00,0,23260
54788,1038,822.00,492.00,0,23269
54664,1036,813.00,493.00,0,23277
54541,1035,820.00,508.00,0,23286
54416,1034,826.00,493.00,0,23296
54289,1032,821.00,509.00,0,23304
54162,1030,819.00,493.00,0,23313
54037,1028,821.00,493.00,0,23322
53910,1024,818.00,493.00,0,23330
53783,1022,827.00,492.00,0,23340
53656,1019,816.00,493.00,0,23349
53531,1017,822.00,492.00,0,23357
53404,1015,826.00,492.00,0,23366
53274,1013,817.00,509.00,0,23374
53146,1012,807.00,492.00,0,23384
53019,1009,807.00,509.00,0,23393
52892,1006,806.00,492.00,0,23401
52766,1004,826.00,509.00,0,23410
52641,1002,815.00,510.00,0,23419
52518,1002,817.00,492.00,0,23428
52394,1000,826.00,509.00,0,23437
52267,998,823.00,495.00,0,23445
52144,996,826.00,509.00,0,23454
52022,994,822.00,504.00,0,23462
51898,990,819.00,509.00,0,23471
51774,988,826.00,502.00,0,23480
51652,985,816.00,510.00,0,23488
51530,984,817.00,492.00,0,23496
51406,982,825.00,492.00,0,23505
51281,982,820.00,493.00,0,23514
51156,980,807.00,493.00,0,23523
51034,978,813.00,508.00,0,23531
50912,975,815.00,509.00,0,23539
50788,972,826.00,509.00,0,23548
50667,970,816.00,509.00,0,23557
50548,969,826.00,492.00,0,23566
50428,968,826.00,475.00,0,23574
50305,966,821.00,495.00,0,23582
50182,964,821.00,493.00,0,23591
50059,962,826.00,508.00,0,23600
49936,960,822.00,493.00,0,23608
49812,956,822.00,492.00,0,23617
49688,954,814.00,493.00,0,23625
49568,952,823.00,509.00,0,23634
49444,950,825.00,509.00,0,23643
49320,950,813.00,493.00,0,23651
49194,948,807.00,509.00,0,23660
49071,946,826.00,502.00,0,23668
48949,944,817.00,476.00,0,23676
48826,942,812.00,492.00,0,23686
48704,939,815.00,509.00,0,23694
48584,937,826.00,492.00,0,23703
48465,936,826.00,509.00,0,23711
48342,934,824.00,493.00,0,23719
48220,933,817.00,493.00,0,23729
48098,930,826.00,494.00,0,23737
47975,928,819.00,509.00,0,23745
47851,924,816.00,509.00,0,23754
47726,921,820.00,492.00,0,23762
47604,919,822.00,493.00,0,23772
47482,918,822.00,494.00,0,23780
47358,916,817.00,510.00,0,23788
47232,916,809.00,510.00,0,23797
47108,914,825.00,492.00,0,23805
46986,912,815.00,493.00,0,23815
46863,910,812.00,508.00,0,23823
46741,906,825.00,492.00,0,23831
46622,904,819.00,493.00,0,23840
46502,901,825.00,509.00,0,23848
46381,900,826.00,509.00,0,23857
46257,898,823.00,509.00,0,23866
46132,896,826.00,492.00,0,23874
46009,894,813.00,492.00,0,23883
45884,891,816.00,509.00,0,23891
45760,889,826.00,492.00,0,23900
45638,887,816.00,492.00,0,23909
45518,886,816.00,509.00,0,23917
45394,885,824.00,509.00,0,23925
45270,884,817.00,509.00,0,23934
45146,882,819.00,509.00,0,23943
45024,879,820.00,509.00,0,23952
44902,876,819.00,509.00,0,23960
44780,873,826.00,493.00,0,23968
44658,870,821.00,493.00,0,23977
44540,868,823.00,509.00,0,23986
44418,867,826.00,493.00,0,23994
44295,866,822.00,509.00,0,24003
44170,864,815.00,509.00,0,24011
44046,862,824.00,510.00,0,24020
43922,860,821.00,509.00,0,24029
43796,856,819.00,492.00,0,24037
43674,854,813.00,493.00,0,24046
43554,852,821.00,509.00,0,24054
43431,851,826.00,475.00,0,24064
43306,850,810.00,493.00,0,24072
43182,848,803.00,475.00,0,24080
43059,845,818.00,509.00,0,24089
42936,842,812.00,492.00,0,24097
42812,839,812.00,493.00,0,24105
42690,836,816.00,509.00,0,24115
42572,834,825.00,492.00,0,24123
42452,834,826.00,493.00,0,24132
42329,832,821.00,507.00,0,24140
42205,831,811.00,492.00,0,24148
42082,829,826.00,493.00,0,24158
41960,826,820.00,509.00,0,24166
41836,824,814.00,509.00,0,24174
41713,822,818.00,493.00,0,24183
41593,820,826.00,509.00,0,24192
41472,818,826.00,493.00,0,24201
41348,818,818.00,492.00,0,24209
41223,816,816.00,509.00,0,24217
41100,814,826.00,492.00,0,24226
40978,811,815.00,493.00,0,24235
40853,808,807.00,492.00,0,24243
40731,805,823.00,492.00,0,24252
40610,803,825.00,493.00,0,24260
40492,802,825.00,492.00,0,24269
40369,800,825.00,476.00,0,24278
40244,800,817.00,493.00,0,24286
40121,798,827.00,475.00,0,24295
39998,796,813.00,509.00,0,24303
39874,792,812.00,509.00,0,24311
39750,790,825.00,509.00,0,24321
39628,787,818.00,509.00,0,24329
39508,785,822.00,493.00,0,24338
39384,784,826.00,509.00,0,24346
39259,783,816.00,509.00,0,24354
39134,781,820.00,492.00,0,24364
39012,778,812.00,493.00,0,24372
38888,776,814.00,493.00,0,24381
38766,773,825.00,476.00,0,24389
38646,770,819.00,493.00,0,24397
38527,768,824.00,493.00,0,24407
38406,766,826.00,509.00,0,24415
38282,765,825.00,493.00,0,24423
38158,764,821.00,493.00,0,24432
38034,761,816.00,493.00,0,24440
37910,758,814.00,493.00,0,24450
37785,756,826.00,492.00,0,24458
37663,754,813.00,475.00,0,24466
37542,752,820.00,493.00,0,24475
37420,750,825.00,508.00,0,24483
37296,750,819.00,509.00,0,24492
37171,748,806.00,492.00,0,24501
37048,745,816.00,493.00,0,24509
36924,742,818.00,493.00,0,24518
36802,738,823.00,494.00,0,24526
36681,736,818.00,493.00,0,24535
36562,734,825.00,505.00,0,24544
36443,732,826.00,508.00,0,24552
36320,732,826.00,509.00,0,24560
36196,730,819.00,509.00,0,24569
36072,728,826.00,492.00,0,24578
35947,726,819.00,493.00,0,24587
35822,722,815.00,508.00,0,24595
35700,720,820.00,493.00,0,24603
35580,718,824.00,493.00,0,24612
35458,716,825.00,509.00,0,24621
35334,714,811.00,507.00,0,24630
35208,713,803.00,492.00,0,24638
35084,711,826.00,492.00,0,24646
34960,708,810.00,508.00,0,24655
34836,705,809.00,509.00,0,24664
34715,702,821.00,493.00,0,24672
34596,700,826.00,493.00,0,24681
34478,700,826.00,493.00,0,24689
34356,698,826.00,493.00,0,24698
34233,697,823.00,509.00,0,24707
34109,695,826.00,493.00,0,24715
33985,692,819.00,510.00,0,24724
33860,688,816.00,509.00,0,24732
33737,686,826.00,498.00,0,24740
33616,683,826.00,509.00,0,24750
33496,682,826.00,493.00,0,24758
33372,680,822.00,509.00,0,24767
33245,679,809.00,492.00,0,24775
33120,678,819.00,475.00,0,24783
32996,675,803.00,493.00,0,24793
32872,672,806.00,509.00,0,24801
32750,669,826.00,492.00,0,24809
32630,666,826.00,493.00,0,24818
32512,665,826.00,509.00,0,24826
32393,664,826.00,493.00,0,24836
32270,663,825.00,508.00,0,24844
32146,661,826.00,509.00,0,24852
32022,659,819.00,510.00,0,24861
31898,656,817.00,509.00,0,24869
31774,653,825.00,509.00,0,24879
31652,650,821.00,492.00,0,24887
31532,649,826.00,509.00,0,24895
31410,648,826.00,493.00,0,24904
31284,646,825.00,511.00,0,24912
31158,644,810.00,509.00,0,24921
31032,642,812.00,492.00,0,24930
30909,640,812.00,493.00,0,24938
30786,637,826.00,493.00,0,24947
30666,634,817.00,492.00,0,24955
30549,632,826.00,492.00,0,24964
30431,632,826.00,493.00,0,24973
30309,631,826.00,509.00,0,24981
30185,630,825.00,492.00,0,24989
30062,628,826.00,509.00,0,24998
29938,625,824.00,492.00,0,25007
29814,622,825.00,510.00,0,25016
29692,619,825.00,492.00,0,25024
29572,616,827.00,493.00,0,25032
29451,615,826.00,509.00,0,25041
29326,613,826.00,510.00,0,25050
29198,611,809.00,494.00,0,25058
29071,609,816.00,508.00,0,25067
28945,606,811.00,509.00,0,25075
28820,602,805.00,492.00,0,25084
28698,600,813.00,493.00,0,25093
28580,598,826.00,493.00,0,25101
28462,597,827.00,509.00,0,25110
28342,596,826.00,509.00,0,25118
28218,596,825.00,509.00,0,25126
28094,594,826.00,509.00,0,25136
27971,592,820.00,492.00,0,25144
27848,589,821.00,493.00,0,25153
27726,586,826.00,493.00,0,25161
27606,584,827.00,509.00,0,25169
27488,581,825.00,493.00,0,25179
27364,580,826.00,508.00,0,25187
27237,578,818.00,493.00,0,25196
27110,575,825.00,509.00,0,25204
26984,572,801.00,509.00,0,25212
26857,570,797.00,509.00,0,25222
26734,566,813.00,493.00,0,25230
26615,564,822.00,493.00,0,25238
26497,564,826.00,508.00,0,25247
26376,562,826.00,493.00,0,25255
26253,562,821.00,492.00,0,25265
26130,560,826.00,492.00,0,25273
26006,558,815.00,493.00,0,25281
25883,556,818.00,510.00,0,25290
25761,554,825.00,492.00,0,25298
25642,551,826.00,493.00,0,25307
25524,549,826.00,510.00,0,25316
25404,547,825.00,492.00,0,25324
25278,546,826.00,494.00,0,25333
25150,543,817.00,509.00,0,25341
25024,540,804.00,493.00,0,25350
24897,537,801.00,509.00,0,25359
24772,534,826.00,493.00,0,25367
24651,531,819.00,492.00,0,25375
24534,529,825.00,492.00,0,25384
24415,528,827.00,493.00,0,25393
24292,527,822.00,492.00,0,25402
24166,526,816.00,509.00,0,25410
24042,524,814.00,493.00,0,25418
23917,522,812.00,492.00,0,25427
23794,519,826.00,493.00,0,25436
23674,517,826.00,509.00,0,25444
23558,515,825.00,475.00,0,25453
23438,514,826.00,509.00,0,25461
23315,512,826.00,510.00,0,25470
23188,510,816.00,509.00,0,25479
23062,508,816.00,493.00,0,25487
22935,504,812.00,509.00,0,25496
22810,500,808.00,493.00,0,25504
22688,498,823.00,509.00,0,25513
22571,496,825.00,492.00,0,25522
22454,494,826.00,476.00,0,25530
22333,493,826.00,509.00,0,25539
22208,492,820.00,510.00,0,25547
22083,491,826.00,509.00,0,25555
21957,489,821.00,509.00,0,25565
21833,486,820.00,493.00,0,25573
21712,484,826.00,493.00,0,25582
21595,482,826.00,492.00,0,25590
21478,480,826.00,509.00,0,25598
21354,479,826.00,493.00,0,25608
21228,477,819.00,509.00,0,25616
21100,474,825.00,482.00,0,25624
20972,472,808.00,509.00,0,25633
20846,468,805.00,496.00,0,25641
20723,465,823.00,493.00,0,25651
20605,462,825.00,492.00,0,25659
20488,461,826.00,493.00,0,25667
20370,460,826.00,504.00,0,25676
20246,460,826.00,489.00,0,25684
20121,459,826.00,482.00,0,25693
19996,457,818.00,492.00,0,25702
19872,455,819.00,509.00,0,25710
19750,452,826.00,506.00,0,25719
19634,450,826.00,492.00,0,25728
19519,448,826.00,492.00,0,25736
19399,447,826.00,492.00,0,25745
19274,445,826.00,509.00,0,25753
19145,443,825.00,509.00,0,25762
19016,440,807.00,492.00,0,25771
18886,436,803.00,509.00,0,25779
18760,432,826.00,493.00,0,25788
18640,429,823.00,493.00,0,25796
18524,426,826.00,506.00,0,25804
18406,426,827.00,509.00,0,25814
18282,424,826.00,510.00,0,25822
18156,424,823.00,493.00,0,25831
18030,422,816.00,509.00,0,25839
17905,421,815.00,493.00,0,25847
17784,420,826.00,509.00,0,25857
17667,418,826.00,493.00,0,25865
17554,416,826.00,493.00,0,25873
17438,416,825.00,509.00,0,25882
17314,414,826.00,492.00,0,25890
17187,412,826.00,509.00,0,25900
17058,408,826.00,508.00,0,25908
16928,404,820.00,509.00,0,25916
16801,400,821.00,493.00,0,25925
16679,396,822.00,510.00,0,25933
16562,392,826.00,493.00,0,25942
16446,390,826.00,492.00,0,25951
16324,390,826.00,509.00,0,25959
16198,389,826.00,509.00,0,25968
16071,388,826.00,492.00,0,25976
15944,388,819.00,492.00,0,25985
15822,386,825.00,493.00,0,25994
15704,385,826.00,492.00,0,26002
15590,384,827.00,493.00,0,26011
15476,382,825.00,492.00,0,26019
15354,381,826.00,493.00,0,26028
15226,378,826.00,509.00,0,26037
15095,376,825.00,493.00,0,26045
14964,372,804.00,493.00,0,26053
14834,367,804.00,509.00,0,26062
14711,363,822.00,508.00,0,26071
14595,359,826.00,493.00,0,26080
14480,356,826.00,492.00,0,26088
14362,355,826.00,493.00,0,26096
14238,354,826.00,509.00,0,26105
14112,354,826.00,493.00,0,26114
13986,353,823.00,494.00,0,26122
13862,352,823.00,493.00,0,26131
13744,350,825.00,492.00,0,26139
13632,350,827.00,493.00,0,26148
13516,348,825.00,492.00,0,26157
13393,348,826.00,510.00,0,26165
13262,346,826.00,509.00,0,26174
13126,342,807.00,492.00,0,26182
12992,338,783.00,509.00,0,26190
12860,334,777.00,492.00,0,26200
12738,329,812.00,493.00,0,26208
12624,325,826.00,493.00,0,26217
12513,322,825.00,492.00,0,26225
12400,320,825.00,509.00,0,26233
12280,318,826.00,509.00,0,26243
12156,318,826.00,510.00,0,26251
12031,318,826.00,509.00,0,26260
11907,317,826.00,492.00,0,26268
11789,316,826.00,493.00,0,26276
11676,316,826.00,492.00,0,26286
11558,314,826.00,476.00,0,26294
11431,314,826.00,492.00,0,26302
11296,312,816.00,509.00,0,26311
11158,310,764.00,509.00,0,26319
11021,306,615.00,509.00,0,26329
10893,302,781.00,507.00,0,26337
10773,296,826.00,493.00,0,26345
10662,292,825.00,476.00,0,26354
10557,288,825.00,493.00,0,26362
10443,286,826.00,492.00,0,26371
10320,284,825.00,508.00,0,26380
10190,284,824.00,493.00,0,26388
10062,284,825.00,492.00,0,26397
9935,283,826.00,492.00,0,26405
9818,283,825.00,493.00,0,26414
9711,282,826.00,493.00,0,26422
9604,282,826.00,493.00,0,26430
9483,282,826.00,492.00,0,26438
9356,281,827.00,509.00,0,26446
9222,279,789.00,508.00,0,26455
9088,276,792.00,509.00,0,26464
8960,272,763.00,492.00,0,26472
8841,267,802.00,509.00,0,26480
8730,262,826.00,492.00,0,26488
8629,258,826.00,493.00,0,26497
8524,254,825.00,509.00,0,26505
8407,252,827.00,493.00,0,26513
8282,250,826.00,509.00,0,26521
8153,249,819.00,526.00,0,26530
8026,248,803.00,509.00,0,26539
7905,248,821.00,493.00,0,26547
7794,248,826.00,475.00,0,26555
7691,248,827.00,493.00,0,26563
7580,247,826.00,493.00,0,26571
7458,247,826.00,509.00,0,26579
7329,246,815.00,493.00,0,26588
7193,244,732.00,508.00,0,26597
7060,242,697.00,509.00,0,26605
6937,238,792.00,493.00,0,26613
6821,233,825.00,492.00,0,26621
6717,228,827.00,493.00,0,26630
6618,223,826.00,492.00,0,26638
6504,220,826.00,509.00,0,26646
6382,216,826.00,509.00,0,26654
6252,214,814.00,508.00,0,26663
6122,213,810.00,526.00,0,26672
5996,212,794.00,491.00,0,26680
5879,212,826.00,493.00,0,26688
5776,212,826.00,475.00,0,26696
5673,212,826.00,509.00,0,26704
5556,212,826.00,493.00,0,26713
5432,212,826.00,475.00,0,26721
5301,212,808.00,525.00,0,26730
5164,211,635.00,509.00,0,26738
5034,209,684.00,493.00,0,26746
4914,205,796.00,493.00,0,26755
4804,201,826.00,510.00,0,26763
4705,196,826.00,459.00,0,26771
4602,191,825.00,475.00,0,26779
4482,187,826.00,509.00,0,26787
4358,184,826.00,509.00,0,26797
4230,181,815.00,509.00,0,26805
4102,180,826.00,509.00,0,26813
3982,179,822.00,493.00,0,26821
3874,179,826.00,493.00,0,26829
3773,179,826.00,493.00,0,26838
3656,179,826.00,493.00,0,26846
3536,180,827.00,477.00,0,26854
3410,181,826.00,492.00,0,26863
3278,181,806.00,509.00,0,26871
3142,181,652.00,509.00,0,26880
3014,180,764.00,510.00,0,26888
2896,177,804.00,493.00,0,26896
2789,173,826.00,493.00,0,26904
2691,168,826.00,476.00,0,26912
2582,163,826.00,509.00,0,26920
2462,159,826.00,509.00,0,26930
2338,155,825.00,525.00,0,26938
2210,151,816.00,493.00,0,26946
2085,149,826.00,509.00,0,26954
1968,147,826.00,493.00,0,26962
1866,145,826.00,493.00,0,26971
1757,145,826.00,508.00,0,26979
1638,144,826.00,492.00,0,26987
1516,144,826.00,493.00,0,26996
1386,144,826.00,509.00,0,27004
1248,145,765.00,509.00,0,27013
1112,145,698.00,509.00,0,27021
990,145,790.00,509.00,0,27029
880,143,823.00,493.00,0,27037
783,141,826.00,475.00,0,27045
686,138,825.00,492.00,0,27053
576,135,826.00,493.00,0,27061
459,132,826.00,493.00,0,27069
340,129,826.00,509.00,0,27077
214,126,815.00,509.00,0,27085
88,123,822.00,492.00,0,27094
-14,121,0.00,475.00,0,27101
-40,119,0.00,408.00,0,27108
6,117,304.00,375.00,0,27116
86,115,811.00,341.00,0,27123
166,113,535.00,342.00,0,27131
254,111,228.00,325.00,0,27140
360,110,587.00,325.00,0,27148
472,109,666.00,308.00,0,27156
584,109,788.00,308.00,0,27164
704,109,809.00,308.00,0,27171
831,109,825.00,309.00,0,27180
960,109,826.00,308.00,0,27188
1078,111,825.00,325.00,0,27196
1183,111,722.00,327.00,0,27204
1280,113,0.00,341.00,0,27212
1388,114,407.00,309.00,0,27220
1508,115,686.00,325.00,0,27229
1627,118,742.00,325.00,0,27237
1754,120,822.00,308.00,0,27246
1892,123,825.00,308.00,0,27254
2028,124,825.00,308.00,0,27262
2148,125,825.00,324.00,0,27271
2252,126,763.00,324.00,0,27279
2351,126,332.00,325.00,0,27287
2465,126,578.00,308.00,0,27295
2586,126,793.00,325.00,0,27303
2708,124,812.00,308.00,0,27313
2837,123,825.00,326.00,0,27321
2964,122,820.00,325.00,0,27329
3080,120,813.00,326.00,0,27337
3182,120,406.00,341.00,0,27345
3290,119,96.00,325.00,0,27354
3405,119,544.00,325.00,0,27362
3524,119,670.00,325.00,0,27370
3645,121,777.00,325.00,0,27378
3774,125,817.00,308.00,0,27386
3908,128,826.00,308.00,0,27396
4039,131,825.00,325.00,0,27404
4155,134,819.00,342.00,0,27412
4258,137,490.00,358.00,0,27420
4363,139,375.00,341.00,0,27428
4482,140,689.00,308.00,0,27437
4602,141,766.00,326.00,0,27445
4724,142,810.00,308.00,0,27453
4852,142,823.00,308.00,0,27462
4976,142,812.00,308.00,0,27470
5088,142,733.00,325.00,0,27479
5193,141,319.00,341.00,0,27487
5307,140,378.00,308.00,0,27495
5426,140,500.00,307.00,0,27503
5546,140,694.00,308.00,0,27511
5668,142,792.00,308.00,0,27520
5797,146,823.00,308.00,0,27529
5930,149,818.00,308.00,0,27537
6057,152,825.00,308.00,0,27545
6170,155,809.00,324.00,0,27553
6271,158,237.00,325.00,0,27561
6384,160,511.00,341.00,0,27570
6503,162,764.00,308.00,0,27578
6622,164,642.00,308.00,0,27586
6746,166,808.00,308.00,0,27595
6873,166,819.00,308.00,0,27603
6998,166,816.00,309.00,0,27612
7110,166,710.00,341.00,0,27620
7216,166,344.00,341.00,0,27628
7330,166,388.00,325.00,0,27636
7442,167,825.00,325.00,0,27644
7536,169,825.00,325.00,0,27653
7622,172,825.00,341.00,0,27662
7706,177,825.00,342.00,0,27670
7795,182,825.00,341.00,0,27678
7887,186,825.00,341.00,0,27686
7978,188,826.00,341.00,0,27695
8063,190,826.00,341.00,0,27703
8138,192,826.00,375.00,0,27711
8202,192,826.00,358.00,0,27719
8252,192,825.00,375.00,0,27728
8286,190,825.00,391.00,0,27737
8306,190,825.00,391.00,0,27745
8312,188,826.00,409.00,0,27753
8304,187,826.00,426.00,0,27761
8281,187,826.00,425.00,0,27769
8246,187,825.00,442.00,0,27778
8200,187,826.00,443.00,0,27786
8147,187,825.00,459.00,0,27795
8088,187,826.00,458.00,0,27803
8028,187,826.00,459.00,0,27811
7969,187,826.00,459.00,0,27820
7916,186,826.00,442.00,0,27828
7869,184,826.00,442.00,0,27836
7832,183,825.00,425.00,0,27844
7804,182,825.00,426.00,0,27852
7786,182,825.00,408.00,0,27862
7779,182,825.00,408.00,0,27870
7779,182,825.00,408.00,0,27878
7790,183,826.00,395.00,0,27886
7809,184,825.00,374.00,0,27894
7835,185,826.00,392.00,0,27902
7866,186,825.00,375.00,0,27911
7902,186,826.00,391.00,0,27919
7940,186,825.00,377.00,0,27928
7977,185,825.00,391.00,0,27936
8012,185,825.00,375.00,0,27944
8042,183,826.00,391.00,0,27953
8065,182,825.00,375.00,0,27961
8080,181,825.00,398.00,0,27969
8086,181,826.00,408.00,0,27977
8084,181,826.00,409.00,0,27985
8072,181,825.00,408.00,0,27995
8054,182,825.00,425.00,0,28003
8032,182,825.00,409.00,0,28011
8008,183,825.00,425.00,0,28019
7983,184,826.00,425.00,0,28027
7960,184,825.00,425.00,0,28036
7940,184,826.00,425.00,0,28044
7925,184,826.00,425.00,0,28052
7916,184,826.00,425.00,0,28061
7912,183,825.00,409.00,0,28069
7914,182,825.00,410.00,0,28078
7922,182,826.00,409.00,0,28086
7933,182,825.00,407.00,0,28094
7948,182,825.00,409.00,0,28102
7964,182,826.00,391.00,0,28110
7982,183,826.00,409.00,0,28119
7997,184,826.00,391.00,0,28128
8010,184,825.00,408.00,0,28136
8021,184,825.00,409.00,0,28144
8026,184,826.00,408.00,0,28152
8028,184,825.00,409.00,0,28161
8026,184,826.00,409.00,0,28169
8020,183,826.00,409.00,0,28177
8010,182,826.00,426.00,0,28185
7999,182,826.00,409.00,0,28194
7988,182,825.00,408.00,0,28203
7977,182,825.00,409.00,0,28211
7967,182,826.00,426.00,0,28219
7961,182,826.00,409.00,0,28227
7956,182,826.00,425.00,0,28235
7955,183,826.00,409.00,0,28243
7956,184,826.00,409.00,0,28252
7960,184,826.00,408.00,0,28261
7966,184,825.00,408.00,0,28269
7974,184,825.00,409.00,0,28277
7981,184,826.00,391.00,0,28285
7988,184,825.00,391.00,0,28294
7994,184,825.00,409.00,0,28302
7999,184,826.00,391.00,0,28310
8002,184,826.00,409.00,0,28318
8002,184,826.00,409.00,0,28327
8001,184,825.00,409.00,0,28336
7998,184,826.00,408.00,0,28344
7994,184,825.00,409.00,0,28352
7989,184,825.00,408.00,0,28360
7985,185,826.00,409.00,0,28368
7981,185,826.00,409.00,0,28377
7977,185,826.00,408.00,0,28385
7975,185,825.00,425.00,0,28394
7975,185,826.00,408.00,0,28402
7975,185,825.00,409.00,0,28410
7977,185,825.00,409.00,0,28419
7979,185,826.00,409.00,0,28427
7982,185,826.00,408.00,0,28435
7985,185,826.00,409.00,0,28443
7987,185,826.00,408.00,0,28451
7989,185,826.00,408.00,0,28461
7989,185,825.00,408.00,0,28469
7990,185,825.00,409.00,0,28477
7990,185,826.00,409.00,0,28485
7990,186,825.00,408.00,0,28493
7988,186,826.00,409.00,0,28502
7987,186,826.00,409.00,0,28510
7986,186,826.00,409.00,0,28518
7986,186,825.00,408.00,0,28527
7985,186,825.00,408.00,0,28535
7985,186,825.00,409.00,0,28544
7985,186,826.00,409.00,0,28552
7985,186,826.00,408.00,0,28560
7985,186,826.00,409.00,0,28568
7985,186,826.00,409.00,0,28576
7985,186,826.00,408.00,0,28584
7985,186,826.00,408.00,0,28594
7985,186,825.00,408.00,0,28602
7985,186,826.00,409.00,0,28610
7985,186,825.00,409.00,0,28618
7985,186,826.00,409.00,0,28626
7985,186,826.00,409.00,0,28635
7985,186,826.00,408.00,0,28643
7985,186,825.00,409.00,0,28651
7985,186,826.00,409.00,0,28660
7985,186,825.00,408.00,0,28668
7985,186,825.00,408.00,0,28677
7985,186,826.00,409.00,0,28685
7985,186,826.00,408.00,0,28693
7985,186,826.00,409.00,0,28701
7985,186,825.00,409.00,0,28709
7985,186,826.00,409.00,0,28718
7985,186,825.00,408.00,0,28727
7985,186,825.00,409.00,0,28735
7985,186,825.00,408.00,0,28743
7985,186,825.00,409.00,0,28751
7985,186,826.00,409.00,0,28760
7985,186,826.00,409.00,0,28768
7985,186,826.00,409.00,0,28776
7985,186,825.00,409.00,0,28784
7985,186,826.00,409.00,0,28793
7985,186,825.00,408.00,0,28802
7985,186,825.00,408.00,0,28810
7985,186,825.00,409.00,0,28818
7985,186,826.00,409.00,0,28826
7985,186,826.00,409.00,0,28834
7985,186,826.00,408.00,0,28843
7985,186,826.00,409.00,0,28851
7985,186,826.00,409.00,0,28860
7985,186,825.00,408.00,0,28868
7985,186,825.00,409.00,0,28876
7985,186,826.00,409.00,0,28884
7985,186,826.00,409.00,0,28893
7985,186,825.00,409.00,0,28901
7985,186,826.00,409.00,0,28909
7985,186,826.00,409.00,0,28917
7985,186,825.00,408.00,0,28926
7985,186,825.00,409.00,0,28935
7985,186,825.00,409.00,0,28943
7985,186,826.00,409.00,0,28951
7985,186,826.00,409.00,0,28959
7985,186,826.00,409.00,0,28967
7985,186,826.00,409.00,0,28976
7985,186,826.00,409.00,0,28984
7985,186,825.00,408.00,0,28993
7985,186,825.00,408.00,0,29001
7985,186,826.00,409.00,0,29009
7985,186,826.00,409.00,0,29018
7985,186,826.00,408.00,0,29026
7985,186,826.00,409.00,0,29034
7985,186,826.00,409.00,0,29042
7985,186,826.00,409.00,0,29050
7985,186,825.00,408.00,0,29060
7985,186,825.00,408.00,0,29068
7985,186,825.00,409.00,0,29076
7985,186,826.00,409.00,0,29084
7985,186,826.00,409.00,0,29092
7985,185,826.00,408.00,0,29101
7985,185,826.00,408.00,0,29109
7985,185