8.00,0,12505
-4,-3,826.00,408.00,0,12512
-4,-3,825.00,408.00,0,12520
-4,-3,826.00,408.00,0,12527
-4,-3,826.00,409.00,0,12534
-4,-3,826.00,408.00,0,12542
-4,-3,826.00,408.00,0,12550
-4,-3,826.00,409.00,0,12557
-4,-3,826.00,408.00,0,12565
-4,-3,826.00,408.00,0,12572
-4,-3,825.00,408.00,0,12579
-4,-3,825.00,408.00,0,12588
-4,-3,825.00,409.00,0,12595
-4,-3,826.00,408.00,0,12603
-4,-3,825.00,408.00,0,12610
-4,-3,826.00,409.00,0,12617
-4,-3,826.00,408.00,0,12625
-4,-3,825.00,409.00,0,12633
-4,-3,826.00,408.00,0,12640
-4,-3,826.00,408.00,0,12648
-4,-3,825.00,409.00,0,12655
-4,-3,826.00,409.00,0,12662
-4,-3,826.00,408.00,0,12670
-4,-3,826.00,408.00,0,12678
-4,-3,825.00,409.00,0,12686
-4,-3,826.00,408.00,0,12693
-4,-3,826.00,408.00,0,12700
-4,-3,826.00,409.00,0,12708
-4,-3,825.00,408.00,0,12716
-4,-3,826.00,409.00,0,12723
-4,-3,826.00,409.00,0,12731
-4,-3,826.00,409.00,0,12738
-4,-3,826.00,408.00,0,12745
-4,-3,826.00,408.00,0,12753
-4,-3,826.00,408.00,0,12761
-4,-3,826.00,408.00,0,12769
-4,-3,825.00,408.00,0,12776
-4,-3,826.00,408.00,0,12783
-4,-3,826.00,408.00,0,12791
-4,-3,826.00,409.00,0,12798
-4,-3,826.00,408.00,0,12806
-4,-3,826.00,409.00,0,12814
-4,-3,826.00,408.00,0,12821
-4,-3,826.00,409.00,0,12828
-4,-3,826.00,409.00,0,12836
-4,-3,825.00,408.00,0,12844
-4,-3,826.00,408.00,0,12852
-4,-3,825.00,408.00,0,12859
-4,-3,826.00,408.00,0,12866
-4,-3,826.00,408.00,0,12874
-4,-3,825.00,408.00,0,12881
-4,-3,826.00,408.00,0,12889
-4,-3,826.00,408.00,0,12897
-4,-3,826.00,408.00,0,12904
-4,-3,826.00,408.00,0,12911
-4,-3,826.00,408.00,0,12919
-4,-3,826.00,408.00,0,12926
-4,-3,826.00,408.00,0,12935
-4,-3,825.00,408.00,0,12942
-4,-3,826.00,408.00,0,12949
-4,-3,826.00,408.00,0,12957
-4,-3,825.00,408.00,0,12964
-4,-3,826.00,408.00,0,12972
-4,-3,826.00,408.00,0,12980
-4,-3,825.00,409.00,0,12987
-4,-3,825.00,408.00,0,12994
-4,-3,825.00,409.00,0,13002
-4,-3,825.00,409.00,0,13009
-4,-3,826.00,408.00,0,13018
-4,-3,825.00,408.00,0,13025
-4,-3,826.00,408.00,0,13032
-4,-3,826.00,409.00,0,13040
-4,-3,825.00,408.00,0,13047
-4,-3,826.00,408.00,0,13054
-4,-3,826.00,408.00,0,13063
-4,-3,826.00,408.00,0,13070
-4,-3,826.00,408.00,0,13077
-4,-3,825.00,408.00,0,13085
-4,-3,826.00,408.00,0,13092
-4,-3,826.00,408.00,0,13101
-4,-3,825.00,408.00,0,13108
-4,-3,826.00,408.00,0,13115
-4,-3,826.00,408.00,0,13123
-4,-3,825.00,408.00,0,13130
-4,-3,826.00,408.00,0,13137
-4,-3,826.00,409.00,0,13146
-4,-3,825.00,408.00,0,13153
-4,-3,826.00,408.00,0,13160
-4,-3,825.00,408.00,0,13168
-4,-3,826.00,408.00,0,13175
-4,-3,825.00,408.00,0,13184
-4,-3,825.00,408.00,0,13191
-4,-3,826.00,409.00,0,13198
-4,-3,826.00,408.00,0,13206
-4,-3,825.00,408.00,0,13213
-4,-3,827.00,408.00,0,13220
-4,-3,826.00,409.00,0,13229
-4,-3,826.00,409.00,0,13236
-4,-3,826.00,408.00,0,13243
-4,-3,826.00,408.00,0,13251
-4,-3,826.00,409.00,0,13258
-4,-3,826.00,409.00,0,13266
-4,-3,825.00,408.00,0,13274
-4,-3,826.00,408.00,0,13281
-4,-3,826.00,408.00,0,13289
-4,-3,825.00,408.00,0,13296
-4,-3,826.00,408.00,0,13303
-4,-3,825.00,409.00,0,13312
-4,-3,826.00,408.00,0,13319
-4,-3,826.00,409.00,0,13326
-4,-3,825.00,409.00,0,13334
-4,-3,826.00,408.00,0,13341
-4,-3,826.00,409.00,0,13349
-4,-3,825.00,408.00,0,13357
-4,-3,826.00,408.00,0,13364
-4,-3,826.00,408.00,0,13372
-4,-3,825.00,408.00,0,13379
-4,-3,826.00,408.00,0,13386
-4,-3,826.00,409.00,0,13394
-4,-3,826.00,408.00,0,13402
-4,-3,825.00,408.00,0,13409
-4,-3,826.00,408.00,0,13417
-4,-3,826.00,409.00,0,13424
-4,-3,826.00,408.00,0,13432
-4,-3,826.00,408.00,0,13440
-4,-3,825.00,408.00,0,13447
-4,-3,826.00,408.00,0,13455
-4,-3,826.00,408.00,0,13462
-4,-3,826.00,408.00,0,13469
-4,-3,826.00,409.00,0,13477
-4,-3,825.00,408.00,0,13485
-4,-3,825.00,408.00,0,13492
-4,-3,826.00,408.00,0,13500
-4,-3,826.00,408.00,0,13507
-4,-3,825.00,409.00,0,13515
-4,-3,825.00,408.00,0,13522
-4,-3,826.00,409.00,0,13530
-4,-3,825.00,408.00,0,13538
-4,-3,825.00,408.00,0,13545
-4,-3,825.00,408.00,0,13552
-4,-3,826.00,408.00,0,13560
-4,-3,826.00,408.00,0,13568
-4,-3,826.00,409.00,0,13575
-4,-3,826.00,408.00,0,13583
-4,-3,826.00,409.00,0,13590
-4,-3,826.00,408.00,0,13598
-4,-3,825.00,408.00,0,13605
-4,-3,825.00,408.00,0,13613
-4,-3,826.00,409.00,0,13621
-4,-3,825.00,408.00,0,13628
-4,-3,826.00,409.00,0,13635
-4,-3,826.00,408.00,0,13643
-4,-3,825.00,408.00,0,13650
-4,-3,826.00,408.00,0,13658
-4,-3,826.00,408.00,0,13666
-4,-3,826.00,409.00,0,13673
-4,-3,826.00,409.00,0,13681
-4,-3,825.00,408.00,0,13688
-4,-3,825.00,409.00,0,13696
-4,-3,826.00,409.00,0,13704
-4,-3,825.00,408.00,0,13711
-4,-3,826.00,409.00,0,13718
-4,-3,826.00,408.00,0,13726
-4,-3,826.00,408.00,0,13733
-4,-3,826.00,408.00,0,13741
-4,-3,826.00,408.00,0,13749
-4,-3,826.00,408.00,0,13756
-4,-3,826.00,408.00,0,13763
-4,-3,826.00,408.00,0,13771
-4,-3,826.00,408.00,0,13778
-4,-3,826.00,408.00,0,13787
-4,-3,825.00,409.00,0,13794
-4,-3,826.00,408.00,0,13801
-4,-3,826.00,408.00,0,13809
-4,-3,825.00,408.00,0,13816
-4,-3,826.00,408.00,0,13824
-4,-3,826.00,408.00,0,13832
-4,-3,826.00,408.00,0,13839
-4,-3,826.00,409.00,0,13846
-4,-3,825.00,409.00,0,13854
-4,-3,826.00,409.00,0,13861
-4,-3,826.00,408.00,0,13870
-4,-3,825.00,408.00,0,13877
-4,-3,826.00,408.00,0,13884
-4,-3,826.00,409.00,0,13892
-4,-3,825.00,408.00,0,13899
-4,-3,826.00,408.00,0,13906
-4,-3,826.00,408.00,0,13915
-4,-3,826.00,408.00,0,13922
-4,-3,826.00,409.00,0,13929
-4,-3,825.00,408.00,0,13937
-4,-3,826.00,408.00,0,13944
-4,-3,826.00,408.00,0,13953
-4,-3,825.00,408.00,0,13960
-4,-3,826.00,408.00,0,13967
-4,-3,826.00,408.00,0,13975
-4,-3,825.00,408.00,0,13982
-4,-3,826.00,408.00,0,13989
-4,-3,826.00,408.00,0,13998
-4,-3,826.00,408.00,0,14005
-4,-3,826.00,409.00,0,14012
-4,-3,825.00,408.00,0,14020
-4,-3,826.00,409.00,0,14027
-4,-3,825.00,408.00,0,14035
-4,-3,825.00,409.00,0,14043
-4,-3,825.00,408.00,0,14050
-4,-3,826.00,408.00,0,14058
-4,-3,825.00,409.00,0,14065
-4,-3,826.00,409.00,0,14072
-4,-3,826.00,408.00,0,14081
-4,-3,826.00,408.00,0,14088
-4,-3,826.00,408.00,0,14095
-4,-3,826.00,408.00,0,14103
-4,-3,826.00,408.00,0,14110
-4,-3,826.00,409.00,0,14118
-4,-3,825.00,408.00,0,14126
-4,-3,826.00,408.00,0,14133
-4,-3,826.00,408.00,0,14141
-4,-3,826.00,409.00,0,14148
-4,-3,826.00,409.00,0,14155
-4,-3,826.00,408.00,0,14163
-4,-3,826.00,408.00,0,14171
-4,-3,826.00,409.00,0,14178
-4,-3,826.00,408.00,0,14186
-4,-3,826.00,408.00,0,14193
-4,-3,826.00,409.00,0,14201
-4,-3,825.00,408.00,0,14209
-4,-3,826.00,408.00,0,14216
-4,-3,826.00,409.00,0,14224
-4,-3,825.00,408.00,0,14231
-4,-3,826.00,408.00,0,14238
-4,-3,826.00,408.00,0,14246
-4,-3,826.00,408.00,0,14254
-4,-3,826.00,408.00,0,14261
-4,-3,825.00,408.00,0,14269
-4,-3,825.00,408.00,0,14276
-4,-3,826.00,408.00,0,14284
-4,-3,826.00,408.00,0,14291
-4,-3,826.00,409.00,0,14299
-4,-3,826.00,408.00,0,14307
-4,-3,826.00,408.00,0,14314
-4,-3,826.00,409.00,0,14321
-4,-3,826.00,409.00,0,14329
-4,-3,826.00,408.00,0,14337
-4,-3,825.00,408.00,0,14344
-4,-3,825.00,408.00,0,14352
-4,-3,826.00,408.00,0,14359
-4,-3,826.00,408.00,0,14367
-4,-3,825.00,408.00,0,14374
-4,-3,826.00,409.00,0,14382
-4,-3,826.00,409.00,0,14390
-4,-3,825.00,408.00,0,14397
-4,-3,826.00,409.00,0,14404
-4,-3,826.00,408.00,0,14412
-4,-3,826.00,409.00,0,14419
-4,-3,826.00,409.00,0,14427
-4,-3,826.00,408.00,0,14435
-4,-3,826.00,408.00,0,14442
-4,-3,826.00,409.00,0,14450
-4,-3,826.00,408.00,0,14457
-4,-3,826.00,409.00,0,14465
-4,-3,826.00,408.00,0,14473
-4,-3,826.00,409.00,0,14480
-4,-3,826.00,408.00,0,14487
-4,-3,826.00,408.00,0,14495
-4,-3,825.00,408.00,0,14502
-4,-3,826.00,408.00,0,14510
-4,-3,826.00,408.00,0,14518
-4,-3,825.00,408.00,0,14525
-4,-3,825.00,409.00,0,14533
-4,-3,826.00,408.00,0,14540
-4,-3,826.00,409.00,0,14547
-4,-3,826.00,408.00,0,14556
-4,-3,825.00,408.00,0,14563
-4,-3,826.00,409.00,0,14570
-4,-3,826.00,408.00,0,14578
-4,-3,826.00,409.00,0,14585
-4,-3,825.00,409.00,0,14593
-4,-3,825.00,408.00,0,14601
-4,-3,826.00,409.00,0,14608
-4,-3,826.00,408.00,0,14616
-4,-3,826.00,408.00,0,14623
-4,-3,826.00,408.00,0,14630
-4,-3,826.00,409.00,0,14639
-4,-3,826.00,408.00,0,14646
-4,-3,826.00,408.00,0,14653
-4,-3,826.00,409.00,0,14661
-4,-3,825.00,408.00,0,14668
-4,-3,826.00,408.00,0,14675
-4,-3,826.00,408.00,0,14684
-4,-3,826.00,408.00,0,14691
-4,-3,826.00,409.00,0,14699
-4,-3,825.00,408.00,0,14706
-4,-3,826.00,408.00,0,14713
-4,-3,826.00,408.00,0,14722
-4,-3,825.00,409.00,0,14729
-4,-3,826.00,409.00,0,14736
-4,-3,826.00,409.00,0,14744
-4,-3,826.00,408.00,0,14751
-4,-3,826.00,409.00,0,14758
-4,-3,825.00,408.00,0,14767
-4,-3,826.00,409.00,0,14774
-4,-3,826.00,409.00,0,14782
-4,-3,825.00,408.00,0,14789
-4,-3,825.00,409.00,0,14796
-4,-3,826.00,408.00,0,14804
-4,-3,826.00,408.00,0,14812
-4,-3,826.00,409.00,0,14819
-4,-3,826.00,408.00,0,14827
-4,-3,825.00,408.00,0,14834
-4,-3,826.00,409.00,0,14841
-4,-3,825.00,408.00,0,14850
-4,-3,826.00,408.00,0,14857
-4,-3,826.00,409.00,0,14865
-4,-3,825.00,408.00,0,14872
-4,-3,826.00,409.00,0,14879
-4,-3,825.00,408.00,0,14887
-4,-3,825.00,408.00,0,14895
-4,-3,826.00,408.00,0,14902
-4,-3,826.00,408.00,0,14910
-4,-3,826.00,408.00,0,14917
-4,-3,825.00,409.00,0,14924
-4,-3,825.00,408.00,0,14932
-4,-3,825.00,409.00,0,14940
-4,-3,826.00,408.00,0,14948
-4,-3,825.00,408.00,0,14955
-4,-3,826.00,408.00,0,14962
-4,-3,826.00,408.00,0,14970
-4,-3,825.00,408.00,0,14978
-4,-3,826.00,408.00,0,14985
-4,-3,826.00,408.00,0,14993
-4,-3,825.00,408.00,0,15000
-4,-3,826.00,408.00,0,15007
-4,-3,825.00,408.00,0,15015
-4,-3,826.00,408.00,0,15023
-4,-3,826.00,408.00,0,15031
-4,-3,825.00,408.00,0,15038
-4,-3,826.00,408.00,0,15045
-4,-3,826.00,409.00,0,15053
-4,-3,825.00,409.00,0,15060
-4,-3,826.00,409.00,0,15068
-4,-3,826.00,409.00,0,15076
-4,-3,826.00,409.00,0,15083
-4,-3,825.00,408.00,0,15090
-4,-3,826.00,408.00,0,15098
-4,-3,826.00,408.00,0,15106
-4,-3,825.00,409.00,0,15114
-4,-3,825.00,408.00,0,15121
-4,-3,825.00,409.00,0,15128
-4,-3,826.00,409.00,0,15136
-4,-3,825.00,408.00,0,15143
-4,-3,826.00,408.00,0,15151
-4,-3,826.00,409.00,0,15159
-4,-3,826.00,408.00,0,15166
-4,-3,826.00,409.00,0,15173
-4,-3,825.00,408.00,0,15181
-4,-3,826.00,408.00,0,15188
-4,-3,826.00,408.00,0,15197
-4,-3,825.00,408.00,0,15204
-4,-3,826.00,408.00,0,15211
-4,-3,826.00,408.00,0,15219
-4,-3,825.00,409.00,0,15226
-4,-3,826.00,408.00,0,15234
-4,-3,826.00,408.00,0,15242
-4,-3,826.00,408.00,0,15249
-4,-3,826.00,409.00,0,15256
-4,-3,826.00,409.00,0,15264
-4,-3,826.00,409.00,0,15271
-4,-3,826.00,408.00,0,15280
-4,-3,825.00,408.00,0,15287
-4,-3,826.00,408.00,0,15294
-4,-3,826.00,409.00,0,15302
-4,-3,825.00,408.00,0,15309
-4,-3,826.00,408.00,0,15316
-4,-3,826.00,408.00,0,15325
-4,-3,826.00,408.00,0,15332
-4,-3,826.00,409.00,0,15339
-4,-3,826.00,408.00,0,15347
-4,-3,826.00,409.00,0,15354
-4,-3,826.00,408.00,0,15363
-4,-3,826.00,408.00,0,15370
-4,-3,826.00,409.00,0,15377
-4,-3,826.00,408.00,0,15385
-4,-3,825.00,408.00,0,15392
-4,-3,826.00,408.00,0,15399
-4,-3,826.00,409.00,0,15408
-4,-3,825.00,408.00,0,15415
-4,-3,826.00,409.00,0,15422
-4,-3,826.00,409.00,0,15430
-4,-3,826.00,409.00,0,15437
-4,-3,826.00,408.00,0,15446
-4,-3,825.00,408.00,0,15453
-4,-3,826.00,408.00,0,15460
-4,-3,826.00,408.00,0,15468
-4,-3,825.00,409.00,0,15475
-4,-3,826.00,408.00,0,15482
-4,-3,826.00,408.00,0,15491
-4,-3,826.00,408.00,0,15498
-4,-3,826.00,409.00,0,15505
-4,-3,826.00,408.00,0,15513
-4,-3,826.00,408.00,0,15520
-4,-3,826.00,409.00,0,15528
-4,-3,826.00,408.00,0,15536
-4,-3,825.00,408.00,0,15543
-4,-3,826.00,408.00,0,15551
-4,-3,825.00,408.00,0,15558
-4,-3,825.00,408.00,0,15565
-4,-3,826.00,408.00,0,15574
-4,-3,825.00,408.00,0,15581
-4,-3,825.00,408.00,0,15588
-4,-3,826.00,408.00,0,15596
-4,-3,826.00,409.00,0,15603
-4,-3,825.00,409.00,0,15611
-4,-3,825.00,408.00,0,15619
-4,-3,825.00,408.00,0,15626
-4,-3,825.00,408.00,0,15634
-4,-3,825.00,408.00,0,15641
-4,-3,826.00,408.00,0,15648
-4,-3,826.00,409.00,0,15656
-4,-3,826.00,408.00,0,15664
-4,-3,826.00,408.00,0,15671
-4,-3,827.00,408.00,0,15679
-4,-4,826.00,408.00,0,15686
-4,-4,826.00,408.00,0,15693
-4,-4,826.00,408.00,0,15702
-4,-4,826.00,408.00,0,15709
-4,-4,826.00,408.00,0,15717
-4,-4,825.00,409.00,0,15724
-4,-4,826.00,408.00,0,15731
-4,-4,826.00,409.00,0,15739
-4,-4,825.00,408.00,0,15747
-4,-4,826.00,408.00,0,15754
-4,-4,826.00,408.00,0,15762
-4,-4,826.00,408.00,0,15769
-4,-4,826.00,408.00,0,15776
-4,-4,825.00,408.00,0,15784
-4,-4,826.00,409.00,0,15792
-4,-4,826.00,408.00,0,15800
-4,-4,825.00,408.00,0,15807
-4,-4,826.00,408.00,0,15814
-4,-4,826.00,409.00,0,15822
-4,-4,825.00,408.00,0,15830
-4,-4,826.00,409.00,0,15837
-4,-5,826.00,408.00,0,15845
-4,-5,826.00,409.00,0,15852
-4,-5,826.00,409.00,0,15859
-4,-5,826.00,408.00,0,15867
-4,-5,826.00,409.00,0,15875
-4,-5,826.00,408.00,0,15883
-4,-5,825.00,408.00,0,15890
-4,-5,826.00,408.00,0,15897
-4,-5,826.00,408.00,0,15905
-4,-5,825.00,408.00,0,15912
-4,-5,826.00,409.00,0,15920
-4,-5,826.00,408.00,0,15928
-4,-5,826.00,408.00,0,15935
-4,-5,826.00,409.00,0,15942
-4,-5,825.00,409.00,0,15950
-4,-5,826.00,409.00,0,15958
-4,-5,826.00,409.00,0,15966
-4,-5,825.00,409.00,0,15973
-4,-5,826.00,409.00,0,15980
-4,-5,826.00,408.00,0,15988
-4,-5,825.00,408.00,0,15995
-4,-5,826.00,408.00,0,16003
-4,-5,826.00,408.00,0,16011
-4,-5,826.00,408.00,0,16018
-4,-5,826.00,408.00,0,16025
-4,-5,826.00,408.00,0,16033
-4,-5,826.00,408.00,0,16040
-4,-5,825.00,408.00,0,16049
-4,-5,825.00,408.00,0,16056
-4,-5,826.00,409.00,0,16063
-4,-5,825.00,408.00,0,16071
-4,-5,825.00,409.00,0,16078
-4,-5,825.00,409.00,0,16086
-4,-5,825.00,408.00,0,16094
-4,-5,826.00,408.00,0,16101
-4,-5,826.00,409.00,0,16108
-4,-5,826.00,408.00,0,16116
-4,-5,826.00,408.00,0,16123
-4,-5,826.00,409.00,0,16132
-4,-5,825.00,408.00,0,16139
-4,-5,826.00,408.00,0,16146
-4,-5,826.00,408.00,0,16154
-4,-5,825.00,408.00,0,16161
-4,-5,825.00,408.00,0,16168
-4,-5,826.00,408.00,0,16177
-4,-5,825.00,408.00,0,16184
-4,-5,826.00,409.00,0,16191
-4,-5,826.00,408.00,0,16199
-4,-5,826.00,409.00,0,16206
-4,-5,826.00,408.00,0,16215
-4,-5,825.00,408.00,0,16222
-4,-5,826.00,408.00,0,16229
-4,-5,826.00,409.00,0,16237
-4,-5,825.00,408.00,0,16244
-4,-5,826.00,409.00,0,16251
-4,-5,826.00,409.00,0,16260
-4,-5,825.00,408.00,0,16267
-4,-5,825.00,408.00,0,16274
-4,-5,826.00,408.00,0,16282
-4,-5,825.00,408.00,0,16289
-4,-5,826.00,409.00,0,16297
-4,-5,825.00,409.00,0,16305
-4,-5,826.00,408.00,0,16312
-4,-5,826.00,409.00,0,16320
-4,-5,825.00,408.00,0,16327
-4,-5,826.00,409.00,0,16334
-4,-5,826.00,408.00,0,16343
-4,-5,826.00,408.00,0,16350
-4,-5,826.00,409.00,0,16357
-4,-5,825.00,408.00,0,16365
-4,-5,826.00,409.00,0,16372
-4,-5,826.00,409.00,0,16380
-4,-5,825.00,408.00,0,16388
-4,-5,826.00,408.00,0,16395
-4,-5,826.00,408.00,0,16403
-4,-5,826.00,408.00,0,16410
-4,-5,826.00,408.00,0,16417
-4,-5,826.00,408.00,0,16425
-4,-5,825.00,408.00,0,16433
-4,-5,826.00,408.00,0,16440
-4,-5,826.00,408.00,0,16448
-4,-5,826.00,408.00,0,16455
-4,-5,826.00,409.00,0,16463
-4,-5,825.00,408.00,0,16471
-4,-5,826.00,409.00,0,16478
-4,-5,825.00,409.00,0,16486
-4,-5,825.00,409.00,0,16493
-4,-5,826.00,408.00,0,16500
-4,-5,825.00,408.00,0,16508
-4,-5,826.00,409.00,0,16516
-4,-5,826.00,408.00,0,16523
-4,-5,825.00,408.00,0,16531
-4,-5,826.00,408.00,0,16538
-4,-5,826.00,408.00,0,16546
-4,-5,825.00,408.00,0,16553
-4,-5,826.00,409.00,0,16561
-4,-5,826.00,409.00,0,16569
-4,-5,826.00,409.00,0,16576
-4,-5,826.00,408.00,0,16583
-4,-5,825.00,409.00,0,16591
-4,-5,826.00,408.00,0,16599
-4,-5,826.00,409.00,0,16606
-4,-5,826.00,409.00,0,16614
-4,-5,826.00,409.00,0,16621
-4,-5,826.00,409.00,0,16629
-4,-5,825.00,408.00,0,16636
-4,-5,826.00,409.00,0,16644
-4,-5,826.00,409.00,0,16652
-4,-5,825.00,409.00,0,16659
-4,-5,825.00,409.00,0,16666
-4,-5,825.00,408.00,0,16674
-4,-5,826.00,409.00,0,16681
-4,-5,825.00,409.00,0,16689
-4,-5,825.00,408.00,0,16697
-4,-5,826.00,408.00,0,16704
-4,-5,825.00,409.00,0,16712
-4,-5,826.00,408.00,0,16719
-4,-5,826.00,409.00,0,16727
-4,-5,826.00,409.00,0,16735
-4,-5,826.00,408.00,0,16742
-4,-5,826.00,408.00,0,16749
-4,-5,826.00,409.00,0,16757
-4,-5,826.00,409.00,0,16764
-4,-5,826.00,408.00,0,16772
-4,-5,826.00,408.00,0,16780
-4,-5,825.00,409.00,0,16787
-4,-5,825.00,409.00,0,16795
-4,-5,825.00,408.00,0,16802
-4,-5,825.00,409.00,0,16809
-4,-5,826.00,408.00,0,16818
-4,-5,825.00,409.00,0,16825
-4,-5,826.00,409.00,0,16832
-4,-5,826.00,409.00,0,16840
-4,-5,825.00,409.00,0,16847
-4,-5,826.00,408.00,0,16855
-4,-5,826.00,408.00,0,16863
-5,-5,826.00,409.00,0,16870
-5,-5,826.00,408.00,0,16878
-5,-5,826.00,408.00,0,16885
-5,-5,826.00,409.00,0,16892
-5,-5,826.00,409.00,0,16901
-5,-5,825.00,409.00,0,16908
-5,-5,826.00,409.00,0,16915
-5,-5,826.00,409.00,0,16923
-5,-5,826.00,408.00,0,16930
-5,-5,826.00,409.00,0,16937
-5,-5,825.00,408.00,0,16946
-5,-5,826.00,409.00,0,16953
-5,-5,826.00,409.00,0,16961
-5,-5,825.00,408.00,0,16968
-5,-5,826.00,409.00,0,16975
-5,-5,826.00,409.00,0,16984
-5,-5,825.00,409.00,0,16991
-5,-5,826.00,409.00,0,16998
-5,-5,826.00,409.00,0,17006
-5,-5,825.00,409.00,0,17013
-5,-5,826.00,408.00,0,17020
-5,-5,826.00,408.00,0,17029
-5,-5,826.00,409.00,0,17036
-5,-5,826.00,408.00,0,17044
-5,-5,825.00,408.00,0,17051
-5,-5,826.00,409.00,0,17058
-5,-5,826.00,408.00,0,17067
-5,-5,825.00,408.00,0,17074
-5,-5,826.00,408.00,0,17081
-5,-5,826.00,408.00,0,17089
-5,-5,826.00,409.00,0,17096
-5,-5,826.00,408.00,0,17103
-5,-5,825.00,408.00,0,17112
-5,-5,826.00,408.00,0,17119
-5,-5,826.00,408.00,0,17127
-5,-5,825.00,408.00,0,17134
-5,-5,826.00,408.00,0,17141
-5,-5,825.00,409.00,0,17149
-5,-5,825.00,408.00,0,17157
-5,-5,825.00,408.00,0,17164
-5,-5,826.00,408.00,0,17172
-5,-5,826.00,409.00,0,17179
-5,-5,825.00,408.00,0,17186
-5,-5,826.00,409.00,0,17195
-5,-5,826.00,409.00,0,17202
-5,-5,826.00,408.00,0,17210
-5,-5,825.00,408.00,0,17217
-5,-5,825.00,408.00,0,17224
-5,-5,826.00,408.00,0,17232
-5,-5,825.00,408.00,0,17240
-5,-5,826.00,408.00,0,17247
-5,-5,826.00,409.00,0,17255
-5,-5,826.00,408.00,0,17262
-5,-5,826.00,408.00,0,17269
-5,-5,826.00,408.00,0,17277
-5,-5,826.00,408.00,0,17285
-5,-5,826.00,408.00,0,17293
-5,-5,825.00,408.00,0,17300
-5,-5,825.00,408.00,0,17307
-5,-5,826.00,409.00,0,17315
-5,-5,825.00,408.00,0,17323
-5,-5,826.00,408.00,0,17330
-5,-5,826.00,409.00,0,17338
-5,-5,825.00,408.00,0,17345
-5,-5,825.00,409.00,0,17352
-5,-5,826.00,408.00,0,17360
-5,-5,826.00,409.00,0,17368
-5,-5,826.00,409.00,0,17376
-5,-5,825.00,408.00,0,17383
-5,-5,825.00,408.00,0,17390
-5,-5,825.00,409.00,0,17398
-5,-5,825.00,408.00,0,17405
-5,-5,826.00,408.00,0,17413
-5,-5,826.00,409.00,0,17421
-5,-5,825.00,408.00,0,17428
-5,-5,826.00,409.00,0,17435
-5,-5,826.00,408.00,0,17443
-5,-5,826.00,408.00,0,17451
-5,-5,826.00,409.00,0,17459
-5,-5,826.00,408.00,0,17466
-5,-5,826.00,408.00,0,17473
-5,-5,826.00,409.00,0,17481
-5,-5,825.00,409.00,0,17488
-5,-5,825.00,409.00,0,17496
-5,-5,826.00,408.00,0,17504
-5,-5,825.00,409.00,0,17511
-5,-5,826.00,409.00,0,17518
-5,-5,826.00,408.00,0,17526
-5,-5,826.00,409.00,0,17533
-5,-5,826.00,409.00,0,17542
-5,-5,825.00,408.00,0,17549
-5,-5,826.00,409.00,0,17556
-5,-5,826.00,409.00,0,17564
-5,-5,825.00,408.00,0,17571
-5,-5,826.00,408.00,0,17579
-5,-5,826.00,409.00,0,17587
-5,-5,825.00,409.00,0,17594
-5,-5,826.00,408.00,0,17601
-5,-5,826.00,408.00,0,17609
-5,-5,826.00,409.00,0,17616
-5,-5,826.00,408.00,0,17624
7,-5,0.00,392.00,0,17631
63,-5,0.00,325.00,0,17638
155,-5,374.00,324.00,0,17646
255,-5,359.00,341.00,0,17653
353,-5,39.00,341.00,0,17661
459,-5,282.00,341.00,0,17669
575,-3,570.00,309.00,0,17677
690,-1,799.00,325.00,0,17684
813,3,826.00,308.00,0,17692
947,5,825.00,309.00,0,17699
1069,7,825.00,325.00,0,17708
1181,9,826.00,325.00,0,17715
1285,9,826.00,325.00,0,17723
1382,9,767.00,342.00,0,17731
1474,8,319.00,325.00,0,17738
1578,6,491.00,309.00,0,17746
1688,3,734.00,325.00,0,17754
1799,0,789.00,325.00,0,17762
1913,-2,807.00,325.00,0,17770
2031,-2,802.00,342.00,0,17778
2138,-3,427.00,325.00,0,17786
2244,-3,55.00,326.00,0,17794
2353,-1,296.00,307.00,0,17802
2470,3,360.00,308.00,0,17810
2584,7,541.00,324.00,0,17817
2701,12,793.00,308.00,0,17825
2825,17,820.00,308.00,0,17833
2961,22,826.00,291.00,0,17842
3095,26,825.00,308.00,0,17850
3213,29,827.00,309.00,0,17858
3320,30,816.00,341.00,0,17866
3415,31,350.00,325.00,0,17874
3517,31,362.00,325.00,0,17882
3629,28,613.00,325.00,0,17890
3743,25,631.00,325.00,0,17898
3859,21,800.00,325.00,0,17906
3976,19,803.00,325.00,0,17914
4087,17,548.00,325.00,0,17923
4194,17,242.00,325.00,0,17931
4305,17,214.00,325.00,0,17938
4421,19,185.00,308.00,0,17946
4538,23,448.00,309.00,0,17954
4658,27,696.00,291.00,0,17963
4778,33,790.00,308.00,0,17971
4907,39,826.00,307.00,0,17979
5043,43,826.00,308.00,0,17987
5170,47,826.00,308.00,0,17995
5281,51,822.00,325.00,0,18002
5375,53,428.00,341.00,0,18011
5475,53,166.00,325.00,0,18019
5588,53,500.00,308.00,0,18027
5703,51,695.00,325.00,0,18035
5817,49,781.00,325.00,0,18043
5935,47,734.00,308.00,0,18052
6049,45,732.00,325.00,0,18060
6158,43,405.00,324.00,0,18067
6267,43,202.00,325.00,0,18075
6381,43,251.00,325.00,0,18083
6497,45,338.00,325.00,0,18092
6615,48,457.00,308.00,0,18100
6735,52,737.00,325.00,0,18108
6859,57,817.00,308.00,0,18116
6991,62,826.00,308.00,0,18124
7122,67,825.00,308.00,0,18131
7243,73,826.00,325.00,0,18140
7343,79,718.00,341.00,0,18148
7436,83,0.00,341.00,0,18155
7539,88,413.00,308.00,0,18163
7656,93,691.00,325.00,0,18171
7769,98,650.00,335.00,0,18180
7887,103,802.00,325.00,0,18188
8009,107,802.00,308.00,0,18196
8125,112,680.00,342.00,0,18204
8237,117,308.00,325.00,0,18213
8352,121,442.00,309.00,0,18222
8471,125,442.00,308.00,0,18230
8591,130,451.00,325.00,0,18238
8713,135,720.00,308.00,0,18246
8837,141,807.00,325.00,0,18254
8967,145,824.00,291.00,0,18263
9098,150,819.00,308.00,0,18271
9220,154,822.00,325.00,0,18280
9329,157,734.00,325.00,0,18288
9433,159,76.00,307.00,0,18296
9546,161,523.00,308.00,0,18305
9665,163,694.00,308.00,0,18313
9783,165,662.00,308.00,0,18321
9905,167,798.00,325.00,0,18329
10027,169,794.00,308.00,0,18337
10147,171,680.00,341.00,0,18347
10263,174,394.00,324.00,0,18355
10384,177,458.00,308.00,0,18364
10507,181,530.00,308.00,0,18372
10631,187,576.00,308.00,0,18380
10757,192,618.00,325.00,0,18390
10885,197,802.00,309.00,0,18398
11017,203,815.00,308.00,0,18407
11145,208,818.00,324.00,0,18415
11265,212,786.00,325.00,0,18423
11375,215,416.00,342.00,0,18433
11493,217,512.00,325.00,0,18441
11617,219,585.00,325.00,0,18449
11739,221,596.00,325.00,0,18458
11864,223,797.00,308.00,0,18466
11989,224,801.00,309.00,0,18476
12111,226,701.00,308.00,0,18484
12228,228,475.00,341.00,0,18492
12349,231,558.00,325.00,0,18501
12471,233,517.00,308.00,0,18509
12595,238,493.00,308.00,0,18518
12719,243,685.00,308.00,0,18527
12846,248,801.00,308.00,0,18535
12975,253,811.00,308.00,0,18544
13102,257,800.00,325.00,0,18552
13223,259,789.00,325.00,0,18561
13337,262,564.00,325.00,0,18570
13455,263,503.00,326.00,0,18578
13579,265,570.00,325.00,0,18586
13701,266,667.00,325.00,0,18595
13827,268,791.00,308.00,0,18604
13952,270,798.00,308.00,0,18613
14075,273,708.00,325.00,0,18621
14194,275,615.00,308.00,0,18629
14313,279,581.00,341.00,0,18638
14436,283,391.00,308.00,0,18647
14559,287,567.00,325.00,0,18655
14683,291,707.00,325.00,0,18664
14808,296,793.00,308.00,0,18672
14935,300,805.00,324.00,0,18681
15061,303,793.00,325.00,0,18690
15183,306,795.00,325.00,0,18698
15299,307,561.00,325.00,0,18707
15419,307,469.00,341.00,0,18715
15541,309,607.00,310.00,0,18724
15664,309,671.00,324.00,0,18733
15788,311,683.00,324.00,0,18741
15914,315,776.00,325.00,0,18750
16038,318,789.00,325.00,0,18758
16159,321,684.00,308.00,0,18766
16278,325,519.00,308.00,0,18776
16400,329,541.00,323.00,0,18784
16523,333,658.00,342.00,0,18793
16647,337,653.00,341.00,0,18801
16770,341,690.00,325.00,0,18809
16897,345,802.00,325.00,0,18819
17023,347,798.00,341.00,0,18827
17144,349,784.00,325.00,0,18835
17262,349,559.00,325.00,0,18844
17383,349,599.00,326.00,0,18852
17505,351,614.00,308.00,0,18862
17627,352,555.00,342.00,0,18870
17751,355,571.00,325.00,0,18878
17876,359,799.00,326.00,0,18887
18001,363,798.00,324.00,0,18895
18122,368,679.00,325.00,0,18904
18243,371,527.00,325.00,0,18913
18365,375,666.00,325.00,0,18921
18487,378,653.00,325.00,0,18930
18610,381,570.00,325.00,0,18938
18733,384,637.00,324.00,0,18947
18859,387,799.00,325.00,0,18956
18985,388,804.00,325.00,0,18964
19107,389,722.00,325.00,0,18973
19225,390,582.00,325.00,0,18981
19346,391,633.00,308.00,0,18990
19469,392,566.00,308.00,0,18999
19591,394,463.00,325.00,0,19007
19714,398,638.00,308.00,0,19015
19839,403,789.00,308.00,0,19024
19964,407,787.00,308.00,0,19033
20087,412,661.00,325.00,0,19042
20207,416,667.00,324.00,0,19050
20329,419,679.00,308.00,0,19058
20451,421,601.00,308.00,0,19067
20574,423,569.00,325.00,0,19076
20697,425,674.00,308.00,0,19084
20821,427,784.00,308.00,0,19093
20946,429,801.00,325.00,0,19101
21069,431,729.00,342.00,0,19110
21189,432,697.00,342.00,0,19119
21310,433,641.00,309.00,0,19127
21433,435,440.00,325.00,0,19136
21555,438,581.00,308.00,0,19144
21678,441,660.00,325.00,0,19152
21802,446,717.00,308.00,0,19162
21927,451,680.00,308.00,0,19170
22050,455,734.00,308.00,0,19179
22172,457,725.00,325.00,0,19187
22292,459,639.00,325.00,0,19195
22415,461,565.00,308.00,0,19205
22538,463,661.00,324.00,0,19213
22661,465,678.00,325.00,0,19221
22783,467,657.00,308.00,0,19230
22909,469,751.00,308.00,0,19238
23033,472,771.00,308.00,0,19248
23154,474,688.00,325.00,0,19256
23274,476,582.00,325.00,0,19264
23397,478,621.00,342.00,0,19273
23519,481,667.00,325.00,0,19281
23642,483,641.00,325.00,0,19291
23765,487,674.00,308.00,0,19299
23891,491,774.00,325.00,0,19307
24015,493,795.00,325.00,0,19316
24135,496,683.00,308.00,0,19324
24257,498,641.00,326.00,0,19333
24379,499,670.00,325.00,0,19342
24501,501,705.00,341.00,0,19350
24623,503,613.00,308.00,0,19359
24747,505,574.00,308.00,0,19367
24871,509,800.00,325.00,0,19376
24997,511,800.00,325.00,0,19385
25118,514,642.00,308.00,0,19393
25239,516,578.00,308.00,0,19401
25361,518,684.00,308.00,0,19410
25483,520,650.00,325.00,0,19419
25605,523,564.00,342.00,0,19428
25728,525,626.00,309.00,0,19436
25852,529,792.00,308.00,0,19444
25977,533,796.00,308.00,0,19453
26099,535,624.00,326.00,0,19462
26221,537,628.00,308.00,0,19470
26343,539,717.00,308.00,0,19479
26465,541,636.00,308.00,0,19487
26587,543,561.00,325.00,0,19496
26710,545,673.00,325.00,0,19505
26835,549,791.00,325.00,0,19513
26959,551,794.00,325.00,0,19522
27081,553,719.00,308.00,0,19530
27203,556,661.00,308.00,0,19539
27325,557,689.00,309.00,0,19548
27447,559,598.00,307.00,0,19556
27569,561,561.00,308.00,0,19565
27692,565,684.00,325.00,0,19573
27815,568,745.00,308.00,0,19581
27940,571,736.00,325.00,0,19591
28063,575,682.00,325.00,0,19599
28185,577,715.00,325.00,0,19608
28307,579,699.00,307.00,0,19616
28429,581,510.00,308.00,0,19624
28552,583,629.00,325.00,0,19634
28674,585,665.00,308.00,0,19642
28797,587,696.00,325.00,0,19650
28923,589,691.00,325.00,0,19659
29045,592,733.00,308.00,0,19667
29166,594,698.00,341.00,0,19677
29288,596,637.00,308.00,0,19685
29411,597,569.00,325.00,0,19693
29533,600,668.00,325.00,0,19702
29657,603,651.00,308.00,0,19710
29779,607,621.00,323.00,0,19719
29903,611,718.00,317.00,0,19728
30027,614,774.00,322.00,0,19736
30149,617,693.00,311.00,0,19745
30270,618,616.00,325.00,0,19753
30393,619,654.00,308.00,0,19762
30517,621,704.00,308.00,0,19771
30638,623,636.00,324.00,0,19779
30761,625,506.00,308.00,0,19788
30885,629,759.00,308.00,0,19796
31009,631,773.00,308.00,0,19805
31131,633,657.00,320.00,0,19814
31251,635,532.00,308.00,0,19822
31375,637,703.00,324.00,0,19830
31497,640,669.00,308.00,0,19840
31619,643,595.00,324.00,0,19848
31742,646,567.00,309.00,0,19857
31867,649,771.00,308.00,0,19865
31991,653,797.00,325.00,0,19873
32113,655,637.00,308.00,0,19883
32235,657,610.00,316.00,0,19891
32357,659,738.00,325.00,0,19899
32479,661,702.00,309.00,0,19908
32601,662,570.00,325.00,0,19916
32725,665,638.00,321.00,0,19926
32849,667,778.00,309.00,0,19934
32973,670,776.00,309.00,0,19942
33095,673,574.00,308.00,0,19951
33216,675,634.00,325.00,0,19959
33339,677,724.00,308.00,0,19968
33461,679,646.00,325.00,0,19977
33583,681,552.00,325.00,0,19985
33705,685,672.00,308.00,0,19994
33829,688,757.00,309.00,0,20002
33955,691,748.00,326.00,0,20011
34077,693,598.00,309.00,0,20020
34198,695,690.00,325.00,0,20028
34320,697,715.00,308.00,0,20036
34443,698,653.00,325.00,0,20045
34565,699,623.00,341.00,0,20054
34688,702,685.00,309.00,0,20063
34811,705,733.00,308.00,0,20071
34935,707,727.00,325.00,0,20079
35058,710,675.00,325.00,0,20088
35181,712,689.00,325.00,0,20097
35303,714,660.00,308.00,0,20106
35424,716,520.00,308.00,0,20114
35547,719,654.00,325.00,0,20122
35669,721,701.00,342.00,0,20131
35793,725,671.00,325.00,0,20140
35917,728,697.00,325.00,0,20148
36040,731,738.00,308.00,0,20157
36162,733,702.00,326.00,0,20165
36284,734,632.00,308.00,0,20174
36407,735,617.00,308.00,0,20183
36530,737,694.00,325.00,0,20191
36651,739,654.00,308.00,0,20200
36774,742,620.00,325.00,0,20208
36899,745,736.00,325.00,0,20216
37023,747,774.00,341.00,0,20226
37143,750,675.00,308.00,0,20234
37266,752,613.00,325.00,0,20243
37389,753,658.00,325.00,0,20251
37511,756,683.00,308.00,0,20259
37633,759,616.00,325.00,0,20269
37757,761,525.00,325.00,0,20277
37880,765,758.00,325.00,0,20285
38005,767,783.00,309.00,0,20294
38126,769,659.00,325.00,0,20302
38247,771,579.00,325.00,0,20312
38371,773,727.00,308.00,0,20320
38494,775,699.00,309.00,0,20328
38616,777,606.00,325.00,0,20337
38738,779,570.00,309.00,0,20345
38863,781,778.00,309.00,0,20355
38986,784,764.00,308.00,0,20363
39107,787,592.00,325.00,0,20371
39229,789,619.00,325.00,0,20380
39352,790,733.00,308.00,0,20388
39475,793,678.00,308.00,0,20397
39597,795,529.00,308.00,0,20406
39720,798,617.00,308.00,0,20414
39843,801,767.00,308.00,0,20423
39968,805,750.00,325.00,0,20431
40089,807,597.00,324.00,0,20440
40212,809,691.00,325.00,0,20449
40335,809,755.00,342.00,0,20457
40457,811,669.00,308.00,0,20465
40579,813,670.00,325.00,0,20474
40702,815,670.00,308.00,0,20483
40825,819,751.00,325.00,0,20492
40949,821,734.00,324.00,0,20500
41071,823,615.00,308.00,0,20508
41193,825,682.00,325.00,0,20517
41316,827,716.00,308.00,0,20526
41438,829,486.00,325.00,0,20534
41561,831,625.00,325.00,0,20543
41683,834,680.00,308.00,0,20551
41806,837,703.00,308.00,0,20560
41931,841,611.00,325.00,0,20569
42054,843,686.00,325.00,0,20577
42176,845,694.00,325.00,0,20586
42298,847,695.00,308.00,0,20594
42421,849,582.00,325.00,0,20603
42543,850,687.00,342.00,0,20612
42665,853,694.00,308.00,0,20620
42788,855,648.00,308.00,0,20629
42913,857,686.00,308.00,0,20637
43036,860,731.00,325.00,0,20645
43157,862,665.00,308.00,0,20655
43279,863,622.00,308.00,0,20663
43403,865,611.00,325.00,0,20672
43525,868,690.00,308.00,0,20680
43647,871,668.00,341.00,0,20688
43769,874,617.00,308.00,0,20698
43893,877,731.00,308.00,0,20706
44017,880,757.00,309.00,0,20714
44140,882,669.00,308.00,0,20723
44261,883,611.00,324.00,0,20731
44385,885,699.00,308.00,0,20741
44507,887,702.00,308.00,0,20749
44629,889,640.00,325.00,0,20757
44751,891,545.00,342.00,0,20766
44876,894,764.00,326.00,0,20774
45000,897,774.00,325.00,0,20783
45121,899,617.00,326.00,0,20792
45243,901,581.00,321.00,0,20800
45367,903,710.00,308.00,0,20809
45489,905,679.00,315.00,0,20817
45611,907,576.00,325.00,0,20826
45733,911,589.00,325.00,0,20835
45857,913,775.00,308.00,0,20843
45981,916,773.00,342.00,0,20852
46103,918,595.00,341.00,0,20860
46225,919,652.00,325.00,0,20869
46349,921,753.00,326.00,0,20878
46471,923,661.00,307.00,0,20886
46593,925,566.00,325.00,0,20894
46715,927,618.00,312.00,0,20903
46839,931,752.00,308.00,0,20912
46963,933,744.00,325.00,0,20921
47085,935,629.00,342.00,0,20929
47207,937,684.00,325.00,0,20937
47329,939,727.00,309.00,0,20946
47453,941,644.00,325.00,0,20955
47575,943,627.00,325.00,0,20963
47697,947,649.00,308.00,0,20972
47821,949,738.00,324.00,0,20980
47945,952,687.00,325.00,0,20989
48067,954,641.00,325.00,0,20998
48189,956,699.00,325.00,0,21006
48311,957,730.00,325.00,0,21015
48434,959,518.00,325.00,0,21023
48557,961,650.00,321.00,0,21031
48680,964,672.00,325.00,0,21041
48803,967,675.00,309.00,0,21049
48926,969,623.00,325.00,0,21058
49049,972,698.00,325.00,0,21066
49171,974,688.00,325.00,0,21074
49293,975,671.00,325.00,0,21084
49416,977,588.00,307.00,0,21092
49539,979,678.00,325.00,0,21100
49661,982,649.00,308.00,0,21109
49783,985,613.00,308.00,0,21117
49908,987,668.00,308.00,0,21127
50032,990,729.00,325.00,0,21135
50153,993,682.00,308.00,0,21143
50275,994,631.00,308.00,0,21152
50399,996,668.00,342.00,0,21160
50521,998,718.00,325.00,0,21170
50643,1000,654.00,325.00,0,21178
50769,1003,619.00,308.00,0,21187
50897,1005,725.00,325.00,0,21195
51025,1008,740.00,325.00,0,21204
51149,1009,659.00,309.00,0,21214
51275,1011,615.00,308.00,0,21222
51402,1013,619.00,308.00,0,21231
51529,1015,679.00,325.00,0,21240
51655,1019,648.00,308.00,0,21249
51781,1022,618.00,325.00,0,21258
51909,1025,666.00,308.00,0,21266
52037,1027,724.00,323.00,0,21275
52162,1030,685.00,325.00,0,21284
52288,1031,672.00,308.00,0,21293
52414,1033,604.00,309.00,0,21302
52540,1035,704.00,308.00,0,21311
52666,1037,678.00,308.00,0,21319
52793,1040,654.00,325.00,0,21328
52920,1043,635.00,308.00,0,21338
53047,1045,691.00,325.00,0,21346
53173,1047,669.00,308.00,0,21355
53299,1049,663.00,308.00,0,21363
53425,1051,519.00,325.00,0,21372
53551,1053,640.00,326.00,0,21382
53678,1057,665.00,308.00,0,21390
53805,1060,683.00,308.00,0,21399
53933,1063,583.00,308.00,0,21408
54059,1065,649.00,325.00,0,21416
54184,1067,684.00,308.00,0,21426
54311,1068,722.00,325.00,0,21434
54437,1069,497.00,325.00,0,21443
54563,1071,631.00,341.00,0,21452
54689,1073,665.00,317.00,0,21460
54816,1077,707.00,325.00,0,21470
54944,1079,686.00,326.00,0,21479
55070,1081,583.00,308.00,0,21487
55196,1083,675.00,325.00,0,21496
55322,1086,711.00,308.00,0,21506
55449,1088,622.00,308.00,0,21514
55575,1091,584.00,308.00,0,21523
55701,1093,647.00,325.00,0,21531
55829,1096,737.00,326.00,0,21540
55955,1099,711.00,308.00,0,21550
56081,1101,685.00,325.00,0,21558
56207,1103,684.00,325.00,0,21567
56334,1104,745.00,341.00,0,21576
56461,1105,677.00,342.00,0,21584
56587,1108,578.00,342.00,0,21594
56712,1111,638.00,324.00,0,21603
56839,1113,743.00,308.00,0,21611
56967,1116,727.00,325.00,0,21620
57093,1119,553.00,325.00,0,21628
57219,1121,642.00,325.00,0,21638
57345,1123,731.00,308.00,0,21647
57472,1125,677.00,325.00,0,21655
57598,1127,536.00,308.00,0,21664
57724,1129,613.00,325.00,0,21673
57851,1132,757.00,326.00,0,21682
57979,1135,748.00,325.00,0,21691
58104,1137,580.00,342.00,0,21699
58231,1139,625.00,341.00,0,21708
58357,1141,751.00,325.00,0,21718
58485,1143,707.00,325.00,0,21726
58610,1145,589.00,308.00,0,21735
58735,1148,573.00,325.00,0,21744
58863,1151,739.00,308.00,0,21752
58991,1153,740.00,308.00,0,21762
59115,1155,583.00,325.00,0,21771
59242,1157,571.00,313.00,0,21779
59369,1159,720.00,308.00,0,21788
59495,1161,700.00,308.00,0,21796
59621,1163,602.00,310.00,0,21806
59747,1167,550.00,308.00,0,21815
59875,1170,745.00,325.00,0,21823
60003,1173,762.00,325.00,0,21832
60127,1175,657.00,342.00,0,21841
60253,1177,546.00,331.00,0,21850
60381,1178,699.00,325.00,0,21859
60507,1179,712.00,325.00,0,21868
60633,1181,609.00,326.00,0,21876
60758,1184,487.00,308.00,0,21885
60887,1187,710.00,308.00,0,21894
61014,1189,737.00,325.00,0,21903
61139,1191,634.00,325.00,0,21912
61265,1194,626.00,310.00,0,21920
61391,1196,688.00,325.00,0,21929
61517,1198,686.00,309.00,0,21939
61643,1201,654.00,324.00,0,21947
61769,1203,605.00,308.00,0,21956
61898,1205,694.00,325.00,0,21964
62025,1208,733.00,325.00,0,21974
62150,1210,652.00,308.00,0,21983
62277,1212,627.00,308.00,0,21991
62404,1214,634.00,325.00,0,22000
62531,1216,709.00,326.00,0,22009
62656,1219,655.00,325.00,0,22018
62782,1221,591.00,325.00,0,22027
62910,1223,656.00,325.00,0,22036
63037,1225,691.00,325.00,0,22044
63163,1227,654.00,315.00,0,22053
63288,1229,644.00,308.00,0,22062
63415,1232,583.00,325.00,0,22071
63541,1235,685.00,341.00,0,22080
63667,1238,692.00,341.00,0,22088
63793,1241,657.00,342.00,0,22097
63921,1243,614.00,325.00,0,22107
64048,1245,676.00,308.00,0,22115
64174,1246,674.00,325.00,0,22124
64301,1247,682.00,308.00,0,22132
64427,1249,528.00,307.00,0,22141
64553,1251,646.00,309.00,0,22151
64679,1255,668.00,325.00,0,22159
64805,1257,672.00,325.00,0,22168
64933,1261,688.00,325.00,0,22177
65059,1263,623.00,309.00,0,22185
65185,1265,672.00,308.00,0,22195
65311,1267,722.00,325.00,0,22204
65438,1269,472.00,308.00,0,22212
65564,1271,616.00,325.00,0,22221
65690,1273,667.00,325.00,0,22230
65817,1276,705.00,325.00,0,22239
65945,1279,673.00,325.00,0,22248
66071,1281,576.00,308.00,0,22256
66197,1283,668.00,309.00,0,22265
66324,1286,739.00,309.00,0,22275
66451,1288,663.00,326.00,0,22283
66577,1289,596.00,342.00,0,22292
66702,1291,663.00,326.00,0,22301
66829,1293,735.00,312.00,0,22309
66956,1295,692.00,308.00,0,22319
67081,1297,671.00,325.00,0,22327
67207,1300,640.00,342.00,0,22336
67334,1303,739.00,341.00,0,22345
67461,1306,675.00,342.00,0,22353
67587,1309,546.00,308.00,0,22363
67713,1312,642.00,308.00,0,22372
67841,1315,743.00,308.00,0,22380
67969,1317,720.00,325.00,0,22389
68095,1319,559.00,326.00,0,22397
68221,1320,635.00,308.00,0,22407
68347,1321,742.00,325.00,0,22416
68473,1323,681.00,308.00,0,22424
68599,1325,538.00,325.00,0,22433
68725,1327,595.00,324.00,0,22443
68852,1331,742.00,325.00,0,22451
68980,1333,731.00,325.00,0,22460
69105,1337,563.00,308.00,0,22469
69231,1339,620.00,341.00,0,22477
69359,1341,738.00,325.00,0,22487
69485,1343,707.00,325.00,0,22495
69610,1345,567.00,308.00,0,22504
69737,1348,559.00,325.00,0,22513
69864,1351,738.00,324.00,0,22521
69992,1353,743.00,325.00,0,22531
70117,1355,600.00,309.00,0,22540
70243,1357,574.00,308.00,0,22548
70370,1359,731.00,325.00,0,22557
70497,1361,694.00,325.00,0,22565
70622,1363,599.00,308.00,0,22575
70747,1365,527.00,325.00,0,22584
70875,1367,731.00,325.00,0,22592
71003,1371,733.00,341.00,0,22601
71129,1373,607.00,326.00,0,22610
71254,1375,507.00,308.00,0,22619
71381,1377,691.00,325.00,0,22628
71508,1379,699.00,308.00,0,22637
71634,1382,615.00,325.00,0,22645
71759,1385,464.00,308.00,0,22654
71887,1387,696.00,308.00,0,22663
72015,1390,735.00,325.00,0,22672
72140,1392,651.00,326.00,0,22681
72266,1395,607.00,325.00,0,22689
72393,1397,679.00,308.00,0,22699
72519,1398,726.00,325.00,0,22708
72645,1400,638.00,308.00,0,22716
72771,1402,600.00,342.00,0,22725
72899,1404,685.00,325.00,0,22734
73025,1407,699.00,309.00,0,22743
73151,1409,629.00,308.00,0,22752
73277,1411,602.00,308.00,0,22760
73405,1415,626.00,325.00,0,22769
73531,1417,686.00,325.00,0,22778
73657,1421,649.00,308.00,0,22787
73783,1423,599.00,325.00,0,22796
73911,1425,642.00,308.00,0,22805
74038,1427,704.00,326.00,0,22813
74163,1428,669.00,325.00,0,22822
74289,1429,664.00,308.00,0,22831
74415,1431,584.00,325.00,0,22840
74542,1433,678.00,326.00,0,22849
74669,1437,675.00,325.00,0,22857
74795,1439,627.00,325.00,0,22866
74923,1443,611.00,309.00,0,22876
75049,1445,642.00,308.00,0,22884
75174,1447,666.00,325.00,0,22893
75301,1449,667.00,308.00,0,22902
75427,1451,527.00,325.00,0,22910
75554,1453,632.00,325.00,0,22920
75680,1456,671.00,308.00,0,22928
75806,1459,658.00,308.00,0,22937
75934,1461,543.00,308.00,0,22946
76060,1463,625.00,326.00,0,22955
76186,1466,690.00,326.00,0,22964
76313,1467,728.00,326.00,0,22973
76439,1469,486.00,327.00,0,22981
76566,1471,634.00,342.00,0,22990
76691,1474,667.00,324.00,0,23000
76818,1476,698.00,326.00,0,23008
76946,1479,656.00,326.00,0,23017
77071,1481,553.00,308.00,0,23025
77197,1483,654.00,325.00,0,23034
77325,1486,720.00,325.00,0,23044
77451,1488,636.00,325.00,0,23052
77577,1491,640.00,308.00,0,23061
77703,1493,648.00,308.00,0,23070
77829,1495,702.00,309.00,0,23078
77957,1498,689.00,341.00,0,23088
78083,1499,631.00,335.00,0,23096
78209,1501,667.00,341.00,0,23105
78337,1503,745.00,325.00,0,23114
78463,1505,662.00,324.00,0,23122
78589,1507,562.00,325.00,0,23132
78715,1511,623.00,325.00,0,23141
78841,1513,721.00,308.00,0,23149
78969,1515,692.00,309.00,0,23158
79095,1517,529.00,309.00,0,23168
79220,1520,614.00,308.00,0,23176
79348,1522,727.00,308.00,0,23185
79475,1525,685.00,325.00,0,23193
79601,1527,527.00,308.00,0,23202
79725,1529,589.00,308.00,0,23212
79853,1532,744.00,308.00,0,23220
79981,1535,731.00,343.00,0,23229
80107,1537,570.00,324.00,0,23238
80233,1539,602.00,325.00,0,23246
80359,1541,718.00,308.00,0,23256
80486,1543,689.00,325.00,0,23264
80612,1545,555.00,308.00,0,23273
80737,1547,542.00,325.00,0,23282
80865,1550,719.00,325.00,0,23290
80992,1553,721.00,308.00,0,23300
81118,1555,544.00,308.00,0,23309
81244,1557,560.00,308.00,0,23317
81371,1559,710.00,309.00,0,23326
81497,1561,695.00,308.00,0,23335
81623,1563,597.00,325.00,0,23344
81749,1565,523.00,325.00,0,23353
81876,1569,714.00,324.00,0,23361
82005,1571,728.00,308.00,0,23370
82129,1574,625.00,325.00,0,23379
82256,1576,648.00,308.00,0,23388
82383,1578,685.00,308.00,0,23397
82509,1580,695.00,308.00,0,23406
82635,1581,607.00,325.00,0,23414
82761,1583,447.00,308.00,0,23424
82889,1585,673.00,325.00,0,23433
83015,1587,711.00,308.00,0,23441
83141,1591,606.00,326.00,0,23450
83267,1593,596.00,308.00,0,23458
83393,1596,654.00,325.00,0,23468
83520,1599,712.00,308.00,0,23477
83646,1601,647.00,342.00,0,23485
83773,1603,589.00,342.00,0,23494
83900,1605,665.00,325.00,0,23503
84027,1607,689.00,308.00,0,23512
84153,1609,632.00,308.00,0,23521
84279,1611,607.00,325.00,0,23529
84407,1614,619.00,325.00,0,23538
84533,1617,681.00,312.00,0,23547
84659,1619,626.00,309.00,0,23556
84784,1621,593.00,308.00,0,23565
84912,1623,629.00,325.00,0,23574
85038,1625,668.00,326.00,0,23582
85163,1627,626.00,308.00,0,23591
85289,1629,640.00,309.00,0,23601
85417,1632,575.00,325.00,0,23609
85543,1635,657.00,325.00,0,23618
85670,1638,660.00,325.00,0,23626
85796,1641,627.00,320.00,0,23635
85923,1644,582.00,325.00,0,23645
86050,1646,644.00,325.00,0,23653
86176,1647,655.00,325.00,0,23662
86303,1649,671.00,326.00,0,23671
86429,1651,516.00,325.00,0,23680
86555,1653,624.00,325.00,0,23689
86681,1655,633.00,325.00,0,23697
86807,1657,642.00,308.00,0,23706
86935,1661,686.00,325.00,0,23715
87061,1664,591.00,325.00,0,23724
87187,1667,664.00,341.00,0,23733
87313,1669,695.00,325.00,0,23742
87441,1671,642.00,325.00,0,23750
87567,1673,581.00,325.00,0,23759
87693,1675,649.00,325.00,0,23769
87819,1677,673.00,324.00,0,23777
87947,1679,633.00,308.00,0,23786
88073,1683,554.00,325.00,0,23794
88199,1685,655.00,325.00,0,23803
88327,1688,721.00,325.00,0,23813
88453,1691,637.00,321.00,0,23821
88579,1692,596.00,309.00,0,23830
88704,1694,625.00,307.00,0,23839
88831,1696,706.00,308.00,0,23847
88958,1698,674.00,325.00,0,23857
89084,1701,594.00,338.00,0,23866
89210,1703,628.00,343.00,0,23874
89337,1705,703.00,308.00,0,23883
89464,1709,651.00,308.00,0,23891
89590,1711,524.00,308.00,0,23901
89715,1715,603.00,308.00,0,23910
89843,1717,709.00,324.00,0,23918
89970,1719,675.00,308.00,0,23927
90096,1721,529.00,326.00,0,23937
90222,1723,604.00,325.00,0,23945
90349,1725,729.00,325.00,0,23954
90475,1726,657.00,325.00,0,23962
90601,1729,524.00,308.00,0,23971
90727,1731,573.00,325.00,0,23981
90855,1734,725.00,325.00,0,23989
90982,1737,714.00,341.00,0,23998
91107,1740,525.00,325.00,0,24007
91233,1743,587.00,325.00,0,24015
91360,1745,699.00,308.00,0,24025
91487,1746,660.00,325.00,0,24034
91612,1748,530.00,325.00,0,24042
91739,1750,515.00,325.00,0,24051
91867,1753,704.00,309.00,0,24059
91994,1756,708.00,323.00,0,24069
92119,1759,551.00,308.00,0,24078
92245,1761,536.00,308.00,0,24086
92371,1764,698.00,308.00,0,24095
92499,1766,708.00,308.00,0,24104
92625,1768,585.00,308.00,0,24113
92750,1770,494.00,325.00,0,24122
92877,1772,698.00,342.00,0,24131
93005,1775,682.00,309.00,0,24139
93131,1777,562.00,325.00,0,24148
93257,1780,481.00,308.00,0,24157
93383,1783,660.00,308.00,0,24166
93510,1786,669.00,308.00,0,24175
93636,1789,594.00,308.00,0,24183
93761,1791,434.00,316.00,0,24193
93889,1793,658.00,325.00,0,24202
94017,1795,697.00,325.00,0,24210
94142,1797,611.00,325.00,0,24219
94268,1799,590.00,308.00,0,24227
94395,1803,641.00,341.00,0,24237
94522,1805,684.00,325.00,0,24246
94648,1807,631.00,326.00,0,24254
94773,1809,564.00,308.00,0,24263
94901,1811,624.00,309.00,0,24272
95028,1813,647.00,325.00,0,24281
95153,1815,600.00,308.00,0,24290
95279,1818,572.00,324.00,0,24299
95407,1821,583.00,325.00,0,24307
95533,1825,661.00,325.00,0,24316
95659,1828,625.00,308.00,0,24325
95785,1830,567.00,308.00,0,24334
95913,1832,599.00,325.00,0,24343
96039,1833,664.00,325.00,0,24351
96165,1835,635.00,308.00,0,24360
96291,1838,627.00,309.00,0,24370
96419,1841,561.00,325.00,0,24378
96545,1843,645.00,325.00,0,24387
96671,1846,659.00,308.00,0,24395
96796,1849,603.00,325.00,0,24404
96925,1851,543.00,308.00,0,24414
97051,1853,618.00,325.00,0,24422
97177,1855,615.00,325.00,0,24431
97303,1857,648.00,325.00,0,24440
97430,1859,472.00,308.00,0,24449
97557,1862,597.00,308.00,0,24458
97682,1865,630.00,325.00,0,24467
97809,1867,632.00,308.00,0,24475
97935,1869,529.00,320.00,0,24484
98062,1871,568.00,308.00,0,24493
98188,1873,642.00,308.00,0,24502
98315,1875,683.00,309.00,0,24511
98441,1878,632.00,325.00,0,24519
98568,1881,583.00,325.00,0,24528
98694,1883,620.00,325.00,0,24538
98821,1885,665.00,326.00,0,24546
98947,1888,611.00,325.00,0,24555
99074,1890,524.00,325.00,0,24564
99200,1893,609.00,308.00,0,24572
99327,1895,695.00,325.00,0,24582
99453,1897,600.00,309.00,0,24590
99579,1900,563.00,324.00,0,24599
99705,1903,604.00,308.00,0,24608
99831,1905,677.00,308.00,0,24616
99959,1907,668.00,325.00,0,24626
100085,1909,581.00,341.00,0,24635
100215,1911,602.00,325.00,0,24644
100345,1914,688.00,308.00,0,24653
100476,1916,649.00,323.00,0,24662
100605,1919,534.00,341.00,0,24671
100735,1921,526.00,325.00,0,24680
100867,1924,681.00,326.00,0,24689
100997,1927,682.00,325.00,0,24698
101126,1929,557.00,325.00,0,24708
101256,1931,462.00,308.00,0,24717
101387,1933,627.00,308.00,0,24726
101517,1935,664.00,325.00,0,24735
101647,1938,608.00,309.00,0,24743
101775,1941,545.00,325.00,0,24753
101907,1944,583.00,309.00,0,24762
102038,1947,634.00,308.00,0,24771
102167,1949,644.00,342.00,0,24780
102298,1951,635.00,308.00,0,24790
102429,1953,480.00,325.00,0,24799
102559,1955,595.00,308.00,0,24808
102687,1959,629.00,341.00,0,24817
102819,1961,645.00,326.00,0,24825
102949,1964,623.00,325.00,0,24835
103079,1967,491.00,308.00,0,24844
103209,1969,609.00,325.00,0,24853
103339,1970,685.00,308.00,0,24862
103469,1972,619.00,307.00,0,24871
103599,1975,490.00,325.00,0,24881
103728,1977,556.00,325.00,0,24890
103860,1980,677.00,307.00,0,24899
103991,1983,671.00,325.00,0,24907
104121,1985,532.00,308.00,0,24916
104250,1987,519.00,325.00,0,24926
104381,1989,635.00,325.00,0,24935
104511,1991,654.00,325.00,0,24944
104641,1992,567.00,325.00,0,24953
104769,1995,546.00,307.00,0,24963
104901,1997,609.00,308.00,0,24972
105032,2001,636.00,325.00,0,24981
105139,2003,826.00,358.00,0,24989
105149,2006,826.00,425.00,0,24998
105066,2007,826.00,476.00,0,25008
104954,2007,813.00,476.00,0,25017
104834,2006,802.00,493.00,0,25026
104710,2005,799.00,493.00,0,25035
104579,2005,810.00,509.00,0,25044
104443,2005,715.00,509.00,0,25054
104310,2004,712.00,493.00,0,25063
104182,2003,780.00,492.00,0,25071
104051,2001,787.00,508.00,0,25080
103920,1999,812.00,493.00,0,25090
103790,1998,778.00,493.00,0,25099
103662,1997,778.00,509.00,0,25108
103531,1995,780.00,476.00,0,25117
103400,1993,789.00,493.00,0,25126
103270,1991,801.00,493.00,0,25136
103143,1989,785.00,509.00,0,25144
103014,1987,782.00,509.00,0,25153
102884,1985,803.00,509.00,0,25162
102755,1982,798.00,493.00,0,25171
102626,1979,799.00,509.00,0,25181
102496,1977,791.00,508.00,0,25190
102366,1974,792.00,476.00,0,25199
102237,1971,824.00,509.00,0,25208
102108,1969,801.00,509.00,0,25218
101977,1966,793.00,526.00,0,25226
101846,1965,796.00,492.00,0,25235
101719,1963,800.00,493.00,0,25244
101589,1961,820.00,509.00,0,25253
101458,1959,796.00,493.00,0,25263
101328,1956,797.00,493.00,0,25272
101199,1953,808.00,493.00,0,25281
101069,1949,810.00,508.00,0,25290
100938,1945,805.00,509.00,0,25299
100807,1943,791.00,509.00,0,25308
100677,1941,798.00,508.00,0,25317
100546,1940,810.00,509.00,0,25326
100415,1938,799.00,509.00,0,25335
100285,1936,803.00,493.00,0,25345
100158,1933,800.00,493.00,0,25354
100028,1928,804.00,493.00,0,25363
99899,1924,821.00,510.00,0,25371
99773,1921,806.00,492.00,0,25380
99647,1920,804.00,493.00,0,25390
99520,1919,805.00,493.00,0,25398
99392,1919,801.00,508.00,0,25407
99266,1917,813.00,493.00,0,25416
99142,1913,800.00,509.00,0,25424
99014,1909,801.00,509.00,0,25434
98887,1905,812.00,475.00,0,25442
98761,1901,809.00,509.00,0,25451
98636,1899,804.00,493.00,0,25460
98508,1898,798.00,509.00,0,25468
98379,1897,791.00,493.00,0,25478
98254,1895,824.00,493.00,0,25487
98129,1893,805.00,493.00,0,25495
98004,1889,805.00,493.00,0,25504
97877,1885,815.00,493.00,0,25513
97752,1881,813.00,492.00,0,25522
97626,1879,809.00,493.00,0,25531
97498,1877,798.00,509.00,0,25539
97369,1876,793.00,509.00,0,25548
97244,1875,823.00,509.00,0,25558
97117,1873,794.00,475.00,0,25566
96990,1869,798.00,493.00,0,25575
96863,1865,801.00,509.00,0,25584
96738,1860,814.00,509.00,0,25592
96612,1857,813.00,493.00,0,25602
96484,1855,794.00,494.00,0,25610
96355,1855,788.00,493.00,0,25619
96230,1854,821.00,493.00,0,25628
96105,1852,803.00,493.00,0,25636
95980,1849,805.00,493.00,0,25646
95854,1845,809.00,493.00,0,25655
95730,1841,820.00,509.00,0,25663
95604,1839,822.00,510.00,0,25672
95476,1836,797.00,509.00,0,25681
95347,1834,791.00,492.00,0,25690
95221,1833,816.00,475.00,0,25699
95093,1830,801.00,509.00,0,25707
94964,1827,799.00,509.00,0,25716
94838,1824,795.00,493.00,0,25725
94713,1821,803.00,493.00,0,25734
94587,1818,819.00,493.00,0,25743
94458,1815,790.00,493.00,0,25752
94332,1813,793.00,509.00,0,25760
94207,1811,813.00,509.00,0,25769
94082,1809,810.00,493.00,0,25779
93956,1807,805.00,493.00,0,25787
93830,1804,805.00,492.00,0,25796
93706,1801,814.00,492.00,0,25804
93580,1799,826.00,503.00,0,25814
93454,1797,803.00,509.00,0,25823
93324,1794,800.00,476.00,0,25831
93198,1791,809.00,493.00,0,25840
93071,1787,804.00,493.00,0,25849
92942,1785,803.00,493.00,0,25858
92814,1783,790.00,493.00,0,25867
92689,1781,796.00,493.00,0,25875
92562,1779,815.00,502.00,0,25884
92434,1776,796.00,493.00,0,25893
92308,1773,794.00,493.00,0,25902
92184,1771,801.00,493.00,0,25911
92059,1768,809.00,510.00,0,25920
91934,1766,815.00,493.00,0,25928
91809,1764,803.00,493.00,0,25937
91684,1763,815.00,493.00,0,25947
91559,1761,826.00,493.00,0,25955
91432,1758,812.00,509.00,0,25964
91304,1755,810.00,494.00,0,25972
91178,1751,808.00,492.00,0,25981
91050,1748,804.00,493.00,0,25991
90921,1745,825.00,492.00,0,25999
90793,1743,799.00,509.00,0,26008
90668,1741,799.00,493.00,0,26017
90540,1740,807.00,509.00,0,26025
90413,1738,804.00,509.00,0,26035
90287,1735,804.00,493.00,0,26043
90163,1733,803.00,493.00,0,26052
90038,1729,815.00,509.00,0,26061
89913,1727,826.00,493.00,0,26070
89788,1725,808.00,493.00,0,26079
89663,1724,813.00,510.00,0,26088
89537,1723,825.00,509.00,0,26096
89408,1721,811.00,476.00,0,26105
89282,1719,821.00,509.00,0,26115
89156,1715,813.00,492.00,0,26123
89028,1711,807.00,509.00,0,26132
88900,1708,825.00,509.00,0,26140
88774,1705,808.00,509.00,0,26149
88647,1703,805.00,509.00,0,26159
88518,1701,804.00,509.00,0,26167
88390,1700,800.00,510.00,0,26176
88264,1699,817.00,493.00,0,26185
88140,1697,806.00,509.00,0,26193
88016,1695,805.00,509.00,0,26203
87890,1691,823.00,493.00,0,26212
87766,1689,823.00,509.00,0,26220
87642,1686,820.00,493.00,0,26229
87516,1683,811.00,509.00,0,26237
87386,1681,801.00,475.00,0,26247
87259,1679,826.00,509.00,0,26256
87132,1677,806.00,510.00,0,26264
87004,1675,800.00,501.00,0,26273
86875,1672,809.00,509.00,0,26283
86749,1669,814.00,509.00,0,26291
86624,1667,812.00,509.00,0,26300
86497,1665,799.00,493.00,0,26308
86369,1663,799.00,493.00,0,26317
86244,1660,826.00,492.00,0,26327
86120,1658,815.00,509.00,0,26335
85994,1657,814.00,509.00,0,26344
85869,1655,816.00,493.00,0,26353
85745,1653,825.00,493.00,0,26361
85620,1651,826.00,509.00,0,26371
85494,1649,813.00,492.00,0,26380
85365,1645,809.00,492.00,0,26388
85238,1643,826.00,492.00,0,26397
85112,1639,820.00,509.00,0,26405
84983,1637,805.00,492.00,0,26415
84855,1635,806.00,509.00,0,26424
84729,1633,819.00,509.00,0,26432
84603,1632,826.00,509.00,0,26441
84476,1629,805.00,509.00,0,26450
84348,1627,804.00,493.00,0,26459
84224,1625,826.00,493.00,0,26468
84100,1622,818.00,493.00,0,26477
83974,1619,812.00,492.00,0,26485
83848,1617,818.00,493.00,0,26494
83724,1616,820.00,509.00,0,26503
83598,1614,826.00,493.00,0,26512
83470,1613,812.00,493.00,0,26521
83342,1610,810.00,492.00,0,26529
83216,1607,826.00,493.00,0,26539
83088,1603,812.00,493.00,0,26548
82959,1599,806.00,509.00,0,26556
82830,1597,796.00,493.00,0,26565
82704,1594,807.00,509.00,0,26573
82578,1593,826.00,509.00,0,26583
82450,1591,800.00,493.00,0,26592
82322,1590,801.00,492.00,0,26600
82198,1588,814.00,476.00,0,26609
82074,1585,822.00,493.00,0,26618
81949,1583,819.00,493.00,0,26627
81824,1579,816.00,476.00,0,26636
81700,1577,820.00,476.00,0,26645
81574,1575,825.00,476.00,0,26653
81446,1574,816.00,509.00,0,26662
81318,1573,809.00,493.00,0,26671
81192,1571,818.00,492.00,0,26680
81064,1568,815.00,510.00,0,26689
80936,1565,815.00,509.00,0,26697
80809,1563,802.00,493.00,0,26706
80684,1559,809.00,493.00,0,26716
80558,1557,822.00,492.00,0,26724
80430,1555,816.00,493.00,0,26733
80302,1553,810.00,493.00,0,26741
80177,1551,808.00,475.00,0,26750
80052,1549,819.00,492.00,0,26760
79926,1547,826.00,494.00,0,26768
79800,1546,816.00,493.00,0,26777
79678,1544,824.00,493.00,0,26786
79552,1541,826.00,493.00,0,26795
79424,1539,826.00,509.00,0,26804
79296,1535,821.00,493.00,0,26813
79170,1533,813.00,509.00,0,26821
79042,1529,813.00,509.00,0,26830
78913,1527,826.00,493.00,0,26839
78786,1525,805.00,493.00,0,26848
78660,1524,805.00,493.00,0,26857
78533,1522,815.00,493.00,0,26865
78405,1519,810.00,492.00,0,26874
78279,1517,820.00,493.00,0,26884
78155,1514,815.00,510.00,0,26892
78030,1511,814.00,509.00,0,26901
77902,1509,826.00,493.00,0,26910
77778,1507,821.00,509.00,0,26918
77653,1505,820.00,493.00,0,26928
77526,1503,824.00,510.00,0,26936
77396,1501,812.00,509.00,0,26945
77269,1499,820.00,493.00,0,26954
77143,1496,803.00,493.00,0,26962
77016,1493,801.00,509.00,0,26972
76888,1491,813.00,493.00,0,26981
76762,1489,812.00,493.00,0,26989
76637,1487,807.00,475.00,0,26998
76510,1485,808.00,493.00,0,27006
76382,1483,809.00,509.00,0,27016
76258,1481,827.00,493.00,0,27025
76132,1479,815.00,493.00,0,27033
76007,1476,813.00,509.00,0,27042
75881,1473,826.00,493.00,0,27052
75756,1471,819.00,493.00,0,27060
75632,1470,822.00,493.00,0,27069
75504,1468,818.00,509.00,0,27078
75375,1466,810.00,492.00,0,27086
75248,1464,826.00,493.00,0,27096
75122,1461,806.00,493.00,0,27104
74994,1458,805.00,509.00,0,27113
74866,1455,808.00,509.00,0,27122
74740,1453,818.00,493.00,0,27130
74614,1451,819.00,493.00,0,27140
74486,1449,806.00,509.00,0,27149
74358,1447,801.00,493.00,0,27157
74233,1445,826.00,493.00,0,27166
74108,1443,814.00,493.00,0,27174
73982,1441,815.00,509.00,0,27184
73857,1439,814.00,493.00,0,27193
73733,1437,825.00,509.00,0,27201
73608,1435,827.00,503.00,0,27210
73481,1432,818.00,509.00,0,27219
73352,1429,810.00,509.00,0,27228
73226,1426,826.00,493.00,0,27237
73099,1423,809.00,493.00,0,27246
72970,1421,804.00,493.00,0,27254
72842,1420,800.00,476.00,0,27264
72716,1419,813.00,493.00,0,27272
72590,1417,826.00,492.00,0,27281
72464,1415,810.00,493.00,0,27290
72337,1412,805.00,493.00,0,27298
72213,1409,826.00,509.00,0,27308
72088,1405,821.00,509.00,0,27317
71961,1403,820.00,509.00,0,27325
71835,1401,817.00,509.00,0,27334
71711,1400,823.00,493.00,0,27343
71585,1399,826.00,509.00,0,27352
71457,1398,810.00,493.00,0,27361
71330,1395,812.00,493.00,0,27369
71204,1393,818.00,492.00,0,27378
71077,1389,815.00,493.00,0,27387
70949,1386,816.00,492.00,0,27396
70822,1383,817.00,510.00,0,27405
70697,1381,819.00,510.00,0,27414
70570,1379,826.00,509.00,0,27422
70441,1377,808.00,493.00,0,27431
70313,1375,806.00,510.00,0,27440
70188,1373,814.00,509.00,0,27449
70062,1371,816.00,509.00,0,27458
69936,1369,826.00,509.00,0,27466
69810,1367,814.00,493.00,0,27475
69688,1365,822.00,498.00,0,27485
69562,1363,826.00,509.00,0,27493
69434,1359,819.00,492.00,0,27502
69306,1357,812.00,479.00,0,27511
69179,1353,807.00,491.00,0,27520
69051,1351,806.00,492.00,0,27529
68922,1349,820.00,492.00,0,27537
68796,1347,805.00,509.00,0,27546
68671,1347,811.00,493.00,0,27555
68544,1345,824.00,493.00,0,27564
68417,1343,818.00,493.00,0,27573
68292,1341,817.00,492.00,0,27582
68168,1337,819.00,493.00,0,27590
68042,1334,820.00,493.00,0,27599
67916,1331,827.00,509.00,0,27609
67790,1329,819.00,493.00,0,27617
67666,1329,822.00,509.00,0,27626
67539,1327,826.00,509.00,0,27634
67411,1325,820.00,492.00,0,27643
67283,1323,819.00,493.00,0,27653
67156,1319,810.00,493.00,0,27661
67028,1317,806.00,505.00,0,27670
66900,1314,826.00,493.00,0,27679
66774,1312,816.00,509.00,0,27687
66650,1311,813.00,509.00,0,27697
66522,1309,814.00,493.00,0,27705
66394,1308,814.00,493.00,0,27714
66269,1306,826.00,509.00,0,27723
66145,1303,820.00,510.00,0,27731
66020,1300,819.00,509.00,0,27741
65894,1297,826.00,510.00,0,27750
65769,1295,823.00,493.00,0,27758
65645,1293,827.00,509.00,0,27767
65517,1291,820.00,492.00,0,27777
65388,1289,814.00,498.00,0,27785
65260,1288,826.00,509.00,0,27794
65134,1285,816.00,510.00,0,27802
65006,1283,806.00,492.00,0,27811
64878,1279,820.00,509.00,0,27821
64752,1277,824.00,494.00,0,27829
64627,1273,818.00,493.00,0,27838
64498,1271,806.00,493.00,0,27847
64370,1270,800.00,509.00,0,27855
64244,1269,826.00,510.00,0,27865
64119,1267,808.00,493.00,0,27873
63994,1265,805.00,492.00,0,27882
63868,1263,821.00,493.00,0,27891
63744,1261,826.00,493.00,0,27899
63620,1259,826.00,510.00,0,27909
63494,1256,818.00,493.00,0,27918
63365,1253,813.00,493.00,0,27926
63238,1250,826.00,492.00,0,27935
63110,1247,813.00,509.00,0,27944
62982,1245,798.00,492.00,0,27953
62853,1244,807.00,509.00,0,27962
62728,1243,814.00,493.00,0,27970
62603,1242,826.00,509.00,0,27979
62476,1240,812.00,509.00,0,27988
62350,1238,807.00,493.00,0,27997
62226,1235,826.00,493.00,0,28006
62100,1233,819.00,493.00,0,28015
61974,1229,818.00,492.00,0,28023
61849,1227,819.00,509.00,0,28033
61724,1225,822.00,493.00,0,28042
61599,1223,826.00,492.00,0,28050
61470,1221,813.00,493.00,0,28059
61340,1219,810.00,493.00,0,28067
61212,1216,826.00,509.00,0,28077
61084,1213,815.00,493.00,0,28086
60956,1211,806.00,493.00,0,28094
60830,1209,801.00,509.00,0,28103
60704,1207,815.00,493.00,0,28112
60580,1206,825.00,509.00,0,28121
60454,1204,811.00,509.00,0,28130
60326,1201,804.00,475.00,0,28138
60201,1198,817.00,493.00,0,28147
60074,1195,816.00,476.00,0,28156
59948,1193,818.00,476.00,0,28165
59822,1191,812.00,493.00,0,28174
59698,1189,823.00,493.00,0,28183
59572,1189,826.00,493.00,0,28191
59444,1187,817.00,493.00,0,28200
59316,1185,810.00,493.00,0,28210
59190,1182,819.00,492.00,0,28218
59064,1179,820.00,509.00,0,28227
58936,1175,819.00,492.00,0,28235
58810,1173,812.00,493.00,0,28244
58685,1171,817.00,493.00,0,28254
58559,1169,826.00,510.00,0,28262
58431,1169,814.00,493.00,0,28271
58303,1167,807.00,493.00,0,28280
58178,1165,814.00,488.00,0,28289
58052,1162,819.00,493.00,0,28298
57925,1159,826.00,501.00,0,28306
57800,1157,817.00,491.00,0,28315
57676,1155,825.00,493.00,0,28324
57550,1153,826.00,497.00,0,28333
57421,1152,822.00,509.00,0,28342
57292,1149,812.00,493.00,0,28351
57166,1147,814.00,510.00,0,28359
57040,1144,809.00,492.00,0,28368
56912,1141,826.00,509.00,0,28378
56786,1139,812.00,492.00,0,28386
56662,1137,814.00,492.00,0,28395
56536,1135,820.00,493.00,0,28403
56407,1133,815.00,493.00,0,28412
56280,1131,822.00,510.00,0,28422
56154,1130,813.00,493.00,0,28430
56029,1128,814.00,493.00,0,28439
55902,1126,826.00,493.00,0,28448
55778,1124,824.00,494.00,0,28456
55655,1123,825.00,510.00,0,28466
55529,1121,826.00,510.00,0,28475
55400,1117,820.00,509.00,0,28483
55274,1114,826.00,493.00,0,28492
55146,1111,812.00,492.00,0,28500
55017,1107,805.00,509.00,0,28510
54888,1105,814.00,476.00,0,28519
54762,1103,810.00,476.00,0,28527
54636,1102,810.00,475.00,0,28536
54510,1101,810.00,509.00,0,28546
54381,1100,806.00,508.00,0,28554
54256,1098,826.00,495.00,0,28563
54131,1095,820.00,492.00,0,28571
54006,1091,812.00,493.00,0,28580
53880,1088,826.00,493.00,0,28590
53756,1085,826.00,493.00,0,28598
53632,1083,825.00,509.00,0,28607
53504,1081,815.00,493.00,0,28616
53373,1079,804.00,492.00,0,28624
53246,1077,826.00,509.00,0,28634
53118,1075,800.00,492.00,0,28643
52990,1073,796.00,493.00,0,28651
52862,1071,810.00,493.00,0,28660
52739,1069,820.00,493.00,0,28668
52615,1067,826.00,493.00,0,28678
52489,1066,813.00,493.00,0,28687
52362,1064,815.00,493.00,0,28695
52236,1061,826.00,509.00,0,28704
52111,1059,819.00,493.00,0,28713
51984,1055,817.00,502.00,0,28722
51858,1053,822.00,509.00,0,28731
51734,1051,824.00,493.00,0,28739
51608,1050,826.00,509.00,0,28748
51480,1049,812.00,493.00,0,28758
51350,1047,810.00,510.00,0,28766
51223,1045,825.00,509.00,0,28775
51096,1042,812.00,493.00,0,28784
50969,1039,813.00,509.00,0,28792
50843,1037,812.00,509.00,0,28802
50720,1036,821.00,476.00,0,28811
50595,1035,825.00,493.00,0,28819
50468,1033,824.00,510.00,0,28828
50342,1031,818.00,493.00,0,28836
50216,1028,826.00,493.00,0,28846
50090,1025,825.00,493.00,0,28855
49963,1021,822.00,509.00,0,28863
49837,1019,822.00,509.00,0,28872
49712,1017,824.00,509.00,0,28881
49585,1016,826.00,509.00,0,28890
49456,1015,811.00,493.00,0,28899
49328,1013,808.00,493.00,0,28908
49200,1011,815.00,493.00,0,28916
49072,1007,816.00,476.00,0,28925
48945,1004,815.00,493.00,0,28934
48819,1001,807.00,493.00,0,28943
48696,999,819.00,509.00,0,28951
48574,999,826.00,475.00,0,28960
48450,997,816.00,497.00,0,28968
48328,996,810.00,509.00,0,28978
48205,993,824.00,493.00,0,28986
48083,991,822.00,493.00,0,28994
47961,988,821.00,493.00,0,29003
47838,985,822.00,492.00,0,29011
47718,984,826.00,492.00,0,29020
47597,983,826.00,492.00,0,29029
47472,981,819.00,493.00,0,29037
47348,979,811.00,493.00,0,29046
47224,977,826.00,493.00,0,29054
47101,975,812.00,493.00,0,29063
46976,972,808.00,492.00,0,29072
46853,970,814.00,493.00,0,29080
46733,968,823.00,509.00,0,29088
46612,966,825.00,492.00,0,29097
46489,965,820.00,493.00,0,29106
46364,963,811.00,475.00,0,29115
46242,961,826.00,492.00,0,29123
46120,959,816.00,493.00,0,29131
45996,955,814.00,493.00,0,29140
45874,953,826.00,493.00,0,29149
45752,952,821.00,493.00,0,29158
45633,951,825.00,509.00,0,29166
45510,951,823.00,494.00,0,29174
45386,949,819.00,476.00,0,29184
45262,947,825.00,493.00,0,29192
45141,945,819.00,493.00,0,29200
45017,941,815.00,509.00,0,29209
44894,939,826.00,492.00,0,29217
44773,936,826.00,509.00,0,29227
44652,933,826.00,492.00,0,29235
44530,931,826.00,510.00,0,29243
44404,929,822.00,509.00,0,29252
44280,927,826.00,509.00,0,29260
44156,925,812.00,476.00,0,29268
44033,923,810.00,475.00,0,29278
43908,921,827.00,493.00,0,29286
43787,919,816.00,493.00,0,29295
43666,917,819.00,493.00,0,29303
43544,916,826.00,510.00,0,29312
43419,914,820.00,492.00,0,29321
43295,911,815.00,509.00,0,29329
43172,908,816.00,509.00,0,29338
43048,904,814.00,492.00,0,29346
42924,901,826.00,493.00,0,29355
42802,899,812.00,493.00,0,29364
42682,897,820.00,493.00,0,29372
42560,895,826.00,509.00,0,29380
42436,895,822.00,509.00,0,29389
42312,893,814.00,509.00,0,29398
42190,891,826.00,509.00,0,29407
42068,889,821.00,493.00,0,29415
41946,887,826.00,509.00,0,29423
41825,885,822.00,493.00,0,29432
41706,883,825.00,492.00,0,29441
41584,881,826.00,509.00,0,29449
41461,880,826.00,509.00,0,29458
41336,877,817.00,493.00,0,29466
41213,875,826.00,493.00,0,29475
41088,871,817.00,508.00,0,29484
40964,867,813.00,492.00,0,29492
40840,865,812.00,493.00,0,29501
40719,863,821.00,493.00,0,29509
40597,862,826.00,492.00,0,29517
40472,861,814.00,509.00,0,29527
40348,860,807.00,493.00,0,29535
40226,859,826.00,509.00,0,29544
40103,856,815.00,493.00,0,29552
39981,853,813.00,492.00,0,29560
39860,851,823.00,509.00,0,29570
39740,849,826.00,493.00,0,29578
39621,847,826.00,510.00,0,29586
39497,845,825.00,508.00,0,29595
39372,843,822.00,509.00,0,29603
39248,841,826.00,509.00,0,29613
39124,838,809.00,493.00,0,29621
39000,835,805.00,509.00,0,29629
38876,832,820.00,509.00,0,29638
38754,831,822.00,493.00,0,29646
38634,829,825.00,493.00,0,29656
38511,829,820.00,493.00,0,29664
38386,828,813.00,476.00,0,29672
38264,826,826.00,493.00,0,29681
38142,823,816.00,493.00,0,29689
38020,820,817.00,493.00,0,29698
37898,817,826.00,509.00,0,29707
37777,815,826.00,493.00,0,29715
37658,813,826.00,476.00,0,29724
37536,811,826.00,492.00,0,29732
37410,809,822.00,492.00,0,29741
37285,808,825.00,510.00,0,29750
37162,806,813.00,509.00,0,29758
37036,803,810.00,493.00,0,29766
36912,801,826.00,492.00,0,29775
36790,798,816.00,510.00,0,29784
36670,797,822.00,492.00,0,29793
36549,795,826.00,492.00,0,29801
36424,793,826.00,509.00,0,29809
36301,792,823.00,493.00,0,29818
36179,789,818.00,492.00,0,29827
36056,787,818.00,492.00,0,29835
35934,784,826.00,509.00,0,29844
35812,782,821.00,509.00,0,29852
35692,780,826.00,493.00,0,29861
35572,779,826.00,492.00,0,29870
35448,777,826.00,492.00,0,29878
35322,776,820.00,493.00,0,29887
35199,773,821.00,492.00,0,29895
35074,770,818.00,493.00,0,29903
34950,767,813.00,476.00,0,29913
34828,765,813.00,493.00,0,29921
34707,762,825.00,492.00,0,29930
34586,761,825.00,493.00,0,29938
34462,759,821.00,509.00,0,29946
34338,758,815.00,509.00,0,29956
34214,756,826.00,509.00,0,29964
34091,753,816.00,493.00,0,29973
33968,751,814.00,508.00,0,29981
33846,749,822.00,490.00,0,29989
33726,747,826.00,493.00,0,29999
33606,745,826.00,493.00,0,30007
33484,744,825.00,510.00,0,30015
33360,743,820.00,509.00,0,30024
33236,740,826.00,509.00,0,30032
33112,737,817.00,493.00,0,30042
32988,733,814.00,497.00,0,30050
32864,729,824.00,493.00,0,30058
32745,726,826.00,509.00,0,30067
32624,723,826.00,493.00,0,30075
32501,723,821.00,493.00,0,30084
32375,721,817.00,509.00,0,30093
32250,720,826.00,509.00,0,30101
32126,719,813.00,510.00,0,30110
32002,717,806.00,493.00,0,30118
31880,714,826.00,493.00,0,30127
31761,712,826.00,476.00,0,30136
31642,711,826.00,492.00,0,30144
31520,709,826.00,510.00,0,30152
31396,707,824.00,509.00,0,30161
31273,705,826.00,509.00,0,30170
31149,701,814.00,509.00,0,30179
31024,698,812.00,492.00,0,30187
30900,695,826.00,493.00,0,30195
30780,692,824.00,509.00,0,30204
30661,691,826.00,493.00,0,30213
30539,689,827.00,492.00,0,30222
30414,689,826.00,493.00,0,30230
30289,687,825.00,493.00,0,30238
30166,685,816.00,493.00,0,30247
30041,683,814.00,509.00,0,30256
29918,679,826.00,493.00,0,30264
29798,677,826.00,493.00,0,30273
29680,675,826.00,477.00,0,30281
29559,673,826.00,493.00,0,30290
29434,672,826.00,509.00,0,30299
29309,671,822.00,509.00,0,30307
29184,668,817.00,509.00,0,30316
29059,665,818.00,509.00,0,30324
28934,661,824.00,493.00,0,30332
28814,659,820.00,492.00,0,30342
28696,657,826.00,493.00,0,30350
28576,655,826.00,493.00,0,30359
28453,655,826.00,509.00,0,30367
28328,653,822.00,493.00,0,30375
28204,651,826.00,509.00,0,30385
28080,648,820.00,509.00,0,30393
27956,645,817.00,493.00,0,30401
27834,643,822.00,492.00,0,30410
27715,640,826.00,476.00,0,30418
27595,639,826.00,476.00,0,30428
27472,637,825.00,509.00,0,30436
27345,636,818.00,492.00,0,30444
27220,634,826.00,493.00,0,30453
27096,631,813.00,476.00,0,30461
26970,628,803.00,475.00,0,30470
26850,625,825.00,493.00,0,30479
26730,623,826.00,493.00,0,30487
26613,622,826.00,493.00,0,30496
26493,621,826.00,493.00,0,30504
26369,620,827.00,509.00,0,30513
26246,618,826.00,493.00,0,30522
26121,615,821.00,492.00,0,30530
25996,612,819.00,509.00,0,30539
25873,609,826.00,493.00,0,30547
25752,605,826.00,493.00,0,30556
25633,603,826.00,509.00,0,30565
25510,602,825.00,493.00,0,30573
25382,601,815.00,493.00,0,30581
25256,599,826.00,492.00,0,30590
25130,597,803.00,509.00,0,30599
25004,593,800.00,494.00,0,30608
24882,591,826.00,509.00,0,30616
24764,589,824.00,476.00,0,30624
24647,588,826.00,509.00,0,30633
24528,587,825.00,493.00,0,30642
24406,586,826.00,509.00,0,30650
24282,585,826.00,492.00,0,30659
24158,581,824.00,493.00,0,30667
24034,579,821.00,476.00,0,30676
23910,575,825.00,493.00,0,30685
23788,572,826.00,509.00,0,30693
23670,569,826.00,493.00,0,30702
23548,568,826.00,493.00,0,30710
23421,567,826.00,509.00,0,30718
23294,565,815.00,492.00,0,30728
23166,563,805.00,509.00,0,30736
23040,560,805.00,493.00,0,30745
22917,557,826.00,509.00,0,30753
22799,555,825.00,493.00,0,30761
22684,553,826.00,493.00,0,30771
22566,553,827.00,493.00,0,30779
22446,552,826.00,493.00,0,30788
22322,551,826.00,491.00,0,30796
22198,549,826.00,510.00,0,30804
22072,545,826.00,509.00,0,30814
21947,542,826.00,509.00,0,30822
21825,539,825.00,476.00,0,30830
21706,536,826.00,509.00,0,30839
21585,534,826.00,492.00,0,30848
21460,533,823.00,509.00,0,30857
21332,531,810.00,510.00,0,30865
21204,529,810.00,509.00,0,30873
21078,525,804.00,493.00,0,30882
20954,522,810.00,510.00,0,30891
20834,519,822.00,476.00,0,30899
20719,517,826.00,493.00,0,30908
20604,515,826.00,493.00,0,30916
20486,514,826.00,509.00,0,30925
20361,513,825.00,509.00,0,30934
20236,511,826.00,509.00,0,30942
20110,508,820.00,509.00,0,30951
19982,505,813.00,509.00,0,30959
19858,502,826.00,509.00,0,30967
19739,499,826.00,508.00,0,30977
19619,497,826.00,493.00,0,30985
19495,496,823.00,509.00,0,30994
19368,494,809.00,509.00,0,31002
19240,493,826.00,493.00,0,31010
19112,490,800.00,509.00,0,31020
18988,487,808.00,509.00,0,31028
18869,485,826.00,476.00,0,31037
18754,483,826.00,485.00,0,31045
18643,481,826.00,493.00,0,31053
18528,481,826.00,493.00,0,31063
18406,480,825.00,506.00,0,31071
18281,479,826.00,509.00,0,31079
18154,477,826.00,493.00,0,31088
18026,473,824.00,492.00,0,31096
17901,469,826.00,509.00,0,31106
17780,465,825.00,492.00,0,31114
17660,462,826.00,493.00,0,31122
17537,459,826.00,493.00,0,31131
17408,457,817.00,493.00,0,31139
17278,455,811.00,509.00,0,31148
17150,454,793.00,510.00,0,31157
17023,452,798.00,500.00,0,31165
16902,451,826.00,493.00,0,31174
16788,449,825.00,492.00,0,31182
16680,449,827.00,482.00,0,31191
16566,449,827.00,493.00,0,31200
16445,449,826.00,508.00,0,31208
16319,447,826.00,509.00,0,31216
16191,445,827.00,508.00,0,31225
16063,441,819.00,509.00,0,31234
15934,437,827.00,497.00,0,31243
15811,433,824.00,505.00,0,31251
15692,429,826.00,493.00,0,31259
15571,426,826.00,495.00,0,31268
15444,423,822.00,493.00,0,31277
15314,421,796.00,510.00,0,31285
15184,419,792.00,509.00,0,31294
15059,417,798.00,509.00,0,31302
14938,415,826.00,493.00,0,31311
14825,413,826.00,476.00,0,31320
14718,413,826.00,493.00,0,31328
14604,413,826.00,493.00,0,31337
14482,413,827.00,509.00,0,31345
14353,413,826.00,510.00,0,31354
14223,411,826.00,509.00,0,31363
14090,407,807.00,509.00,0,31371
13962,403,802.00,509.00,0,31380
13838,399,815.00,509.00,0,31388
13720,395,826.00,493.00,0,31396
13602,391,825.00,509.00,0,31406
13478,387,826.00,492.00,0,31414
13351,385,804.00,508.00,0,31423
13224,383,814.00,509.00,0,31431
13098,381,799.00,493.00,0,31439
12976,379,822.00,509.00,0,31449
12866,377,825.00,476.00,0,31457
12760,377,826.00,476.00,0,31465
12644,377,826.00,493.00,0,31474
12518,377,827.00,509.00,0,31482
12387,377,820.00,476.00,0,31492
12252,377,818.00,493.00,0,31500
12119,374,775.00,510.00,0,31508
11988,370,775.00,509.00,0,31517
11864,365,805.00,493.00,0,31525
11748,360,826.00,492.00,0,31534
11634,355,826.00,493.00,0,31543
11517,351,826.00,510.00,0,31551
11392,348,824.00,494.00,0,31560
11266,345,823.00,509.00,0,31568
11140,343,807.00,493.00,0,31577
11019,341,824.00,493.00,0,31586
10908,339,826.00,475.00,0,31594
10802,339,826.00,493.00,0,31603
10684,339,826.00,492.00,0,31611
10557,340,826.00,509.00,0,31620
10424,340,826.00,509.00,0,31629
10287,340,789.00,509.00,0,31637
10150,339,659.00,526.00,0,31645
10020,335,771.00,509.00,0,31654
9898,331,818.00,493.00,0,31663
9788,325,826.00,475.00,0,31671
9682,321,826.00,493.00,0,31679
9573,316,827.00,493.00,0,31687
9458,312,826.00,510.00,0,31695
9337,309,826.00,509.00,0,31705
9215,306,825.00,508.00,0,31713
9096,304,825.00,493.00,0,31721
8984,303,826.00,493.00,0,31729
8878,303,826.00,493.00,0,31737
8763,303,826.00,476.00,0,31746
8642,305,826.00,509.00,0,31754
8516,305,826.00,526.00,0,31762
8382,306,807.00,526.00,0,31771
8248,306,805.00,509.00,0,31779
8116,305,644.00,493.00,0,31788
7994,302,781.00,475.00,0,31796
7878,296,826.00,493.00,0,31804
7770,292,826.00,493.00,0,31812
7666,286,826.00,493.00,0,31820
7558,281,826.00,493.00,0,31828
7438,276,827.00,504.00,0,31838
7314,272,825.00,509.00,0,31846
7190,270,827.00,509.00,0,31854
7072,268,826.00,493.00,0,31862
6965,266,826.00,493.00,0,31870
6858,266,826.00,505.00,0,31879
6740,266,827.00,476.00,0,31887
6618,267,826.00,509.00,0,31895
6490,269,826.00,492.00,0,31904
6356,271,788.00,509.00,0,31912
6220,271,708.00,509.00,0,31921
6090,271,742.00,492.00,0,31929
5971,268,796.00,492.00,0,31937
5860,263,826.00,493.00,0,31945
5756,258,826.00,476.00,0,31953
5652,252,826.00,493.00,0,31962
5537,246,826.00,509.00,0,31971
5414,241,825.00,509.00,0,31979
5288,235,826.00,509.00,0,31987
5168,231,826.00,492.00,0,31995
5058,228,826.00,486.00,0,32004
4954,227,826.00,493.00,0,32012
4838,226,826.00,493.00,0,32020
4718,226,826.00,476.00,0,32028
4596,228,826.00,493.00,0,32037
4468,230,826.00,510.00,0,32046
4332,232,776.00,509.00,0,32054
4194,232,575.00,509.00,0,32062
4068,232,786.00,510.00,0,32070
3952,230,808.00,475.00,0,32078
3842,226,826.00,479.00,0,32087
3742,221,826.00,459.00,0,32095
3632,216,826.00,509.00,0,32104
3514,209,825.00,492.00,0,32112
3389,202,825.00,509.00,0,32120
3267,196,826.00,493.00,0,32129
3154,190,826.00,476.00,0,32137
3048,186,826.00,493.00,0,32145
2935,182,826.00,493.00,0,32153
2817,180,827.00,493.00,0,32161
2698,180,826.00,475.00,0,32171
2574,180,826.00,476.00,0,32179
2443,182,823.00,511.00,0,32187
2304,183,678.00,526.00,0,32195
2168,184,469.00,510.00,0,32203
2045,186,786.00,493.00,0,32211
1933,186,826.00,493.00,0,32220
1830,186,826.00,476.00,0,32228
1729,182,826.00,509.00,0,32237
1612,178,825.00,509.00,0,32245
1487,174,826.00,507.00,0,32253
1360,168,826.00,509.00,0,32262
1238,162,826.00,493.00,0,32270
1127,156,827.00,493.00,0,32278
1025,150,827.00,493.00,0,32286
912,145,826.00,493.00,0,32294
798,140,826.00,510.00,0,32303
683,138,826.00,509.00,0,32311
561,135,826.00,509.00,0,32319
434,134,823.00,493.00,0,32327
294,132,447.00,526.00,0,32335
163,130,355.00,509.00,0,32343
49,130,803.00,509.00,0,32351
-43,128,0.00,475.00,0,32358
-68,125,0.00,409.00,0,32366
-26,122,0.00,341.00,0,32373
58,120,803.00,342.00,0,32381
141,116,471.00,343.00,0,32390
228,112,17.00,341.00,0,32397
328,108,270.00,326.00,0,32405
438,105,480.00,325.00,0,32413
553,102,535.00,325.00,0,32421
670,100,796.00,308.00,0,32430
794,99,816.00,326.00,0,32437
926,98,826.00,298.00,0,32445
1058,98,826.00,308.00,0,32453
1174,98,825.00,308.00,0,32461
1283,98,823.00,324.00,0,32470
1380,98,654.00,341.00,0,32477
1477,98,254.00,325.00,0,32485
1587,98,466.00,325.00,0,32493
1702,98,752.00,325.00,0,32501
1818,97,798.00,326.00,0,32509
1938,96,809.00,323.00,0,32518
2056,96,797.00,325.00,0,32526
2162,96,529.00,325.00,0,32534
2266,96,94.00,324.00,0,32541
2376,96,334.00,325.00,0,32549
2494,97,476.00,308.00,0,32558
2612,98,578.00,309.00,0,32566
2732,101,784.00,308.00,0,32574
2864,104,825.00,308.00,0,32582
3006,107,825.00,308.00,0,32590
3138,110,826.00,326.00,0,32599
3255,113,826.00,342.00,0,32607
3359,116,784.00,325.00,0,32615
3456,118,226.00,325.00,0,32624
3570,119,458.00,308.00,0,32632
3688,120,758.00,342.00,0,32641
3806,122,791.00,308.00,0,32649
3928,122,802.00,325.00,0,32657
4049,122,792.00,309.00,0,32665
4161,124,511.00,325.00,0,32673
4270,124,163.00,341.00,0,32681
4389,125,343.00,307.00,0,32691
4510,127,501.00,308.00,0,32699
4631,130,620.00,308.00,0,32707
4754,132,764.00,326.00,0,32715
4884,136,820.00,292.00,0,32723
5024,140,826.00,296.00,0,32732
5164,144,826.00,291.00,0,32740
5290,146,825.00,341.00,0,32748
5402,149,825.00,341.00,0,32757
5496,150,825.00,341.00,0,32765
5574,152,826.00,357.00,0,32774
5636,153,826.00,358.00,0,32782
5690,154,825.00,375.00,0,32790
5736,154,825.00,375.00,0,32798
5781,154,825.00,375.00,0,32806
5824,154,826.00,375.00,0,32815
5868,154,825.00,391.00,0,32824
5912,154,825.00,375.00,0,32832
5956,154,825.00,392.00,0,32840
5996,154,826.00,391.00,0,32848
6030,154,825.00,374.00,0,32857
6056,154,826.00,391.00,0,32865
6072,153,825.00,392.00,0,32873
6078,153,826.00,409.00,0,32881
6072,153,826.00,425.00,0,32890
6057,153,825.00,425.00,0,32899
6035,153,826.00,425.00,0,32907
6008,153,826.00,425.00,0,32915
5980,153,826.00,425.00,0,32923
5954,153,826.00,425.00,0,32931
5930,153,826.00,425.00,0,32940
5910,153,826.00,425.00,0,32948
5894,153,825.00,409.00,0,32957
5883,153,825.00,409.00,0,32965
5877,153,825.00,409.00,0,32973
5876,153,826.00,409.00,0,32982
5878,153,826.00,409.00,0,32990
5886,152,826.00,407.00,0,32998
5896,152,826.00,392.00,0,33006
5908,152,826.00,409.00,0,33014
5923,152,825.00,391.00,0,33024
5939,152,825.00,391.00,0,33032
5955,152,826.00,392.00,0,33040
5970,152,825.00,391.00,0,33048
5982,152,825.00,391.00,0,33056
5992,152,826.00,391.00,0,33064
5998,152,826.00,391.00,0,33073
6000,152,826.00,409.00,0,33081
5998,152,825.00,409.00,0,33090
5993,152,825.00,408.00,0,33098
5985,152,826.00,425.00,0,33106
5976,151,826.00,409.00,0,33115
5966,151,826.00,414.00,0,33123
5956,151,826.00,409.00,0,33131
5948,151,826.00,409.00,0,33139
5942,151,826.00,426.00,0,33147
5938,151,826.00,408.00,0,33157
5936,151,825.00,409.00,0,33165
5937,151,826.00,408.00,0,33173
5939,151,826.00,409.00,0,33181
5943,151,826.00,409.00,0,33189
5948,151,825.00,391.00,0,33198
5953,151,826.00,409.00,0,33206
5959,151,825.00,409.00,0,33214
5963,151,826.00,408.00,0,33223
5967,151,825.00,408.00,0,33231
5970,150,826.00,409.00,0,33240
5971,150,826.00,409.00,0,33248
5971,150,826.00,409.00,0,33256
5970,150,826.00,425.00,0,33264
5968,150,826.00,409.00,0,33272
5965,150,826.00,409.00,0,33281
5962,150,826.00,409.00,0,33290
5960,150,825.00,425.00,0,33298
5958,150,826.00,408.00,0,33306
5957,150,825.00,409.00,0,33314
5956,150,826.00,409.00,0,33323
5956,150,826.00,408.00,0,33331
5956,150,825.00,409.00,0,33339
5957,150,826.00,409.00,0,33347
5958,150,827.00,408.00,0,33356
5958,150,826.00,409.00,0,33364
5959,150,825.00,409.00,0,33373
5959,150,826.00,409.00,0,33381
5959,150,826.00,408.00,0,33389
5959,150,826.00,409.00,0,33397
5958,150,826.00,409.00,0,33405
5958,150,826.00,409.00,0,33414
5958,150,826.00,408.00,0,33423
5958,150,825.00,408.00,0,33431
5958,150,826.00,409.00,0,33439
5958,150,826.00,409.00,0,33447
5958,150,825.00,409.00,0,33456
5958,150,826.00,409.00,0,33464
5958,150,826.00,408.00,0,33472
5958,150,826.00,409.00,0,33480
5958,150,826.00,408.00,0,33489
5958,150,825.00,409.00,0,33498
5958,150,826.00,408.00,0,33506
5958,150,826.00,408.00,0,33514
5958,150,826.00,409.00,0,33522
5958,150,826.00,409.00,0,33530
5958,150,826.00,409.00,0,33539
5958,150,826.00,409.00,0,33547
5958,150,826.00,408.00,0,33556
5958,150,826.00,408.00,0,33564
5958,150,826.00,409.00,0,33572
5958,150,826.00,409.00,0,33581
5958,150,826.00,409.00,0,33589
5958,150,826.00,409.00,0,33597
5958,150,826.00,409.00,0,33605
5958,150,826.00,409.00,0,33613
5958,150,826.00,408.00,0,33623
5958,150,825.00,409.00,0,33631
5958,150,826.00,409.00,0,33639
5958,150,825.00,409.00,0,33647
5958,150,826.00,409.00,0,33655
5958,150,826.00,409.00,0,33664
5958,149,826.00,408.00,0,33672
5958,149,826.00,409.00,0,33680
5958,149,825.00,408.00,0,33689
5958,149,825.00,409.00,0,33697
5958,149,826.00,409.00,0,33705
5958,149,826.00,408.00,0,33714
5958,149,825.00,409.00,0,33722
5958,149,826.00,409.00,0,33730
5958,149,826.00,409.00,0,33738
5958,149,826.00,409.00,0,33746
5958,149,826.00,408.00,0,33756
5958,149,825.00,409.00,0,33764
5958,149,825.00,409.00,0,33772
5958,149,826.00,409.00,0,33780
5958,149,826.00,409.00,0,33788
5958,149,826.00,409.00,0,33797
5958,149,826.00,409.00,0,33805
5958,149,826.00,409.00,0,33813
5958,149,826.00,408.00,0,33822
5958,149,825.00,409.00,0,33830
5958,149,826.00,409.00,0,33839
5958,149,826.00,409.00,0,33847
5958,149,825.00,409.00,0,33855
5958,149,826.00,409.00,0,33863
5958,149,826.00,409.00,0,33871
5958,149,826.00,409.00,0,33880
5958,148,825.00,408.00,0,33889
5958,148,825.00,409.00,0,33897
5958,148,826.00,409.00,0,33905
5958,148,825.00,409.00,0,33913
5958,148,826.00,409.00,0,33922
5958,148,826.00,409.00,0,33930
5958,148,826.00,409.00,0,33938
5958,148,826.00,409.00,0,33946
5958,148,825.00,409.00,0,33955
5958,148,825.00,409.00,0,33964
5958,148,826.00,409.00,0,33972
5958,148,826.00,409.00,0,33980
5958,148,826.00,409.00,0,33988
5958,148,826.00,409.00,0,33996
5958,148,825.00,409.00,0,34004
5958,148,826.00,409.00,0,34013
5958,148,826.00,409.00,0,34022
5958,148,825.00,409.00,0,34030
5958,148,825.00,409.00,0,34038
5958,148,826.00,409.00,0,34046
5958,148,826.00,409.00,0,34055
5958,148,826.00,409.00,0,34063
5958,148,826.00,409.00,0,34071
5958,148,826.00,409.00,0,34079
5958,148,826.00,409.00,0,34088
5958,148,825.00,408.00,0,34097
5958,148,826.00,408.00,0,34105
5958,148,826.00,409.00,0,34113
5958,148,827.00,409.00,0,34121
5958,148,826.00,409.00,0,34129
5958,148,826.00,409.00,0,34138
5958,148,826.00,409.00,0,34146
5958,148,826.00,409.00,0,34155
5958,148,825.00,408.00,0,34163
5958,148,825.00,409.00,0,34171
5958,148,826.00,409.00,0,34180
5958,148,826.00,409.00,0,34188
5958,148,826.00,408.00,0,34196
5958,148,826.00,409.00,0,34204
5958,148,826.00,409.00,0,34212
5958,148,826.00,408.00,0,34222
5958,148,825.00,408.00,0,34230
5958,148,825.00,409.00,0,34238
5958,148,826.00,409.00,0,34246
5958,148,826.00,409.00,0,34254
5958,148,826.00,409.00,0,34263
5958,148,826.00,409.00,0,34271
5958,148,826.00,409.00,0,34279
5958,148,826.00,408.00,0,34288
5958,148,826.00,408.00,0,34296
5958,148,826.00,409.00,0,34305
5958,148,826.00,409.00,0,34313
5958,148,826.00,409.00,0,34321
5958,147,826.00,409.00,0,34329
5958,147,826.00,409.00,0,34337
5958,147,826.00,409.00,0,34345
5958,147,825.00,409.00,0,34355
5958,147,825.00,408.00,0,34363
5958,147,825.00,409.00,0,34371
5958,147,826.00,409.00,0,34379
5958,147,826.00,410.00,0,34387
5958,147,826.00,409.00,0,34396
5958,147,826.00,408.00,0,34404
5958,147,826.00,409.00,0,34412
5958,147,825.00,408.00,0,34421
5958,147,826.00,409.00,0,34429
5958,147,825.00,409.00,0,34438
5958,147,826.00,409.00,0,34446
5958,147,826.00,409.00,0,34454
5958,147,826.00,409.00,0,34462
5958,147,826.00,409.00,0,34470
5958,146,826.00,409.00,0,34479
5958,146,826.00,409.00,0,34488
5958,146,825.00,409.00,0,34496
5958,146,826.00,408.00,0,34504
5958,146,826.00,409.00,0,34512
5958,146,826.00,409.00,0,34521
5958,146,826.00,409.00,0,34529
5958,146,826.00,408.00,0,34537
5958,146,826.00,409.00,0,34545
5958,146,825.00,408.00,0,34554
5958,146,825.00,408.00,0,34563
5958,146,826.00,408.00,0,34571
5958,146,826.00,409.00,0,34579
5958,146,826.00,409.00,0,34587
5958,146,826.00,409.00,0,34595
5958,146,826.00,409.00,0,34604
5958,146,826.00,409.00,0,34612
5958,146,826.00,409.00,0,34621
5958,146,825.00,408.00,0,34629
5958,146,825.00,409.00,0,34637
5958,146,826.00,409.00,0,34646
5958,146,826.00,409.00,0,34654
5958,146,826.00,409.00,0,34662
5958,146,826.00,409.00,0,34670
5958,146,825.00,409.00,0,34678
5958,146,826.00,408.00,0,34688
5958,146,825.00,409.00,0,34696
5958,146,826.00,409.00,0,34704
5958,146,826.00,409.00,0,34712
5958,146,826.00,409.00,0,34720
5958,146,826.00,409.00,0,34728
5958,146,826.00,409.00,0,34737
5958,146,826.00,409.00,0,34745
5958,146,825.00,409.00,0,34754
5958,146,825.00,409.00,0,34762
5958,146,825.00,409.00,0,34770
5958,146,826.00,409.00,0,34779
5958,146,826.00,408.00,0,34787
5958,146,826.00,408.00,0,34795
5958,146,826.00,409.00,0,34803
5958,146,826.00,409.00,0,34811
5958,146,825.00,409.00,0,34821
5958,146,825.00,409.00,0,34829
5958,146,826.00,409.00,0,34837
5958,146,826.00,409.00,0,34845
5958,146,825.00,408.00,0,34853
5958,146,826.00,409.00,0,34862
5958,146,825.00,409.00,0,34870
5958,146,826.00,409.00,0,34878
5958,146,826.00,408.00,0,34887
5957,146,825.00,409.00,0,34895
5957,146,826.00,408.00,0,34904
5957,146,826.00,409.00,0,34912
5957,146,826.00,409.00,0,34920
5957,146,825.00,409.00,0,34928
5957,146,826.00,409.00,0,34936
5957,146,826.00,409.00,0,34945
5957,146,826.00,408.00,0,34954
5957,146,825.00,408.00,0,34962
5957,146,826.00,409.00,0,34970
5957,146,826.00,409.00,0,34978
5957,146,825.00,408.00,0,34987
5957,146,826.00,409.00,0,34995
5957,145,826.00,409.00,0,35003
5957,145,826.00,409.00,0,35011
5957,145,826.00,409.00,0,35020
5957,145,825.00,409.00,0,35028
5957,145,825.00,408.00,0,35037
5957,145,826.00,409.00,0,3504