-0.09,52287
99,10,0.01,31.25,-0.10,52381
99,10,0.01,26.37,-0.10,52475
99,10,0.01,36.13,0.03,52570
99,10,0.01,31.25,-0.06,52665
99,10,0.01,31.25,-0.04,52759
99,10,0.01,31.25,-0.41,52853
99,10,0.01,31.25,-0.41,52948
99,10,0.01,31.25,-0.05,53043
98,10,0.01,31.25,-0.34,53137
98,10,0.01,31.25,-0.32,53231
98,10,0.01,31.25,-0.34,53326
98,10,0.01,31.25,-0.40,53421
98,10,0.01,36.13,-0.55,53515
98,9,0.01,31.25,-0.62,53609
98,9,0.01,31.25,-0.43,53704
98,9,0.01,36.13,-0.18,53798
98,9,0.01,31.25,-0.14,53893
98,9,0.01,31.25,-0.07,53987
98,9,0.01,31.25,-0.18,54082
98,9,0.01,31.25,-0.13,54176
98,9,0.01,31.25,-0.27,54270
98,8,0.01,31.25,-0.37,54365
98,8,0.01,36.13,-0.32,54460
98,8,0.01,31.25,-0.42,54554
97,8,0.01,31.25,-0.26,54648
97,8,0.01,31.25,-0.27,54743
97,8,0.01,31.25,-0.24,54838
97,8,0.01,31.25,-0.13,54932
97,8,0.01,31.25,-0.45,55026
434,6,-0.50,-378.91,0.35,55121
1761,17,-0.05,-383.79,1.87,55216
3134,29,0.14,-378.91,1.30,55310
4437,33,-0.47,-461.91,0.77,55404
5785,62,-0.04,-295.90,1.59,55499
7147,87,-0.00,-461.91,0.04,55593
8463,95,-0.39,-466.80,-0.45,55688
9812,122,-0.19,-457.03,1.02,55782
11170,158,-0.03,-378.91,0.14,55877
12498,172,-0.50,-461.91,-1.20,55971
13846,193,-0.08,-300.78,0.37,56066
15194,225,-0.08,-461.91,0.47,56160
16528,249,-0.20,-378.91,-0.51,56255
17874,271,-0.03,-461.91,-0.54,56349
19216,297,-0.21,-466.80,0.10,56443
20554,321,-0.22,-378.91,-0.38,56538
21899,347,-0.08,-457.03,-0.65,56633
23240,371,-0.34,-300.78,-0.28,56727
24580,395,-0.33,-461.91,-0.77,56821
25925,421,-0.07,-461.91,-0.55,56916
27268,445,-0.19,-378.91,-0.23,57011
28608,470,-0.19,-378.91,-0.51,57105
29952,495,-0.05,-378.91,-1.04,57199
31293,517,-0.14,-378.91,-0.95,57294
32636,543,-0.17,-300.78,-0.16,57389
33985,570,-0.18,-461.91,-0.77,57483
35324,591,-0.27,-461.91,-1.32,57577
36667,618,-0.37,-383.79,-0.95,57672
38009,642,-0.27,-378.91,-1.11,57766
39349,665,-0.20,-461.91,-0.93,57861
40690,691,-0.08,-378.91,-0.58,57955
42033,713,-0.18,-378.91,-0.85,58050
43374,735,-0.15,-378.91,-0.52,58144
44718,761,-0.07,-378.91,-0.51,58238
46060,786,-0.23,-457.03,-0.66,58333
47400,809,-0.27,-466.80,-1.12,58428
48742,835,-0.25,-461.91,-0.95,58522
50086,857,-0.26,-461.91,-1.10,58616
51432,881,-0.23,-378.91,-0.87,58711
52776,905,-0.10,-378.91,-1.14,58806
54118,927,-0.11,-378.91,-1.05,58900
55463,951,-0.16,-461.91,-1.15,58994
56807,975,-0.13,-457.03,-0.80,59088
58147,997,-0.15,-378.91,-1.32,59184
59487,1023,-0.26,-461.91,-1.09,59278
60829,1046,-0.24,-300.78,-1.05,59372
62176,1069,-0.40,-383.79,-1.19,59466
63521,1095,-0.25,-378.91,-1.35,59561
64868,1119,-0.24,-378.91,-1.34,59656
66214,1141,-0.18,-378.91,-1.34,59750
67554,1166,-0.12,-374.02,-1.07,59844
68900,1191,-0.20,-378.91,-1.28,59939
70243,1215,-0.17,-295.90,-1.39,60034
71586,1240,-0.17,-461.91,-1.16,60128
72927,1263,-0.32,-461.91,-1.30,60222
74273,1286,-0.38,-461.91,-1.29,60317
75616,1311,-0.22,-461.91,-1.31,60411
76956,1336,-0.21,-466.80,-0.87,60506
78302,1360,-0.26,-383.79,-0.98,60600
79648,1385,-0.13,-378.91,-1.22,60695
80988,1408,-0.11,-461.91,-2.10,60789
82328,1432,-0.25,-383.79,-1.47,60883
83675,1458,-0.26,-461.91,-0.99,60979
85015,1483,-0.27,-461.91,-1.34,61073
86357,1507,-0.42,-378.91,-1.54,61167
87699,1532,-0.34,-378.91,-1.39,61261
89044,1557,-0.21,-466.80,-1.23,61357
90388,1583,-0.20,-378.91,-1.66,61451
91733,1609,-0.25,-457.03,-1.83,61545
93078,1632,-0.19,-378.91,-1.40,61639
94422,1655,-0.18,-461.91,-1.02,61734
95762,1681,-0.29,-378.91,-1.45,61829
97104,1709,-0.29,-378.91,-1.38,61923
98450,1735,-0.28,-457.03,-1.55,62017
99795,1760,-0.34,-466.80,-1.63,62112
101140,1787,-0.34,-388.67,-1.64,62206
102485,1813,-0.21,-461.91,-1.62,62301
103826,1841,-0.18,-378.91,-1.34,62395
105169,1866,-0.28,-461.91,-2.56,62490
104268,1866,-0.04,446.29,-8.93,62584
102932,1848,-0.02,470.70,-7.75,62679
101589,1818,-0.03,524.41,-4.54,62773
100255,1788,-0.01,529.30,-1.54,62868
98907,1762,-0.03,446.29,-1.06,62962
97566,1738,-0.02,524.41,-0.87,63056
96230,1708,-0.01,446.29,-1.48,63151
94881,1680,-0.02,529.30,-1.50,63246
93534,1657,-0.03,446.29,-1.28,63340
92198,1630,0.01,441.41,-1.27,63434
90854,1602,0.01,441.41,-1.14,63528
89509,1574,0.02,446.29,-1.18,63624
88172,1548,0.02,529.30,-1.09,63718
86828,1524,0.01,446.29,-0.81,63812
85481,1502,-0.01,446.29,-0.88,63906
84145,1479,-0.00,529.30,-1.57,64002
82798,1454,0.00,446.29,-1.13,64096
81453,1430,-0.02,446.29,-1.04,64190
80116,1406,-0.01,363.28,-0.74,64284
78766,1380,-0.01,363.28,-1.13,64379
77421,1357,-0.01,441.41,-0.48,64474
76078,1336,-0.00,524.41,-0.87,64568
74738,1312,0.01,519.53,-0.86,64662
73394,1288,0.01,446.29,-1.00,64757
72054,1264,-0.00,446.29,-1.13,64851
70706,1238,-0.01,363.28,-0.45,64946
69363,1215,0.00,451.17,-0.45,65041
68014,1194,-0.01,529.30,-0.71,65135
66677,1170,0.01,524.41,-0.61,65229
65333,1148,0.02,524.41,-0.50,65324
63994,1124,0.02,363.28,-0.70,65419
62650,1100,0.03,431.64,-0.41,65513
61303,1078,0.02,446.29,-0.82,65607
59962,1056,0.00,529.30,-0.57,65701
58621,1032,0.01,534.18,-0.26,65797
57277,1012,0.01,451.17,-0.62,65891
55933,991,0.00,524.41,-0.93,65985
54589,966,0.00,446.29,-0.80,66079
53245,944,-0.00,446.29,-0.14,66174
51905,922,0.00,524.41,-0.63,66269
50569,899,0.02,446.29,-0.86,66363
49220,880,0.00,504.88,-0.28,66457
47883,858,0.01,446.29,-0.80,66552
46540,834,0.01,446.29,-0.80,66647
45191,814,0.00,529.30,-0.36,66741
43846,792,-0.00,529.30,-0.30,66835
42508,767,0.02,446.29,-0.91,66930
41162,748,0.01,446.29,-0.09,67024
39818,726,0.02,446.29,0.13,67119
38485,704,0.04,524.41,-0.65,67213
37137,686,0.04,524.41,-0.35,67308
35789,660,0.02,412.11,-0.99,67402
34453,639,0.03,446.29,0.12,67496
33109,620,0.02,451.17,-0.13,67591
31761,596,0.01,529.30,-0.73,67686
30426,577,0.02,529.30,0.34,67780
29077,557,0.01,441.41,-0.44,67874
27731,536,0.01,446.29,-0.24,67969
26395,514,0.02,529.30,-0.95,68064
25045,492,0.01,446.29,-0.01,68158
23709,469,0.03,446.29,0.05,68252
22375,452,0.03,441.41,-0.60,68346
21011,426,0.01,529.30,-0.18,68442
19677,400,0.02,524.41,-0.41,68536
18347,386,0.02,524.41,-0.03,68630
16981,362,0.01,368.16,-0.32,68724
15638,336,0.03,529.30,-0.34,68819
14308,326,0.02,446.29,0.39,68914
12960,298,0.04,358.40,-1.19,69008
11604,272,0.05,446.29,0.10,69102
10269,264,-0.00,446.29,0.87,69197
8952,236,0.46,529.30,-1.25,69292
7591,210,0.15,446.29,0.38,69386
6230,206,-0.07,529.30,1.40,69480
4926,180,0.48,441.41,-0.76,69575
3568,159,0.04,529.30,0.04,69669
2194,160,-0.09,524.41,1.60,69764
900,125,0.45,529.30,-2.05,69858
-472,110,0.01,524.41,-1.37,69953
251,102,-0.50,-295.90,4.57,70047
1625,104,-0.25,-295.90,3.66,70141
2921,121,0.01,-378.91,-1.12,70236
4059,97,0.01,-129.88,-1.28,70331
4033,106,0.01,280.27,0.78,70425
3929,106,0.01,-51.76,-1.57,70519
4044,104,0.01,114.26,0.84,70614
4005,102,0.01,31.25,-0.38,70709
4009,101,0.01,31.25,0.03,70803
4020,100,0.01,31.25,0.21,70897
4014,100,0.01,31.25,-0.20,70991
4015,100,0.01,31.25,-0.25,71087
4015,100,0.01,31.25,-0.17,71181
4015,100,0.01,31.25,-0.11,71275
4015,100,0.01,31.25,-0.01,71369
4015,100,0.01,31.25,0.09,71464
4015,100,0.01,36.13,